-6.565880175197873037e+00
-3.675142389152311839e+00
-5.498818542605190984e+00
-4.000000000000000000e+00
-3.894148775397249462e+00
-2.000000000000000000e+00
-6.513395838132647775e+00
-2.094102596603314215e+00
-8.069516458775390921e-01
-7.999291912021093687e+00
-4.434891170526335635e+00
-6.930331555337906124e+00
-3.933150355412041499e+00
0.000000000000000000e+00
-4.000000000000000000e+00
-1.637121691462776640e+00
-1.629544486262741287e+00
-5.348893299226323172e+00
-4.196222381013673619e+00
-1.981972829328183971e+00
-6.414999713475727283e+00
-4.992167757429033514e+00
-1.030102999566398125e+01
-1.164744157257332713e+00
5.328271420881054432e-01
-6.453654318826449021e+00
-2.568872920831488216e+00
-3.997846451073354235e+00
-1.165831320168891905e+00
-6.936534088399073816e+00
-3.237402435757529950e+00
-5.444313464939946057e-01
-7.698970004336018746e+00
-5.000000000000000000e+00
-3.056422204946678267e-01
-6.429109249060199538e+00
-2.428360745402907472e+00
-4.730554187685287459e-01
-6.999911847058787551e+00
-2.225522148502234732e+00
6.007898038145840225e-01
-7.068498737343476002e+00
-3.688189286332563377e+00
2.329347390330846201e-01
-1.899781214878898949e-01
-2.774578312172065520e+00
-7.659608861736165508e+00
-2.913736170036770545e+00
7.470196956324479665e-01
-5.000000000000000000e+00
-1.673066222324389063e+00
1.068370762002686991e+00
-5.961849264434318840e+00
-4.400564709188805601e+00
-1.623556324224964431e+00
-6.847597820471484020e+00
-3.119141679216430152e+00
-6.954596697320777343e-01
-8.358416965836038770e+00
-2.189778372695097453e+00
2.000000000000000000e+00
-6.365144068305972347e+00
-1.223507525071289681e+00
-5.539938270643554041e+00
-2.930424850848459162e+00
-6.177102497145399163e+00
-8.992064926548268833e-01
-8.000000000000000000e+00
-8.146294103084734950e-02
-6.976952353055663636e+00
-7.814485550519966184e-01
-5.713699461590380224e+00
-3.301029995663981254e+00
-8.000000000000000000e+00
-1.751193996687512300e+00
-5.521302057874701852e+00
-1.579661429353373503e+00
-6.405428714533895729e+00
-2.124902857588732097e+00
-6.486633027758087700e+00
-1.003145276734782598e+00
-4.875525650390964749e+00
-1.928383635328708046e+00
-3.296768493560537028e+00
-4.315920738440137683e+00
-3.840429013050957519e+00
-3.687473237934659753e+00
-4.177991295713667341e+00
-1.755107472284088921e+00
-2.079654351275636248e+00
-3.747944785896405229e+00
-3.792628206625890730e+00
-3.249410168292397483e+00
-5.472656437939367180e+00
-1.000000000000000000e+00
-1.000000000000000000e+00
-6.359617189264176851e+00
-3.672945632697923291e+00
2.498899631388717957e+00
-2.717963741334333605e+00
-2.351192968151628371e+00
-1.000000000000000000e+00
-5.489932019289606835e+00
-3.420098815762221633e+00
1.256210756695571584e+00
