-6.363336310424681841e+00
-3.730808829226994305e+00
-4.821998409508670314e+00
-7.346862740521274304e+00
-2.224903387039064206e+00
-8.636423719686200373e-01
-5.907492616260498153e+00
-4.063160120521709828e+00
-5.073082584890716840e-01
-8.000000000000000000e+00
-3.588230178902828804e+00
-7.980150395367694216e+00
-1.123480377547222409e+00
-1.661498526812853704e+00
-4.000000000000000000e+00
-1.855798585047398808e+00
-3.790334513481138590e+00
-8.022600541569600452e+00
-2.703761463992585323e+00
4.191683059407637080e-01
-9.108374907346060922e+00
-2.204489815096273286e+00
-7.776517699071262335e+00
-2.827721144254739194e+00
-2.000000000000000000e+00
-4.672285477649537278e+00
-1.466024406203781050e+00
-4.109600066941937691e+00
-3.630509546276199373e+00
-6.666008784592892589e+00
-2.968973828268729243e+00
8.989215168320771054e-01
-5.890374275148587913e+00
-3.273579355821298442e+00
-1.044380336950143207e+00
-4.918899671792988038e+00
-2.418393775473824725e+00
2.000000000000000000e+00
-5.494635442794914226e+00
-3.442200654922199288e+00
-4.729477946710040626e-01
-7.487646740094541897e+00
-1.000000000000000000e+00
-4.535118037749664710e-01
-1.576046534100097096e+00
-5.000000000000000000e+00
-8.426441443613937210e+00
-3.867379117493914276e+00
-1.060857076805356680e+00
-9.000000000000000000e+00
-1.380777406566519483e+00
-1.969822239538005393e+00
-6.396836733605207215e+00
-3.658534539094005833e+00
-1.499193242501989376e+00
-5.873869459454434505e+00
-3.679966864189506914e+00
7.868595896133573353e-01
-5.961601980351874275e+00
-3.462697736440086604e+00
9.844415314214252644e-02
-6.192194619964677571e+00
3.894654425797242081e-01
-4.000000000000000000e+00
-3.920818753952374891e+00
-7.070094622638113613e+00
-1.200955393954789230e+00
-4.761794686084295236e+00
-4.000000000000000000e+00
-8.000000000000000000e+00
-3.119827705213821911e+00
-5.144110301255660822e+00
-3.301029995663981254e+00
-7.086630175447864666e+00
-4.000000000000000000e+00
-5.917051376213868785e+00
-2.863865886425846607e+00
-6.211628660631756560e+00
-2.114027144272628611e+00
-6.790443918333497919e+00
-3.511512190849661152e+00
-4.046541618990340261e+00
-3.410790273326134603e+00
-1.850194408859271444e+00
-2.723203968987824020e+00
-4.128589530713802525e+00
-3.903158052401665579e+00
-5.690196149515636570e+00
-3.641189955794956745e+00
-2.053061619990372400e+00
-3.139475059167159632e+00
-3.665830153220691390e+00
-1.000000000000000000e+00
-4.520083279341046811e+00
-4.361758886906194732e+00
-2.767051843675472078e-01
-2.872773716802284216e+00
-2.072372659037165832e+00
2.512515081369198766e-01
-4.106905512492229349e+00
-5.000000000000000000e+00
1.976350998116965796e+00
-4.113461558750586278e+00
-3.691337817193477644e+00
2.676591816488188003e-01
