-6.919098560531264930e+00
-3.290631481128400093e+00
-5.098485451031074867e+00
-4.017503622350678150e+00
-2.951085043081231873e+00
-7.780612240466299179e-01
-6.812678583813223554e+00
-5.000000000000000000e+00
2.000000000000000000e+00
-5.224812339829829178e+00
-1.631684198860760882e+00
-4.420845249161176937e+00
-3.098494945333804651e+00
-1.014627463253857886e+00
-3.690505172248954580e+00
-1.921916944850859732e+00
-3.278312249952840762e+00
-5.169963024750028779e+00
-2.563988507569594066e+00
-2.000000000000000000e+00
-7.872350919427801408e+00
-2.636617304874886436e+00
-9.384564174063449116e+00
-3.474059529897309595e+00
-1.525385408439252855e+00
-3.725279290739318849e+00
-2.159215030547852798e+00
-3.633703639704012112e+00
-4.141427228794453796e+00
-7.866698113754303279e+00
-2.550054626897838794e+00
-5.792742631040320722e-01
-4.398756272073512719e+00
-3.128506791646963325e+00
2.952308960096521398e-02
-5.348575126129102131e+00
-7.065807942174430201e-01
8.062701618875398601e-01
-5.233094286864041322e+00
-3.131311755636605465e+00
3.951863009697934581e-01
-7.524557109483306583e+00
-1.000000000000000000e+00
4.336716932688354231e-01
-1.490129484419830730e+00
-3.164386499676222542e+00
-6.008961064937472507e+00
-3.166654215148829277e+00
1.254778561247777535e+00
-8.195983808165566487e+00
-1.000232378816122258e+00
-7.829327115136197612e-01
-5.748048137511541533e+00
-5.000000000000000000e+00
-1.230164712015027639e+00
-5.810461662217376144e+00
-4.081495415608809907e+00
-5.645527728547936608e-01
-6.369036200044857488e+00
-1.162192963598322804e+00
-7.451617454895300696e-01
-4.002931928902426328e+00
-3.077495930476243480e+00
-5.951386399726414034e+00
-2.284750314464687904e+00
-6.808632317999246730e+00
-2.015136995090088590e+00
-6.456080957492047467e+00
-2.315559147317394206e+00
-5.157090135499671213e+00
-2.228699936039017615e+00
-7.283371870858350583e+00
-1.041835690837245698e+00
-6.604100843439010937e+00
-3.503797796035770684e+00
-5.960531570323176709e+00
-7.564354967064749191e-01
-5.720502520099337573e+00
-1.096357392685665788e+00
-5.457963705836646362e+00
-9.682810536691355274e-01
-3.777364834628167856e+00
-3.796929909097868538e+00
-3.023372189395137966e+00
-3.023780216202334170e+00
-3.915870137573709719e+00
-1.863611561940985206e+00
-4.841370013215198220e+00
-1.662079746660328317e+00
-4.599328640942850654e+00
-1.000000000000000000e+00
-4.429920157259433999e+00
-3.742530367193297014e+00
-4.696258438694391302e+00
-4.477465978669981084e+00
9.932026413681203092e-01
-4.859520787398475150e+00
-2.578920883289202326e+00
3.262286411459280888e-01
-3.244746732892117791e+00
-3.595601685522658020e+00
-4.753922468669736223e-01
-4.800502516367682659e+00
-4.049263764851076530e+00
1.121020253432981395e+00
