-4.398345653755982632e+00
-3.307773892697285945e+00
-4.446909664572766374e+00
-6.562391131065997918e+00
-4.083241968291251744e+00
-2.348166198281357031e-01
-6.162931443852595059e+00
-1.657348063646036040e+00
-6.981487707990956526e-01
-4.489755618473020071e+00
-1.248951078985246044e+00
-4.000000000000000000e+00
-2.068901199873529162e+00
0.000000000000000000e+00
-2.243092568760926220e+00
-3.749323062456160649e+00
-3.018930057932192046e+00
-6.085421895612240561e+00
-3.063102119696445857e+00
2.000000000000000000e+00
-7.780435595361328005e+00
-1.586571004371930327e+00
-7.070723572733822238e+00
-1.051322969847566347e+00
-9.976655412471745477e-01
-3.698970004336018746e+00
-2.775251223661516775e+00
-3.625432111821752734e+00
-5.000000000000000000e+00
-6.469160200661803195e+00
-2.899865406798947998e+00
7.427541685819549766e-01
-4.080560158772524204e+00
-5.000000000000000000e+00
1.914156733894448181e-01
-6.062321480802674856e+00
-2.425268995098851299e+00
7.786277927939477816e-01
-4.624981251797033899e+00
-4.791210912113193388e+00
-1.533424101767115522e+00
-8.290585186027563225e+00
-5.000000000000000000e+00
1.997339719842774253e+00
-1.460493417024860019e+00
-4.287128103404179491e+00
-6.347839793627175098e+00
-2.539650778297172451e+00
-1.325929339204433122e+00
-5.485586318871590095e+00
-2.297620208567982214e+00
2.436211167777964648e-01
-7.865186727677502709e+00
-1.986976266998113472e+00
-4.979968315638863552e-01
-7.291635842509038845e+00
-1.000000000000000000e+00
-1.399425509339663476e+00
-8.375930790461408648e+00
-2.084641563958781862e+00
-1.866411209519979630e+00
-5.777394863763527511e+00
-9.993531083353833777e-01
-5.071481944739989700e+00
-3.613250620735223961e+00
-5.101614317527271680e+00
-6.203682285771658922e-01
-5.321168909436344130e+00
-8.166460792533336566e-01
-5.557841603492857274e+00
-1.902538742006334438e+00
-5.531972231490748015e+00
-3.939120433353723860e-01
-4.848991777625419886e+00
-7.603857142585084272e-01
-6.767825127460547208e+00
-1.485640367583088484e+00
-4.964448630583330413e+00
-1.817701412689995966e+00
-6.512035823313962801e+00
-7.176192150351027310e-01
-5.081192083173938556e+00
-4.846595356232844765e+00
-4.138517953301567687e+00
-1.001505559059611583e+00
-3.122687342344089512e+00
-5.000000000000000000e+00
-5.690196149515636570e+00
-3.295557330319233369e+00
-3.392979688116319448e+00
-3.650337847353629428e+00
-5.247161900805450863e+00
-1.380246611255028233e+00
-2.559696441878226203e+00
-2.806342407017892615e+00
4.515329909291714294e-01
-3.624369897545265840e+00
-3.728288981694066084e+00
8.774638289552622039e-01
-4.614218646117661748e+00
-1.508611445670960727e+00
1.721062506529644320e+00
-6.493654746760460839e+00
-1.697599956003173816e+00
2.517931843793057123e+00
