-6.788287985047357864e+00
-1.000000000000000000e+00
-5.690157276448423396e+00
-5.189870307669401051e+00
-3.381283720480456001e+00
2.782700645143239004e-01
-4.887991730548521652e+00
-1.000000000000000000e+00
4.333927760311265809e-01
-6.136580033380705679e+00
-4.416950297134120795e+00
-5.762921148456548792e+00
-1.000000000000000000e+00
-3.637247578700421487e-03
-2.190729527417877076e+00
-3.530334654176761955e+00
-4.000000000000000000e+00
-4.655943971055830133e+00
-3.760208207977234096e+00
-2.000000000000000000e+00
-9.301029995663981254e+00
-4.175610494911293991e+00
-7.772222744070099942e+00
-2.743679567830243915e+00
-1.238283485864474676e+00
-7.698970004336018746e+00
-3.565656017419252866e+00
-3.154901959985743076e+00
-3.015169649353519166e+00
-5.957123274951880987e+00
-2.277166990657005563e+00
8.988404776457707968e-01
-5.202621299969901969e+00
-3.287800112532907715e+00
-3.000000000000000000e+00
-5.878159631744863667e+00
-6.748378904387056787e-01
2.000000000000000000e+00
-4.897797225384648456e+00
-2.413311911027002932e+00
-7.138526522776923455e-01
-9.522878745280337398e+00
-4.958911501277877498e+00
2.000000000000000000e+00
-5.806330827969203856e-01
-3.008005160643339337e+00
-5.005165518975964289e+00
-3.991042539281573376e+00
-2.000000000000000000e+00
-7.961643533835993658e+00
-5.000000000000000000e+00
-2.000000000000000000e+00
-7.932531350769183476e+00
-2.709454417581298458e+00
-1.998503351102078218e+00
-7.154770322867383570e+00
-5.000000000000000000e+00
1.038009370564428879e+00
-6.458222267425316687e+00
-4.592500150162674544e+00
-9.763404613336099658e-01
-7.209176055833633967e+00
-1.800535870865018095e+00
-7.273888885094424772e+00
-2.727301576204368860e+00
-7.988231099260338475e+00
-3.156005913822073072e+00
-7.482541042767793193e+00
-1.135686759162519488e+00
-4.000000000000000000e+00
-1.688169831078431882e+00
-5.497001944114916938e+00
-1.607257892265197219e+00
-4.352055855137169083e+00
-2.154988637992739875e+00
-7.152956545801382404e+00
-1.547368297232777135e+00
-5.554506398980778137e+00
-3.933633125446792889e+00
-4.670647874807836608e+00
-1.214283493522747115e+00
-1.690196149515636570e+00
-1.061713621598080026e+00
-3.324333207483503916e+00
-2.590788922440264042e+00
-2.993773575291801770e+00
-3.281065608425545843e+00
-1.867860345383445919e+00
-4.116129467663881769e+00
-5.690079016386771826e+00
-1.965444896719997780e+00
-4.945091596112268562e+00
-2.955506527072580880e+00
-5.833935696466530096e+00
-2.907093006745858244e+00
2.451026565386901002e+00
-2.573790257551383576e+00
-2.278257376557291103e+00
1.747642106793918737e+00
-6.544068022635552317e+00
-2.813056928080690078e+00
2.729823488051918989e+00
-4.802223110263484251e+00
-1.000000000000000000e+00
1.640370026920039415e+00
