-7.039509921205371334e+00
-5.000000000000000000e+00
-3.694179849173332197e+00
-5.961670473396583958e+00
-3.775904267842396411e+00
-1.797392545731932412e+00
-6.717921305836584089e+00
-2.269532913078284864e+00
-2.000000000000000000e+00
-5.197190505246780390e+00
-2.307921804854403458e+00
-4.000000000000000000e+00
-4.642088927146351907e+00
0.000000000000000000e+00
-1.530394407103128351e+00
-2.825001879932840243e+00
-2.793670590789951280e+00
-6.125770293973783254e+00
-1.851079018621389904e+00
-7.749648035049330197e-01
-9.301029995663981254e+00
-1.714433158461061479e+00
-7.620815674063837974e+00
-3.020462426854725102e+00
-1.656470503562314178e+00
-7.410537991265649715e+00
-4.193460053352548123e+00
-5.306292425465721330e+00
-4.682959049299843635e+00
-7.341564688301156494e+00
-3.401740114556390360e+00
7.705797649632554203e-01
-5.141038152667295691e+00
-1.356944735266948143e+00
-9.394381175298796016e-01
-4.760522905226235224e+00
-3.209414407035665384e+00
7.349099922951202180e-01
-4.596800401581695894e+00
-3.772492775338537552e+00
-1.541180358685106278e+00
-7.480936677069123242e+00
-3.481766770610467798e+00
-1.998487323941840366e+00
1.000000000000000000e+00
-1.000000000000000000e+00
-6.195052753184247862e+00
-4.486046022930617383e+00
2.000000000000000000e+00
-5.736147379777873923e+00
-1.771343849634974932e+00
2.000000000000000000e+00
-7.440517532991355765e+00
-4.447266724043658748e+00
-9.792620471472585075e-01
-6.964058790615754724e+00
-1.000000000000000000e+00
-3.548812509955004413e-01
-7.402790417223024555e+00
-3.881911882885350717e+00
-1.614858967416432645e+00
-5.587682906386967296e+00
-2.672727676793522189e+00
-7.490273661149108975e+00
-2.778042075731440796e+00
-5.392373253913816278e+00
-2.459946177822808444e+00
-6.198297480769821455e+00
-2.492095506866292887e+00
-7.786492189273668707e+00
0.000000000000000000e+00
-4.788774121213163149e+00
-6.398269284586417527e-01
-4.000000000000000000e+00
-2.021371638170863072e+00
-4.746970508415809142e+00
-1.672200106398362696e+00
-6.810183730771173671e+00
0.000000000000000000e+00
-6.880775554496273649e+00
-1.030631453294396788e-01
-5.579759559078999231e+00
-1.035192442845741301e+00
-3.345350886619437247e+00
-1.270865898192161225e+00
-4.395381736334806000e+00
-1.000000000000000000e+00
-1.693720955421413876e+00
-3.820305341785243058e+00
-4.205114012794590295e+00
-3.180469276894672070e+00
-3.671016963655255871e+00
-3.585907855443370096e+00
-3.693143347837942070e+00
-2.740668005923305284e+00
-9.004101740257357545e-01
-4.905416064600513160e+00
-3.971666531870044814e+00
1.282886313422346047e+00
-3.628322541852322392e+00
-3.452526312712300705e+00
-7.072543086539949675e-01
-6.199532630732231375e+00
-4.763149886572460190e+00
2.517639987067696872e+00
