-6.563843893600838086e+00
-2.563617613058457589e+00
-4.698111590997102738e+00
-5.089734448163912184e+00
-4.076448304229838726e+00
-8.960953148774567500e-01
-6.537225006158953633e+00
-4.399205380364964668e+00
-9.072870008386395568e-01
-5.145186868488568877e+00
-2.005557429742459430e+00
-5.092016327827753486e+00
-4.938741122640208481e+00
-7.973986719743265950e-02
-2.911600422644940345e+00
-3.339355386759975897e+00
-9.343116004052260948e-01
-8.213418784962268404e+00
-2.941327907892122173e+00
1.873460718980055062e-01
-9.268338687783211682e+00
-2.427860048536074622e+00
-8.923405998562923713e+00
-1.938503410246148473e+00
1.129840794111770519e+00
-7.483709599020280656e+00
-2.324177934460972761e+00
-6.472610138872922469e+00
-4.051026987897515141e+00
-7.478871177248136881e+00
-2.690655678996884514e+00
1.922525065041826187e+00
-7.698970004336018746e+00
-2.059779659918147487e+00
2.376210009946477797e-01
-6.278929671682111469e+00
-1.958107988481491368e+00
6.942259701148094653e-01
-6.525132535569050596e+00
-3.467885200570695048e+00
-5.946979567139047962e-01
-9.522878364081009295e+00
-2.139413732279812130e+00
-4.922866442744245341e-01
-3.502117644373887173e-01
-3.329395635826846611e+00
-7.424669883397827519e+00
-3.521818825884657667e+00
-8.935932956749104150e-01
-7.406153547188577768e+00
-3.625874206488202578e+00
-8.205987094194965026e-02
-5.004218686870420818e+00
-4.525781935581898452e+00
-9.464236556691081326e-01
-6.828509980150906600e+00
-2.140341770251700915e+00
-2.794318047755320888e-01
-6.944307103496326405e+00
-3.593754361176942247e+00
-4.541593628319019471e-01
-6.507786560164071865e+00
-1.804628365775382992e+00
-6.485113721796012420e+00
-2.151706335768343692e+00
-7.289100086994646510e+00
-1.368194577945657020e+00
-4.703819001331313920e+00
-4.000000000000000000e+00
-6.538207903830884682e+00
-2.232836223217813387e+00
-7.999578261556454351e+00
-9.127224644420961486e-01
-6.998400235618003506e+00
-3.526385470622698470e+00
-4.963447427721069616e+00
-1.761819117466731033e+00
-5.877182999860065316e+00
-2.883789600976342182e+00
-6.637383732393472791e+00
-6.227732818393566516e-01
-2.105476375726456961e+00
-4.139892628573716316e+00
-3.885210389823771315e+00
-2.498108067314736225e+00
-3.672034171070674535e+00
-2.739941291250956201e+00
-4.611553851857150832e+00
-2.533512778692927458e+00
-4.537965300987191419e+00
-1.892707107164719904e+00
-2.700794476037717384e+00
-2.936828074670744471e+00
-4.863339016712855845e+00
-4.122506023554329602e+00
3.335439800671764488e-01
-4.619799624011460715e+00
-4.267723013168682300e+00
8.326985346008266564e-01
-6.274629336894487430e+00
-1.670311064997763939e+00
1.301337847844662887e+00
-2.544068022635552317e+00
-3.925336505706684243e+00
1.752090011211198117e+00
