-5.857529211370836819e+00
-3.777154259553999083e+00
-5.396994813096836374e+00
-5.802359319528812343e+00
-1.001795860633016844e+00
-4.602557637246340594e-01
-6.804926274981089485e+00
-5.000000000000000000e+00
-9.688786118650747348e-01
-4.940626175660478125e+00
-3.839916832026788462e+00
-6.074432342638777627e+00
-1.913726720680300586e+00
0.000000000000000000e+00
-4.000000000000000000e+00
-4.517266258298477388e-01
-1.259414242695393371e+00
-5.926389235351649631e+00
-3.641167453587614844e+00
-1.099482010282903044e+00
-5.301029995663981254e+00
-3.484314048795487118e+00
-8.193403777894456397e+00
-2.655501661639211086e+00
-7.387802761001038832e-01
-5.163789724914394696e+00
-3.574282874592132675e+00
-6.365270593039807245e+00
-4.044885392305572758e+00
-7.109738515924857616e+00
-5.000000000000000000e+00
-6.938566499696965373e-01
-6.160629761942043814e+00
-3.750838019202340057e+00
-2.243657994397451283e+00
-5.516311298533806529e+00
-2.790444088760569485e+00
1.833193589938731383e-01
-7.151827037524184583e+00
-2.999470481617975803e+00
7.514963734924791083e-01
-5.522878745280337398e+00
-4.140901573692016058e+00
3.924355186463648892e-01
-1.462444544544490854e-01
-1.679224134628781728e+00
-7.172361795156986020e+00
-2.920203577934743056e+00
1.089643808905842448e+00
-8.999915560984440788e+00
-4.956719154142429140e+00
-1.334059785891195338e+00
-5.657519595670739143e+00
-3.142420901467320338e+00
7.188499178413230162e-01
-8.461701949589752303e+00
-2.624113677472084571e+00
1.912594101302433014e+00
-8.063529330473668821e+00
-3.619167777475914782e+00
1.138085063907445127e+00
-4.000000000000000000e+00
-7.757300176944318393e-01
-4.000000000000000000e+00
-3.231409448026411724e+00
-8.000000000000000000e+00
-3.316635005190542440e+00
-4.000000000000000000e+00
-2.970301314533084547e+00
-6.655392090482425083e+00
-1.013090807983378694e+00
-4.780807206286927347e+00
-2.531634739734356820e+00
-5.486139889259519897e+00
0.000000000000000000e+00
-5.352350619685918964e+00
-3.225433739389920174e+00
-6.848384768799676614e+00
-4.000000000000000000e+00
-5.346114780635234709e+00
-1.541165349219044689e+00
-1.910709581272263646e+00
-1.000000000000000000e+00
-3.733441714262873301e+00
-3.930242945943593913e+00
-4.252371401361854097e+00
-2.948992319359299064e+00
-5.335196099687991911e+00
-4.748982687671908565e+00
-4.146593778301070898e+00
-2.139696417789312299e+00
-4.334660457237372810e+00
-3.287508895660517183e+00
-5.474023087320049719e+00
-1.662696964327285309e+00
1.585899694767617607e+00
-5.875824082245452828e+00
-4.043465734238382403e+00
1.929575226163690482e+00
-3.479034095231749113e+00
-2.329532825227713655e+00
9.503970044589602484e-01
-4.613180008245845620e+00
-3.717925180406941976e+00
1.505097962029356751e+00
