-8.397940008672037493e+00
-3.182544807936786846e+00
-5.327473080620933388e+00
-6.876601690339136930e+00
-2.972543198298447376e+00
-8.937121063690316447e-01
-4.328981552775298169e+00
-2.329100617822327468e+00
1.848994007417948060e+00
-7.071193553877830773e+00
-2.508277259191190378e+00
-7.311855309543338066e+00
-5.000000000000000000e+00
0.000000000000000000e+00
-4.000000000000000000e+00
-2.041530680844735546e+00
-2.990664260884530634e+00
-4.301029995663981254e+00
-1.009270354248680501e+00
3.298340305701602526e-01
-5.651344475471383966e+00
-2.191805886769977008e+00
-8.063296313235017720e+00
-2.446553530095306517e+00
-5.966438679832067882e-01
-6.274043216692585467e+00
-2.517290382962130035e+00
-3.154901959985743076e+00
-5.000000000000000000e+00
-6.826261212127542777e+00
-2.437126365350459345e+00
4.917055110605651064e-02
-6.998130570108962445e+00
-1.205985335893254629e+00
-6.324931466428272975e-01
-4.000000000000000000e+00
-1.428735518983295760e+00
2.000000000000000000e+00
-6.803605845195693114e+00
-1.000000000000000000e+00
-5.851402880698157449e-02
-7.015627923198283433e+00
-3.607237135110813231e+00
5.443108777492295519e-02
1.390541614973974660e-01
-2.064349172073832062e+00
-5.726128634844771526e+00
-1.000000000000000000e+00
-2.000000000000000000e+00
-8.231465222028047535e+00
-4.934739170670029651e+00
1.766499041275995996e+00
-5.000000000000000000e+00
-3.987388615881902965e+00
2.000000000000000000e+00
-5.663966763633671242e+00
-3.731916470848679168e+00
6.372531317556892061e-01
-7.652330530495084382e+00
-5.000000000000000000e+00
4.894658497497816896e-01
-4.000000000000000000e+00
-2.513098919085356542e+00
-8.000000000000000000e+00
-1.188872396746414761e+00
-4.000000000000000000e+00
-2.797098997138203202e+00
-5.414907903420141722e+00
-4.566001280914155913e-01
-7.999598187901233004e+00
-8.235508448858007702e-01
-4.000000000000000000e+00
-6.131143270946628476e-01
-4.035016469971175468e+00
-3.768671405086207571e+00
-6.029436825184675719e+00
-3.770074477902512822e+00
-4.000000000000000000e+00
-5.296777626576629249e-04
-5.245597095610518679e+00
2.787536009528290837e-01
-1.690196149515636570e+00
-5.000000000000000000e+00
-2.896951723084491448e+00
-3.477573023061091728e+00
-3.242528294693707736e+00
-5.000000000000000000e+00
-4.267304653415295412e+00
-3.730370521070569545e+00
-4.662604273400411614e+00
-2.285710603660516149e+00
-3.720616408276922638e+00
-5.000000000000000000e+00
-5.678272120587993577e+00
-3.929719157926323092e+00
1.149206109461682113e+00
-4.653344022717166517e+00
-3.414236970143237127e+00
-1.000000000000000000e+00
-5.262276766382445459e+00
-2.845164688687502608e+00
5.870619556601885947e-01
-2.970256966718336500e+00
-2.838762800465405967e+00
5.322572773064877527e-01
