-6.079049578609832416e+00
-1.000000000000000000e+00
-5.417622054515191188e+00
-7.521167215799737349e+00
-2.384329336816557010e+00
-2.000000000000000000e+00
-7.560578390167293605e+00
-3.618732719122552677e+00
1.034990914439661625e+00
-6.851822098337057909e+00
-3.891455008255246373e+00
-5.603010639831902395e+00
-2.804049969432407696e+00
-1.467096394572239504e+00
-3.048852999598760771e+00
-2.573072465632292971e+00
0.000000000000000000e+00
-5.667576189031729328e+00
-2.677595520800693407e+00
1.080709000209721271e+00
-5.301029995663981254e+00
-3.046753105468189116e+00
-7.617325317697904552e+00
-1.038726490361533639e+00
-8.210409576427187828e-01
-4.884063175282555846e+00
-1.923620941889614855e+00
-3.154901959985743076e+00
-5.000000000000000000e+00
-8.282861050508698142e+00
-2.902727163765273399e+00
-6.303284809064505501e-01
-5.479826901853953380e+00
-1.671419946154802050e+00
-2.592842873274714854e+00
-6.233708351984192930e+00
-1.994334846769031833e+00
-2.066199391500010418e-01
-4.548865536478175819e+00
-3.849675870247622811e+00
2.000000000000000000e+00
-5.522878745280337398e+00
-4.478577711489063695e+00
-1.059316232181959139e+00
9.120771140917193209e-01
-1.544438046677153009e+00
-6.922238954698650915e+00
-5.000000000000000000e+00
2.000000000000000000e+00
-6.574007783172213237e+00
-3.308366124983021628e+00
1.950819266726522727e+00
-7.469815139686103223e+00
-3.592958302464451137e+00
-6.902851404974339466e-01
-8.665512505896835194e+00
-3.315095613617662362e+00
9.940404862420255672e-01
-6.322105055246345806e+00
-3.689793148878460993e+00
-1.154151139186861075e+00
-6.523125613731187933e+00
-1.471833801250836071e+00
-4.000000000000000000e+00
-1.412119823813080322e+00
-8.000000000000000000e+00
0.000000000000000000e+00
-6.246544817070872391e+00
-3.355647428053082360e-01
-8.000000000000000000e+00
-1.225661887391938487e+00
-6.670764601901113089e+00
-2.269466271569617888e+00
-4.000000000000000000e+00
-1.962497205473265893e+00
-5.956306444017263502e+00
-1.262930691067129629e+00
-6.846009882959520176e+00
-2.271671848351494383e+00
-7.089213979475665894e+00
-1.718804962057434382e+00
-5.690196149515636570e+00
-1.000000000000000000e+00
-5.690196149515636570e+00
-1.000000000000000000e+00
-3.939670947131622469e+00
-3.075183366317314260e+00
-5.380941798809014465e+00
-3.803865930334864309e+00
-2.240597509717503932e+00
-3.289101761375729183e+00
-1.690196149515636570e+00
-2.351392462287880125e+00
-4.236480099972100177e+00
-3.038167391015214491e+00
2.247433991282129284e+00
-2.544068022635552317e+00
-3.599246581255049371e+00
2.079995841713901061e+00
-5.891174830977066179e+00
-3.748671405512681964e+00
3.000000000000000000e+00
-4.537210227449619104e+00
-1.000000000000000000e+00
1.300575055718229123e-01
