3.960903514912813961e+01
3.960903514912813961e+01
2.401358626140316588e+01
2.401358626140316588e+01
2.076375965721351236e+01
1.945843372188352305e+01
1.274775902785524728e+01
1.259824243840535374e+01
1.144737059557033909e+01
1.144737059557033909e+01
9.495692488415569343e+00
5.616778575022546072e+00
5.616778575022546072e+00
5.283863185861020995e+00
5.283863185861020995e+00
4.397567754025915931e+00
4.397567754025915931e+00
4.397567754025915931e+00
3.982400204156385293e+00
3.982400204156385293e+00
3.875321246871949121e+00
3.875321246871949121e+00
3.854552225465969428e+00
3.854552225465969428e+00
3.854552225465969428e+00
3.854552225465969428e+00
3.661098944583160097e+00
3.661098944583160097e+00
3.661098944583160097e+00
3.661098944583160097e+00
3.342263103694071980e+00
3.342263103694071980e+00
3.342263103694071980e+00
3.342263103694071980e+00
3.342263103694071980e+00
3.342263103694071980e+00
3.342263103694071980e+00
3.280155529800035108e+00
3.280155529800035108e+00
3.265113430535044436e+00
3.265113430535044436e+00
3.265113430535044436e+00
3.265113430535044436e+00
3.265113430535044436e+00
3.265113430535044436e+00
3.202714550174942332e+00
3.202714550174942332e+00
3.098143787172986663e+00
3.098143787172986663e+00
3.098143787172986663e+00
3.098143787172986663e+00
3.098143787172986663e+00
3.098143787172986663e+00
3.098143787172986663e+00
3.098143787172986663e+00
3.098143787172986663e+00
3.098143787172986663e+00
3.098143787172986663e+00
3.098143787172986663e+00
3.098143787172986663e+00
3.098143787172986663e+00
3.098143787172986663e+00
3.098143787172986663e+00
3.098143787172986663e+00
3.051208057491881398e+00
3.051208057491881398e+00
3.051208057491881398e+00
3.051208057491881398e+00
3.051208057491881398e+00
3.007356398557949007e+00
2.975875873852470654e+00
2.965228354204914041e+00
2.961841553454834575e+00
2.960953246560578123e+00
2.932705398622745818e+00
2.932705398622745818e+00
2.873498072762993516e+00
2.873498072762993516e+00
2.873498072762993516e+00
2.873498072762993516e+00
2.873498072762993516e+00
2.873498072762993516e+00
2.873498072762993516e+00
2.772847686970139058e+00
2.772847686970139058e+00
2.772847686970139058e+00
2.772847686970139058e+00
2.772847686970139058e+00
2.740112840748997414e+00
2.740112840748997414e+00
2.740112840748997414e+00
2.740112840748997414e+00
2.740112840748997414e+00
2.740112840748997414e+00
2.730472874495328384e+00
2.730472874495328384e+00
2.711480793895622465e+00
2.707160585251737750e+00
2.696864469816583121e+00
2.683595410064791853e+00
2.683595410064791853e+00
2.683002540576832740e+00
2.663393148254352027e+00
2.663393148254352027e+00
2.663393148254352027e+00
2.663393148254352027e+00
2.663393148254352027e+00
2.663393148254352027e+00
2.661354213784063560e+00
2.659927206120644261e+00
2.658693246319094428e+00
2.652804696559018183e+00
2.637386287996376311e+00
2.618519189914067180e+00
2.616404424666798345e+00
2.611367689165585482e+00
2.609121688211691659e+00
2.596431871830681803e+00
2.596431871830681803e+00
2.591222767587356479e+00
2.548043763759778813e+00
2.540207685694091388e+00
2.527130509899796706e+00
2.527130509899796706e+00
2.527130509899796706e+00
2.527130509899796706e+00
2.527130509899796706e+00
2.527130509899796706e+00
2.523682995333135892e+00
2.501364522819616187e+00
2.501364522819616187e+00
2.501364522819616187e+00
2.501364522819616187e+00
2.501364522819616187e+00
2.501364522819616187e+00
2.501364522819616187e+00
2.498415081502340485e+00
2.494958211520633462e+00
2.494958211520633462e+00
2.494958211520633462e+00
2.494958211520633462e+00
2.487170380707043549e+00
2.483940840222780722e+00
2.483519137845929148e+00
2.481801068073708816e+00
2.480282768941220795e+00
2.479059394311402542e+00
2.477251075521004875e+00
2.473906937033929498e+00
2.470820886325403087e+00
2.470820886325403087e+00
2.470820886325403087e+00
2.470820886325403087e+00
2.467850076952269767e+00
2.467229815270075566e+00
2.464497939449208364e+00
2.460616680335729889e+00
2.454715223100172761e+00
2.454715223100172761e+00
2.449643717076559035e+00
2.449643717076559035e+00
2.449643717076559035e+00
2.449643717076559035e+00
2.447698374594386994e+00
2.444264950089583444e+00
2.444181546131782845e+00
2.440282410665680413e+00
2.440282410665680413e+00
2.440282410665680413e+00
2.440282410665680413e+00
2.437309677742447001e+00
2.435738722992677463e+00
2.432787749662177035e+00
2.431104853366969909e+00
2.427152601543256072e+00
2.423594803112063101e+00
2.422230959268027561e+00
2.418294100862573792e+00
2.417865842324289805e+00
2.417200476730857694e+00
2.417096607997597957e+00
2.416225997590611296e+00
2.416225997590611296e+00
2.415393913679796611e+00
2.414898188174531501e+00
2.414007087991509426e+00
2.413073409552819903e+00
2.413073409552819903e+00
2.410174737790003796e+00
2.407257192624783659e+00
2.404858760874485135e+00
2.403815983970361003e+00
2.401752595290002290e+00
2.401049255082707834e+00
2.401045084023774923e+00
2.400545212674725093e+00
2.400545212674725093e+00
2.400545212674725093e+00
2.399948916165713708e+00
2.393504155300154146e+00
