3.514020722826084864e+01
3.038802254895724175e+01
2.798519750979066956e+01
2.719836643810482002e+01
2.719836643810482002e+01
2.719836643810482002e+01
2.719836643810482002e+01
2.719836643810482002e+01
2.719836643810482002e+01
2.636462236499955836e+01
2.590264485289524643e+01
2.590264485289524643e+01
2.590264485289524643e+01
2.590264485289524643e+01
2.569615907425595580e+01
2.556891711408222889e+01
2.305373951806086552e+01
2.193546383128930088e+01
2.193546383128930088e+01
2.193546383128930088e+01
1.840185495609211586e+01
1.685575194680343714e+01
1.374166510291701471e+01
1.271581090652859025e+01
1.271581090652859025e+01
1.140755021610436870e+01
1.129390208184814881e+01
1.129390208184814881e+01
9.906287826280316011e+00
7.225178029989875128e+00
6.278852838207156672e+00
3.918533044694069378e+00
3.918533044694069378e+00
3.918533044694069378e+00
3.918533044694069378e+00
3.561138887583417123e+00
3.361840326438823467e+00
3.361840326438823467e+00
3.361840326438823467e+00
3.361840326438823467e+00
3.353464315802259677e+00
3.127432717473276114e+00
3.127432717473276114e+00
3.127432717473276114e+00
3.127432717473276114e+00
3.057772445013337226e+00
2.718253100839307823e+00
2.718253100839307823e+00
2.718253100839307823e+00
2.705743699078126951e+00
2.705743699078126951e+00
2.705743699078126951e+00
2.705743699078126951e+00
2.569037227669880963e+00
2.569037227669880963e+00
2.569037227669880963e+00
2.569037227669880963e+00
2.510167237259087081e+00
2.483055422002723667e+00
2.287561098823354566e+00
2.287561098823354566e+00
2.287561098823354566e+00
2.287561098823354566e+00
2.149355490722029582e+00
2.149355490722029582e+00
1.811827530099162420e+00
1.811827530099162420e+00
1.811827530099162420e+00
1.811827530099162420e+00
1.811827530099162420e+00
1.811827530099162420e+00
1.811827530099162420e+00
1.811827530099162420e+00
1.705773232657730176e+00
1.705773232657730176e+00
1.705773232657730176e+00
1.705773232657730176e+00
1.686082438293980079e+00
1.686082438293980079e+00
1.686082438293980079e+00
1.641731491489751837e+00
1.641731491489751837e+00
1.641731491489751837e+00
1.641731491489751837e+00
1.641731491489751837e+00
1.641731491489751837e+00
1.594612855296580811e+00
1.594612855296580811e+00
1.594612855296580811e+00
1.594612855296580811e+00
1.594612855296580811e+00
1.594612855296580811e+00
1.578363991823551915e+00
1.578363991823551915e+00
1.578363991823551915e+00
1.578363991823551915e+00
1.578363991823551915e+00
1.578363991823551915e+00
1.578363991823551915e+00
1.578363991823551915e+00
1.578363991823551915e+00
1.555853412313083606e+00
1.547761610708608071e+00
1.510327671345146783e+00
1.495504234694827073e+00
1.495504234694827073e+00
1.495504234694827073e+00
1.477321962410707901e+00
1.455924988860560099e+00
1.455924988860560099e+00
1.455924988860560099e+00
1.452349848980437175e+00
1.452349848980437175e+00
1.452349848980437175e+00
1.435372798876761280e+00
1.423686848206628053e+00
1.422485835196445780e+00
1.422485835196445780e+00
1.422485835196445780e+00
1.421040759830974665e+00
1.385633992162455419e+00
1.385633992162455419e+00
1.369699439985868628e+00
1.369699439985868628e+00
1.369699439985868628e+00
1.369699439985868628e+00
1.356270752461671503e+00
1.331443692690118752e+00
1.322874373514328017e+00
1.320894293654645502e+00
1.319366541822564187e+00
1.319272825203269939e+00
1.319272825203269939e+00
1.319272825203269939e+00
1.319272825203269939e+00
1.319272825203269939e+00
1.319272825203269939e+00
1.319272825203269939e+00
1.319196612712524974e+00
1.319120566890199520e+00
1.319066616030698968e+00
1.319047963418354952e+00
1.319041041204096043e+00
1.319040947175613709e+00
1.319039822578659704e+00
1.319039822578659704e+00
1.319039822578659704e+00
1.258174444916219326e+00
1.258174444916219326e+00
1.258174444916219326e+00
1.258174444916219326e+00
1.258174444916219326e+00
1.242723150374924534e+00
1.206170712504861298e+00
1.206170712504861298e+00
1.192715010097529671e+00
1.190110930085549024e+00
1.175599770455778348e+00
1.148680940046477694e+00
1.147208244078949280e+00
1.147164504194502666e+00
1.146849697947063484e+00
1.146792416214427401e+00
1.146792416214427401e+00
1.114164007437694393e+00
1.099670696659504454e+00
1.096410396376819696e+00
1.090476325463889173e+00
1.089457231446451235e+00
1.078228060287363732e+00
1.078228060287363732e+00
1.077093414710636354e+00
1.077093414710636354e+00
1.076915277984662245e+00
1.076741988588311161e+00
1.076741988588311161e+00
1.075934558395713614e+00
1.075857645360584813e+00
1.075510375426276699e+00
1.075510375426276699e+00
1.075491749235532257e+00
1.074724518174313914e+00
1.074682044269257508e+00
1.074532054654468771e+00
1.074516411491846180e+00
1.067868838136450282e+00
1.064493617451244711e+00
1.064465564877631332e+00
1.061887774045260580e+00
1.061497299464827959e+00
1.061483406011120456e+00
1.061395040025260750e+00
1.061270211009473163e+00
1.060723298665237291e+00
1.060716492389899956e+00
1.060710725172729907e+00
1.060710725172729907e+00
1.060710725172729907e+00
1.060710725172729907e+00
1.060710725172729907e+00
