5.424827312906956678e+01
2.907430458599839085e+01
2.907430458599839085e+01
2.589004591608404127e+01
1.212260548106359792e+01
1.212260548106359792e+01
4.128092597052464896e+00
3.381249189273504374e+00
3.381249189273504374e+00
3.381249189273504374e+00
8.663485505043141410e-01
8.663485505043141410e-01
8.663485505043141410e-01
8.660592402933021683e-01
8.660592402933021683e-01
6.453264472507994620e-01
6.453264472507994620e-01
6.453264472507994620e-01
6.453264472507994620e-01
6.453264472507994620e-01
6.453264472507994620e-01
6.453264472507994620e-01
5.913185841658595843e-01
5.913185841658595843e-01
5.913185841658595843e-01
5.913185841658595843e-01
5.913185841658595843e-01
5.913185841658595843e-01
5.913185841658595843e-01
5.913185841658595843e-01
5.913185841658595843e-01
4.500448793954135995e-01
4.500448793954135995e-01
4.500448793954135995e-01
4.500448793954135995e-01
4.500448793954135995e-01
3.843834024022440010e-01
3.843834024022440010e-01
3.843834024022440010e-01
3.843834024022440010e-01
3.843834024022440010e-01
3.843834024022440010e-01
3.843834024022440010e-01
3.843834024022440010e-01
3.843834024022440010e-01
3.843834024022440010e-01
3.843834024022440010e-01
3.843834024022440010e-01
3.653995193338932523e-01
3.653995193338932523e-01
3.653995193338932523e-01
3.653995193338932523e-01
3.653995193338932523e-01
3.653995193338932523e-01
3.653995193338932523e-01
3.653995193338932523e-01
3.653995193338932523e-01
3.653995193338932523e-01
3.191684091562979053e-01
3.063258485821847565e-01
3.063258485821847565e-01
3.063258485821847565e-01
3.063258485821847565e-01
3.063258485821847565e-01
3.063258485821847565e-01
3.063258485821847565e-01
3.063258485821847565e-01
3.063258485821847565e-01
3.063258485821847565e-01
3.063258485821847565e-01
2.204871632556447969e-01
2.204871632556447969e-01
2.015698684256741202e-01
2.015698684256741202e-01
2.015698684256741202e-01
2.015698684256741202e-01
2.015698684256741202e-01
2.015698684256741202e-01
2.015698684256741202e-01
2.015698684256741202e-01
2.015698684256741202e-01
2.015698684256741202e-01
2.015698684256741202e-01
2.015698684256741202e-01
2.015698684256741202e-01
2.015698684256741202e-01
2.015698684256741202e-01
2.015698684256741202e-01
2.015698684256741202e-01
2.015698684256741202e-01
2.015698684256741202e-01
1.928581822985378780e-01
1.928581822985378780e-01
1.928581822985378780e-01
1.831116330741821285e-01
1.831116330741821285e-01
1.831116330741821285e-01
1.777407337188157133e-01
1.777407337188157133e-01
1.777407337188157133e-01
1.777407337188157133e-01
1.777407337188157133e-01
1.777407337188157133e-01
1.777407337188157133e-01
1.777407337188157133e-01
1.777407337188157133e-01
1.777407337188157133e-01
1.777407337188157133e-01
1.777407337188157133e-01
1.627412207110052189e-01
1.627412207110052189e-01
1.574469771140058483e-01
1.574469771140058483e-01
1.574469771140058483e-01
1.574469771140058483e-01
1.574469771140058483e-01
1.489702550319411123e-01
1.489702550319411123e-01
1.466173115542084571e-01
1.466173115542084571e-01
1.330312757793844780e-01
1.330312757793844780e-01
1.330312757793844780e-01
1.330312757793844780e-01
1.330312757793844780e-01
1.330312757793844780e-01
1.330312757793844780e-01
1.330312757793844780e-01
1.330312757793844780e-01
1.330312757793844780e-01
1.330312757793844780e-01
1.221411455119404965e-01
1.221411455119404965e-01
1.221411455119404965e-01
1.217374827567017787e-01
1.217374827567017787e-01
1.217374827567017787e-01
1.217374827567017787e-01
1.217374827567017787e-01
1.200920315878391126e-01
1.200920315878391126e-01
1.200920315878391126e-01
1.200920315878391126e-01
1.200920315878391126e-01
1.191522521547928593e-01
1.191522521547928593e-01
1.172383872015968359e-01
1.164511100033902985e-01
1.163149313284895930e-01
1.162853990499316537e-01
1.162777925304471910e-01
1.162760434095473916e-01
1.162755749652593928e-01
1.162753969576213742e-01
1.162753969576213742e-01
1.162753969576213742e-01
1.132611696072726576e-01
1.111153753313097597e-01
1.109314513322731260e-01
1.109078338235620215e-01
1.109034809319799364e-01
1.109034809319799364e-01
1.109034809319799364e-01
1.108319164768166859e-01
1.108179274411357773e-01
1.108148210711581566e-01
1.108139417356567846e-01
1.108139417356567846e-01
1.045751821352798316e-01
9.826167834323970562e-02
9.758000448640422042e-02
9.757445360928575229e-02
9.757445360928575229e-02
9.757445360928575229e-02
9.757445360928575229e-02
8.789774157861071635e-02
8.001749907525425309e-02
8.001749907525425309e-02
8.001749907525425309e-02
8.001749907525425309e-02
8.001749907525425309e-02
8.001749907525425309e-02
7.276619957178354081e-02
7.276619957178354081e-02
7.276619957178354081e-02
7.121224188384406295e-02
7.121224188384406295e-02
7.121224188384406295e-02
7.121224188384406295e-02
7.088497181419818605e-02
7.087023564186850644e-02
7.086929774265751658e-02
7.086899064654217373e-02
7.086899064654217373e-02
7.086899064654217373e-02
7.086899064654217373e-02
7.086899064654217373e-02
7.086899064654217373e-02
7.086899064654217373e-02
7.086899064654217373e-02
