8.987391018527823405e+01
3.299095252903065756e+01
3.299095252903065756e+01
2.005622969841847691e+01
2.005622969841847691e+01
1.219508930017694937e+01
9.707127822725908572e+00
6.190732287704589609e+00
6.190732287704589609e+00
6.190732287704589609e+00
4.215480281719250044e+00
4.215480281719250044e+00
4.215480281719250044e+00
4.215480281719250044e+00
3.233842443788953691e+00
3.233842443788953691e+00
3.233842443788953691e+00
3.233842443788953691e+00
3.233842443788953691e+00
3.233842443788953691e+00
1.484223973542369457e+00
1.484223973542369457e+00
1.484223973542369457e+00
1.484223973542369457e+00
1.484223973542369457e+00
1.484223973542369457e+00
1.416076221350509812e+00
1.416076221350509812e+00
1.416076221350509812e+00
1.416076221350509812e+00
1.416076221350509812e+00
1.416076221350509812e+00
1.306547167199851867e+00
1.306547167199851867e+00
1.306547167199851867e+00
1.306547167199851867e+00
1.306547167199851867e+00
1.306547167199851867e+00
1.306547167199851867e+00
1.306547167199851867e+00
1.306547167199851867e+00
1.306547167199851867e+00
8.710501358352994439e-01
8.710501358352994439e-01
8.710501358352994439e-01
8.710501358352994439e-01
8.710501358352994439e-01
8.710501358352994439e-01
8.710501358352994439e-01
8.710501358352994439e-01
8.710501358352994439e-01
8.710501358352994439e-01
8.710501358352994439e-01
8.710501358352994439e-01
8.710501358352994439e-01
8.710501358352994439e-01
8.710501358352994439e-01
8.161181366255823022e-01
8.161181366255823022e-01
8.161181366255823022e-01
8.161181366255823022e-01
8.161181366255823022e-01
8.161181366255823022e-01
8.161181366255823022e-01
8.161181366255823022e-01
8.161181366255823022e-01
8.161181366255823022e-01
8.161181366255823022e-01
8.161181366255823022e-01
8.161181366255823022e-01
8.161181366255823022e-01
8.161181366255823022e-01
8.161181366255823022e-01
8.158971283532459040e-01
8.158971283532459040e-01
8.158971283532459040e-01
7.242313089992256092e-01
7.242313089992256092e-01
7.242313089992256092e-01
7.242313089992256092e-01
7.242313089992256092e-01
6.803767546037268188e-01
6.596364195715966883e-01
5.087831324920008003e-01
4.229658830365924937e-01
4.229658830365924937e-01
4.229658830365924937e-01
4.229658830365924937e-01
4.040395120996101985e-01
4.040395120996101985e-01
4.040395120996101985e-01
4.040395120996101985e-01
4.040395120996101985e-01
4.040395120996101985e-01
4.040395120996101985e-01
3.686432858630557252e-01
3.686432858630557252e-01
3.686432858630557252e-01
3.686432858630557252e-01
3.154951135098750803e-01
3.066249909919783745e-01
2.361917341335404430e-01
2.361917341335404430e-01
2.003493504556096150e-01
2.003493504556096150e-01
2.003493504556096150e-01
1.930227973203416658e-01
1.930227973203416658e-01
1.930227973203416658e-01
1.599060537446347630e-01
1.569888479313404084e-01
1.569888479313404084e-01
1.569888479313404084e-01
1.569888479313404084e-01
1.569888479313404084e-01
1.569888479313404084e-01
1.530247361739167367e-01
1.530247361739167367e-01
1.509874260855960104e-01
1.509874260855960104e-01
1.509874260855960104e-01
1.509874260855960104e-01
1.509874260855960104e-01
1.509874260855960104e-01
1.509874260855960104e-01
1.509874260855960104e-01
1.506890346659379987e-01
1.506890346659379987e-01
1.506890346659379987e-01
1.506890346659379987e-01
1.506890346659379987e-01
1.505621364665488404e-01
1.503593169097898752e-01
1.503034252087184774e-01
1.502889859721216193e-01
1.389195085290692300e-01
1.264777937423559040e-01
1.264777937423559040e-01
1.264777937423559040e-01
1.264777937423559040e-01
1.231977241335595052e-01
1.231977241335595052e-01
1.231977241335595052e-01
1.207975422347289385e-01
1.205478822624132529e-01
1.203838535404307963e-01
1.203345609381796522e-01
1.203207881165791471e-01
1.203183131291535174e-01
1.203172550271321278e-01
1.203170478429822637e-01
1.203170478429822637e-01
1.203169760439838504e-01
1.203169760439838504e-01
1.203157811363466945e-01
1.203157795634567651e-01
1.203156521749461083e-01
1.203156521749461083e-01
1.174520095296879424e-01
1.168730167505594025e-01
1.168730167505594025e-01
1.168730167505594025e-01
1.168730167505594025e-01
1.168730167505594025e-01
1.168730167505594025e-01
1.168730167505594025e-01
1.166949132341204981e-01
1.166292787188894647e-01
1.166195430485237189e-01
1.166166809448222208e-01
1.166163127515368325e-01
1.155809191836593419e-01
1.145148529636988710e-01
1.144630438824635749e-01
1.144511036269713483e-01
1.013290858158799740e-01
9.773255822935919546e-02
9.736653456852210897e-02
8.716593580851067502e-02
8.663553434865976788e-02
8.660394518574644762e-02
8.659987600122967533e-02
8.592239627243100641e-02
8.582319267718534206e-02
8.465578505091517214e-02
7.990389816714534021e-02
7.951130279151402691e-02
7.860435740937420090e-02
7.820890007217701223e-02
7.817162671123659146e-02
7.797353833882986196e-02
7.795708304079472517e-02
7.788069850544244999e-02
7.787673402080483309e-02
7.589596375406658380e-02
7.589596375406658380e-02
7.589596375406658380e-02
7.584728813656607671e-02
7.584641577816707281e-02
7.580813779367252814e-02
