1.378209609162516713e+01
1.031842339906666872e+01
5.881098595963798026e+00
5.881098595963798026e+00
2.407580916918338865e+00
2.407580916918338865e+00
2.407580916918338865e+00
1.819395268655437548e+00
1.819395268655437548e+00
1.819395268655437548e+00
1.819395268655437548e+00
1.598501026285237714e+00
1.598501026285237714e+00
1.598501026285237714e+00
1.598501026285237714e+00
1.598501026285237714e+00
1.598501026285237714e+00
9.186102147114034722e-01
9.186102147114034722e-01
8.098594047168817811e-01
8.098594047168817811e-01
8.098594047168817811e-01
8.098594047168817811e-01
8.098594047168817811e-01
8.098594047168817811e-01
8.098594047168817811e-01
8.098594047168817811e-01
8.098594047168817811e-01
8.098594047168817811e-01
8.098594047168817811e-01
8.098594047168817811e-01
8.098594047168817811e-01
8.098594047168817811e-01
8.098594047168817811e-01
8.098594047168817811e-01
8.098594047168817811e-01
8.098594047168817811e-01
8.098594047168817811e-01
8.098594047168817811e-01
8.098594047168817811e-01
8.098594047168817811e-01
6.830465874848123953e-01
6.830465874848123953e-01
6.830465874848123953e-01
6.830465874848123953e-01
6.830465874848123953e-01
6.830465874848123953e-01
6.830465874848123953e-01
6.830465874848123953e-01
6.830465874848123953e-01
6.830465874848123953e-01
6.830465874848123953e-01
6.830465874848123953e-01
6.830465874848123953e-01
6.830465874848123953e-01
6.830465874848123953e-01
6.830465874848123953e-01
6.830465874848123953e-01
6.830465874848123953e-01
6.830465874848123953e-01
6.830465874848123953e-01
6.830465874848123953e-01
6.830465874848123953e-01
6.830465874848123953e-01
6.830465874848123953e-01
6.830465874848123953e-01
6.830465874848123953e-01
6.830465874848123953e-01
6.830465874848123953e-01
6.830465874848123953e-01
6.830465874848123953e-01
6.830465874848123953e-01
6.830465874848123953e-01
6.830465874848123953e-01
6.830465874848123953e-01
6.830465874848123953e-01
6.830465874848123953e-01
6.830465874848123953e-01
6.830465874848123953e-01
6.830465874848123953e-01
6.830465874848123953e-01
6.830465874848123953e-01
6.830465874848123953e-01
6.830465874848123953e-01
6.830465874848123953e-01
6.830465874848123953e-01
6.830465874848123953e-01
6.830465874848123953e-01
6.830465874848123953e-01
6.830465874848123953e-01
6.830465874848123953e-01
6.830465874848123953e-01
6.830465874848123953e-01
6.830465874848123953e-01
6.830465874848123953e-01
6.816401213592170327e-01
6.715202032977026780e-01
6.706027893697092956e-01
6.706027893697092956e-01
6.694267379692901976e-01
6.694267379692901976e-01
6.689166480715098562e-01
6.689166480715098562e-01
6.689166480715098562e-01
6.689166480715098562e-01
6.689166480715098562e-01
6.684047352790687402e-01
6.680356258778660239e-01
6.679048708669712564e-01
6.678992903124915115e-01
6.678721503428454165e-01
6.678590527667094268e-01
6.678546754205034741e-01
6.678508938268353790e-01
6.678497738662669825e-01
6.678497738662669825e-01
6.678491698612711858e-01
6.678490366944381806e-01
6.678489512892374913e-01
6.678489445780271261e-01
6.678489445780271261e-01
6.678489176505880698e-01
6.678489176505880698e-01
6.678489176505880698e-01
6.620235475048512619e-01
6.169143632548009792e-01
6.169143632548009792e-01
6.169143632548009792e-01
6.169143632548009792e-01
6.169143632548009792e-01
6.169143632548009792e-01
6.169143632548009792e-01
6.169143632548009792e-01
6.169143632548009792e-01
6.169143632548009792e-01
6.169143632548009792e-01
6.169143632548009792e-01
6.136814498268204909e-01
6.096972315121069741e-01
6.089242554241954819e-01
6.086438649464094297e-01
6.085656835057451364e-01
6.085423325929831817e-01
6.085358805758503964e-01
6.085339710023340842e-01
6.085334991016585482e-01
6.085334144501745035e-01
6.085333616225889752e-01
6.085333168396610537e-01
6.085333168396610537e-01
6.085333081709267677e-01
5.395066722576958851e-01
5.395066722576958851e-01
5.395066722576958851e-01
5.228335539210470229e-01
5.228335539210470229e-01
5.185731358004904701e-01
5.185731358004904701e-01
5.185731358004904701e-01
5.185731358004904701e-01
5.185731358004904701e-01
5.185731358004904701e-01
5.104358937196840085e-01
5.082514038855177052e-01
5.074782061758580376e-01
5.072346969555175944e-01
5.072107500348143061e-01
5.072107500348143061e-01
5.072107500348143061e-01
5.072107500348143061e-01
5.072107500348143061e-01
5.072107500348143061e-01
5.071857333847125116e-01
5.071788871988524017e-01
5.071788871988524017e-01
5.071788871988524017e-01
5.071788871988524017e-01
4.791237244595202838e-01
4.537543752066666158e-01
4.433828344315328129e-01
4.433828344315328129e-01
4.433828344315328129e-01
4.433828344315328129e-01
4.433828344315328129e-01
4.156786872108909625e-01
4.089277791007165375e-01
4.089263290941100304e-01
4.089263290941100304e-01
4.089263290941100304e-01
4.089161926470878949e-01
4.089138871393064867e-01
4.089138693563806326e-01
4.089138693563806326e-01
4.089138693563806326e-01
4.089138693563806326e-01
4.089138693563806326e-01
4.089138693563806326e-01
4.087735030523337310e-01
4.073249970673739617e-01
4.073103828521231207e-01
