1.191937431755966230e+02
6.942143832099093004e+01
1.796349543865882836e+01
1.531617218582460538e+01
1.078683950954099835e+01
5.217508907214540415e+00
2.855319867537505996e+00
1.290786897776948550e+00
1.290786897776948550e+00
1.290786897776948550e+00
1.164300398500748512e+00
4.934185580742578292e-01
3.989671690472577081e-01
3.989671690472577081e-01
3.989671690472577081e-01
3.989671690472577081e-01
3.989671690472577081e-01
3.989671690472577081e-01
3.989671690472577081e-01
3.989671690472577081e-01
3.989671690472577081e-01
3.989671690472577081e-01
3.989671690472577081e-01
3.989671690472577081e-01
3.989671690472577081e-01
3.989671690472577081e-01
3.989671690472577081e-01
3.923461633310025842e-01
2.724881095891201199e-01
2.724881095891201199e-01
2.724881095891201199e-01
2.724881095891201199e-01
1.820148777478766133e-01
1.820148777478766133e-01
1.508530416044789602e-01
1.508530416044789602e-01
1.508530416044789602e-01
1.508530416044789602e-01
1.508530416044789602e-01
1.508530416044789602e-01
1.508530416044789602e-01
1.508530416044789602e-01
1.508530416044789602e-01
1.508530416044789602e-01
1.508530416044789602e-01
1.508530416044789602e-01
1.508530416044789602e-01
1.508530416044789602e-01
1.508530416044789602e-01
1.508530416044789602e-01
1.508530416044789602e-01
1.508530416044789602e-01
1.508530416044789602e-01
1.195469562144786807e-01
1.195469562144786807e-01
1.195469562144786807e-01
1.195469562144786807e-01
1.195469562144786807e-01
1.195469562144786807e-01
1.195469562144786807e-01
1.195469562144786807e-01
1.195469562144786807e-01
1.195469562144786807e-01
1.195469562144786807e-01
1.195469562144786807e-01
1.195469562144786807e-01
1.195469562144786807e-01
1.195469562144786807e-01
1.195469562144786807e-01
1.195469562144786807e-01
1.195469562144786807e-01
1.195469562144786807e-01
1.195469562144786807e-01
1.195469562144786807e-01
1.195469562144786807e-01
1.034125252098728742e-01
1.026206557685643284e-01
1.026206557685643284e-01
9.594653953839442362e-02
9.594653953839442362e-02
9.594653953839442362e-02
9.594653953839442362e-02
9.594653953839442362e-02
9.594653953839442362e-02
9.594653953839442362e-02
9.594653953839442362e-02
9.363404409891359914e-02
9.363404409891359914e-02
9.363404409891359914e-02
9.363404409891359914e-02
9.363404409891359914e-02
9.363404409891359914e-02
9.363404409891359914e-02
9.363404409891359914e-02
9.363404409891359914e-02
9.363404409891359914e-02
9.363404409891359914e-02
9.363404409891359914e-02
9.363404409891359914e-02
9.363404409891359914e-02
9.146523039234850938e-02
9.146523039234850938e-02
9.146523039234850938e-02
9.146523039234850938e-02
9.007186089823698838e-02
9.007186089823698838e-02
9.007186089823698838e-02
9.007186089823698838e-02
9.007186089823698838e-02
9.007186089823698838e-02
9.007186089823698838e-02
8.915423837441029120e-02
8.915423837441029120e-02
8.915423837441029120e-02
8.915423837441029120e-02
8.883374952378893241e-02
8.883374952378893241e-02
8.883374952378893241e-02
8.880444882126897754e-02
8.880444882126897754e-02
8.880444882126897754e-02
8.877872319152829705e-02
8.877872319152829705e-02
8.877872319152829705e-02
8.877872319152829705e-02
8.877872319152829705e-02
8.874887063860084635e-02
8.872761885699395612e-02
8.872062327948027072e-02
8.871777085050686074e-02
8.871665127595908251e-02
8.871654938937416357e-02
8.871654938937416357e-02
8.871654938937416357e-02
8.871628471536696647e-02
8.871628471536696647e-02
8.871628471536696647e-02
8.871628471536696647e-02
8.650598340435261546e-02
8.527346930806969927e-02
8.527346930806969927e-02
8.527346930806969927e-02
8.527346930806969927e-02
8.466592334687608745e-02
8.466592334687608745e-02
8.094357012501945947e-02
8.094357012501945947e-02
8.094357012501945947e-02
8.094357012501945947e-02
8.094357012501945947e-02
8.050260000898266932e-02
7.865946527227105078e-02
7.865946527227105078e-02
7.865946527227105078e-02
7.865946527227105078e-02
7.865946527227105078e-02
7.865946527227105078e-02
7.865946527227105078e-02
7.865946527227105078e-02
7.865946527227105078e-02
7.865946527227105078e-02
7.772739595394506651e-02
7.772739595394506651e-02
7.772739595394506651e-02
7.703764865588484667e-02
7.695205499853399744e-02
7.694163061956058036e-02
7.693998945969321435e-02
7.604672584788881029e-02
7.604672584788881029e-02
7.604672584788881029e-02
7.512101271305135497e-02
7.429724502285281473e-02
7.421243175070262044e-02
7.420219814088864496e-02
7.420145835568642267e-02
7.420048009630204888e-02
7.420048009630204888e-02
7.420048009630204888e-02
7.420008728291600797e-02
7.405966640879797780e-02
7.405966640879797780e-02
7.405966640879797780e-02
7.382547600135447308e-02
7.382547600135447308e-02
7.374779187962222926e-02
7.374122888225601025e-02
7.374081711969998620e-02
7.374076540786285439e-02
7.374076540786285439e-02
7.374076540786285439e-02
7.300146683288022409e-02
7.300146683288022409e-02
7.300146683288022409e-02
7.300146683288022409e-02
7.300146683288022409e-02
7.300146683288022409e-02
7.300146683288022409e-02
7.300146683288022409e-02
7.300146683288022409e-02
