8.403643046927602001e+00
8.403643046927602001e+00
8.403643046927602001e+00
8.403643046927602001e+00
8.403643046927602001e+00
8.403643046927602001e+00
7.735344746621262146e+00
7.735344746621262146e+00
6.023032967614178723e+00
6.023032967614178723e+00
6.023032967614178723e+00
6.023032967614178723e+00
6.023032967614178723e+00
6.023032967614178723e+00
5.437660635875399606e+00
5.437660635875399606e+00
5.437660635875399606e+00
5.437660635875399606e+00
4.966587272939447573e+00
4.966587272939447573e+00
9.447745772148461452e-01
9.447745772148461452e-01
6.075897415933727563e-01
6.075897415933727563e-01
6.075897415933727563e-01
6.075897415933727563e-01
5.577596936859808840e-01
5.577596936859808840e-01
5.577596936859808840e-01
5.577596936859808840e-01
5.577596936859808840e-01
5.577596936859808840e-01
5.577596936859808840e-01
4.795496160291136123e-01
4.795496160291136123e-01
4.795496160291136123e-01
4.795496160291136123e-01
4.795496160291136123e-01
4.795496160291136123e-01
4.795496160291136123e-01
4.795496160291136123e-01
4.795496160291136123e-01
4.795496160291136123e-01
4.783061100587266412e-01
4.322472207986803872e-01
4.322472207986803872e-01
4.322472207986803872e-01
4.322472207986803872e-01
4.322472207986803872e-01
4.322472207986803872e-01
4.322472207986803872e-01
4.322472207986803872e-01
4.322472207986803872e-01
4.322472207986803872e-01
4.322472207986803872e-01
4.322472207986803872e-01
4.322472207986803872e-01
4.322472207986803872e-01
4.322472207986803872e-01
4.322472207986803872e-01
4.322472207986803872e-01
4.322472207986803872e-01
4.322472207986803872e-01
4.322472207986803872e-01
4.322472207986803872e-01
4.322472207986803872e-01
4.322472207986803872e-01
4.322472207986803872e-01
4.322472207986803872e-01
4.322472207986803872e-01
4.322472207986803872e-01
4.322472207986803872e-01
4.093577172286834709e-01
4.093577172286834709e-01
4.093577172286834709e-01
4.093577172286834709e-01
4.093577172286834709e-01
4.093577172286834709e-01
4.093577172286834709e-01
4.093577172286834709e-01
4.093577172286834709e-01
4.093577172286834709e-01
4.093577172286834709e-01
4.093577172286834709e-01
4.093577172286834709e-01
4.093577172286834709e-01
3.831649290898221927e-01
3.779966699671754582e-01
3.588350626532459398e-01
3.588350626532459398e-01
3.588350626532459398e-01
3.588350626532459398e-01
3.234270197755839682e-01
3.234270197755839682e-01
3.234270197755839682e-01
3.234270197755839682e-01
3.234270197755839682e-01
3.234270197755839682e-01
3.234270197755839682e-01
3.234270197755839682e-01
3.234270197755839682e-01
3.234270197755839682e-01
3.234270197755839682e-01
3.234270197755839682e-01
3.234270197755839682e-01
3.234270197755839682e-01
3.234270197755839682e-01
3.234270197755839682e-01
3.226678728269311014e-01
3.226678728269311014e-01
3.226678728269311014e-01
3.226678728269311014e-01
3.186094597858073474e-01
3.152516506538696195e-01
3.036153278688263901e-01
3.036153278688263901e-01
2.917170733090261869e-01
2.902396479736496504e-01
2.849998199921866537e-01
2.849998199921866537e-01
2.849998199921866537e-01
2.849998199921866537e-01
2.849998199921866537e-01
2.849998199921866537e-01
2.701902599467896349e-01
2.691970926190385693e-01
2.691970926190385693e-01
2.691970926190385693e-01
2.691970926190385693e-01
2.691970926190385693e-01
2.691970926190385693e-01
2.691970926190385693e-01
2.691970926190385693e-01
2.691970926190385693e-01
2.691970926190385693e-01
2.691970926190385693e-01
2.691970926190385693e-01
2.691970926190385693e-01
2.691970926190385693e-01
2.691970926190385693e-01
2.691970926190385693e-01
2.690019040548244367e-01
2.690019040548244367e-01
2.684195530316167422e-01
2.682807872471940636e-01
2.682584652609779630e-01
2.682550576464945435e-01
2.682534319265336697e-01
2.682529956550729899e-01
2.682529956550729899e-01
2.682529956550729899e-01
2.682527475062793654e-01
2.682527475062793654e-01
2.655956871052885804e-01
2.655956871052885804e-01
2.655956871052885804e-01
2.655956871052885804e-01
2.655956871052885804e-01
2.655956871052885804e-01
2.655956871052885804e-01
2.655956871052885804e-01
2.655956871052885804e-01
2.655956871052885804e-01
2.655956871052885804e-01
2.655956871052885804e-01
2.655956871052885804e-01
2.655956871052885804e-01
2.655956871052885804e-01
2.655956871052885804e-01
2.575336410223193484e-01
2.559420887398056177e-01
2.557077568313346760e-01
2.556739265855977328e-01
2.556691379989691759e-01
2.556687833793888087e-01
2.556685080612486338e-01
2.556684086852770155e-01
2.556684004611126659e-01
2.556684004611126659e-01
2.556682514567293341e-01
2.556682514567293341e-01
2.319637736506783843e-01
2.319637736506783843e-01
2.119583606730998382e-01
2.119583606730998382e-01
2.070260853118076061e-01
2.068133406664611762e-01
2.067986951698256304e-01
2.067980434825506253e-01
2.067978077090738276e-01
2.067978077090738276e-01
2.067978077090738276e-01
2.067978077090738276e-01
2.067978077090738276e-01
2.067977328179779473e-01
2.067977328179779473e-01
2.067977328179779473e-01
2.067977328179779473e-01
2.067977328179779473e-01
2.067977328179779473e-01
