3.235017351075344294e+01
3.235017351075344294e+01
1.875497678199977614e+01
1.163768547606765047e+01
1.163768547606765047e+01
1.108384144480404032e+01
1.108384144480404032e+01
9.245982857805790545e+00
9.004953643155605647e+00
7.070444290321902692e+00
7.070444290321902692e+00
6.862253816813858265e+00
6.862253816813858265e+00
6.049876074281181459e+00
4.631658160162195337e+00
4.631658160162195337e+00
4.631658160162195337e+00
4.631658160162195337e+00
4.631658160162195337e+00
4.631658160162195337e+00
4.631658160162195337e+00
4.594211489376375468e+00
4.594211489376375468e+00
4.594211489376375468e+00
4.594211489376375468e+00
4.333774766076049723e+00
3.658795595419635838e+00
2.519493094146187051e+00
2.519493094146187051e+00
2.519493094146187051e+00
2.519493094146187051e+00
2.519493094146187051e+00
2.288010191090760870e+00
2.108181435936421266e+00
2.108181435936421266e+00
2.108181435936421266e+00
2.108181435936421266e+00
2.108181435936421266e+00
2.108181435936421266e+00
1.938882788137717084e+00
1.938882788137717084e+00
1.738664796804587187e+00
1.738664796804587187e+00
1.738664796804587187e+00
1.604649978883504469e+00
1.604649978883504469e+00
1.604649978883504469e+00
1.604649978883504469e+00
1.604649978883504469e+00
1.604649978883504469e+00
1.604649978883504469e+00
1.604649978883504469e+00
1.604649978883504469e+00
1.277839799318010394e+00
1.277839799318010394e+00
1.277839799318010394e+00
1.277839799318010394e+00
1.277839799318010394e+00
1.277839799318010394e+00
1.277839799318010394e+00
1.277839799318010394e+00
1.277839799318010394e+00
1.277839799318010394e+00
1.277839799318010394e+00
1.277839799318010394e+00
1.277839799318010394e+00
1.277839799318010394e+00
1.277839799318010394e+00
1.235959522046019554e+00
1.235959522046019554e+00
1.232478459217637656e+00
1.232478459217637656e+00
1.232478459217637656e+00
1.232478459217637656e+00
1.232478459217637656e+00
1.232478459217637656e+00
1.232478459217637656e+00
1.232478459217637656e+00
1.232478459217637656e+00
1.188422423132182937e+00
1.188422423132182937e+00
1.188422423132182937e+00
1.168885225880132994e+00
1.168885225880132994e+00
1.123308245874055311e+00
1.123308245874055311e+00
1.123308245874055311e+00
1.123308245874055311e+00
1.123308245874055311e+00
1.123308245874055311e+00
1.123308245874055311e+00
1.123308245874055311e+00
1.084856325109891051e+00
1.084856325109891051e+00
1.080752988488141497e+00
1.080752988488141497e+00
1.080752988488141497e+00
1.063756955173320140e+00
1.063756955173320140e+00
1.063756955173320140e+00
1.063756955173320140e+00
1.063756955173320140e+00
1.063756955173320140e+00
1.063756955173320140e+00
1.063756955173320140e+00
1.063756955173320140e+00
1.063756955173320140e+00
1.063756955173320140e+00
1.006517323473661740e+00
1.006517323473661740e+00
1.006517323473661740e+00
1.006517323473661740e+00
1.005391362954086043e+00
1.005391362954086043e+00
1.005391362954086043e+00
1.000634186947598980e+00
9.832191304229480622e-01
9.363622600511896099e-01
9.363622600511896099e-01
9.363622600511896099e-01
9.363622600511896099e-01
9.035503584969343249e-01
8.858594209935612973e-01
8.788350501628516831e-01
8.788350501628516831e-01
8.653893879750738094e-01
8.653893879750738094e-01
8.653893879750738094e-01
8.653893879750738094e-01
8.638188656882819227e-01
8.638188656882819227e-01
8.638188656882819227e-01
8.608934871261517685e-01
8.578055154079796685e-01
8.573394910928582302e-01
8.550742312748196294e-01
8.550742312748196294e-01
8.541858409552025577e-01
8.539524476528408403e-01
8.539509265289435547e-01
8.539509265289435547e-01
8.528777828491831414e-01
8.520216727085574426e-01
8.520216727085574426e-01
8.520216727085574426e-01
8.520216727085574426e-01
8.520216727085574426e-01
8.511637433479788406e-01
8.511637433479788406e-01
8.511637433479788406e-01
8.511637433479788406e-01
8.511637433479788406e-01
8.506271237527884832e-01
8.504222277542075048e-01
8.504222277542075048e-01
8.504222277542075048e-01
8.504222277542075048e-01
8.504222277542075048e-01
8.504222277542075048e-01
8.504222277542075048e-01
8.504222277542075048e-01
8.504222277542075048e-01
8.496362248886559776e-01
8.496362248886559776e-01
8.496362248886559776e-01
8.495768559639140793e-01
8.495768221283833688e-01
8.488965150023259909e-01
8.488827201740078987e-01
8.488329778921515079e-01
8.487935352479354378e-01
8.487775776263497551e-01
8.487459103668251181e-01
8.487372876939429656e-01
8.487351224118755422e-01
8.487337018031633207e-01
8.487324767833237527e-01
8.487323297392290744e-01
8.487319983870565965e-01
8.487319983870565965e-01
8.487319983870565965e-01
8.487319983870565965e-01
8.487317893874750663e-01
8.487316892494702891e-01
8.487316401567841506e-01
8.487307795003544708e-01
8.487307795003544708e-01
8.487306474823705926e-01
8.403534677199369085e-01
8.400642037074376178e-01
8.400642037074376178e-01
8.400642037074376178e-01
8.400642037074376178e-01
8.400572069322496116e-01
8.400572069322496116e-01
8.400572069322496116e-01
8.400552246420959213e-01
8.400552246420959213e-01
8.400552246420959213e-01
8.400552246420959213e-01
