2.002420355218738450e+02
1.011845731025902921e+02
9.151513361770601307e+01
5.699471659448317951e+01
4.376795896091344673e+01
3.632703772863217750e+01
2.570480351287471166e+01
2.479930720635915975e+01
1.353684302986000887e+01
8.452254184825040539e+00
5.939221868874864363e+00
5.525554621722122306e+00
5.525554621722122306e+00
5.525554621722122306e+00
5.525554621722122306e+00
4.718271675708379576e+00
4.718271675708379576e+00
3.693050445123831516e+00
3.693050445123831516e+00
3.693050445123831516e+00
3.615195331979093041e+00
3.615195331979093041e+00
3.615195331979093041e+00
3.225347850376202086e+00
3.225347850376202086e+00
3.025829143956195733e+00
3.025829143956195733e+00
3.025829143956195733e+00
2.642837989785778774e+00
2.642837989785778774e+00
2.642837989785778774e+00
2.642837989785778774e+00
2.642837989785778774e+00
2.642837989785778774e+00
2.642837989785778774e+00
2.642837989785778774e+00
2.642837989785778774e+00
2.642837989785778774e+00
2.642837989785778774e+00
2.336566256854991863e+00
2.336566256854991863e+00
2.140067435311388433e+00
2.140067435311388433e+00
2.140067435311388433e+00
1.921569858473686887e+00
1.921569858473686887e+00
1.921569858473686887e+00
1.921569858473686887e+00
1.921569858473686887e+00
1.921569858473686887e+00
1.803452506440078151e+00
1.803452506440078151e+00
1.803452506440078151e+00
1.803452506440078151e+00
1.803452506440078151e+00
1.803452506440078151e+00
1.803452506440078151e+00
1.803452506440078151e+00
1.803452506440078151e+00
1.803452506440078151e+00
1.803452506440078151e+00
1.803452506440078151e+00
1.803452506440078151e+00
1.803452506440078151e+00
1.776775304195636229e+00
1.734619122347472953e+00
1.734619122347472953e+00
1.734619122347472953e+00
1.734619122347472953e+00
1.734619122347472953e+00
1.734619122347472953e+00
1.734619122347472953e+00
1.734619122347472953e+00
1.734619122347472953e+00
1.734619122347472953e+00
1.734619122347472953e+00
1.734619122347472953e+00
1.734619122347472953e+00
1.734619122347472953e+00
1.734619122347472953e+00
1.734619122347472953e+00
1.734619122347472953e+00
1.728843702887172817e+00
1.726419137656176828e+00
1.726419137656176828e+00
1.720841086451332158e+00
1.720841086451332158e+00
1.720841086451332158e+00
1.717657995436751017e+00
1.717657995436751017e+00
1.715477302068972643e+00
1.713720010408104955e+00
1.688485777107485708e+00
1.688485777107485708e+00
1.688485777107485708e+00
1.657108567467876048e+00
1.657108567467876048e+00
1.657108567467876048e+00
1.657108567467876048e+00
1.657108567467876048e+00
1.657108567467876048e+00
1.605051988388815243e+00
1.605051988388815243e+00
1.605051988388815243e+00
1.605051988388815243e+00
1.563217413181907434e+00
1.563217413181907434e+00
1.563217413181907434e+00
1.563217413181907434e+00
1.534263538674413230e+00
1.534263538674413230e+00
1.534263538674413230e+00
1.484859191795488531e+00
1.471495073538189757e+00
1.459824097096460216e+00
1.457138160996517273e+00
1.456545061684345832e+00
1.456545061684345832e+00
1.456545061684345832e+00
1.456237267329695717e+00
1.448903817456892451e+00
1.442221831323679870e+00
1.442159725148031146e+00
1.442159725148031146e+00
1.436052545549907578e+00
1.435380722821492983e+00
1.435380722821492983e+00
1.424702158036469601e+00
1.410494375896656383e+00
1.410494375896656383e+00
1.410494375896656383e+00
1.407846350841178040e+00
1.400531454067105219e+00
1.400531454067105219e+00
1.400531454067105219e+00
1.400531454067105219e+00
1.394752788558902834e+00
1.394752788558902834e+00
1.393535207834992296e+00
1.389156848623215978e+00
1.386786277446127702e+00
1.385107373119748075e+00
1.383576856154943746e+00
1.375195522398505510e+00
1.373392810926365115e+00
1.372978790923022663e+00
1.371325292607479041e+00
1.371210913666166320e+00
1.370840963235461896e+00
1.370013872240519959e+00
1.369867160414677709e+00
1.369559420322049581e+00
1.369453318390484009e+00
1.368489438351372822e+00
1.363079979040476175e+00
1.362245259903480221e+00
1.362070630870462651e+00
1.356247859297272207e+00
1.351328323129417086e+00
1.339494862775782114e+00
1.336441413615248042e+00
1.335267384499602139e+00
1.335189841878887229e+00
1.326368854513518825e+00
1.323626853938830283e+00
1.323542735414529048e+00
1.323501299501790296e+00
1.323501299501790296e+00
1.317911327920812115e+00
1.309149120226731133e+00
1.304224664865655692e+00
1.282175469971334580e+00
1.282175469971334580e+00
1.274661126481197115e+00
1.267625942941598804e+00
1.267434366694925485e+00
1.256106470004509479e+00
1.244659628123446993e+00
1.244659628123446993e+00
1.237478418909678801e+00
1.231010117078913835e+00
1.209753994896130003e+00
1.155610069236385318e+00
1.127393035598139859e+00
1.124263656597518146e+00
1.124055418893050273e+00
1.121815199086893422e+00
1.098584916099703657e+00
1.050655959026872477e+00
1.041441685898387703e+00
1.040433716176814238e+00
1.017279921224575334e+00
1.003937245553272906e+00
1.001068650658628156e+00
1.001068650658628156e+00
9.983554043980040760e-01
9.710392209196209157e-01
9.615491689128754516e-01
9.563186407387012089e-01
9.561456762014483024e-01
