-6.708471880687988609e+00
-2.550384837288278472e+00
-4.888546947824456090e+00
-6.795145990485170984e+00
-3.035654609780042090e+00
4.328754004714233661e-01
-5.595812023842468008e+00
-3.542701487974433849e+00
4.396269011103323687e-01
-6.345633401041479438e+00
-4.222683581297371092e+00
-7.136663658305506530e+00
-2.827988688197173417e+00
-1.030346195767741335e+00
-2.535727295219635913e+00
-2.435124676848155811e+00
-2.148807417216499260e+00
-6.322551074723016029e+00
-2.889664334992021022e+00
4.126619063605307391e-01
-7.328139289898305542e+00
-3.834355376374048774e+00
-6.984691748907977171e+00
-3.870718636437513904e+00
-2.982499106869760941e-01
-6.378633319882215602e+00
-2.300816306296369795e+00
-4.581617615085061601e+00
-2.710138384691389568e+00
-6.069089734678475345e+00
-3.433156166191138059e+00
9.157392829298510728e-02
-5.370901634215112352e+00
-3.838851972162841353e+00
-5.057102292525134102e-01
-5.589434805315208088e+00
-1.867591521170711699e+00
2.738614273662964838e-02
-6.344403320365473498e+00
-3.050643539540081051e+00
-3.741619855346532963e-01
-7.283463103896269608e+00
-2.584091441091489916e+00
6.546788549023802029e-01
-3.272174613324795311e-01
-2.874748019067378202e+00
-6.178327587597877368e+00
-3.343450354109758660e+00
-6.426943460285122756e-01
-6.958905098132384559e+00
-3.299443533339272427e+00
-5.623025480151466748e-02
-8.057761069432661571e+00
-2.416202432008017542e+00
6.314319179755151223e-01
-6.523502460170965023e+00
-3.270102715284600947e+00
-3.068613162669756034e-02
-6.898753147328493540e+00
-2.817466408000297573e+00
3.529407199092392533e-01
-6.159932268427055213e+00
-1.244796137041068729e+00
-5.148045797009706881e+00
-2.977388892592105041e+00
-6.260278453645877761e+00
-1.312800514089672577e+00
-5.516489423523545987e+00
-2.558335804778907541e+00
-6.098598370778254285e+00
-1.465290211587760849e+00
-5.588277536667280110e+00
-1.224152767398111408e+00
-5.829249230269682336e+00
-2.624078990407608281e+00
-6.588759580004966310e+00
-1.816482678791799810e+00
-6.492950527881187206e+00
-1.874836379606693137e+00
-5.928709245850762422e+00
-1.259875722530337194e+00
-3.092231449965580747e+00
-2.422857469370281347e+00
-3.553663240902493303e+00
-2.767936680653198867e+00
-3.707051994720254484e+00
-3.637320393990024936e+00
-3.289003114220703239e+00
-2.823565332584632603e+00
-3.573462436211254367e+00
-2.634976371002907047e+00
-3.370522910845166198e+00
-2.791756677356775906e+00
-3.235795470138369101e+00
-3.569628311594506886e+00
5.158636196599934998e-01
-4.550946028047666125e+00
-2.918749035546381876e+00
9.486569621259153262e-01
-4.818898689303982685e+00
-2.265633463236169209e+00
5.753500470426669011e-01
-5.147057413362121636e+00
-2.461479337419761659e+00
1.176211458603062754e+00
