-6.278607512675981717e+00
-3.178812485946080457e+00
-5.266316143971129904e+00
-6.797128837580544314e+00
-3.099976459065309164e+00
-6.801794064445449983e-01
-6.262138121121005874e+00
-2.702743863137965441e+00
-3.453856290068955115e-01
-5.606932190975228991e+00
-2.688954097673202259e+00
-6.499054569016698757e+00
-3.568832513473613854e+00
-1.371560520639768521e+00
-2.609376349359300296e+00
-2.156203458585869370e+00
-1.389389594127669048e+00
-6.128011602533648627e+00
-4.042884726404940565e+00
5.337477768614870000e-01
-6.959579513616676927e+00
-3.285965777519534559e+00
-7.601294653868626128e+00
-2.212119781503287808e+00
1.179617938327048865e-01
-6.220609359729773580e+00
-2.129902469944056520e+00
-6.602276104249138911e+00
-4.283366063189844475e+00
-6.068693144589509814e+00
-2.781223149890489132e+00
4.179623589664925865e-01
-5.467905762175565343e+00
-3.754190581040280250e+00
-7.302881150633124818e-01
-7.130447346051222546e+00
-1.843474074413843145e+00
-4.863923946733731407e-01
-6.478548497877389956e+00
-2.183739128889653269e+00
-1.994746751237151672e-02
-6.369485711375535431e+00
-3.372864515325888934e+00
-4.383959959338773471e-02
-9.226022531695634576e-01
-3.063548985876682895e+00
-6.382723085853600153e+00
-2.778055003588818295e+00
7.436622648503387056e-01
-6.297430791410961959e+00
-2.593457649358039241e+00
-5.575982958006170387e-01
-8.082881455509131285e+00
-3.235715624814897495e+00
1.607221824138736599e+00
-7.083466327374249971e+00
-4.288657008495629697e+00
1.799283532172804567e-02
-7.230702851661591879e+00
-4.084970246427958251e+00
-2.563935952115683481e-01
-5.781238303206186480e+00
-4.397449523402962024e-01
-5.017029367342680679e+00
-2.429570245047625754e+00
-5.743633464259046306e+00
-3.240192150474459076e+00
-5.999114471509133573e+00
-1.716878116609958038e+00
-5.645175200784633418e+00
-2.229948487012686442e+00
-5.638237406432009990e+00
-1.957676377113861887e+00
-5.491808792312547816e+00
-9.287163654958944248e-01
-5.725470751201083175e+00
-1.947710074393827373e+00
-5.251340352203003548e+00
-2.169578185003964155e+00
-5.224873101604172732e+00
-1.971877290496941049e+00
-4.298650801337361216e+00
-2.151887935289652720e+00
-4.971865825708944975e+00
-2.782537840297177212e+00
-3.049700047457436725e+00
-2.691970068476799316e+00
-4.530103364662191545e+00
-2.390025600573294273e+00
-3.952732583565009339e+00
-2.019910414749688243e+00
-4.856547585420218027e+00
-2.819716285434026304e+00
-2.787608521906588699e+00
-3.978860203280531138e+00
6.650697746934939314e-01
-4.219903161602924335e+00
-2.218632794765860616e+00
1.392943491685992852e+00
-5.854823981807954603e+00
-1.795219771623440597e+00
-3.669023586227924683e-01
-3.716306287058211755e+00
-3.837541268496350355e+00
2.242530738585383432e+00
