-4.881699890973109746e+00
-3.780070140090721509e+00
-4.305685948331779755e+00
-7.668474016409684957e+00
-3.236344621056753912e+00
8.486644750345526678e-01
-5.011200060249667132e+00
-2.311907369901909703e+00
-1.511850407951744524e+00
-6.175092019188614501e+00
-2.150587460203170931e+00
-5.745060506165008185e+00
-2.759359945230989819e+00
-8.665032975851875152e-01
-2.933664598080333974e+00
-2.733842835410433381e+00
-1.681790164460211345e+00
-6.258695160406537283e+00
-2.487059116893592936e+00
8.238298473616157969e-01
-5.867624047867477266e+00
-4.174833111259964369e+00
-8.562097448223129348e+00
-3.075819826647195665e+00
-8.543384315343131030e-01
-5.517762617270057568e+00
-2.557376819027233683e+00
-4.644568983941077533e+00
-2.431945312504939061e+00
-7.394026401881516719e+00
-2.517989722483040094e+00
4.856068561743255851e-01
-5.965315698738548278e+00
-2.302462371848231992e+00
-9.230320332883796830e-01
-5.434863147387813953e+00
-1.637785398192338482e+00
5.194158265761084081e-01
-6.662068855475450135e+00
-3.742792301632492435e+00
5.704350531694584170e-01
-7.006286937919766977e+00
-3.165360014892933282e+00
1.205212964651442009e+00
-1.893925124411722782e+00
-1.923001175425076426e+00
-7.678530276906077034e+00
-4.033158103412170625e+00
9.668314808780240632e-01
-6.812282610963984020e+00
-3.656459146320704789e+00
8.808782762213549500e-01
-7.452529583152869286e+00
-1.635923496566194624e+00
7.334417935772521435e-01
-6.874725120819289437e+00
-2.861529239698420213e+00
-9.316086277977389529e-02
-7.217655458713512218e+00
-4.059936402493759644e+00
-8.689745293244393043e-01
-5.767320154995176473e+00
-2.951444007690231075e+00
-6.124821487931010111e+00
-2.044109673731578702e+00
-6.829779231283395369e+00
-6.263210427417867932e-01
-5.985743748690151911e+00
-1.846335070570203518e+00
-6.409606271503515806e+00
-3.310779472087706399e+00
-4.880119228416043953e+00
1.314011205434822416e-01
-5.330053722237459546e+00
-2.386987508229303501e+00
-4.584904045011681362e+00
-1.109876147174318817e+00
-5.007554714783156946e+00
-2.317928472140954099e+00
-6.476385824131955182e+00
-2.178278725197725585e+00
-2.620428952291254276e+00
-2.456691886073363751e+00
-3.462769022973640975e+00
-2.061024323252294010e+00
-4.387268698659015698e+00
-2.473680956636203909e+00
-2.753847900909281776e+00
-2.263393128926051823e+00
-2.682418764875415640e+00
-3.309360629402159582e+00
-3.000827573669273551e+00
-3.000510803515523683e+00
-5.635826472456249014e+00
-3.508453488554624133e+00
1.661038718480642773e+00
-4.784561548197946657e+00
-1.727183107608649015e+00
1.906097887570003646e+00
-2.827953678001695614e+00
-1.950387289295093751e+00
1.487161609700164977e-01
-4.302517782440375527e+00
-3.473566381503227607e+00
1.799194553150063935e+00
