-6.447403947017286363e+00
-2.890938013441313625e+00
-5.277141248448844912e+00
-5.599115221706265189e+00
-2.884696936616507390e+00
1.169814346323983179e+00
-6.720277709283931422e+00
-3.396728127546632336e+00
-4.461775473994337160e-01
-5.947577927431474620e+00
-3.344624294904805062e+00
-5.570601001429444921e+00
-3.075583218140333308e+00
-1.398531856853168387e+00
-2.908196779488517958e+00
-1.517557625661578369e+00
-2.827536410801228861e+00
-6.106779137508024036e+00
-3.354144711957124603e+00
4.957500437532494364e-02
-6.636276689159259945e+00
-3.552533363543151523e+00
-7.915025249530353690e+00
-1.855323379062633782e+00
9.034455013819838731e-01
-5.344639449089464200e+00
-2.652710829230802148e+00
-5.356903785259372164e+00
-2.961271040195784909e+00
-7.624356905872256895e+00
-2.399092077905090381e+00
-6.267046094588056837e-01
-7.181566859488052401e+00
-2.685761977709753889e+00
-7.302926449709679080e-01
-5.811456425866963649e+00
-2.159197476628504031e+00
-1.851452688738527974e-01
-6.198170012991763400e+00
-2.609647779468989182e+00
3.536577363969204413e-01
-6.657107624117455380e+00
-2.291645493068137363e+00
-1.427920197923077339e+00
-6.059429583745853387e-01
-2.583405806055886877e+00
-7.649793665320029135e+00
-3.731897950727128599e+00
-4.493524260933516312e-01
-7.065087604826001844e+00
-2.685883852023159157e+00
4.658438050510984585e-01
-8.184630529511563779e+00
-2.744509492365592607e+00
6.085202797853934698e-01
-6.842031319148241586e+00
-2.578159727169620385e+00
3.852218302098894265e-01
-6.782483257202848392e+00
-4.149178316378785425e+00
-5.979910717454361979e-01
-6.710114167191447265e+00
-1.449221750307623902e+00
-5.693830719074705726e+00
-2.812697446590433525e+00
-6.252492709191717957e+00
-1.188638707030290842e+00
-5.040046655954273369e+00
-2.291370327624092873e+00
-5.991566540947857789e+00
-2.553582934892217882e+00
-5.999165802582245632e+00
-1.442331981176898204e+00
-5.837085114350889725e+00
-3.197200823331137087e+00
-5.949245666757803086e+00
-1.164885957055413757e+00
-4.977340514850146391e+00
-1.709190020508546848e+00
-5.601960750123483379e+00
-4.572042410890551634e-01
-3.288642141351563186e+00
-2.355170179819871201e+00
-3.499866624181593888e+00
-3.498265972028812953e+00
-3.486985100212165456e+00
-3.264282255605079897e+00
-3.827442669235964878e+00
-2.739414069042256372e+00
-3.677780222302943436e+00
-3.052706183288529829e+00
-4.682714487543056414e+00
-3.129534214531432657e+00
-4.778050828893642965e+00
-3.588451270575129914e+00
1.093643718213024751e+00
-3.601775208295008301e+00
-2.606515511342458069e+00
1.926963251514148823e+00
-4.504509156415847038e+00
-2.580142469586041098e+00
1.942373681017195874e+00
-5.590982039487810695e+00
-3.253136237962359179e+00
1.158444790591137474e+00
