-6.562468269252109465e+00
-2.225262833755651037e+00
-5.188127487362344858e+00
-6.078794428030679597e+00
-2.289531466391143688e+00
3.751091323705656455e-01
-6.026293491520795520e+00
-3.626428904462926095e+00
-1.237425115054776370e+00
-6.156699332647332490e+00
-2.970814925709824195e+00
-7.064119126874295773e+00
-3.097585539242493358e+00
-2.035832163748998003e+00
-2.210671129874266505e+00
-1.137269725998723002e+00
-1.643834251266826474e+00
-6.184004315870008206e+00
-2.933427968879197767e+00
-1.160650922936830920e+00
-7.460977602381377416e+00
-3.660837872106806667e+00
-7.792005039179716874e+00
-2.162666235477177068e+00
1.702134972300642368e-02
-5.278173839678907520e+00
-3.702519005451391898e+00
-5.353147648824587712e+00
-3.709801149995916703e+00
-6.086518284301711823e+00
-3.451290358789000035e+00
9.540449106617179265e-01
-6.116516240285328365e+00
-2.357269039756618056e+00
-1.366860644897684329e+00
-5.558353675430468321e+00
-2.312751036451941022e+00
1.086815737884988253e-01
-6.147273751726269886e+00
-2.567599019667820226e+00
8.235413606894910199e-01
-7.460898773461137168e+00
-3.718128775977262990e+00
-1.281318829513542479e-01
-1.207351042908311189e+00
-3.254014886450603772e+00
-7.165802736009131202e+00
-3.775739749764069231e+00
1.925412781243716065e-01
-6.548147491941340270e+00
-2.423771252559195677e+00
-7.842120816085750290e-01
-7.166180401717729964e+00
-2.126489323663874220e+00
3.072469439507817812e-01
-8.087085638140353083e+00
-3.141180803106768060e+00
-1.803195485738934845e-01
-6.617733149944066362e+00
-3.334338972801108802e+00
1.107447870585403615e+00
-7.164931161116538938e+00
-1.405778728956465828e+00
-5.170959515472409507e+00
-2.578097195895538984e+00
-6.771458064503533159e+00
-1.633153690379945733e+00
-5.022540478918018358e+00
-2.740073510833152426e+00
-6.046078861033987728e+00
-2.176553520225913196e+00
-6.133834562191125883e+00
-5.532844063900244080e-01
-4.701753589817807999e+00
-3.290131406853689544e+00
-5.746430731161618510e+00
-2.319528136333941948e+00
-5.724484503682084835e+00
-2.130132180780030193e+00
-7.197275093286386038e+00
-1.530286479926380006e+00
-3.224386166561791889e+00
-2.799367895896776925e+00
-3.981368604941843081e+00
-2.402319541816483994e+00
-3.690925221670616985e+00
-2.525681762724200752e+00
-3.124099839890559061e+00
-2.375638966420763776e+00
-3.955236292645124330e+00
-2.760987327077695230e+00
-3.996402756388255373e+00
-2.808933800600471820e+00
-4.685725897576840993e+00
-3.354705162608420999e+00
1.260847738032320864e+00
-4.173887592784249811e+00
-2.103051379204516014e+00
2.395769476343768911e+00
-4.578541985892046640e+00
-3.239529452837165202e+00
1.347867625581780526e+00
-3.809076234089734392e+00
-2.169898628909634919e+00
1.228459722130488263e+00
