-5.212327920435320117e+00
-2.877530944396088586e+00
-5.362956904603843888e+00
-6.618478725838469856e+00
-3.640674403208789212e+00
-7.826997742235954902e-01
-5.798090714644184906e+00
-2.206730421637619788e+00
-1.175863752575099674e+00
-5.685724374646258461e+00
-2.791834419899161812e+00
-6.254167157785087028e+00
-4.329074687624061113e+00
-9.453774986808953784e-01
-1.800524730309508437e+00
-1.001540739189421769e+00
-2.296057474451454805e+00
-5.996138069470990040e+00
-3.775336900514993932e+00
-7.805246605752402811e-01
-7.694879827325162402e+00
-3.614136628428749276e+00
-6.656153273093938338e+00
-3.263995220892580207e+00
4.675119829144556149e-01
-4.557281900100069727e+00
-2.724573097770569330e+00
-4.461586821413001225e+00
-3.467623184845224138e+00
-5.972613718873160060e+00
-4.327786243960881407e+00
-1.578555145964430251e+00
-5.881900135559527953e+00
-2.114166881372533169e+00
-6.486527475705262669e-01
-5.506431273917423042e+00
-2.633296915685228612e+00
-9.043996884338982856e-01
-5.947658543777896156e+00
-4.445398560088347217e+00
-1.499888598161849718e+00
-7.314429817480608165e+00
-2.865597348456905724e+00
2.690283011434094762e-01
-2.420777656096930297e+00
-3.209953218412262999e+00
-6.276826246039878932e+00
-2.578460026742554589e+00
3.910770444494931497e-01
-7.216544992647136780e+00
-1.987173532158645672e+00
-2.031913101562772550e-02
-7.250875708452501733e+00
-3.213017769029079318e+00
-8.159125337775692266e-01
-8.105919322402439064e+00
-3.335795979303184389e+00
1.320992893757889419e+00
-7.380101743361859867e+00
-3.627821320693702223e+00
1.123031885460526041e-01
-5.662425597160250845e+00
-1.074850211287752932e+00
-4.997994906270449178e+00
-2.704591439588575508e+00
-5.742693761947277764e+00
-4.978105068040093450e-01
-5.737851839189688441e+00
-6.668933124086051656e-01
-6.097252644917930731e+00
-1.300502601351102960e+00
-4.834259570099285419e+00
-2.407244455132349525e+00
-5.955571982564563882e+00
-3.082852500701163123e-01
-6.299382428040287252e+00
-1.513175855280008975e+00
-7.164649958597368418e+00
-2.756556839171742102e+00
-6.217028732207602992e+00
-1.338911501885951649e+00
-2.682372666393396443e+00
-3.539598993440431496e+00
-4.396074843023775713e+00
-4.358250486489442466e+00
-2.120429751956730779e+00
-3.932487981748952421e+00
-4.200335242377013500e+00
-2.655724022943428242e+00
-4.522201507169614665e+00
-3.700002284522889262e+00
-3.186647875118927331e+00
-2.153601719882108689e+00
-3.530220614163105175e+00
-4.573901999267354412e+00
1.003097186754465575e+00
-5.205272864197429072e+00
-2.384886763327939363e+00
-1.428064272811322422e-01
-4.052571517747435514e+00
-3.297749883677312699e+00
9.092681852337504145e-01
-3.799697352724160204e+00
-2.423639777083046010e+00
9.560813427788603658e-01
