-7.096339580606778163e+00
-4.073521171130889407e+00
-5.920835031892711875e+00
-4.556945261267506986e+00
-3.146208308363375394e+00
6.029502581153691754e-01
-6.517085742465432929e+00
-3.396373856734983487e+00
4.012183543319696732e-01
-6.939692246375920526e+00
-3.288419413910401268e+00
-5.468070620474679622e+00
-3.859538170706192872e+00
-1.253005361828052777e+00
-2.468878706892401631e+00
-1.589030156368088642e+00
-2.491236781350187446e+00
-5.851929940792331308e+00
-1.540164718782273789e+00
-1.021282152848558056e+00
-7.111943709601677099e+00
-3.713914634190409014e+00
-8.020616915140852399e+00
-3.908209325960834590e+00
-7.564275850855183281e-01
-4.733471961658306526e+00
-3.028738428305774111e+00
-5.309231175940199776e+00
-3.423565975853189780e+00
-7.409466971417006498e+00
-2.306585619788295460e+00
3.947384457134195390e-01
-5.776943970939891315e+00
-3.769482217653739919e+00
-1.562439548342297591e-01
-5.669333398184641659e+00
-1.837111068370415934e+00
1.997864205410593563e-01
-5.316038698008291874e+00
-2.649075641693213079e+00
7.697991952245455960e-02
-7.676484302867943477e+00
-3.163834583343711149e+00
1.197750059229144792e+00
-3.329517915371291714e-01
-4.254198933807463945e+00
-6.446542421826160663e+00
-3.064828874411220205e+00
-4.295844634474681178e-03
-6.641939228507363957e+00
-3.162902420339709142e+00
-5.882421930988487313e-01
-7.848678189450196463e+00
-3.416616023820722159e+00
8.531464311589113114e-01
-8.023847589897602717e+00
-2.577285826447997863e+00
-8.014042232556339851e-01
-6.691710325182405050e+00
-2.501639188652235113e+00
-1.216204234421880415e-02
-6.337551158419788777e+00
-9.677580212093073175e-02
-4.983581976533199231e+00
-2.994867683634627298e+00
-7.055643241864806292e+00
-1.141179331430456578e+00
-4.887230818515701181e+00
-1.116070898548686907e+00
-4.371531532800993602e+00
-1.716871216779274123e+00
-6.574947635498139320e+00
-2.137197864866841712e+00
-5.826975190408750116e+00
-1.533008739148160160e+00
-5.642095790164005642e+00
-3.018544623307935382e+00
-5.249725087155779235e+00
-1.530441422752488956e+00
-6.599255298557038962e+00
-2.124245868617105959e+00
-3.296041916260339821e+00
-3.628294422326519886e+00
-4.322905720077088176e+00
-3.433342586176875155e+00
-3.721575753189166225e+00
-2.757266633174696668e+00
-2.587421980848965575e+00
-2.802582013967892305e+00
-3.808232415364995127e+00
-3.433282870626555905e+00
-3.016610438574347075e+00
-2.069934376043279123e+00
-4.191381791382329247e+00
-1.585147240795059531e+00
1.287783870402442910e+00
-3.984984296090554601e+00
-2.936041021342028490e+00
1.457317327018901043e-01
-4.418024944481110161e+00
-3.043549920149436261e+00
1.596132907176283089e-01
-5.330309835931939411e+00
-3.509529212406975685e+00
1.472658256860607695e+00
