-6.646178015320468369e+00
-2.396770360416006440e+00
-6.052607883736265570e+00
-6.012615795054877310e+00
-2.949632706167274243e+00
4.443661914478259090e-01
-6.062171350882298526e+00
-2.519599304818781249e+00
2.406847511995034994e-01
-6.039266506096014453e+00
-2.754381643656750978e+00
-6.916140172036580047e+00
-2.962938091551092779e+00
-2.810773508414074140e+00
-1.661117052170101971e+00
-2.319796886332630592e+00
-2.669859867882899973e+00
-6.310450968977938224e+00
-2.729730987921425545e+00
3.425347237919430521e-01
-6.268276051813622907e+00
-3.205570195818919554e+00
-7.908408333703254911e+00
-3.193305566722717259e+00
3.992475709203286427e-01
-5.752759501692514377e+00
-3.678002644836400492e+00
-5.082150954238350060e+00
-1.495075268221888631e+00
-6.459469616220276045e+00
-3.428010163336571381e+00
1.034736296150268048e-01
-6.830137779097826822e+00
-2.581847316524799929e+00
-1.938371603580949287e+00
-5.892706505568178876e+00
-1.348972134726981853e+00
-5.137346993983828991e-01
-6.334085983492703242e+00
-3.382388713133588798e+00
9.440283426552114054e-01
-7.413272030129212986e+00
-2.783453278109936146e+00
-3.923730352011235434e-01
-7.927965815737700872e-01
-2.510942288995927196e+00
-6.587611021464017114e+00
-3.438135752690173685e+00
3.740957904065614348e-01
-7.613708285443946622e+00
-3.024913693856136732e+00
-3.082798582480423266e-01
-7.324755943403830294e+00
-1.751789390630768439e+00
-2.906962214729220673e-01
-6.488382845081423156e+00
-3.232183660532139235e+00
4.406733006474429781e-01
-7.753930681671407754e+00
-2.801377694308068822e+00
-8.817857653527887418e-01
-6.354612594697486294e+00
-7.212715762786423568e-01
-7.170828655541775731e+00
-2.257167879818883005e+00
-4.825748047434966992e+00
-2.155637817369024489e+00
-6.218032889447836276e+00
-2.863565050394993428e+00
-6.019804330031806927e+00
-2.059466623753510195e+00
-5.796015204355611239e+00
-1.173287329363831066e+00
-5.606421325450257953e+00
-2.926371922073266685e+00
-5.525267620567988480e+00
-1.930092085662170609e+00
-5.767670839358673973e+00
-1.654258195121149244e+00
-5.158463418031425718e+00
-1.486099950932501468e+00
-4.317095554763260346e+00
-3.682307046990478394e+00
-4.294088493068938028e+00
-2.362713388089096700e+00
-4.067593791186908447e+00
-3.712525832934680192e+00
-4.600232750428424389e+00
-2.607416791359586483e+00
-2.929001806099448491e+00
-4.201380896243338547e+00
-4.378323165395310745e+00
-4.269447417123117816e+00
-5.063364969670824500e+00
-3.898207375312506606e+00
1.332116210597033445e+00
-3.376113412517904422e+00
-3.745196957381387470e+00
1.241517994397197011e+00
-3.675955314157706155e+00
-4.166502299153780342e+00
1.580346724663064473e+00
-5.184264620164917403e+00
-2.784135291326686357e+00
3.435561507260077030e-01
