-7.876683246404522443e+00
-2.965786844091391927e+00
-5.448404744747766593e+00
-4.937814962599194502e+00
-3.138102246770913428e+00
1.305568011134030648e+00
-5.953404905568795868e+00
-2.184421019947458298e+00
-5.185053850490863869e-01
-4.273594497373648160e+00
-3.452453501171663497e+00
-7.517883753563763705e+00
-2.880429653303528070e+00
-1.863368655121126594e+00
-3.487515378400856569e+00
-3.259757607454669248e+00
-1.327393561841878400e+00
-5.186508535718475699e+00
-2.623947097440598508e+00
4.520441859434030651e-01
-6.842785821832620741e+00
-2.894331312457511185e+00
-8.840101982120623703e+00
-4.400478781623857749e+00
-1.140570885733793949e+00
-4.772869301914090201e+00
-1.661909883041598590e+00
-6.251144019008688879e+00
-4.285435017476999064e+00
-5.505086143329823045e+00
-4.330695975200644199e+00
-5.620403376625393577e-01
-4.470192476030957707e+00
-3.882939363844854164e+00
-2.162697734452227571e+00
-6.075565767373810822e+00
-1.454638524312020120e+00
2.728535523249170369e-01
-4.761433831733084432e+00
-3.923858565596830772e+00
-7.832688092060355878e-01
-7.587064567442760143e+00
-1.812883946101249810e+00
-6.526272059758441157e-01
-1.021348810685578590e+00
-2.945370755303057475e+00
-7.262797448805881295e+00
-3.670765881722346968e+00
6.755548457598606893e-01
-6.620816711305353763e+00
-3.868313308491826419e+00
1.242109392428573100e+00
-8.530798309268805113e+00
-2.500216428205009667e+00
1.360176989947011750e+00
-6.723092138046840915e+00
-4.069757361015807540e+00
-7.306164867755956527e-01
-7.682585327069797465e+00
-2.682132179605389410e+00
-1.059443805921651549e-01
-5.319623545644324381e+00
-5.067286927168389576e-01
-6.478647266338679600e+00
-1.672117141893568970e+00
-5.563938711114655433e+00
-2.798478208606582918e+00
-7.019074708923716877e+00
-3.125867586509052831e+00
-7.524264581646743721e+00
-1.119407911195533734e+00
-7.257572451017146875e+00
-1.450251050661097496e+00
-6.581455693905911453e+00
-2.003002011947098371e+00
-6.308336344020570863e+00
-1.199808233995961260e+00
-6.505522357215654417e+00
-1.794281300936489076e+00
-4.853927158746341952e+00
-1.642225102854181440e+00
-3.619908306433580858e+00
-1.265015161738548777e+00
-5.322782096178158007e+00
-2.058240036605647916e+00
-4.285543593379264493e+00
-2.742080488747150824e+00
-3.629299285308841050e+00
-2.330255299247052658e+00
-4.329236516087783926e+00
-2.760037685431886434e+00
-4.105452019318182266e+00
-3.439447446674561704e+00
-3.123146370066080202e+00
-2.051584564938436994e+00
1.210811655897543693e+00
-4.049779386581588092e+00
-4.466084107883889764e+00
1.175941216456669325e-01
-4.665600152641022902e+00
-2.140868086850071794e+00
-5.299252703498670281e-01
-5.061186137089454640e+00
-2.535173411671602484e+00
1.860110896797756430e-01
