-7.104652879976494972e+00
-4.298297225486449769e+00
-6.021350815642459331e+00
-4.947235659932196938e+00
-3.170805110841608876e+00
3.137631837252889411e-01
-6.014636805397237218e+00
-2.928582869861110716e+00
-5.397419279690992555e-01
-5.334779529940271381e+00
-2.323956930175330005e+00
-5.785489685167269691e+00
-4.294803667653899204e+00
-1.550801173974695635e+00
-2.424226364146100821e+00
-1.041045334308121184e+00
-2.992957382641369790e+00
-7.299662009106659077e+00
-3.550906711553628803e+00
-5.706762327332227658e-01
-7.249259051875696080e+00
-2.780066346480110528e+00
-8.274493203542661490e+00
-2.572812357351073054e+00
5.166620906996348683e-01
-5.108192567767186887e+00
-3.910083973618018849e+00
-5.427009535092023995e+00
-3.165951430043015602e+00
-6.819253242000645088e+00
-2.682501366708750279e+00
4.286171944553313073e-01
-5.516151217322716960e+00
-4.344381296662097824e+00
-7.994783415785082781e-01
-5.175766922227653666e+00
-2.700311439906503796e+00
3.498645510849456297e-01
-5.419748795683982046e+00
-3.007643840261058354e+00
3.003052968527847311e-01
-7.496462291460603389e+00
-3.824339926790722988e+00
-1.028222288577873789e+00
-9.792341399062354235e-01
-3.128363494664001987e+00
-8.381949640317021277e+00
-2.669987910482992888e+00
-1.270361995368258223e-01
-7.631034019393745815e+00
-3.513817058447008979e+00
-6.906110806942789004e-01
-7.828438466067173529e+00
-2.518853343489743324e+00
-7.713423739400754320e-01
-7.353856208441240661e+00
-2.859043545553673127e+00
-3.862698919325373570e-01
-7.776806573105669251e+00
-3.416994934877358503e+00
-4.355498525081636513e-02
-6.172624872479381075e+00
-5.508947667424060057e-01
-6.123930726316265449e+00
-1.008188798399126007e+00
-6.231692017257372207e+00
-2.397769162039435908e+00
-5.272089739043280154e+00
-2.275581910819886922e+00
-6.525816668125645315e+00
-1.531348674969582824e+00
-5.916807375557008086e+00
-1.173257489110879348e+00
-5.823684763883044901e+00
-2.690533808868602605e+00
-4.989506747994265190e+00
-1.460618238939784597e+00
-6.849999102333023338e+00
-2.288881030079685353e+00
-7.350121710259700514e+00
-2.502704385687738675e+00
-2.675122890180221091e+00
-3.653246893298543352e+00
-4.364342191916243507e+00
-3.173404407902622459e+00
-4.017707773633792279e+00
-3.109592374292401651e+00
-4.431947593700606092e+00
-3.542304740816935915e+00
-2.551524334388728388e+00
-2.190768728267964427e+00
-3.044022005583479018e+00
-3.367906064860271886e+00
-5.271611282574022894e+00
-2.953819973869932447e+00
1.107785418681096257e+00
-5.204322742403602042e+00
-3.736516222102705953e+00
1.768352763404815287e+00
-3.223748462037418605e+00
-3.185988701903466946e+00
-2.196214301372212407e-01
-4.712856001585771892e+00
-2.509773786991633227e+00
1.179637599937902515e+00
