-8.009809874852564349e+00
-3.630390223359782897e+00
-6.073536483498021887e+00
-4.984982423448241384e+00
-2.249262850773823263e+00
-1.353839614936176439e+00
-5.941227566509670766e+00
-1.462646813314399719e+00
2.728895512231467313e-01
-4.484298305708215970e+00
-3.258565246445500829e+00
-6.818542562392538642e+00
-4.744862083973932165e+00
-2.279080469864041891e+00
-2.525884085940374391e+00
-2.906313335024079514e+00
-1.996156945086667578e-01
-8.116286577956156378e+00
-1.737307850863267777e+00
-9.016793301730755550e-01
-7.114675549747244254e+00
-3.453222770442870182e+00
-8.711560011651698687e+00
-3.522060728421753772e+00
-2.577664314799505973e-01
-4.432175561650289808e+00
-3.731759115525929094e+00
-6.589502840895078428e+00
-3.492919061916992529e+00
-5.842436035641422443e+00
-3.362267181387676995e+00
1.941182734324276571e-01
-4.035254493858792202e+00
-3.657993286712371894e+00
-1.304582369365891337e+00
-5.220848694150992841e+00
-1.595028707917717670e+00
8.467450478132176883e-01
-4.852349353063777571e+00
-1.564304614882330080e+00
-1.704267169904263302e+00
-6.112565439261334888e+00
-1.783874748803407906e+00
2.659155591488299164e-02
-8.292131390709532590e-02
-4.245993177460263723e+00
-2.437168420772116928e+00
-2.658290310803563816e+00
-3.378984179297921386e+00
0.000000000000000000e+00
-3.623051850218836023e+00
-2.820520984011177568e+00
-5.751820879553332766e+00
-9.245177256596524007e-01
-5.182523033161467119e+00
-2.193428981779488751e+00
-6.469087079184225431e+00
-3.184148898359446367e+00
-6.638161336060630191e+00
-3.394936060341374517e+00
-4.383642714855178646e+00
-8.677157189125310754e-01
-7.499184040859681488e+00
2.698845765135189922e-01
-4.000000000000000000e+00
-2.530845149357555002e+00
-4.935131581029258641e+00
-1.174683085059509802e+00
-5.019016543201558989e+00
-1.019396011099097610e+00
-4.927890945059538730e+00
-6.010804650535100935e-01
-2.613029789699710115e+00
-2.111874211923154387e+00
-3.659706654482940635e+00
-3.371103166554696884e+00
-5.260727759700182915e+00
-3.543959012177479995e+00
-3.959395001058808372e+00
-1.000000000000000000e+00
-3.061860519133238423e+00
-1.316358157199342793e+00
-4.699575372361866954e+00
-1.447669091817629594e+00
-3.278533976892075152e+00
-2.461373900839063822e+00
-6.908507574741896695e-01
-4.836830154249383895e+00
-2.721173136135536019e+00
1.532724259901506736e+00
-4.540645348777058388e+00
-2.586261963807464426e+00
1.793275781795915957e+00
-6.544068022635552317e+00
-4.061248839727319648e+00
2.406908933317410515e+00
