4.837948470943222645e+01
4.837948470943222645e+01
1.507883094639737287e+01
1.507883094639737287e+01
1.213992297447886237e+01
8.302668260482169771e+00
4.459526773149067758e+00
1.280803226331280964e+00
1.280803226331280964e+00
1.280803226331280964e+00
1.280803226331280964e+00
1.280803226331280964e+00
1.126324319246622796e+00
1.126324319246622796e+00
1.126324319246622796e+00
9.241210881224174445e-01
9.241210881224174445e-01
9.241210881224174445e-01
9.241210881224174445e-01
9.241210881224174445e-01
9.241210881224174445e-01
9.241210881224174445e-01
9.241210881224174445e-01
9.241210881224174445e-01
8.695972261895862365e-01
8.695972261895862365e-01
8.695972261895862365e-01
8.695972261895862365e-01
8.695972261895862365e-01
8.695972261895862365e-01
8.695972261895862365e-01
8.695972261895862365e-01
8.695972261895862365e-01
8.695972261895862365e-01
8.293740650048040397e-01
8.293740650048040397e-01
8.293740650048040397e-01
8.293740650048040397e-01
8.293740650048040397e-01
8.293740650048040397e-01
8.293740650048040397e-01
8.293740650048040397e-01
8.293740650048040397e-01
8.293740650048040397e-01
8.293740650048040397e-01
8.293740650048040397e-01
8.293740650048040397e-01
8.293740650048040397e-01
6.822831553130238591e-01
6.822831553130238591e-01
5.919885679316440052e-01
5.919885679316440052e-01
4.517270857774821069e-01
4.517270857774821069e-01
4.517270857774821069e-01
4.517270857774821069e-01
4.517270857774821069e-01
4.517270857774821069e-01
4.517270857774821069e-01
3.954398378267074965e-01
3.954398378267074965e-01
3.954398378267074965e-01
3.954398378267074965e-01
3.954398378267074965e-01
3.954398378267074965e-01
3.954398378267074965e-01
3.954398378267074965e-01
3.954398378267074965e-01
3.954398378267074965e-01
3.954398378267074965e-01
3.954398378267074965e-01
3.872141537988564308e-01
3.872141537988564308e-01
3.872141537988564308e-01
3.872141537988564308e-01
3.872141537988564308e-01
3.872141537988564308e-01
3.872141537988564308e-01
3.872141537988564308e-01
3.872141537988564308e-01
3.872141537988564308e-01
3.872141537988564308e-01
2.493812769820577535e-01
2.493812769820577535e-01
2.493812769820577535e-01
2.493812769820577535e-01
2.493812769820577535e-01
2.493812769820577535e-01
2.493812769820577535e-01
2.493812769820577535e-01
2.493812769820577535e-01
2.493812769820577535e-01
2.493812769820577535e-01
2.493812769820577535e-01
2.493812769820577535e-01
2.493812769820577535e-01
2.493812769820577535e-01
2.493812769820577535e-01
2.493812769820577535e-01
2.493812769820577535e-01
2.493812769820577535e-01
2.493812769820577535e-01
2.493812769820577535e-01
2.493812769820577535e-01
2.493812769820577535e-01
2.493812769820577535e-01
2.493812769820577535e-01
2.493812769820577535e-01
2.493812769820577535e-01
2.493812769820577535e-01
2.493812769820577535e-01
2.493812769820577535e-01
2.493812769820577535e-01
2.493812769820577535e-01
2.493812769820577535e-01
2.493812769820577535e-01
2.493812769820577535e-01
2.493812769820577535e-01
2.115099064376717297e-01
2.115099064376717297e-01
2.115099064376717297e-01
2.115099064376717297e-01
2.115099064376717297e-01
2.115099064376717297e-01
2.115099064376717297e-01
2.115099064376717297e-01
2.115099064376717297e-01
2.115099064376717297e-01
2.115099064376717297e-01
2.115099064376717297e-01
2.115099064376717297e-01
2.115099064376717297e-01
2.115099064376717297e-01
2.115099064376717297e-01
2.115099064376717297e-01
2.115099064376717297e-01
2.115099064376717297e-01
2.115099064376717297e-01
2.115099064376717297e-01
2.115099064376717297e-01
2.115099064376717297e-01
2.115099064376717297e-01
2.115099064376717297e-01
2.115099064376717297e-01
2.115099064376717297e-01
2.115099064376717297e-01
2.115099064376717297e-01
2.115099064376717297e-01
2.115099064376717297e-01
2.115099064376717297e-01
2.115099064376717297e-01
2.115099064376717297e-01
2.115099064376717297e-01
2.115099064376717297e-01
2.115099064376717297e-01
2.115099064376717297e-01
2.115099064376717297e-01
2.115099064376717297e-01
2.115099064376717297e-01
2.115099064376717297e-01
2.115099064376717297e-01
2.115099064376717297e-01
2.115099064376717297e-01
2.115099064376717297e-01
2.115099064376717297e-01
2.115099064376717297e-01
2.115099064376717297e-01
2.115099064376717297e-01
2.115099064376717297e-01
2.115099064376717297e-01
2.115099064376717297e-01
2.115099064376717297e-01
2.115099064376717297e-01
2.115099064376717297e-01
2.115099064376717297e-01
2.115099064376717297e-01
2.115099064376717297e-01
2.115099064376717297e-01
2.115099064376717297e-01
2.115099064376717297e-01
2.115099064376717297e-01
2.115099064376717297e-01
2.115099064376717297e-01
2.115099064376717297e-01
2.115099064376717297e-01
2.115099064376717297e-01
2.115099064376717297e-01
2.115099064376717297e-01
2.115099064376717297e-01
2.115099064376717297e-01
2.115099064376717297e-01
2.115099064376717297e-01
2.115099064376717297e-01
2.115099064376717297e-01
2.115099064376717297e-01
2.115099064376717297e-01
2.115099064376717297e-01
2.115099064376717297e-01
2.115099064376717297e-01
2.115099064376717297e-01
