2.147510587662829096e+01
2.147510587662829096e+01
2.147510587662829096e+01
4.408648801204843259e+00
2.110048709205079476e+00
2.110048709205079476e+00
1.315345080359435093e+00
1.191431888799497463e+00
1.062383732552776738e+00
4.261407743197163644e-01
4.261407743197163644e-01
4.261407743197163644e-01
2.615280422167334251e-01
2.615280422167334251e-01
2.615280422167334251e-01
2.615280422167334251e-01
2.615280422167334251e-01
2.615280422167334251e-01
2.615280422167334251e-01
2.615280422167334251e-01
2.615280422167334251e-01
1.968752080541324723e-01
1.968752080541324723e-01
1.968752080541324723e-01
1.968752080541324723e-01
1.968752080541324723e-01
1.968752080541324723e-01
1.968752080541324723e-01
1.968752080541324723e-01
1.968752080541324723e-01
1.968752080541324723e-01
1.968752080541324723e-01
1.968752080541324723e-01
1.924271461118032267e-01
1.924271461118032267e-01
1.924271461118032267e-01
1.924271461118032267e-01
1.924271461118032267e-01
1.924271461118032267e-01
1.924271461118032267e-01
1.924271461118032267e-01
1.924271461118032267e-01
1.924271461118032267e-01
1.924271461118032267e-01
1.924271461118032267e-01
1.924271461118032267e-01
1.924271461118032267e-01
1.924271461118032267e-01
1.924271461118032267e-01
1.924271461118032267e-01
1.924271461118032267e-01
1.924271461118032267e-01
1.444248623187294467e-01
1.444248623187294467e-01
1.444248623187294467e-01
1.444248623187294467e-01
1.444248623187294467e-01
1.444248623187294467e-01
1.444248623187294467e-01
1.444248623187294467e-01
1.444248623187294467e-01
1.444248623187294467e-01
1.444248623187294467e-01
1.444248623187294467e-01
1.444248623187294467e-01
1.444248623187294467e-01
1.444248623187294467e-01
1.444248623187294467e-01
1.444248623187294467e-01
1.444248623187294467e-01
1.444248623187294467e-01
1.444248623187294467e-01
1.444248623187294467e-01
1.444248623187294467e-01
1.444248623187294467e-01
1.444248623187294467e-01
1.444248623187294467e-01
1.444248623187294467e-01
1.444248623187294467e-01
1.444248623187294467e-01
1.444248623187294467e-01
1.444248623187294467e-01
1.444248623187294467e-01
1.444248623187294467e-01
1.444248623187294467e-01
1.444248623187294467e-01
1.444248623187294467e-01
1.444248623187294467e-01
1.444248623187294467e-01
1.444248623187294467e-01
1.444248623187294467e-01
1.444248623187294467e-01
1.444248623187294467e-01
1.444248623187294467e-01
1.444248623187294467e-01
1.444248623187294467e-01
1.444248623187294467e-01
1.444248623187294467e-01
1.444248623187294467e-01
1.444248623187294467e-01
1.444248623187294467e-01
1.444248623187294467e-01
1.444248623187294467e-01
1.444248623187294467e-01
1.444248623187294467e-01
1.444248623187294467e-01
1.444248623187294467e-01
1.444248623187294467e-01
1.444248623187294467e-01
1.444248623187294467e-01
1.444248623187294467e-01
1.444248623187294467e-01
1.444248623187294467e-01
1.444248623187294467e-01
1.444248623187294467e-01
1.444248623187294467e-01
1.444248623187294467e-01
1.444248623187294467e-01
1.444248623187294467e-01
1.444248623187294467e-01
1.444248623187294467e-01
1.444248623187294467e-01
1.444248623187294467e-01
1.444248623187294467e-01
1.444248623187294467e-01
1.444248623187294467e-01
1.444248623187294467e-01
1.444248623187294467e-01
1.444248623187294467e-01
1.444248623187294467e-01
1.444248623187294467e-01
1.444248623187294467e-01
1.444248623187294467e-01
1.074362239778043765e-01
1.074362239778043765e-01
1.074362239778043765e-01
1.074362239778043765e-01
1.074362239778043765e-01
1.074362239778043765e-01
1.074362239778043765e-01
1.074362239778043765e-01
1.074362239778043765e-01
1.074362239778043765e-01
1.074362239778043765e-01
1.074362239778043765e-01
1.074362239778043765e-01
1.074362239778043765e-01
1.074362239778043765e-01
1.074362239778043765e-01
1.074362239778043765e-01
1.074362239778043765e-01
1.074362239778043765e-01
1.074362239778043765e-01
1.074362239778043765e-01
1.074362239778043765e-01
1.074362239778043765e-01
1.074362239778043765e-01
1.074362239778043765e-01
1.074362239778043765e-01
1.074362239778043765e-01
1.074362239778043765e-01
1.074362239778043765e-01
1.074362239778043765e-01
1.074362239778043765e-01
1.074362239778043765e-01
1.074362239778043765e-01
1.074362239778043765e-01
1.074362239778043765e-01
1.074362239778043765e-01
1.074362239778043765e-01
1.074362239778043765e-01
1.074362239778043765e-01
1.074362239778043765e-01
1.074362239778043765e-01
1.074362239778043765e-01
1.074362239778043765e-01
1.074362239778043765e-01
1.074362239778043765e-01
1.074362239778043765e-01
1.074362239778043765e-01
1.074362239778043765e-01
1.074362239778043765e-01
1.074362239778043765e-01
1.074362239778043765e-01
1.074362239778043765e-01
1.074362239778043765e-01
1.074362239778043765e-01
1.074362239778043765e-01
1.074362239778043765e-01
1.074362239778043765e-01
1.074362239778043765e-01
9.305374499055893422e-02
9.305374499055893422e-02
9.305374499055893422e-02
9.305374499055893422e-02
9.305374499055893422e-02
9.305374499055893422e-02
9.305374499055893422e-02
9.305374499055893422e-02
9.305374499055893422e-02
