-6.344267136274440944e+00
-3.462817548522502342e+00
-4.617448652899932782e+00
-6.845441502170493742e+00
-2.999072105582319292e+00
1.986165521482425644e+00
-6.268068380482259450e+00
-2.454596747670878987e+00
6.630699967561868302e-01
-6.987542388123960002e+00
-3.426532633864007416e+00
-5.317290713163915328e+00
-2.359895444935776965e+00
-2.113618486649812209e-02
-3.152000964850792286e+00
-2.893012605713836116e+00
-2.498038900760756409e+00
-5.226404855108133241e+00
-4.621305604934122790e+00
9.265980482902460569e-01
-7.727020491329887442e+00
-3.708292549569834229e+00
-8.480393888910949585e+00
-3.851524977391612925e+00
-1.228078290017810548e-01
-6.019146864879397540e+00
-2.379144309763282727e+00
-4.902663267456133234e+00
-3.965220490294968148e+00
-8.855802123179604024e+00
-1.998669796952763589e+00
-1.451205774535343052e+00
-5.853952599489133490e+00
-2.254384518963156392e+00
-7.627442492743851110e-01
-5.565752423430095241e+00
-2.201611301718958025e+00
1.579243962130324227e-04
-6.201781471456403239e+00
-3.758846301700582870e+00
-6.869935232074103615e-01
-7.012279958232300991e+00
-2.089363838853131927e+00
7.899322202683003447e-01
-5.075427395645170092e-01
-2.672867095420614625e+00
-8.487256491846121520e+00
-3.956048715176011754e+00
-8.573950850421742098e-01
-7.309092957289222703e+00
-3.441362338361247719e+00
6.783322056342060424e-01
-6.826354606229887878e+00
-2.456069379261157870e+00
6.788599643633337344e-01
-8.927513881253290151e+00
-4.535812290462243546e+00
2.163063599996224440e-01
-7.955818448704185641e+00
-3.165734642648008190e+00
7.393114135885537896e-01
-6.521461956312532671e+00
3.801929715548312272e-01
-7.294254938033219560e+00
-2.145695746977573481e+00
-5.668696433449945893e+00
-2.698391189105989518e+00
-5.642842978827923517e+00
-1.633023603619691677e+00
-6.957145299844174069e+00
-5.880174518386559884e-02
-7.054841336951859887e+00
-2.930982567382866000e-01
-6.985815514559279293e+00
-2.389034929487591885e+00
-4.000000000000000000e+00
-8.204227879696973647e-02
-6.497152561881211597e+00
-1.868180087887010510e+00
-6.970433878381544268e+00
-2.219737273063397076e+00
-3.590770321130076770e+00
-4.105018056265662629e+00
-2.643255492178844257e+00
-1.800571559778350927e+00
-3.938180919556158788e+00
-3.599037729803189922e+00
-2.900507728430047560e+00
-4.208256268636129782e+00
-3.512804741370146200e+00
-2.692768303164504218e+00
-5.268385458774047514e+00
-2.686859176937262728e+00
-4.181328660681424836e+00
-2.103578103348541450e+00
1.360201605581152551e+00
-4.980420316167573525e+00
-4.019292468137226848e+00
1.324068218992603851e+00
-2.544068022635552317e+00
-2.379489254887477756e+00
2.509251516305335272e-01
-4.291451052732860205e+00
-1.725331217173878162e+00
1.105295378794987737e+00
