-6.586626638755573637e+00
-3.541190991747638961e+00
-5.077921991474987351e+00
-6.360872931563210209e+00
-3.441454004079502305e+00
-3.384778030062724485e-01
-6.164841777140436463e+00
-3.150315966929786882e+00
5.876248724327746142e-01
-7.745270858103832978e+00
-2.424232285794143404e+00
-5.722750367313252262e+00
-3.721832628717666402e+00
-1.665438999758421579e+00
-3.992741096205234541e+00
-5.607286418082769730e-01
-2.183851405915479216e+00
-6.293226599312783165e+00
-4.246093286528078714e+00
-2.468358893600554049e-01
-8.852885297235410178e+00
-1.982441924696841884e+00
-8.770992252141965650e+00
-1.350407938876991620e+00
1.068429273912476107e+00
-7.049629701404644067e+00
-3.323959569805566616e+00
-4.370882053120595856e+00
-3.476397935740505041e+00
-6.597607908139815791e+00
-2.132187947674026862e+00
-1.975301426342426503e-01
-5.972398063312077454e+00
-1.671663821461230715e+00
-2.200210999058780370e+00
-5.746711415358572772e+00
-3.418100209413793333e+00
5.357786589574971003e-01
-6.071152153778927030e+00
-3.280278551603936776e+00
9.135491027157551791e-01
-7.355389798455593819e+00
-4.390223779340980848e+00
3.725970227266763302e-01
-9.533020091094689397e-01
-1.995500949666441537e+00
-6.093502910278625784e+00
-4.394743309009142784e+00
9.457649891000429188e-01
-6.155754363848943811e+00
-3.673558644669194795e+00
4.988130211171385442e-01
-5.367844597918495886e+00
-3.767417107152520206e+00
-6.753140979051193149e-01
-7.877378444340869201e+00
-4.885871598205579147e+00
-1.086270629311632090e-02
-6.055449422188857511e+00
-3.081545252902797571e+00
-1.728455073358219941e-03
-5.956815523549063407e+00
-2.892765052964936690e+00
-4.635215095947963881e+00
-1.470578992694254739e+00
-4.501756296405237556e+00
-3.474063751031160940e+00
-4.968801453071225893e+00
-2.759863303217109820e+00
-6.342939967012423352e+00
-2.620285551109452271e+00
-4.242471541209191344e+00
-2.742525400974857308e-01
-4.000229644663760631e+00
-3.458094870933860587e+00
-7.154998540610836955e+00
-1.881736159817490206e+00
-6.277221803230331965e+00
-1.611431449431974361e+00
-5.692718684940690999e+00
-1.298626721877891521e+00
-2.335029351508451700e+00
-2.538591644894932386e+00
-4.823972477980145612e+00
-3.882216889724119380e+00
-4.312640905244528255e+00
-2.207417952849826559e+00
-4.817635979238923838e+00
-1.620426051376861132e+00
-4.151011351699723129e+00
-1.827009435062241449e+00
-4.812949299871445596e+00
-3.108789086532985912e+00
-4.009785394461290231e+00
-2.861615715660803527e+00
1.536748993831144938e+00
-4.449657266711313675e+00
-3.050559182086543419e+00
4.519935093535235038e-01
-6.540567910593959589e+00
-2.917897489722230286e+00
1.347518014533120034e-01
-2.921691670320350820e+00
-1.610650146317150311e+00
3.156116908531940157e-01
