-6.721647515857704924e+00
-4.986673819820551579e+00
-3.703965045016392565e+00
-6.456870484724498205e+00
-2.931254645782404467e+00
6.131210056828714228e-01
-4.006890359847160354e+00
-1.700578550397918276e+00
-2.000000000000000000e+00
-4.000000000000000000e+00
-5.000000000000000000e+00
-7.895172864976199634e+00
-3.504641833683581620e+00
0.000000000000000000e+00
-2.127627721755705359e+00
-3.071305604242450471e+00
-2.962087668288809983e+00
-5.835905464786485197e+00
-4.887820001209433052e+00
-2.000000000000000000e+00
-8.634292353301358247e+00
-2.388807923053028137e+00
-9.342458033636182435e+00
-1.824140378005987939e+00
-2.000000000000000000e+00
-4.539525212216584116e+00
-1.074241458889704681e+00
-3.154901959985743076e+00
-2.532180438391961275e+00
-5.683850066322274408e+00
-4.109186306052581727e+00
-4.190216313237669632e-01
-4.967275019431237837e+00
-4.779929541474619903e+00
-3.000000000000000000e+00
-4.677659179862748040e+00
-5.667376992906037809e-05
1.539890774694313125e+00
-6.231718213518285587e+00
-4.889066359966739661e+00
-1.916307221266299265e+00
-7.595433391253830990e+00
-4.734187684020261244e+00
1.999581981103698114e+00
-2.382913581792274194e+00
-5.000000000000000000e+00
-6.877894981303888322e+00
-2.050895087557618623e+00
-4.221845526587891251e-01
-7.462140261574337963e+00
-2.730734580151121360e+00
-2.000000000000000000e+00
-8.015494181283429498e+00
-3.982189997116921454e+00
-1.663899231127705797e-02
-5.000000000000000000e+00
-1.626999854608256246e+00
8.014257776006930012e-01
-5.000000000000000000e+00
-1.785001095851909136e+00
5.798080884661972467e-01
-6.666565764296413121e+00
-1.876061557248018818e-01
-4.269104546813029089e+00
-2.748446093757500375e+00
-8.000000000000000000e+00
-1.898228608163615272e+00
-4.703150302136946515e+00
0.000000000000000000e+00
-5.707611045466791211e+00
-4.689816537589147215e-05
-6.932742787496676939e+00
-2.120557361051011558e+00
-4.674577223329360542e+00
-4.000000000000000000e+00
-5.795115577790157069e+00
-2.552730028082763170e+00
-8.000000000000000000e+00
-9.091864153197166676e-01
-7.791491679943125526e+00
-2.854177779109750013e+00
-4.963492371937928027e+00
-2.294855858832080209e+00
-4.777433213961926661e+00
-1.003616988551439215e+00
-3.909114071111666977e+00
-3.077033417147932770e+00
-5.689355384752042610e+00
-2.443073134359744270e+00
-3.933006862567971496e+00
-2.921210571539268663e+00
-5.556774013911453203e+00
-5.000000000000000000e+00
-6.544068022635552317e+00
-3.908217782823599329e+00
-4.519968953469983841e-01
-2.544068022635552317e+00
-5.000000000000000000e+00
1.860721693609298732e+00
-4.544027225282108340e+00
-4.013461553516532554e+00
1.749288976277761032e+00
-2.544068022635552317e+00
-2.812209046552133884e+00
3.000000000000000000e+00
