-6.592441672900340777e+00
-1.000000000000000000e+00
-3.225085728666662988e+00
-7.209318328052980007e+00
-2.980966140724931712e+00
-2.000000000000000000e+00
-4.068865609080996926e+00
-3.146992286951615370e+00
-1.037624727111450929e+00
-7.288019246218389036e+00
-2.513487097645189294e+00
-4.000000000000000000e+00
-2.968180481076890143e+00
0.000000000000000000e+00
-2.606480381354126852e+00
-7.397568195278719783e-01
-5.690068360028213146e-01
-6.438141489712842613e+00
-2.183386064590691511e+00
5.130484112255563334e-01
-9.105863333493042333e+00
-3.915871577495313005e+00
-6.301029995663981254e+00
-2.042514513316971758e+00
1.755766597631426063e+00
-4.502289511767016528e+00
-1.115214393711086327e+00
-5.536417481112559713e+00
-4.326549197617551634e+00
-6.970686406649494238e+00
-4.183823229840479385e+00
2.000000000000000000e+00
-6.306986292034572728e+00
-4.920037585044948258e+00
-4.510657503252641920e-01
-6.109528647343132945e+00
-3.762976462859611182e+00
-4.337635691052392217e-01
-7.495952762762841282e+00
-3.922201523142589075e+00
5.915243937097651727e-01
-6.411912667012486189e+00
-3.635820669701181895e+00
2.000000000000000000e+00
-2.844289964563469830e+00
-4.257622900442905589e+00
-7.351276808519690675e+00
-1.000000000000000000e+00
1.170554391938888994e+00
-5.000000000000000000e+00
-1.000000000000000000e+00
4.548795747042274629e-01
-6.149245694185495381e+00
-1.000000000000000000e+00
-3.988204077670310932e-01
-9.000000000000000000e+00
-1.000000000000000000e+00
4.974108071214616289e-01
-5.341704812042743278e+00
-3.535110754800808053e+00
1.651327456743930444e+00
-6.361151981273931000e+00
7.740420482093229859e-01
-5.535865374406345296e+00
-3.914095200306410671e+00
-7.568302762732419531e+00
-3.540481134007632313e+00
-7.390594862095913875e+00
-3.085212718907859308e+00
-5.358136891661525958e+00
-1.962718505500317123e+00
-6.457532897690064999e+00
-3.301029995663981254e+00
-4.473954319948039604e+00
-1.837944229900462023e+00
-7.716271203176220617e+00
-1.150569721382317834e+00
-5.171414993426114215e+00
-1.068230444818331959e+00
-4.000000000000000000e+00
-1.987910671569164567e+00
-4.208557163544250024e+00
-3.350645977155326083e+00
-5.172997504574237126e+00
-2.417294936927510296e+00
-4.039656326406746878e+00
-5.000000000000000000e+00
-1.690196149515636570e+00
-3.245331528273203148e+00
-3.616615022153894632e+00
-2.492826283036184254e+00
-3.115738196817292138e+00
-3.222685351278622878e+00
-4.957069904414892036e+00
-3.454779191374766523e+00
2.362070239047464160e+00
-3.465945785732353013e+00
-3.585029058423647275e+00
-2.812446052207088765e-01
-2.544068022635552317e+00
-3.499346333898169625e+00
-4.466125594959994838e-01
-5.123367559637428847e+00
-3.218833633731171595e+00
1.236163126251929700e+00
