-5.407278818588422631e+00
-3.491015698601640516e+00
-4.205578082755894620e+00
-7.984435715605579631e+00
-4.206487269499456616e+00
-1.503378727559422923e-01
-5.653924671802040613e+00
-3.879710466068037711e+00
8.651286339998451869e-01
-5.267647113070024645e+00
-3.446653752323115327e+00
-5.389844486447978866e+00
-2.648367743200937596e+00
-1.301972029711844892e+00
-3.963661457829739998e+00
-1.877550370104028588e+00
-1.502601635209898090e+00
-8.000519162197941014e+00
-2.609289079276017720e+00
1.985668829859896345e+00
-8.726413502685852919e+00
-2.821486105398038902e+00
-7.706515883299999814e+00
-5.000000000000000000e+00
-5.466113812591718579e-01
-5.435652819072564590e+00
-3.574317321617271670e+00
-4.220918848271238311e+00
-3.870319083584750519e+00
-5.582757685304252426e+00
-3.337401581013201390e+00
8.467131906231657457e-01
-5.287979604056256555e+00
-1.533955158511288941e+00
-2.999964365034250235e+00
-6.182305729230664681e+00
-3.730421394341574270e+00
1.628169361308381136e-01
-7.069551058676460720e+00
-4.205584187269783669e+00
8.894960640619339332e-01
-7.313760530666180593e+00
-3.361793314031708668e+00
1.534772781128360131e-02
-1.155135080001421066e+00
-2.966450027977600268e+00
-7.003349349594808260e+00
-2.982067466806044731e+00
6.321543530716793313e-01
-6.649349390801143400e+00
-3.312456624503498759e+00
1.019668794548601376e+00
-6.274696322604687460e+00
-3.529408404533756816e+00
1.511522271127592187e-01
-7.374704653038797630e+00
-2.844346551444432158e+00
-2.000000000000000000e+00
-5.000000000000000000e+00
-2.667702731585463116e+00
-1.396656351251486683e+00
-5.771052420966167773e+00
-2.150927618010839204e+00
-6.242532435970307603e+00
-2.267467690036505168e+00
-4.663626002468963527e+00
-2.132178980077904296e+00
-4.064144243038835036e+00
-1.599195490716755153e+00
-6.984481111998235292e+00
-3.740257000452066105e+00
-5.583040030779523377e+00
-2.027715959060621298e+00
-4.000000000000000000e+00
-3.250899263805151485e+00
-6.725365229263371880e+00
4.139268515822491779e-02
-6.192662067670069881e+00
-2.090119929628517781e+00
-7.985087566095656619e+00
-1.195146029072054805e+00
-3.041762495129116672e+00
-2.029167310321022377e+00
-2.436426877458957030e+00
-3.330084361116030678e+00
-2.935938288558659792e+00
-2.688594046817197381e+00
-5.357652251422381440e+00
-4.501261849351627653e+00
-2.924970953279481645e+00
-2.372743304859725288e+00
-2.879300018003775996e+00
-3.502418806408704732e+00
-3.452616972485856195e+00
-4.487882030112959164e+00
7.545081581085393285e-01
-4.420209562704910944e+00
-1.000000000000000000e+00
1.824017227917722028e+00
-3.933479449776171144e+00
-4.102015798994403717e+00
1.903913513681011749e-01
-5.440559995555951822e+00
-3.499153242643103567e+00
2.888221245553338479e-01
