-6.317584215327642916e+00
-2.772923130051281326e+00
-5.845673138008810277e+00
-6.543538257137312186e+00
-2.729057305582012649e+00
-1.996852607874873176e+00
-5.381664278070837248e+00
-3.283167006328692406e+00
6.312946704157967881e-01
-6.091432771472210739e+00
-3.324215263634312745e+00
-6.582814670275237035e+00
-2.505567803519016312e+00
-2.738837008859873468e-01
-3.791673097457327390e+00
-6.959235051579317766e-01
-1.878128544718704163e+00
-6.843374942719620435e+00
-3.316088468579355908e+00
9.706181575235464098e-01
-7.401009839441731408e+00
-1.053385917408244277e+00
-6.971978568218093031e+00
-1.249925196324438437e+00
1.449015623158165456e+00
-7.698970004336018746e+00
-2.543131406582140208e+00
-5.665196409184177107e+00
-1.429105976200239825e+00
-6.407286536482293293e+00
-1.000000000000000000e+00
-3.915272837123151550e-01
-5.438251879235295405e+00
-4.054252008608697722e+00
-2.049295085608884015e-01
-4.000000000000000000e+00
-7.431935383776565596e-01
5.201753721615165471e-01
-5.493230726505610839e+00
-1.604632113164094376e+00
8.556505261427721498e-01
-6.928291639958891857e+00
-2.197500224269143487e+00
-1.910528217572680099e+00
-9.511838457953480930e-01
-2.065680815284932414e+00
-7.587386028392445247e+00
-3.436249353853150001e+00
4.209134657410856795e-01
-8.329417581410789140e+00
-2.812788200812273320e+00
9.899371491037817217e-01
-5.545677174566147727e+00
-1.910163573440642804e+00
-4.718259816671045714e-02
-5.000000000000000000e+00
-3.899612167596420154e+00
-2.526101984739598239e-01
-8.970133313912212358e+00
-3.397614647059800319e+00
-6.380658791723216039e-01
-7.053920761428857489e+00
-1.556560646219836030e+00
-5.072422615329162277e+00
-2.797707658617902382e+00
-4.000000000000000000e+00
-2.243622634078986433e+00
-7.563887343640005589e+00
-2.837205739849588682e+00
-5.051050264944258572e+00
-7.944825460186264454e-01
-7.010391423574523273e+00
-1.045083809577155742e+00
-4.012756777665557273e+00
-2.175413554223308843e+00
-6.224598053531789965e+00
-2.700226044211656795e+00
-5.724512743281914062e+00
-1.168773971184161597e+00
-7.193347815452095340e+00
-8.410531654336468321e-01
-4.061478690156945959e+00
-4.157457095180095763e+00
-4.769045854524582850e+00
-3.348980626037605379e+00
-3.536911365751747027e+00
-3.175678809415576342e+00
-3.598745766181680406e+00
-1.359928564774548487e+00
-5.081115492051235805e+00
-2.655427202781129203e+00
-4.556166289967992000e+00
-1.477711496852537554e+00
-5.296439234217991121e+00
-1.866482962191743367e+00
1.692779642293270603e-01
-3.200426658181231954e+00
-3.338668188013584448e+00
7.062740748191488338e-01
-2.544068022635552317e+00
-1.000000000000000000e+00
6.611780543137651955e-01
-3.390375605496481981e+00
-4.478950926541284794e+00
4.259788858734765427e-01
