-5.617977317898775524e+00
-3.378925099294832979e+00
-5.331561698770608260e+00
-5.257492762534944575e+00
-5.000000000000000000e+00
-8.917637880985445076e-01
-5.493387149232106914e+00
-2.052278997109457492e+00
-1.929549228994064780e+00
-6.385534584751502152e+00
-1.000000000000000000e+00
-4.000000000000000000e+00
-2.923600414862518981e+00
0.000000000000000000e+00
-3.628058384474933451e+00
-3.999769269776318303e+00
-1.320173398677475296e+00
-7.450413973800787737e+00
-2.346549441144914816e+00
9.864992856120561315e-01
-6.997144719618707320e+00
-3.558935415594421947e+00
-9.637149605512217221e+00
-1.000000000144911638e+00
-7.136072771734820464e-01
-7.698970004336018746e+00
-3.363509468334768382e+00
-5.273824293533514229e+00
-4.167752688460242716e+00
-5.942614400355849646e+00
-4.028921468567011388e+00
-2.000000000000000000e+00
-5.182597399788008374e+00
-3.046380382459531244e+00
-8.933834161362113058e-01
-4.606114150919426109e+00
-2.920866120430741120e+00
-4.022787698950313628e-01
-8.000000000000000000e+00
-2.262383424081031880e+00
1.999665798212196588e+00
-8.503916172314006872e+00
-2.306555185994870971e+00
-1.250790632801485502e+00
-8.806468156012612347e-01
-2.569645918701833232e+00
-8.461317256080851834e+00
-1.000000000000000000e+00
1.994095867587352133e+00
-7.785690007176538252e+00
-4.196526337223353664e+00
-1.210995350230961609e+00
-8.852116792392695999e+00
-3.338544684534430207e+00
-8.378917547881827854e-01
-6.466054034510262838e+00
-5.000000000000000000e+00
2.329004485886980447e-01
-5.000000000000000000e+00
-4.008304855887965701e+00
-1.999364653200041531e+00
-4.039222757420963816e+00
-3.180456064458131227e+00
-4.941939609671426759e+00
-7.349228554044958672e-01
-5.948027124090147666e+00
-4.000000000000000000e+00
-6.272364118223049623e+00
-2.736678056064644426e+00
-5.455298939834018590e+00
-3.999977130054694463e+00
-4.000000000000000000e+00
-1.519286291870053596e+00
-5.444491341141261209e+00
0.000000000000000000e+00
-4.735721197194115994e+00
4.138029404229784380e-02
-5.427684700872624113e+00
-4.000000000000000000e+00
-6.863071350084716471e+00
2.505205244061427527e-01
-1.690975025151028710e+00
-3.892817238907277044e+00
-4.111963914876478832e+00
-1.000000000000000000e+00
-4.539963368173184577e+00
-3.658004303152475600e+00
-5.055107960227604558e+00
-1.000000000000000000e+00
-5.207202826962707753e+00
-3.408915663641895133e+00
-5.222395960926725422e+00
-3.881755773717394220e+00
-4.647336525694211851e+00
-2.712393177739004901e+00
5.693659120453179456e-01
-3.763186306139635118e+00
-1.000000000000000000e+00
2.025085101362223416e-01
-5.847321321920301962e+00
-5.000000000000000000e+00
3.000000000000000000e+00
-2.957350734990947583e+00
-3.019019799159998740e+00
8.808712260646919257e-01
