1.660004842053437812e+01
1.005654315360532713e+01
1.005654315360532713e+01
3.759332868927819149e+00
3.173210881872030154e+00
2.378025958515724181e+00
1.882166224460644521e+00
1.532225624390475494e+00
1.532225624390475494e+00
1.532225624390475494e+00
1.532225624390475494e+00
1.532225624390475494e+00
1.532225624390475494e+00
1.503003244495477508e+00
1.476489239473839588e+00
1.476489239473839588e+00
1.430982093294900004e+00
1.430982093294900004e+00
1.430982093294900004e+00
1.425162600460907036e+00
1.241626289232530489e+00
1.229345436743229714e+00
1.183707928957436595e+00
1.183707928957436595e+00
1.183707928957436595e+00
1.183707928957436595e+00
1.183707928957436595e+00
1.067575286852762373e+00
1.067575286852762373e+00
1.040332061311110889e+00
1.040332061311110889e+00
1.040332061311110889e+00
1.040332061311110889e+00
1.040332061311110889e+00
1.040332061311110889e+00
1.040332061311110889e+00
9.533475841664171835e-01
8.320101247267404077e-01
8.320101247267404077e-01
8.320101247267404077e-01
8.320101247267404077e-01
8.320101247267404077e-01
8.320101247267404077e-01
7.819682768637086223e-01
7.819682768637086223e-01
7.819682768637086223e-01
7.819682768637086223e-01
7.819682768637086223e-01
7.578290165113965582e-01
7.578290165113965582e-01
7.174275477980177618e-01
7.174275477980177618e-01
7.174275477980177618e-01
7.174275477980177618e-01
7.174275477980177618e-01
7.174275477980177618e-01
6.949824177412704529e-01
6.949824177412704529e-01
6.949824177412704529e-01
6.949824177412704529e-01
6.949824177412704529e-01
6.949824177412704529e-01
6.949824177412704529e-01
6.949824177412704529e-01
6.949824177412704529e-01
6.949824177412704529e-01
6.949824177412704529e-01
6.949824177412704529e-01
6.949824177412704529e-01
6.949824177412704529e-01
6.949824177412704529e-01
6.949824177412704529e-01
6.949824177412704529e-01
6.949824177412704529e-01
6.949824177412704529e-01
6.949824177412704529e-01
6.949824177412704529e-01
6.949824177412704529e-01
6.949824177412704529e-01
6.949824177412704529e-01
6.949824177412704529e-01
6.829911337955462125e-01
6.829911337955462125e-01
6.829911337955462125e-01
6.618932883804277134e-01
6.618932883804277134e-01
6.618932883804277134e-01
6.618932883804277134e-01
6.618932883804277134e-01
6.618932883804277134e-01
6.618932883804277134e-01
6.618932883804277134e-01
6.618932883804277134e-01
6.618932883804277134e-01
6.500459261288695778e-01
6.500459261288695778e-01
6.500459261288695778e-01
6.500459261288695778e-01
6.500459261288695778e-01
6.500459261288695778e-01
6.500459261288695778e-01
6.500459261288695778e-01
6.469183810440745086e-01
5.990248197925058804e-01
5.905920134042443870e-01
5.905920134042443870e-01
5.905920134042443870e-01
5.826163671897472973e-01
5.826163671897472973e-01
5.826163671897472973e-01
5.826163671897472973e-01
5.676940386095015167e-01
5.552348088903005241e-01
5.552348088903005241e-01
5.408015668392827102e-01
5.408015668392827102e-01
5.408015668392827102e-01
5.408015668392827102e-01
5.408015668392827102e-01
5.408015668392827102e-01
5.240240123966742880e-01
5.240240123966742880e-01
4.957274421658727781e-01
4.957274421658727781e-01
4.957274421658727781e-01
4.957274421658727781e-01
4.921709707957636071e-01
4.921709707957636071e-01
4.347908547617744812e-01
4.347908547617744812e-01
4.269856094848075712e-01
4.149756644048528953e-01
3.903270012640045472e-01
3.903270012640045472e-01
3.903270012640045472e-01
3.755204139968117971e-01
3.755204139968117971e-01
3.755204139968117971e-01
3.755204139968117971e-01
3.755204139968117971e-01
3.755204139968117971e-01
3.755204139968117971e-01
3.755204139968117971e-01
3.755204139968117971e-01
3.379750897465993997e-01
3.287234579865532247e-01
3.287234579865532247e-01
3.212439702689941501e-01
3.164778588827706352e-01
3.164778588827706352e-01
3.149520137763888727e-01
3.149520137763888727e-01
3.113142447540832580e-01
3.027488337583928990e-01
3.019737190677277971e-01
2.957212379746783637e-01
2.735976317484895004e-01
2.735976317484895004e-01
2.659577195191764609e-01
2.659577195191764609e-01
2.605559433677955838e-01
2.605559433677955838e-01
2.605559433677955838e-01
2.595944695954121029e-01
2.595944695954121029e-01
2.540813809805626544e-01
2.419318226642634129e-01
2.306528215468208187e-01
2.302995079580089921e-01
2.023647794279608558e-01
2.023647794279608558e-01
2.004975352647904718e-01
1.915850176125330484e-01
1.907260098437943141e-01
1.835605878275974601e-01
1.798640727660032745e-01
1.762583860818132675e-01
1.759255635012389740e-01
1.748154105988901363e-01
1.748154105988901363e-01
1.744558187980964348e-01
1.690010489539863492e-01
1.660288717944458647e-01
1.656690713850873520e-01
1.607890268626232244e-01
1.557034093787141305e-01
1.520689427597925192e-01
1.518251849610315340e-01
1.479730499537463551e-01
1.460307848720543145e-01
1.365220000632173802e-01
1.365220000632173802e-01
1.313153075237283862e-01
1.310765761726886414e-01
1.310672046448222161e-01
1.280933425687343363e-01
1.274872919692274231e-01
1.239497628626429204e-01
1.235809401348383491e-01
1.235809401348383491e-01
