4.526406476390206279e+01
3.307614362075538850e+01
1.717527891104289495e+01
1.578721104254041663e+01
8.131969667770560406e+00
7.846491959707707409e+00
6.683822598332946896e+00
5.791115153763183976e+00
4.193291968820045845e+00
2.801939802817217995e+00
2.801939802817217995e+00
2.608367082060631503e+00
2.099065333169473746e+00
2.099065333169473746e+00
2.090648022828787589e+00
2.090648022828787589e+00
1.888100227735620917e+00
1.888100227735620917e+00
1.559640892707640614e+00
1.559640892707640614e+00
1.531612251830077209e+00
1.531612251830077209e+00
1.531612251830077209e+00
1.482408062041888019e+00
1.435052240887384034e+00
1.208552351800314728e+00
1.129389360042295509e+00
1.129389360042295509e+00
1.129389360042295509e+00
1.052288108577512871e+00
1.052288108577512871e+00
1.052288108577512871e+00
1.052288108577512871e+00
1.032551931166927561e+00
1.032551931166927561e+00
1.032551931166927561e+00
1.032551931166927561e+00
1.032551931166927561e+00
1.032551931166927561e+00
1.032551931166927561e+00
1.019698297561997702e+00
1.019698297561997702e+00
1.019698297561997702e+00
1.019698297561997702e+00
9.825392682751608042e-01
9.825392682751608042e-01
9.825392682751608042e-01
9.825392682751608042e-01
9.825392682751608042e-01
9.825392682751608042e-01
9.825392682751608042e-01
9.825392682751608042e-01
9.825392682751608042e-01
9.825392682751608042e-01
9.825392682751608042e-01
9.825392682751608042e-01
9.825392682751608042e-01
9.825392682751608042e-01
9.825392682751608042e-01
9.825392682751608042e-01
9.825392682751608042e-01
9.825392682751608042e-01
9.825392682751608042e-01
9.825392682751608042e-01
9.825392682751608042e-01
9.758088850104176259e-01
9.758088850104176259e-01
9.758088850104176259e-01
9.245878985242785841e-01
9.245878985242785841e-01
9.245878985242785841e-01
9.245878985242785841e-01
9.245878985242785841e-01
9.245878985242785841e-01
9.245878985242785841e-01
9.245878985242785841e-01
9.245878985242785841e-01
9.245878985242785841e-01
9.245878985242785841e-01
9.245878985242785841e-01
9.245878985242785841e-01
9.245878985242785841e-01
9.245878985242785841e-01
9.245878985242785841e-01
9.245878985242785841e-01
9.118506217329938046e-01
9.118506217329938046e-01
9.118506217329938046e-01
9.118506217329938046e-01
9.118506217329938046e-01
9.118506217329938046e-01
9.118506217329938046e-01
9.118506217329938046e-01
9.118506217329938046e-01
9.118506217329938046e-01
9.104610553483394320e-01
9.104610553483394320e-01
9.009501570438132045e-01
9.006937799662790844e-01
9.006937799662790844e-01
9.006937799662790844e-01
8.879353435544246054e-01
8.879353435544246054e-01
8.846245979261817549e-01
8.846245979261817549e-01
8.846245979261817549e-01
8.846245979261817549e-01
8.846245979261817549e-01
8.846245979261817549e-01
8.846245979261817549e-01
8.846245979261817549e-01
8.802113643020790246e-01
8.802113643020790246e-01
8.802113643020790246e-01
8.802113643020790246e-01
8.802113643020790246e-01
8.802113643020790246e-01
8.802113643020790246e-01
8.762959647424960474e-01
8.734635165646984500e-01
8.734635165646984500e-01
8.593739952058310205e-01
8.593739952058310205e-01
8.593739952058310205e-01
8.593739952058310205e-01
8.593739952058310205e-01
8.593739952058310205e-01
8.578354302087539685e-01
8.578354302087539685e-01
8.578354302087539685e-01
8.578354302087539685e-01
8.578354302087539685e-01
8.564078577205673781e-01
8.550468313220807026e-01
8.548594299076113234e-01
8.545400422814919406e-01
8.545028666702234599e-01
8.545028666702234599e-01
8.544832988788222394e-01
8.544777709730810855e-01
8.544762735041893098e-01
8.544758612012239851e-01
8.544757057404412937e-01
8.544753725179605741e-01
8.544753725179605741e-01
8.496982619290285310e-01
8.496066028629734035e-01
8.494799600902740444e-01
8.492372126498937135e-01
8.491848171676092960e-01
8.491724797026710680e-01
8.491710883781766750e-01
8.491694068582320565e-01
8.469413918255094265e-01
8.460180120851527041e-01
8.389903890023937549e-01
8.389903890023937549e-01
8.389903890023937549e-01
8.387314302084755147e-01
8.387108854415263881e-01
8.387108854415263881e-01
8.386340556391971290e-01
8.386236046187351967e-01
8.386217842915244525e-01
8.384486328605005312e-01
8.384486328605005312e-01
8.384486328605005312e-01
8.384486328605005312e-01
8.384486328605005312e-01
8.384486328605005312e-01
8.384486328605005312e-01
8.384486328605005312e-01
8.384486328605005312e-01
8.384486328605005312e-01
8.384486328605005312e-01
8.384486328605005312e-01
8.384486328605005312e-01
8.380417155601462831e-01
8.380417155601462831e-01
8.380417155601462831e-01
8.373333627376944310e-01
8.372761289026819931e-01
8.372761289026819931e-01
8.372761289026819931e-01
8.371896695924929688e-01
8.324628022326523435e-01
8.315695376398660743e-01
8.309683832680998528e-01
8.309683832680998528e-01
8.299692526529973691e-01
8.298357080531160168e-01
8.298288819685069040e-01
8.298280619165643301e-01
8.298280619165643301e-01
8.298280619165643301e-01
8.294297335459959175e-01
8.240168384115776901e-01
8.240168384115776901e-01
8.240168384115776901e-01
8.239730764659634055e-01
