1.236184821780051557e+01
1.012680304891049587e+01
1.012680304891049587e+01
4.451186050127775573e+00
1.441281616650311070e+00
1.441281616650311070e+00
1.441281616650311070e+00
1.441281616650311070e+00
9.304776566771292279e-01
9.304776566771292279e-01
9.304776566771292279e-01
8.984097242534729855e-01
3.563188723558606275e-01
3.563188723558606275e-01
1.801814230931331751e-01
1.801814230931331751e-01
1.801814230931331751e-01
1.801814230931331751e-01
1.801814230931331751e-01
1.507111641788797807e-01
1.507111641788797807e-01
1.507111641788797807e-01
1.507111641788797807e-01
1.507111641788797807e-01
1.507111641788797807e-01
1.507111641788797807e-01
1.507111641788797807e-01
1.507111641788797807e-01
1.468531426469738554e-01
1.468531426469738554e-01
1.468531426469738554e-01
1.468531426469738554e-01
1.468531426469738554e-01
1.468531426469738554e-01
1.468531426469738554e-01
1.468531426469738554e-01
1.396686247191168406e-01
1.396686247191168406e-01
1.396686247191168406e-01
1.396686247191168406e-01
1.396686247191168406e-01
1.396686247191168406e-01
1.396686247191168406e-01
1.390080283469840583e-01
9.631128875221371677e-02
8.072316798445561270e-02
8.072316798445561270e-02
8.023633443373617835e-02
8.023633443373617835e-02
8.023633443373617835e-02
8.023633443373617835e-02
8.023633443373617835e-02
8.023633443373617835e-02
8.023633443373617835e-02
8.023633443373617835e-02
8.023633443373617835e-02
8.023633443373617835e-02
8.023633443373617835e-02
8.023633443373617835e-02
8.023633443373617835e-02
8.023633443373617835e-02
8.023633443373617835e-02
8.023633443373617835e-02
8.023633443373617835e-02
8.023633443373617835e-02
6.823978721296816707e-02
6.823978721296816707e-02
6.823978721296816707e-02
5.877581132609265013e-02
5.877581132609265013e-02
5.877581132609265013e-02
5.877581132609265013e-02
5.877581132609265013e-02
5.877581132609265013e-02
5.877581132609265013e-02
5.877581132609265013e-02
5.877581132609265013e-02
5.877581132609265013e-02
5.877581132609265013e-02
5.877581132609265013e-02
5.877581132609265013e-02
5.877581132609265013e-02
5.877581132609265013e-02
5.877581132609265013e-02
5.877581132609265013e-02
5.877581132609265013e-02
5.877581132609265013e-02
5.877581132609265013e-02
5.877581132609265013e-02
5.877581132609265013e-02
5.877581132609265013e-02
5.877581132609265013e-02
5.877581132609265013e-02
5.877581132609265013e-02
5.877581132609265013e-02
5.877581132609265013e-02
5.877581132609265013e-02
5.877581132609265013e-02
5.157576172116976054e-02
5.157576172116976054e-02
5.157576172116976054e-02
5.157576172116976054e-02
5.157576172116976054e-02
5.157576172116976054e-02
5.157576172116976054e-02
5.157576172116976054e-02
5.157576172116976054e-02
5.157576172116976054e-02
5.157576172116976054e-02
5.157576172116976054e-02
5.157576172116976054e-02
5.157576172116976054e-02
5.157576172116976054e-02
5.157576172116976054e-02
5.157576172116976054e-02
5.157576172116976054e-02
5.157576172116976054e-02
5.157576172116976054e-02
5.157576172116976054e-02
5.157576172116976054e-02
5.157576172116976054e-02
5.157576172116976054e-02
5.157576172116976054e-02
5.157576172116976054e-02
5.127678203329710110e-02
5.127678203329710110e-02
5.127678203329710110e-02
5.127678203329710110e-02
5.111722594540502040e-02
4.773950836306729839e-02
4.773950836306729839e-02
4.773950836306729839e-02
4.773950836306729839e-02
4.773950836306729839e-02
4.773950836306729839e-02
4.773950836306729839e-02
4.773950836306729839e-02
4.773950836306729839e-02
4.773950836306729839e-02
4.730667078936331982e-02
4.716487772976992593e-02
4.712560539393769593e-02
4.711425449383348923e-02
4.711094135829647922e-02
4.711008126540666002e-02
4.710981407078637662e-02
4.710970947248267759e-02
4.710965725362455808e-02
4.710964940856457450e-02
4.710964103445421797e-02
4.710964103445421797e-02
4.710963425988592967e-02
4.710963425988592967e-02
4.710963425988592967e-02
4.710963425988592967e-02
4.710963425988592967e-02
4.710963425988592967e-02
4.710962779729373912e-02
4.710962779729373912e-02
4.710962779729373912e-02
4.710962779729373912e-02
4.710962779729373912e-02
4.710962779729373912e-02
4.710962779729373912e-02
4.710962779729373912e-02
4.710962779729373912e-02
4.710962779729373912e-02
4.710962779729373912e-02
4.710962779729373912e-02
4.710962632377087289e-02
4.710962632377087289e-02
4.710962632377087289e-02
4.710962272187363409e-02
4.710962272187363409e-02
4.710962272187363409e-02
4.688480408695345353e-02
4.688480408695345353e-02
4.674383545800000345e-02
4.671197628376867056e-02
4.670872547746414416e-02
4.670838399209324004e-02
4.632358246220864839e-02
4.629376626818234447e-02
4.629355836349029890e-02
4.629354375355515527e-02
4.629354375355515527e-02
4.629354375355515527e-02
4.625033827957691218e-02
4.617883635535995762e-02
4.617282450694399493e-02
4.617232018753281153e-02
4.617232018753281153e-02
4.617232018753281153e-02
4.617067629424435188e-02
4.616895028410061830e-02
4.616878117688992533e-02
4.597577318590946593e-02
4.597577318590946593e-02
4.581134157285444292e-02
4.579714797706743029e-02
