3.424081068237941849e+01
1.202968330812620668e+00
1.202968330812620668e+00
1.091553750623218466e+00
9.973938141290539239e-01
9.973938141290539239e-01
9.188537197764992115e-01
9.188537197764992115e-01
8.136421159810814929e-01
8.050231524787883064e-01
6.897028813451767659e-01
5.968659022543767456e-01
5.968659022543767456e-01
3.600985467532176187e-01
3.600985467532176187e-01
3.600985467532176187e-01
3.600985467532176187e-01
3.600985467532176187e-01
3.600985467532176187e-01
3.600985467532176187e-01
3.001423169365461385e-01
3.001423169365461385e-01
3.001423169365461385e-01
3.001423169365461385e-01
3.001423169365461385e-01
3.001423169365461385e-01
3.001423169365461385e-01
3.001423169365461385e-01
2.652107337969309420e-01
2.652107337969309420e-01
2.652107337969309420e-01
2.652107337969309420e-01
2.233355503011875687e-01
2.233355503011875687e-01
2.233355503011875687e-01
2.233355503011875687e-01
2.233355503011875687e-01
2.233355503011875687e-01
2.233355503011875687e-01
2.233355503011875687e-01
2.233355503011875687e-01
2.233355503011875687e-01
2.233355503011875687e-01
2.233355503011875687e-01
2.233355503011875687e-01
2.233355503011875687e-01
1.337392308816698072e-01
1.337392308816698072e-01
1.337392308816698072e-01
1.337392308816698072e-01
1.337392308816698072e-01
1.337392308816698072e-01
1.337392308816698072e-01
1.337392308816698072e-01
1.337392308816698072e-01
1.337392308816698072e-01
1.337392308816698072e-01
1.337392308816698072e-01
1.337392308816698072e-01
1.337392308816698072e-01
1.337392308816698072e-01
1.337392308816698072e-01
1.337392308816698072e-01
1.337392308816698072e-01
1.337392308816698072e-01
1.337392308816698072e-01
1.337392308816698072e-01
1.337392308816698072e-01
1.337392308816698072e-01
1.337392308816698072e-01
1.337392308816698072e-01
1.337392308816698072e-01
1.337392308816698072e-01
1.337392308816698072e-01
1.337392308816698072e-01
1.337392308816698072e-01
1.337392308816698072e-01
1.337392308816698072e-01
1.337392308816698072e-01
1.337392308816698072e-01
1.337392308816698072e-01
1.337392308816698072e-01
1.337392308816698072e-01
1.337392308816698072e-01
1.182548855833764623e-01
1.182548855833764623e-01
1.182548855833764623e-01
1.182548855833764623e-01
1.182548855833764623e-01
1.182548855833764623e-01
1.182548855833764623e-01
1.182548855833764623e-01
1.182548855833764623e-01
1.182548855833764623e-01
1.182548855833764623e-01
1.182548855833764623e-01
1.182548855833764623e-01
1.182548855833764623e-01
1.182548855833764623e-01
1.182548855833764623e-01
1.182548855833764623e-01
1.182548855833764623e-01
1.182548855833764623e-01
1.182548855833764623e-01
1.182548855833764623e-01
1.182548855833764623e-01
1.182548855833764623e-01
1.069930616960527853e-01
1.069930616960527853e-01
1.069930616960527853e-01
1.069930616960527853e-01
1.069930616960527853e-01
1.069930616960527853e-01
1.069930616960527853e-01
1.069930616960527853e-01
1.069930616960527853e-01
1.069930616960527853e-01
1.010230092900777088e-01
1.003363431041592174e-01
9.528675282990882456e-02
9.528675282990882456e-02
9.528675282990882456e-02
9.162153221286656324e-02
9.162153221286656324e-02
7.378961573237621807e-02
7.378961573237621807e-02
7.378961573237621807e-02
7.378961573237621807e-02
7.378961573237621807e-02
7.378961573237621807e-02
7.378961573237621807e-02
7.378961573237621807e-02
7.378961573237621807e-02
7.343417093487795977e-02
7.343417093487795977e-02
7.343417093487795977e-02
7.343417093487795977e-02
7.343417093487795977e-02
7.343417093487795977e-02
7.343417093487795977e-02
7.343417093487795977e-02
7.343417093487795977e-02
7.343417093487795977e-02
7.343417093487795977e-02
7.246394167530514907e-02
7.246394167530514907e-02
7.246394167530514907e-02
7.246394167530514907e-02
7.246394167530514907e-02
7.246394167530514907e-02
7.246394167530514907e-02
7.246394167530514907e-02
6.326748637243519158e-02
6.326748637243519158e-02
6.326748637243519158e-02
6.326748637243519158e-02
6.326748637243519158e-02
6.326748637243519158e-02
6.326748637243519158e-02
6.326748637243519158e-02
6.326748637243519158e-02
5.938887499527492619e-02
5.938887499527492619e-02
5.938887499527492619e-02
5.938887499527492619e-02
5.938887499527492619e-02
5.938887499527492619e-02
5.938887499527492619e-02
5.938887499527492619e-02
5.938887499527492619e-02
5.938887499527492619e-02
5.938887499527492619e-02
5.938887499527492619e-02
5.938887499527492619e-02
5.596827831402781395e-02
5.596827831402781395e-02
5.596827831402781395e-02
5.164217750550949976e-02
5.164217750550949976e-02
5.164217750550949976e-02
5.164217750550949976e-02
4.975394362693980055e-02
4.961830468736935784e-02
4.960417751163760658e-02
4.960299141967085268e-02
4.960282449187932569e-02
4.960282449187932569e-02
4.960282449187932569e-02
4.960282449187932569e-02
4.960282449187932569e-02
4.960282449187932569e-02
4.960282449187932569e-02
4.960282449187932569e-02
4.960282449187932569e-02
4.960276486005310570e-02
4.880920891197856881e-02
4.880920891197856881e-02
4.880920891197856881e-02
4.880920891197856881e-02
4.880920891197856881e-02
