1.053543656018796071e+01
1.053543656018796071e+01
1.053543656018796071e+01
1.053543656018796071e+01
6.095051001839927096e+00
5.464866433853839744e+00
4.833598079382992907e+00
3.399510766859535682e+00
1.455801566731653729e+00
1.455801566731653729e+00
1.342278491254117245e+00
7.069826789711582959e-01
6.802623915960430701e-01
6.802623915960430701e-01
6.802623915960430701e-01
6.802623915960430701e-01
6.523625434289230807e-01
6.523625434289230807e-01
6.523625434289230807e-01
6.523625434289230807e-01
5.283962454809582043e-01
5.283962454809582043e-01
5.283962454809582043e-01
5.283962454809582043e-01
5.283962454809582043e-01
5.283962454809582043e-01
4.733626175431341343e-01
4.643644164419811760e-01
3.153610268045181075e-01
3.153610268045181075e-01
2.657103586538037687e-01
2.657103586538037687e-01
2.657103586538037687e-01
2.657103586538037687e-01
2.657103586538037687e-01
2.657103586538037687e-01
2.657103586538037687e-01
2.657103586538037687e-01
2.657103586538037687e-01
2.207268832466715569e-01
2.207268832466715569e-01
2.207268832466715569e-01
2.207268832466715569e-01
2.207268832466715569e-01
2.207268832466715569e-01
1.963817891291263218e-01
1.963817891291263218e-01
1.963817891291263218e-01
1.963817891291263218e-01
1.963817891291263218e-01
1.963817891291263218e-01
1.963817891291263218e-01
1.963817891291263218e-01
1.908224421040424779e-01
1.908224421040424779e-01
1.908224421040424779e-01
1.908224421040424779e-01
1.908224421040424779e-01
1.207360370974466107e-01
1.207360370974466107e-01
8.675806788579622231e-02
8.675806788579622231e-02
8.675806788579622231e-02
8.675806788579622231e-02
8.675806788579622231e-02
8.675806788579622231e-02
8.675806788579622231e-02
8.675806788579622231e-02
8.675806788579622231e-02
8.675806788579622231e-02
8.675806788579622231e-02
5.358762067099229198e-02
5.358762067099229198e-02
5.358762067099229198e-02
5.358762067099229198e-02
5.358762067099229198e-02
5.358762067099229198e-02
5.358762067099229198e-02
5.358762067099229198e-02
5.358762067099229198e-02
5.358762067099229198e-02
5.358762067099229198e-02
5.358762067099229198e-02
5.358762067099229198e-02
5.358762067099229198e-02
5.358762067099229198e-02
5.358762067099229198e-02
5.358762067099229198e-02
5.358762067099229198e-02
5.358762067099229198e-02
5.358762067099229198e-02
5.358762067099229198e-02
5.358762067099229198e-02
5.358762067099229198e-02
5.358762067099229198e-02
5.358762067099229198e-02
5.358762067099229198e-02
5.358762067099229198e-02
5.358762067099229198e-02
5.358762067099229198e-02
5.358762067099229198e-02
5.358762067099229198e-02
5.358762067099229198e-02
5.152390747489384026e-02
5.152390747489384026e-02
5.152390747489384026e-02
5.152390747489384026e-02
5.152390747489384026e-02
5.114243528512037867e-02
5.114243528512037867e-02
5.114243528512037867e-02
5.114243528512037867e-02
5.114243528512037867e-02
5.114243528512037867e-02
5.114243528512037867e-02
5.114243528512037867e-02
5.114243528512037867e-02
5.114243528512037867e-02
5.114243528512037867e-02
5.114243528512037867e-02
5.114243528512037867e-02
5.114243528512037867e-02
5.114243528512037867e-02
5.114243528512037867e-02
5.114243528512037867e-02
5.114243528512037867e-02
5.114243528512037867e-02
5.114243528512037867e-02
5.114243528512037867e-02
5.114243528512037867e-02
5.114243528512037867e-02
4.958701791742167048e-02
4.958701791742167048e-02
4.939736741408346649e-02
4.939736741408346649e-02
4.922245290992937478e-02
4.905024575675735049e-02
4.905024575675735049e-02
4.905024575675735049e-02
4.905024575675735049e-02
4.784896635785899216e-02
4.784896635785899216e-02
4.784896635785899216e-02
4.784896635785899216e-02
4.784896635785899216e-02
4.784896635785899216e-02
4.784896635785899216e-02
4.784896635785899216e-02
4.784896635785899216e-02
4.440440347998131365e-02
4.254075383000345545e-02
4.238083421276385432e-02
4.236920784064873713e-02
4.236811276511855823e-02
4.236803183022091329e-02
4.236797669251405468e-02
4.236797669251405468e-02
4.236797669251405468e-02
4.236794891402538565e-02
4.236786992146237413e-02
4.236786992146237413e-02
4.236786992146237413e-02
4.236786992146237413e-02
4.236786009219937338e-02
4.236786009219937338e-02
4.236786009219937338e-02
4.236786009219937338e-02
4.236786009219937338e-02
4.236786009219937338e-02
4.236786009219937338e-02
4.236786009219937338e-02
4.236786009219937338e-02
4.236785556312346046e-02
4.226185969421621808e-02
4.214486762303192718e-02
4.213257657344209733e-02
4.213109970987920228e-02
4.213098758144069589e-02
4.213091743551142937e-02
4.213090813932932055e-02
4.213090519198601364e-02
4.213089615093264240e-02
4.213089615093264240e-02
4.209715137690935721e-02
4.209715137690935721e-02
4.209715137690935721e-02
4.209715137690935721e-02
4.117212712934233826e-02
4.117212712934233826e-02
4.117212712934233826e-02
4.117212712934233826e-02
4.117212712934233826e-02
4.117212712934233826e-02
4.117212712934233826e-02
4.117212712934233826e-02
4.117212712934233826e-02
4.117212712934233826e-02
4.117212712934233826e-02
4.117212712934233826e-02
4.117212712934233826e-02
