1.063604460447436040e+01
6.498776934031530672e+00
1.774460509391414309e+00
1.774460509391414309e+00
1.774460509391414309e+00
1.774460509391414309e+00
1.417277595626437403e+00
1.417277595626437403e+00
1.417277595626437403e+00
1.254254923912018871e+00
9.302826240060187990e-01
9.302826240060187990e-01
9.302826240060187990e-01
9.302826240060187990e-01
9.302826240060187990e-01
6.266743368637531786e-01
6.266743368637531786e-01
6.266743368637531786e-01
6.266743368637531786e-01
6.266743368637531786e-01
6.266743368637531786e-01
6.266743368637531786e-01
6.266743368637531786e-01
5.780216199715231262e-01
5.780216199715231262e-01
5.780216199715231262e-01
5.780216199715231262e-01
5.740254832312787769e-01
5.740254832312787769e-01
4.437017664390043303e-01
4.093384431547425484e-01
3.991488250058608522e-01
3.991488250058608522e-01
3.991488250058608522e-01
3.991488250058608522e-01
3.991488250058608522e-01
3.991488250058608522e-01
3.314449197156574267e-01
3.128134494460937942e-01
3.128134494460937942e-01
3.128134494460937942e-01
3.128134494460937942e-01
3.128134494460937942e-01
2.935089892266109501e-01
2.935089892266109501e-01
2.935089892266109501e-01
2.935089892266109501e-01
2.935089892266109501e-01
2.935089892266109501e-01
2.775356942288066397e-01
2.775356942288066397e-01
2.775356942288066397e-01
2.775356942288066397e-01
2.775356942288066397e-01
2.775356942288066397e-01
2.775356942288066397e-01
2.775356942288066397e-01
2.775356942288066397e-01
2.775356942288066397e-01
2.775356942288066397e-01
2.775356942288066397e-01
2.775356942288066397e-01
2.173903152716865073e-01
2.173903152716865073e-01
1.894522133839497968e-01
1.894522133839497968e-01
1.640651547155055900e-01
1.640651547155055900e-01
1.640651547155055900e-01
1.640651547155055900e-01
1.640651547155055900e-01
1.640651547155055900e-01
1.640651547155055900e-01
1.640651547155055900e-01
1.640651547155055900e-01
1.640651547155055900e-01
1.640651547155055900e-01
1.640651547155055900e-01
1.640651547155055900e-01
1.640651547155055900e-01
1.640651547155055900e-01
1.640651547155055900e-01
1.640651547155055900e-01
1.640651547155055900e-01
1.640651547155055900e-01
1.640651547155055900e-01
1.640651547155055900e-01
1.590270438143470411e-01
1.590270438143470411e-01
1.590270438143470411e-01
1.288361562826674800e-01
1.270619846981910495e-01
1.270619846981910495e-01
1.270619846981910495e-01
1.270619846981910495e-01
1.270619846981910495e-01
1.270619846981910495e-01
1.270619846981910495e-01
1.270619846981910495e-01
1.180579246879074062e-01
1.180579246879074062e-01
1.180579246879074062e-01
1.180579246879074062e-01
1.180579246879074062e-01
1.180579246879074062e-01
1.180579246879074062e-01
1.180579246879074062e-01
1.180579246879074062e-01
1.180579246879074062e-01
1.180579246879074062e-01
1.180579246879074062e-01
1.180579246879074062e-01
1.180579246879074062e-01
1.180579246879074062e-01
1.180579246879074062e-01
1.168508811294242389e-01
1.168508811294242389e-01
1.168508811294242389e-01
1.157099216780632656e-01
1.134941908586493131e-01
1.129977260445596127e-01
1.128168409518089527e-01
1.127470515958554353e-01
1.080370632326383001e-01
1.032822349871362066e-01
1.032822349871362066e-01
1.032822349871362066e-01
1.032822349871362066e-01
1.032822349871362066e-01
1.032822349871362066e-01
1.032822349871362066e-01
1.032822349871362066e-01
1.032822349871362066e-01
1.032822349871362066e-01
9.774124165440228884e-02
9.774124165440228884e-02
9.774124165440228884e-02
9.774124165440228884e-02
9.367448621725912861e-02
9.367448621725912861e-02
9.367448621725912861e-02
9.367448621725912861e-02
9.367448621725912861e-02
9.367448621725912861e-02
9.367448621725912861e-02
9.367448621725912861e-02
9.367448621725912861e-02
9.367448621725912861e-02
9.367448621725912861e-02
9.367448621725912861e-02
9.367448621725912861e-02
9.367448621725912861e-02
9.367448621725912861e-02
9.279029814924433239e-02
9.238582508319856390e-02
9.238582508319856390e-02
9.238582508319856390e-02
9.231105703964291587e-02
9.231105703964291587e-02
9.231105703964291587e-02
9.231105703964291587e-02
9.230658003199034012e-02
9.230658003199034012e-02
8.682849789863161805e-02
8.682849789863161805e-02
8.682849789863161805e-02
8.682849789863161805e-02
8.682849789863161805e-02
8.682849789863161805e-02
8.640001380275975917e-02
8.628928698498689043e-02
8.607577105588080923e-02
8.607577105588080923e-02
8.593442625753515418e-02
8.591148656277064477e-02
8.590979204225407395e-02
8.590927405269876971e-02
8.590883581558342308e-02
8.590883581558342308e-02
8.590883581558342308e-02
8.590883581558342308e-02
8.590883581558342308e-02
8.590883581558342308e-02
8.590883581558342308e-02
8.590883581558342308e-02
8.590883581558342308e-02
8.521057660194295003e-02
8.495043124578779969e-02
8.495043124578779969e-02
8.448231910873545136e-02
8.448231910873545136e-02
8.210224438471190600e-02
8.188374831340661242e-02
8.187969541753649383e-02
8.187822143989684220e-02
8.187822143989684220e-02
8.187822143989684220e-02
8.187803117286085453e-02
8.187803117286085453e-02
8.187733430020065206e-02
