-7.794901517786146705e+00
-2.800928356240972583e+00
-4.719518157673550540e+00
-6.409719510890047545e+00
-1.074857513198114400e+00
9.129907276465688559e-01
-4.077869639112427613e+00
-2.710266496802523850e+00
-8.313949028101191852e-01
-6.755879298288945733e+00
-4.568728974863306647e+00
-8.000000000000000000e+00
-5.000000000000000000e+00
0.000000000000000000e+00
-3.993577408249219030e+00
-1.549090389045385319e+00
-3.890496439596645928e+00
-5.182173277868445282e+00
-4.986461391149425992e+00
2.000000000000000000e+00
-7.169425714321167931e+00
-4.840720196094960848e+00
-6.301029995663981254e+00
-3.485215201067599189e+00
1.428556186268542527e-01
-4.559850055862436413e+00
-5.000000000000000000e+00
-4.980556727840785847e+00
-3.645674435426551785e+00
-5.989659167994228817e+00
-3.791796189145736573e+00
-9.556592977533344690e-01
-7.638225771414135501e+00
-5.000000000000000000e+00
7.813811335818781068e-01
-5.410791249915446244e+00
-4.000000000000000000e+00
5.500813424387210882e-01
-4.993195545074405217e+00
-3.873203988363539185e+00
9.958509153806485159e-01
-9.522878745280337398e+00
-2.882621755742588388e+00
-7.128198013143105527e-01
2.409607701922687473e-01
-4.955853105782495049e+00
-6.529887482752624983e+00
-2.241408099933312581e+00
-7.741116308827862280e-01
-5.510205959293827505e+00
-3.142968773190005560e+00
-6.611436638115308906e-01
-8.954230724077497428e+00
-3.816992187676085280e+00
-4.290109334119142082e-01
-8.053951553246584183e+00
-1.032942594164243610e+00
-1.376962101840893293e+00
-6.072908892757105548e+00
-2.986719381834889386e+00
-1.284970020470749930e+00
-5.690740052740505206e+00
-1.408290494746970767e+00
-4.053300182429883769e+00
7.918124604762488694e-02
-4.870238165995650625e+00
-3.879110397351834827e+00
-4.000133265161906593e+00
-1.398281952314095467e+00
-7.864218619459706794e+00
-2.429930006481616278e+00
-4.000000000000000000e+00
-3.301029995663981254e+00
-6.088921019478726215e+00
-2.874791201212829606e+00
-5.218361368960385605e+00
-7.601881504392344890e-01
-7.508499995240457636e+00
-2.702810513649207103e+00
-7.239264873678975754e+00
-2.477911206293407886e+00
-3.182779252687927940e+00
-1.000000000000000000e+00
-1.690196149515636570e+00
-4.693490044578682685e+00
-5.690196149515636570e+00
-4.969566799139848001e+00
-4.588180449374457126e+00
-5.000000000000000000e+00
-1.690196149515636570e+00
-1.000000000000000000e+00
-3.562889082610578129e+00
-1.954852422665812606e+00
-2.556032961880873255e+00
-3.468382134083196178e+00
1.929834730584976343e+00
-3.618249036225273940e+00
-3.159093395436102014e+00
1.695156165359060330e+00
-6.544068022635552317e+00
-2.966441412075514261e+00
2.994081829017899654e+00
-4.334248967115328810e+00
-1.880646347256752060e+00
1.480398572876558960e+00
