-5.102029106224128974e+00
-2.906040981926161670e+00
-4.809397919328177728e+00
-5.392947866849330474e+00
-5.000000000000000000e+00
-1.999720408974680508e+00
-5.507441139084922277e+00
-4.839631549265808630e+00
-4.206715345705105413e-01
-8.000000000000000000e+00
-3.577390604522705075e+00
-4.000000000000000000e+00
-2.871062865255867180e+00
0.000000000000000000e+00
-2.980237309653930744e+00
-8.567706914842796451e-01
-7.987061745402544754e-04
-5.030505023128111652e+00
-2.677620130743227467e+00
4.667824786565417661e-01
-7.277201334501290475e+00
-5.000000000000000000e+00
-1.030102999566398125e+01
-4.866608362894864648e+00
-5.334443523268692644e-01
-7.667658924941295417e+00
-3.167522527715540992e+00
-5.585892333733569970e+00
-2.879697672029148059e+00
-6.788617108385419208e+00
-4.202383173365506153e+00
-1.104024339611203054e+00
-7.343030905783638040e+00
-5.000000000000000000e+00
-6.130089760141510524e-01
-4.159685277421815819e+00
-2.882095330675063405e+00
-1.311894950091318790e-01
-4.912117578855207611e+00
-3.028236988347440040e+00
-2.000000000000000000e+00
-8.362753851248307058e+00
-2.155051368907725973e+00
1.184360779496729466e+00
1.000000000000000000e+00
-4.013374706946283510e+00
-5.837046557774417721e+00
-2.012250808189476992e+00
2.000000000000000000e+00
-5.780806341137100901e+00
-1.002724536221136997e+00
5.902849053363949938e-01
-6.246689112433612578e+00
-2.650818172430812858e+00
-3.965723572536994368e-01
-9.000000000000000000e+00
-1.000000000000000000e+00
-2.000000000000000000e+00
-8.596935001721382363e+00
-2.364742428846910549e+00
9.658874772614609583e-01
-4.000000000000000000e+00
4.731432722819519654e-01
-4.000000000000000000e+00
-3.603874905903645676e+00
-6.221684053994041008e+00
-4.000000000000000000e+00
-4.041348817433878082e+00
-4.000000000000000000e+00
-5.421172703447535213e+00
-2.095098318598364262e+00
-7.970153004463409019e+00
-1.840086697120729253e+00
-4.000000000000000000e+00
-4.000000000000000000e+00
-5.566552402546102840e+00
-4.677293577488650378e-01
-4.940976325432475669e+00
-2.068313780286541448e+00
-7.360959253549565595e+00
2.754111561414910314e-01
-2.641121414957482205e+00
-1.000000000000000000e+00
-5.690196149515636570e+00
-5.000000000000000000e+00
-5.690196149515636570e+00
-1.045278833369860827e+00
-5.154937135792915903e+00
-4.488083265115377252e+00
-5.690196149515636570e+00
-1.800770368900248553e+00
-3.133200393032136599e+00
-3.068457835631523523e+00
-2.544068022635552317e+00
-1.020433243575030735e+00
-1.000000000000000000e+00
-3.488701609336044562e+00
-3.846055644672668361e+00
-9.769748316420613365e-01
-3.329446514961657222e+00
-2.503280303481028035e+00
1.374246197185819751e+00
-5.370340111475283784e+00
-1.000000000000000000e+00
-5.719642565350828711e-01
