-4.397940008672037493e+00
-1.000000000000000000e+00
-6.108652624569196554e+00
-5.828744628798546046e+00
-4.957307149726171147e+00
-1.590805797063121751e+00
-5.656353064123952556e+00
-5.000000000000000000e+00
-1.298081596011400884e-01
-7.779095064322046227e+00
-2.826500396438897500e+00
-5.422276006361885337e+00
-1.820394897622887198e+00
-1.557571983707555452e+00
-4.000000000000000000e+00
-1.313186357941515947e+00
-3.159814221875981488e+00
-7.725865964139751796e+00
-1.123727910081632420e+00
-1.643975830421742890e+00
-6.717129970478483258e+00
-1.989599086209597134e+00
-6.321650275938494268e+00
-4.062794962713439872e+00
-1.924312654238607090e+00
-4.638086048781731030e+00
-2.022668690539309200e+00
-4.366436067792806242e+00
-4.785954351612672575e+00
-8.024677374589186840e+00
-4.541792467401855937e+00
-6.491103467348011691e-01
-6.706489830469467783e+00
-1.835149559208993475e+00
-2.116742009877005781e+00
-4.546956698974854660e+00
-2.314033078888215744e+00
4.636143570685651305e-01
-5.818012875581149324e+00
-3.814681899148822275e+00
7.365106938099658107e-01
-6.885957709632884338e+00
-3.251405804011483713e+00
-1.518639223896328661e-01
-8.173837114072690646e-01
-3.016672004186343958e+00
-6.567750670654680434e+00
-3.742904745996926241e+00
7.766137031870542495e-01
-7.068782821488883705e+00
-2.897329770960197948e+00
-8.551426063244330633e-01
-7.063315981753604866e+00
-4.797964009896992899e+00
-3.126925855580429126e-01
-7.249156501202092429e+00
-1.768654139983165230e+00
-9.982957511924588356e-01
-7.078097067496399220e+00
-2.578117654684007221e+00
3.867502250378450079e-01
-4.000000000000000000e+00
-2.936887227605988748e+00
-5.858581383199938486e+00
-1.287791779491458399e+00
-6.108624808212635315e+00
0.000000000000000000e+00
-5.710476771992519573e+00
-2.016537806651716114e+00
-4.642840820471271890e+00
0.000000000000000000e+00
-5.451326817594761565e+00
-3.065637267600457072e+00
-5.282587430618164603e+00
-2.109280203097183559e+00
-4.628988732060070888e+00
-3.011789874253298471e+00
-4.369942229004005974e+00
-3.573487988344140831e+00
-6.895492838375975708e+00
-3.721246399047171138e+00
-2.811547057385686443e+00
-3.049395698154474754e+00
-3.248157575403900488e+00
-4.337180878159139219e+00
-3.593683647177335239e+00
-2.704243440563786294e+00
-1.852270992470680833e+00
-2.756915049897350922e+00
-2.302521351784232451e+00
-2.496289876348408932e+00
-2.222846127490279322e+00
-2.554478807865678380e+00
-4.114291288729353901e+00
-2.536430162508090280e+00
4.674296938754943925e-02
-3.260407131777861789e+00
-2.021608845738749771e+00
3.000000000000000000e+00
-2.960008772305558367e+00
-2.761410480356620845e+00
1.302246949149937771e+00
-4.494535392010145181e+00
-1.038840442908911976e+00
-1.000000000000000000e+00
