-6.964467659948709866e+00
-4.978856111227477399e+00
-7.000000000000000000e+00
-4.001548453529749416e+00
-2.171268881202701451e+00
5.202298170979434699e-01
-4.000000000000000000e+00
-2.031148406359995828e+00
-1.946411066990816341e+00
-5.642823489827820005e+00
-2.098211189760289308e+00
-5.994330317811761510e+00
-2.312567616278498051e+00
0.000000000000000000e+00
-2.498156602439491891e+00
-1.122992451017829962e+00
-4.000000000000000000e+00
-8.301029995663981254e+00
-3.789835393648929962e+00
4.134133869238748593e-01
-9.247681911635060814e+00
-1.458800669168920372e+00
-7.293781143759648700e+00
-4.012382213814540854e+00
-2.000000000000000000e+00
-5.644425068141728730e+00
-2.467519188518788820e+00
-4.591754147819999687e+00
-2.874456103387026840e+00
-7.261602064941683032e+00
-3.448969351151535356e+00
1.472275639658885638e+00
-6.468383210634796932e+00
-1.000000000000000000e+00
-3.000000000000000000e+00
-4.203662311153649078e+00
-4.000000000000000000e+00
1.423470252139681369e+00
-5.977863560310866298e+00
-4.964522570162569259e+00
1.205791906819478232e+00
-6.835808248943330945e+00
-2.431026803353617982e+00
2.000000000000000000e+00
4.922633560997029950e-02
-4.282033645677374878e+00
-6.044526802811476252e+00
-4.948005020697250345e+00
8.328794780373115492e-01
-8.130029520549424404e+00
-2.011574316224393755e+00
-2.000000000000000000e+00
-9.000000000000000000e+00
-2.643059241112557078e+00
1.303572083898701273e+00
-5.000000000000000000e+00
-4.994269638921825738e+00
-2.000000000000000000e+00
-8.969519901372022375e+00
-4.525870476513401464e+00
6.423441867065317334e-02
-4.931838683198146001e+00
1.678468447494205207e-01
-4.393011151395723068e+00
-2.143499124062521854e+00
-8.000000000000000000e+00
-1.867088676881347942e+00
-5.912902782320221817e+00
-2.597840171513057239e+00
-5.683794799623584026e+00
-3.962690470690470423e+00
-5.694289607032960276e+00
-3.301029995663981254e+00
-5.546838057841874559e+00
-1.600522919718337045e+00
-6.331442168528883307e+00
4.139268515822491779e-02
-6.565203182901125700e+00
-2.334278678413044705e+00
-7.506622639770115235e+00
-3.721246399047171138e+00
-4.810902563254216169e+00
-3.297548930376821286e+00
-4.932566850066683273e+00
-5.000000000000000000e+00
-4.988498607982072564e+00
-2.091993218764981233e+00
-2.855863159588448053e+00
-1.696796512831915127e+00
-5.690196149515636570e+00
-3.524130713131474746e+00
-5.690196149515636570e+00
-3.876471637557706629e+00
-4.998928139058968156e+00
-1.000000000000000000e+00
4.377845448349764745e-01
-2.625931895951376660e+00
-4.823999218253493204e+00
-3.660661608512242315e-01
-3.244886995773648586e+00
-2.541212307297717299e+00
-1.000000000000000000e+00
-6.544068022635552317e+00
-2.270033603772494857e+00
3.000000000000000000e+00
