-8.397940008672037493e+00
-2.507250100847524532e+00
-4.314541290395805362e+00
-8.000000000000000000e+00
-5.000000000000000000e+00
1.720259009847734832e+00
-7.476012190714860672e+00
-5.000000000000000000e+00
3.804789684531588723e-01
-6.186131042500295329e+00
-3.154223967329823353e+00
-7.777710865159971121e+00
-3.185445681298138432e+00
0.000000000000000000e+00
-2.820999031986095140e+00
-3.912400802496461605e+00
-1.582323426149994550e+00
-6.592865278181683664e+00
-4.905428975181314932e+00
1.605942243741413922e-01
-5.965611213524869783e+00
-1.000000000000000000e+00
-7.912329485681860675e+00
-5.000000000000000000e+00
2.000000000000000000e+00
-6.038134751004959888e+00
-1.000000000000000000e+00
-7.118846503631090172e+00
-4.985316802811495585e+00
-8.554491763340298149e+00
-5.000000000000000000e+00
1.529543706805719383e-01
-7.698970004336018746e+00
-4.695373920505110377e+00
-1.658279673358459716e+00
-6.195577168014256841e+00
-1.247620728214239305e+00
1.308671400105052285e-01
-4.576382213905176854e+00
-5.000000000000000000e+00
7.123963916918772954e-01
-6.732350511305499552e+00
-3.687658601072620446e+00
-4.712722303008689551e-01
-1.240324163462447477e-01
-1.225328199204956059e+00
-5.000000000000000000e+00
-1.130300473040976694e+00
2.000000000000000000e+00
-7.413517009877770292e+00
-5.000000000000000000e+00
2.000000000000000000e+00
-5.298200597656609112e+00
-2.621866608336532956e+00
1.153928518260525671e+00
-8.151289893325923686e+00
-5.000000000000000000e+00
2.000000000000000000e+00
-8.417983612112726277e+00
-1.653630004844034662e+00
2.000000000000000000e+00
-4.000000000000000000e+00
-2.218090100730613745e+00
-8.000000000000000000e+00
-3.920818753952374891e+00
-5.643891135993655439e+00
0.000000000000000000e+00
-5.282464612358479528e+00
-9.361151661017061976e-01
-8.000000000000000000e+00
-3.581111062236228548e+00
-4.622253283734625739e+00
5.859300781472021047e-01
-7.831419168887141069e+00
-1.994340242435111099e+00
-8.000000000000000000e+00
4.139268515822491779e-02
-8.000000000000000000e+00
-4.000000000000000000e+00
-5.321725785460877489e+00
2.787536009528290837e-01
-3.590656743515010962e+00
-3.003376661124339986e+00
-3.870094967465014246e+00
-1.404103227945692201e+00
-2.694724739322609253e+00
-3.887739921463132742e+00
-3.123681668412804591e+00
-3.508493730467292959e+00
-4.140163597363835990e+00
-4.295446654715517454e+00
-1.690196149515636570e+00
-4.495662054740511948e+00
-5.067318236345888849e+00
-3.017032168039245565e+00
3.000000000000000000e+00
-6.526669257162652116e+00
-3.648881012964264148e+00
1.527510572049932680e+00
-3.075512557832871696e+00
-2.012680808502507190e+00
-5.258007748588089392e-01
-4.104417618203715534e+00
-2.740383711200214734e+00
1.323107350694801232e+00
