-7.886551455777685682e+00
-5.000000000000000000e+00
-4.849344768489938673e+00
-4.000000000000000000e+00
-5.000000000000000000e+00
-1.022905268043534655e+00
-4.007857268551441976e+00
-4.409943185117040088e+00
-2.000000000000000000e+00
-8.000000000000000000e+00
-3.689565992344115752e+00
-8.000000000000000000e+00
-2.947303196083139731e+00
0.000000000000000000e+00
-4.000000000000000000e+00
-2.660804615312425181e+00
-1.912316238544421010e+00
-8.301029995663981254e+00
-5.000000000000000000e+00
-2.000000000000000000e+00
-5.301029995663981254e+00
-5.000000000000000000e+00
-1.030102999566398125e+01
-1.390161236720721449e+00
1.538676195069034636e+00
-3.698970004336018746e+00
-5.000000000000000000e+00
-5.916856921680292203e+00
-2.937054865424126859e+00
-5.773959428054647347e+00
-1.810538965849136206e+00
2.000000000000000000e+00
-4.904143544314630176e+00
-4.093241766655483893e+00
-3.000000000000000000e+00
-4.012268342636262197e+00
0.000000000000000000e+00
-9.241681050678771103e-02
-6.674250245784568492e+00
-2.705735501412061428e+00
1.995331968553705426e+00
-9.522878745280337398e+00
-1.067861268251116158e+00
-2.000000000000000000e+00
-3.000000000000000000e+00
-4.942443949470657572e+00
-9.000000000000000000e+00
-1.976916349632465986e+00
4.268826318233880923e-01
-5.538273296265262324e+00
-1.533504799502957372e+00
1.993238253205904531e+00
-9.000000000000000000e+00
-1.000000000000000000e+00
-2.000000000000000000e+00
-7.708801461468570260e+00
-5.000000000000000000e+00
-1.828165356436312894e-01
-5.000000000000000000e+00
-5.000000000000000000e+00
-2.000000000000000000e+00
-7.635588179676426890e+00
-3.171099327317037364e+00
-4.000000000000000000e+00
7.918124604762488694e-02
-8.000000000000000000e+00
-1.949189447497371663e+00
-8.000000000000000000e+00
-3.995660062161072279e+00
-8.000000000000000000e+00
0.000000000000000000e+00
-5.332864470810044999e+00
-3.301029995663981254e+00
-5.013091138345415310e+00
-1.181467779384002270e-01
-6.044358053933830632e+00
-2.899103801318644091e+00
-4.508443804276671685e+00
-1.761924313761904948e+00
-7.336586240945207393e+00
-2.083156501417027240e+00
-2.829933219312108061e+00
-1.000000000000000000e+00
-1.966852196187128143e+00
-1.000000000000000000e+00
-5.690196149515636570e+00
-4.465809287854664689e+00
-4.282587780546344369e+00
-1.006500349834175800e+00
-1.690196149515636570e+00
-1.000000000000000000e+00
-3.494458002681551267e+00
-3.260235339599492299e+00
-5.462262971424030944e+00
-5.000000000000000000e+00
3.537202133715824925e-01
-4.839184547021960547e+00
-1.225103244153009641e+00
-9.841781210567009941e-01
-5.071548606879483501e+00
-2.016852941165922175e+00
2.487860092372617959e-01
-2.544068022635552317e+00
-2.923085799935113638e+00
1.547840549181424441e+00
