-6.179522366346307471e+00
-1.000000000000000000e+00
-4.398281713350034927e+00
-6.309520512035053486e+00
-2.653533732066841733e+00
7.334323994774543110e-01
-5.205951075243073767e+00
-1.854361194376692001e+00
-1.669313986781381098e+00
-7.746719693711345833e+00
-2.416973378280347529e+00
-7.309227413054566469e+00
-3.648694222623725558e+00
-4.065831053709192261e-03
-2.923332897110876960e+00
-2.322764896894266684e+00
-3.986084253808417799e+00
-4.983216604556194973e+00
-1.000000000000000000e+00
-1.153538767729062497e+00
-8.731535979096118893e+00
-4.202894276525404926e+00
-1.020126963896183092e+01
-1.693598269765458797e+00
-2.000000000000000000e+00
-6.513411073473784008e+00
-1.000000000000000000e+00
-3.716635428693853438e+00
-1.000000000000000000e+00
-6.040002323999821954e+00
-1.763934514492368377e+00
1.998853330519252181e+00
-7.574224288878491862e+00
-4.620050841769850258e+00
-3.000000000000000000e+00
-5.416671080038342190e+00
-2.565195955883422307e+00
-5.517299982229695310e-01
-4.000000000000000000e+00
-3.057757829398930927e+00
-2.000000000000000000e+00
-8.861270733340262495e+00
-3.315740155017004032e+00
2.000000000000000000e+00
-1.890719337913983722e+00
-4.709835337664404875e+00
-5.000000000000000000e+00
-4.257879169862397006e+00
-6.948680908605335826e-01
-5.825823560820647451e+00
-3.802417770602033897e+00
6.716554818591314868e-01
-5.630149836613543179e+00
-4.974906533874332126e+00
7.003075855843652331e-01
-6.893698365503463599e+00
-3.615812613997504421e+00
4.550395596644023488e-01
-5.438766961829321289e+00
-2.318273158859999850e+00
-1.545256587868584441e+00
-5.303033238762724366e+00
-1.329018152554194643e+00
-6.543654630950649143e+00
-1.474919245807135848e+00
-5.973854617864426508e+00
-2.274901273696182002e+00
-4.928508220377448623e+00
-4.000000000000000000e+00
-4.128945898170759854e+00
-2.013307826402313427e+00
-5.524815498038990746e+00
-2.181720560924533814e+00
-6.176824823133288511e+00
0.000000000000000000e+00
-5.205902841925103886e+00
-1.596442207951998205e+00
-7.985893961538378605e+00
-1.796568286151798199e+00
-4.980858964612614237e+00
-1.207645488411959400e+00
-1.690196149515636570e+00
-1.111800018121399614e+00
-5.690196149515636570e+00
-4.754456411124089676e+00
-2.070171362667374115e+00
-3.763967418119325892e+00
-4.587286739151049453e+00
-1.961172222109463403e+00
-3.325219172897630582e+00
-1.292935573222419032e+00
-3.594666779122497324e+00
-3.367096772916516656e+00
-5.020256425354431506e+00
-3.200192556904529528e+00
3.000000000000000000e+00
-4.218451334504202066e+00
-2.877614181530608217e+00
7.403682092621967081e-01
-3.450846860801842553e+00
-3.992302453396285866e+00
1.860556598326078559e+00
-4.268456625308073349e+00
-2.241614378942868857e+00
1.415469439782613303e+00
