3.540236726954823610e+01
1.530014962001682655e+01
1.530014962001682655e+01
1.530014962001682655e+01
1.530014962001682655e+01
1.160607222728945764e+01
1.160607222728945764e+01
1.160607222728945764e+01
1.160607222728945764e+01
1.160607222728945764e+01
1.160607222728945764e+01
1.096211375279678713e+01
1.096211375279678713e+01
1.096211375279678713e+01
8.774511031557338470e+00
8.357221826242506424e+00
8.357221826242506424e+00
7.132279149839571453e+00
7.132279149839571453e+00
5.878961692658935867e+00
4.814281524979862503e+00
3.719307583944034157e+00
3.719307583944034157e+00
3.719307583944034157e+00
3.719307583944034157e+00
3.719307583944034157e+00
3.719307583944034157e+00
3.719307583944034157e+00
3.719307583944034157e+00
3.719307583944034157e+00
3.719307583944034157e+00
3.719307583944034157e+00
3.719307583944034157e+00
3.719307583944034157e+00
3.719307583944034157e+00
3.719307583944034157e+00
3.719307583944034157e+00
3.719307583944034157e+00
3.719307583944034157e+00
3.719307583944034157e+00
3.719307583944034157e+00
3.719307583944034157e+00
3.719307583944034157e+00
3.056237406738715467e+00
2.257031520436022731e+00
2.257031520436022731e+00
2.071800954116975735e+00
2.071800954116975735e+00
1.873242878257160182e+00
1.167813390919585803e+00
1.167813390919585803e+00
1.167813390919585803e+00
1.167813390919585803e+00
1.167813390919585803e+00
1.167813390919585803e+00
1.167813390919585803e+00
1.167813390919585803e+00
1.167813390919585803e+00
1.167813390919585803e+00
1.167813390919585803e+00
1.167813390919585803e+00
1.167813390919585803e+00
1.167813390919585803e+00
1.150680356750318323e+00
1.079875156616251219e+00
1.079875156616251219e+00
8.504002032184695414e-01
8.504002032184695414e-01
8.504002032184695414e-01
8.504002032184695414e-01
8.504002032184695414e-01
8.504002032184695414e-01
8.504002032184695414e-01
8.504002032184695414e-01
8.504002032184695414e-01
8.504002032184695414e-01
8.504002032184695414e-01
8.504002032184695414e-01
8.504002032184695414e-01
7.422857663034428954e-01
6.940875186010142528e-01
6.940875186010142528e-01
6.510153815348896922e-01
6.510153815348896922e-01
6.510153815348896922e-01
6.510153815348896922e-01
6.510153815348896922e-01
6.510153815348896922e-01
6.510153815348896922e-01
6.510153815348896922e-01
5.968175152869559241e-01
5.968175152869559241e-01
5.968175152869559241e-01
5.968175152869559241e-01
5.968175152869559241e-01
5.869807588028498335e-01
5.869807588028498335e-01
5.869807588028498335e-01
5.869807588028498335e-01
5.869807588028498335e-01
5.714357798258266063e-01
5.714357798258266063e-01
5.714357798258266063e-01
5.714357798258266063e-01
5.714357798258266063e-01
5.675368656318156013e-01
5.675368656318156013e-01
5.675368656318156013e-01
5.675368656318156013e-01
5.675368656318156013e-01
5.675368656318156013e-01
5.675368656318156013e-01
5.675368656318156013e-01
5.675368656318156013e-01
5.675368656318156013e-01
5.675368656318156013e-01
5.675368656318156013e-01
5.675368656318156013e-01
5.675368656318156013e-01
5.675368656318156013e-01
5.675368656318156013e-01
5.675368656318156013e-01
5.636064047760754869e-01
5.532574240689935863e-01
5.532574240689935863e-01
5.444290859293389184e-01
5.444290859293389184e-01
5.335503734420553590e-01
5.335503734420553590e-01
5.335503734420553590e-01
5.335503734420553590e-01
5.335503734420553590e-01
5.335503734420553590e-01
5.335503734420553590e-01
5.329042788686630949e-01
5.326125132898189563e-01
5.301396961688504827e-01
5.301396961688504827e-01
5.254161134576069703e-01
5.129449980405468290e-01
5.084421084519579193e-01
5.077068772321271517e-01
5.074448015557794234e-01
5.073571700265537832e-01
5.024924919317691474e-01
5.019685252045633650e-01
5.003272457853986666e-01
4.896595282779093727e-01
4.896595282779093727e-01
4.843021712150236135e-01
4.816630486437454839e-01
4.809936760035571357e-01
4.808284788238171847e-01
4.744008897796372914e-01
4.668180796056620729e-01
4.624257025935465948e-01
4.624257025935465948e-01
4.462710443581413000e-01
4.426923013078631897e-01
4.426801836332106554e-01
4.414357426272785823e-01
4.414357426272785823e-01
4.414357426272785823e-01
4.414357426272785823e-01
4.414357426272785823e-01
4.384020976421736382e-01
4.297992880658601522e-01
4.193799408829384512e-01
4.174794781961513324e-01
4.160687445589559830e-01
4.160687445589559830e-01
4.160614793932230771e-01
4.160015628139968058e-01
4.136606417522439294e-01
4.136606417522439294e-01
4.132256683331160252e-01
4.131135131383699699e-01
4.131003944295698060e-01
4.130989761759073509e-01
4.130989761759073509e-01
4.130508179042141070e-01
4.129482195932219768e-01
4.121838016170243368e-01
4.105467939893749918e-01
4.082460991044805643e-01
4.082460991044805643e-01
4.082460991044805643e-01
4.082460991044805643e-01
4.082460991044805643e-01
4.082460991044805643e-01
4.082460991044805643e-01
4.043224115838346400e-01
4.042837602391585183e-01
4.042837602391585183e-01
4.042756968833237097e-01
4.042752012151789032e-01
4.042752012151789032e-01
4.041681248302875229e-01
4.041646873427035547e-01
4.039665964453141855e-01
