5.641501262927857141e+01
5.591960294128544717e+01
5.591960294128544717e+01
5.591960294128544717e+01
4.386353759704110189e+01
2.990657298587219515e+01
2.990657298587219515e+01
1.888320699773991507e+01
1.602196363187539063e+01
1.602196363187539063e+01
1.296855699992492106e+01
1.296855699992492106e+01
1.147934071416683466e+01
1.147934071416683466e+01
1.123951460469426600e+01
1.123951460469426600e+01
9.974723479899159528e+00
9.532895385353574724e+00
9.532895385353574724e+00
9.504752475965920766e+00
9.504752475965920766e+00
9.070638765310951257e+00
9.070638765310951257e+00
9.070638765310951257e+00
9.070638765310951257e+00
9.070638765310951257e+00
9.070638765310951257e+00
9.070638765310951257e+00
9.070638765310951257e+00
9.070638765310951257e+00
8.924357469736900583e+00
8.845660032067550915e+00
8.754338632141488219e+00
8.754338632141488219e+00
8.553795706307724345e+00
8.553795706307724345e+00
8.553795706307724345e+00
8.553795706307724345e+00
8.553795706307724345e+00
8.553795706307724345e+00
8.553795706307724345e+00
8.391348019484778931e+00
8.391348019484778931e+00
8.391348019484778931e+00
8.391348019484778931e+00
8.391348019484778931e+00
8.391348019484778931e+00
8.391348019484778931e+00
8.391348019484778931e+00
8.391348019484778931e+00
8.391348019484778931e+00
8.391348019484778931e+00
8.303161274527852242e+00
8.303161274527852242e+00
8.303161274527852242e+00
8.303161274527852242e+00
8.303161274527852242e+00
8.303161274527852242e+00
8.303161274527852242e+00
8.293059568128292369e+00
8.293059568128292369e+00
8.293059568128292369e+00
8.293059568128292369e+00
8.293059568128292369e+00
8.293059568128292369e+00
8.293059568128292369e+00
8.269782105490037338e+00
8.269782105490037338e+00
8.269782105490037338e+00
8.269782105490037338e+00
8.269782105490037338e+00
8.269782105490037338e+00
8.269782105490037338e+00
8.269782105490037338e+00
8.269782105490037338e+00
8.256166083759737262e+00
8.256166083759737262e+00
8.256166083759737262e+00
8.243589944018635762e+00
8.218066026275099745e+00
8.218066026275099745e+00
8.184554513248830432e+00
8.184554513248830432e+00
8.184554513248830432e+00
8.184554513248830432e+00
8.184554513248830432e+00
8.184554513248830432e+00
8.184554513248830432e+00
8.184554513248830432e+00
8.184554513248830432e+00
8.184554513248830432e+00
8.184554513248830432e+00
8.184554513248830432e+00
8.184554513248830432e+00
8.184554513248830432e+00
8.184554513248830432e+00
8.184554513248830432e+00
8.184554513248830432e+00
8.184554513248830432e+00
8.184554513248830432e+00
8.184554513248830432e+00
8.184464022581909859e+00
8.184464022581909859e+00
8.184464022581909859e+00
8.182778204692896296e+00
8.182778204692896296e+00
8.182778204692896296e+00
8.182778204692896296e+00
8.182778204692896296e+00
8.182778204692896296e+00
8.182778204692896296e+00
8.182778204692896296e+00
8.167472373766120342e+00
8.167472373766120342e+00
8.167472373766120342e+00
8.167472373766120342e+00
8.167472373766120342e+00
8.167472373766120342e+00
8.167472373766120342e+00
8.157063731431200893e+00
8.157063731431200893e+00
8.157063731431200893e+00
8.157063731431200893e+00
8.157063731431200893e+00
8.157063731431200893e+00
8.157063731431200893e+00
8.157063731431200893e+00
8.157063731431200893e+00
8.157063731431200893e+00
8.157063731431200893e+00
8.157063731431200893e+00
8.157063731431200893e+00
8.157063731431200893e+00
8.157063731431200893e+00
8.157063731431200893e+00
8.157063731431200893e+00
8.157063731431200893e+00
8.153802460707302302e+00
8.153802460707302302e+00
8.153802460707302302e+00
8.153802460707302302e+00
8.135162018659974237e+00
8.135162018659974237e+00
8.134194132733785665e+00
8.132475459114829164e+00
8.132148815842416667e+00
8.132070060568260317e+00
8.132051256838247255e+00
8.130019669366417290e+00
8.129480222021003399e+00
8.128987318316017507e+00
8.128779419653925586e+00
8.128501440259896071e+00
8.128473574055279371e+00
8.128259413711486303e+00
8.128038469209990069e+00
8.127967597274686540e+00
8.127924525219308194e+00
8.127579469660064504e+00
8.127387880094335770e+00
8.123739963969340394e+00
8.122799893101216639e+00
8.122083949226787780e+00
8.121358046139940612e+00
8.120902767948122047e+00
8.120606596697324875e+00
8.120504948205404361e+00
8.120444536418059300e+00
8.120213058335778555e+00
8.120113300650348975e+00
8.118988077902436373e+00
8.118988077902436373e+00
8.118988077902436373e+00
8.118988077902436373e+00
8.114771436460529230e+00
8.113368635724540923e+00
8.113157389909639861e+00
8.113140269740391375e+00
8.111832399993847531e+00
8.111832399993847531e+00
8.111832399993847531e+00
8.111730298370765979e+00
8.111730298370765979e+00
8.111723154720925422e+00
8.111723154720925422e+00
8.111723154720925422e+00
8.111723154720925422e+00
8.109855909770237403e+00
8.109650183230201037e+00
8.109639393743936608e+00
8.109358887997165866e+00
8.109030005644079608e+00
8.109018966402580020e+00
8.108941878729032382e+00
8.108934758108329532e+00
8.108934758108329532e+00
8.108934395544405760e+00
8.108934395544405760e+00
8.108934395544405760e+00
8.108934395544405760e+00
