1.993475728674548719e+01
1.993475728674548719e+01
1.019489070377725248e+01
1.019489070377725248e+01
3.116135529215597444e+00
3.116135529215597444e+00
3.116135529215597444e+00
3.116135529215597444e+00
3.116135529215597444e+00
3.116135529215597444e+00
3.116135529215597444e+00
7.788723954300396102e-01
7.788723954300396102e-01
7.788723954300396102e-01
7.788723954300396102e-01
7.788723954300396102e-01
7.788723954300396102e-01
7.788723954300396102e-01
7.788723954300396102e-01
7.788723954300396102e-01
7.788723954300396102e-01
7.788723954300396102e-01
7.788723954300396102e-01
7.788723954300396102e-01
7.788723954300396102e-01
7.788723954300396102e-01
7.788723954300396102e-01
7.625036944703822428e-01
7.625036944703822428e-01
7.625036944703822428e-01
7.625036944703822428e-01
7.625036944703822428e-01
6.011327086301294642e-01
6.011327086301294642e-01
6.011327086301294642e-01
6.011327086301294642e-01
6.011327086301294642e-01
6.011327086301294642e-01
6.011327086301294642e-01
6.011327086301294642e-01
6.011327086301294642e-01
6.011327086301294642e-01
6.011327086301294642e-01
6.011327086301294642e-01
6.011327086301294642e-01
6.011327086301294642e-01
6.011327086301294642e-01
6.011327086301294642e-01
6.011327086301294642e-01
6.011327086301294642e-01
6.011327086301294642e-01
6.011327086301294642e-01
6.011327086301294642e-01
6.011327086301294642e-01
6.011327086301294642e-01
6.011327086301294642e-01
4.311781381162912985e-01
4.311781381162912985e-01
4.311781381162912985e-01
4.311781381162912985e-01
4.311781381162912985e-01
4.311781381162912985e-01
4.311781381162912985e-01
4.311781381162912985e-01
4.311781381162912985e-01
2.520007147305999839e-01
2.520007147305999839e-01
2.520007147305999839e-01
2.520007147305999839e-01
2.520007147305999839e-01
2.520007147305999839e-01
2.520007147305999839e-01
2.520007147305999839e-01
2.520007147305999839e-01
2.520007147305999839e-01
2.520007147305999839e-01
2.520007147305999839e-01
2.520007147305999839e-01
2.520007147305999839e-01
2.520007147305999839e-01
2.401962488522649541e-01
2.401962488522649541e-01
2.401962488522649541e-01
2.401962488522649541e-01
2.401962488522649541e-01
2.401962488522649541e-01
2.401962488522649541e-01
2.401962488522649541e-01
2.401962488522649541e-01
2.401962488522649541e-01
2.401962488522649541e-01
2.401962488522649541e-01
2.401962488522649541e-01
2.401962488522649541e-01
2.401962488522649541e-01
1.794456823964836745e-01
1.794456823964836745e-01
1.794456823964836745e-01
1.794456823964836745e-01
1.794456823964836745e-01
1.794456823964836745e-01
1.794456823964836745e-01
1.794456823964836745e-01
1.794456823964836745e-01
1.794456823964836745e-01
1.794456823964836745e-01
1.794456823964836745e-01
1.606463693777624435e-01
1.606463693777624435e-01
1.606463693777624435e-01
1.606463693777624435e-01
1.533436552927751051e-01
1.533436552927751051e-01
1.533436552927751051e-01
1.533436552927751051e-01
1.533436552927751051e-01
1.514796110826087117e-01
1.514796110826087117e-01
1.514796110826087117e-01
1.514796110826087117e-01
1.514796110826087117e-01
1.447358767513333977e-01
1.447358767513333977e-01
1.447358767513333977e-01
1.447358767513333977e-01
1.405827049345607094e-01
1.397996002451152575e-01
1.396213973373920947e-01
1.395722284839056859e-01
1.395583085829592840e-01
1.395494075182772409e-01
1.395494075182772409e-01
1.395494075182772409e-01
1.122948027725221148e-01
1.122948027725221148e-01
1.122948027725221148e-01
9.352998460811777492e-02
9.352998460811777492e-02
9.352998460811777492e-02
9.352998460811777492e-02
9.352998460811777492e-02
8.783872370954200204e-02
8.783872370954200204e-02
8.783872370954200204e-02
8.783872370954200204e-02
8.783872370954200204e-02
8.783872370954200204e-02
8.783872370954200204e-02
8.712734843391300998e-02
8.712734843391300998e-02
8.712734843391300998e-02
8.712734843391300998e-02
8.712734843391300998e-02
8.712734843391300998e-02
8.704192637090679696e-02
8.702484867483330222e-02
8.702268435859984719e-02
8.702239000881475950e-02
8.702231486293711404e-02
8.702209937280666607e-02
8.702209937280666607e-02
8.702209937280666607e-02
8.702206333557860329e-02
8.702206333557860329e-02
8.702206333557860329e-02
8.702202779107948150e-02
8.702202779107948150e-02
8.702202779107948150e-02
8.702202779107948150e-02
8.702202779107948150e-02
8.702198531594595998e-02
8.702198531594595998e-02
8.702198531594595998e-02
8.702198531594595998e-02
8.702198531594595998e-02
8.702198531594595998e-02
8.702198531594595998e-02
8.702198531594595998e-02
8.702198531594595998e-02
8.702198531594595998e-02
8.702198531594595998e-02
8.702198531594595998e-02
8.702198531594595998e-02
8.702198531594595998e-02
8.702198531594595998e-02
8.702198531594595998e-02
8.702198531594595998e-02
8.702198531594595998e-02
8.702198531594595998e-02
8.702198531594595998e-02
8.702198531594595998e-02
8.702198531594595998e-02
8.702198531594595998e-02
8.702198531594595998e-02
8.702194684667542701e-02
8.702194684667542701e-02
8.702194684667542701e-02
8.702194684667542701e-02
8.702194684667542701e-02
8.702194684667542701e-02
