5.388017928237877641e+02
1.088751767957404866e+02
3.417839011910975167e+00
1.972774322518034973e+00
1.972774322518034973e+00
1.972774322518034973e+00
1.972774322518034973e+00
1.972774322518034973e+00
1.898628307249467628e+00
1.898628307249467628e+00
1.898628307249467628e+00
1.898628307249467628e+00
1.898628307249467628e+00
1.108941144305603199e+00
7.668715903740528361e-01
7.668715903740528361e-01
2.628969386312916545e-01
2.628969386312916545e-01
2.628969386312916545e-01
2.628969386312916545e-01
2.628969386312916545e-01
2.628969386312916545e-01
2.628969386312916545e-01
2.628969386312916545e-01
2.355900946569166043e-01
2.355900946569166043e-01
2.355900946569166043e-01
2.355900946569166043e-01
2.355900946569166043e-01
2.355900946569166043e-01
2.046388180085386976e-01
2.046388180085386976e-01
1.670215933821436460e-01
1.670215933821436460e-01
1.670215933821436460e-01
1.670215933821436460e-01
1.670215933821436460e-01
1.670215933821436460e-01
1.670215933821436460e-01
1.670215933821436460e-01
1.670215933821436460e-01
1.670215933821436460e-01
1.670215933821436460e-01
1.670215933821436460e-01
1.670215933821436460e-01
1.670215933821436460e-01
1.670215933821436460e-01
1.670215933821436460e-01
1.670215933821436460e-01
1.670215933821436460e-01
1.670215933821436460e-01
1.670215933821436460e-01
1.670215933821436460e-01
1.670215933821436460e-01
1.670215933821436460e-01
1.670215933821436460e-01
1.670215933821436460e-01
1.670215933821436460e-01
1.670215933821436460e-01
1.670215933821436460e-01
1.670215933821436460e-01
1.670215933821436460e-01
1.670215933821436460e-01
1.670215933821436460e-01
1.670215933821436460e-01
1.670215933821436460e-01
1.670215933821436460e-01
1.670215933821436460e-01
1.670215933821436460e-01
1.670215933821436460e-01
1.670215933821436460e-01
1.670215933821436460e-01
1.670215933821436460e-01
1.670215933821436460e-01
1.670215933821436460e-01
1.670215933821436460e-01
1.670215933821436460e-01
1.670215933821436460e-01
1.670215933821436460e-01
1.670215933821436460e-01
1.670215933821436460e-01
1.670215933821436460e-01
1.670215933821436460e-01
1.670215933821436460e-01
1.670215933821436460e-01
1.670215933821436460e-01
1.670215933821436460e-01
1.670215933821436460e-01
1.670215933821436460e-01
1.649530411316610934e-01
1.519535919602671703e-01
1.519535919602671703e-01
1.519535919602671703e-01
1.519535919602671703e-01
1.519535919602671703e-01
1.519535919602671703e-01
1.519535919602671703e-01
1.519535919602671703e-01
1.480188239864987654e-01
1.480188239864987654e-01
1.480188239864987654e-01
1.480188239864987654e-01
1.480188239864987654e-01
1.480188239864987654e-01
1.480188239864987654e-01
1.473507462232510612e-01
1.467209763587256077e-01
1.465360361569823799e-01
1.464754356470763241e-01
1.464531521717370999e-01
1.426600991001056307e-01
1.392473223228737067e-01
1.392473223228737067e-01
1.392473223228737067e-01
1.377379696943296927e-01
1.376743904675776509e-01
1.376743904675776509e-01
1.376743904675776509e-01
1.376743904675776509e-01
1.375981484159443380e-01
1.375981484159443380e-01
1.375981484159443380e-01
1.359276318302103381e-01
1.347052516570663161e-01
1.347052516570663161e-01
1.326243598070830643e-01
1.326243598070830643e-01
1.326243598070830643e-01
1.326243598070830643e-01
1.326243598070830643e-01
1.326243598070830643e-01
1.326243598070830643e-01
1.326243598070830643e-01
1.326243598070830643e-01
1.326243598070830643e-01
1.325992497994649133e-01
1.325992497994649133e-01
1.323246932387229513e-01
1.322263262731428746e-01
1.322028671829116320e-01
1.321963164323066986e-01
1.321943780864260620e-01
1.321938028924850850e-01
1.307757021381885099e-01
1.305631634362165727e-01
1.305631634362165727e-01
1.305631634362165727e-01
1.305631634362165727e-01
1.305631634362165727e-01
1.305631634362165727e-01
1.305631634362165727e-01
1.305072306522280789e-01
1.305007922911487761e-01
1.305007922911487761e-01
1.304998827604640921e-01
1.293868072927750745e-01
1.293868072927750745e-01
1.293868072927750745e-01
1.293868072927750745e-01
1.289288652719687289e-01
1.289288652719687289e-01
1.289288652719687289e-01
1.289288652719687289e-01
1.287585163472787786e-01
1.287585163472787786e-01
1.287517588465594276e-01
1.287517588465594276e-01
1.286170735783414565e-01
1.285959079725376153e-01
1.285930516084022590e-01
1.282172983305875091e-01
1.280264703069546317e-01
1.280103295617185388e-01
1.279492417040790642e-01
1.279492417040790642e-01
1.279492417040790642e-01
1.258838372167895847e-01
1.254211003792685686e-01
1.252751158838610324e-01
1.252695338293049188e-01
1.252692539002684402e-01
1.252423180879159159e-01
1.245519433533637810e-01
1.245519433533637810e-01
1.244191627332390526e-01
1.244187708915748258e-01
1.241520687900267705e-01
1.240757742902078575e-01
1.239543728588060612e-01
1.239329619656546755e-01
1.239300095519994260e-01
1.239194107969821823e-01
1.239141030831426848e-01
1.239132224580618419e-01
1.239120978332177991e-01
1.239081953505861700e-01
1.239078066930543592e-01
1.239077309619705802e-01
1.239058329976083228e-01
1.239058249414110580e-01
