6.300832723517194722e+01
6.300832723517194722e+01
3.163186155625054141e+01
2.982009316140403854e+01
2.719977749494570674e+01
2.607762978310186242e+01
1.576435854749388099e+01
1.352202536331506799e+01
1.272455779750979232e+01
9.854755031177820257e+00
9.692089617488383269e+00
9.164552826614665193e+00
8.835844306680696647e+00
8.835844306680696647e+00
8.835844306680696647e+00
8.833841619153785629e+00
8.588723427947861921e+00
8.588723427947861921e+00
8.490192536825801994e+00
8.490192536825801994e+00
8.490192536825801994e+00
8.451184006493397405e+00
8.451184006493397405e+00
8.451184006493397405e+00
8.423031296748220598e+00
8.423031296748220598e+00
8.410381396797577125e+00
8.410381396797577125e+00
8.410381396797577125e+00
8.410381396797577125e+00
8.409836489428490935e+00
8.409836489428490935e+00
8.409836489428490935e+00
8.409836489428490935e+00
8.409836489428490935e+00
8.406606854206488677e+00
8.406606854206488677e+00
8.406606854206488677e+00
8.406250358472625805e+00
8.406250358472625805e+00
8.406250358472625805e+00
8.406250358472625805e+00
8.406250358472625805e+00
8.406250358472625805e+00
8.406250358472625805e+00
8.406250358472625805e+00
8.406250358472625805e+00
8.406250358472625805e+00
8.404792783055050620e+00
8.404276655231109672e+00
8.404120762253599608e+00
8.404120762253599608e+00
8.403784580949171357e+00
8.403784580949171357e+00
8.403784580949171357e+00
8.403784580949171357e+00
8.403784580949171357e+00
8.403784580949171357e+00
8.403784580949171357e+00
8.401825438395555068e+00
8.401825438395555068e+00
8.401825438395555068e+00
8.401544342495231632e+00
8.401544342495231632e+00
8.399216451437501618e+00
8.398979932760001432e+00
8.396192213483681499e+00
8.396192213483681499e+00
8.396192213483681499e+00
8.396192213483681499e+00
8.396192213483681499e+00
8.396192213483681499e+00
8.390314425132467946e+00
8.390314425132467946e+00
8.390314425132467946e+00
8.390314425132467946e+00
8.390300740693742654e+00
8.383147546736449129e+00
8.383147546736449129e+00
8.383088946838721967e+00
8.357786412944129495e+00
8.357786412944129495e+00
8.357786412944129495e+00
8.350571139738452331e+00
8.344485411929737140e+00
8.344342585942532864e+00
8.325165787406387352e+00
8.324349027254394073e+00
8.324349027254394073e+00
8.315092312114915174e+00
8.313791282810699457e+00
8.313791282810699457e+00
8.313791282810699457e+00
8.312656512577119017e+00
8.312656512577119017e+00
8.311950463286192914e+00
8.311950463286192914e+00
8.311557598479756948e+00
8.311557598479756948e+00
8.311557598479756948e+00
8.311557598479756948e+00
8.311557598479756948e+00
8.311503171750397101e+00
8.311096213156174528e+00
8.311096213156174528e+00
8.311096213156174528e+00
8.311096213156174528e+00
8.311096213156174528e+00
8.311094622462999126e+00
8.311094622462999126e+00
8.310996054956257595e+00
8.310996054956257595e+00
8.310912593048985997e+00
8.310721662553216760e+00
8.310512390963408436e+00
8.310323432441045099e+00
8.310165642365388905e+00
8.309952258317633067e+00
8.309821316212834930e+00
8.309821316212834930e+00
8.309821316212834930e+00
8.309787397252657470e+00
8.309732861061311482e+00
8.309708348102482489e+00
8.309612495366605955e+00
8.309610420534522035e+00
8.309610420534522035e+00
8.309336311261482422e+00
8.309216248914042424e+00
8.309147382912895452e+00
8.309132567862199892e+00
8.308113748240904428e+00
8.307330888220853637e+00
8.306831003688786907e+00
8.306667936071171710e+00
8.306457635958640395e+00
8.306457635958640395e+00
8.304505812265123410e+00
8.301317789917598944e+00
8.298912669382335849e+00
8.295778924522780429e+00
8.294556173247761066e+00
8.290926854056346329e+00
8.285916113008436668e+00
8.280188171178961554e+00
8.277183159601682050e+00
8.275218467457325033e+00
8.273709659096486035e+00
8.272213850533795210e+00
8.271518386693138325e+00
8.270960869197413246e+00
8.270372649854948577e+00
8.269963125959648664e+00
8.269472854045689658e+00
8.269197434905613875e+00
8.268943361144588167e+00
8.268672442238951703e+00
8.268573974927027948e+00
8.268325176786158082e+00
8.268159227192725780e+00
8.267977825238805423e+00
8.267633586224048869e+00
8.267398828898910423e+00
8.267084179527293131e+00
8.266796375161643340e+00
8.266593468191299365e+00
8.266486993856279497e+00
8.266409151356958418e+00
8.266387803754046359e+00
8.266379355717324628e+00
8.266361001478951920e+00
8.266333796136880352e+00
8.266318535881660878e+00
8.266296289763760186e+00
8.266289085868059772e+00
8.266280739632604124e+00
8.266271637472666356e+00
8.266264320780198460e+00
8.266264320780198460e+00
8.266263543700091532e+00
8.266261873803660620e+00
8.266258524018287090e+00
8.266258524018287090e+00
8.266255084343466564e+00
8.266255084343466564e+00
8.266255084343466564e+00
8.266255084343466564e+00
8.266255084343466564e+00
8.266255084343466564e+00
8.266255084343466564e+00
8.266255084343466564e+00
8.266255084343466564e+00
8.266255084343466564e+00
8.266255084343466564e+00
8.266251772576996615e+00
8.266251772576996615e+00
8.266251772576996615e+00
8.266251772576996615e+00
8.266251772576996615e+00
8.266251772576996615e+00
