8.487993909566061745e+01
3.619793247841297301e+01
3.619793247841297301e+01
5.044677643943783707e+00
5.044677643943783707e+00
5.044677643943783707e+00
5.044677643943783707e+00
5.044677643943783707e+00
4.593745186151071636e+00
4.593745186151071636e+00
4.511104056723961975e+00
3.693747660358305041e+00
3.693747660358305041e+00
3.693747660358305041e+00
1.596576128999648070e+00
1.596576128999648070e+00
1.596576128999648070e+00
1.596576128999648070e+00
1.596576128999648070e+00
1.596576128999648070e+00
1.596576128999648070e+00
1.596576128999648070e+00
1.596576128999648070e+00
1.596576128999648070e+00
1.596576128999648070e+00
1.596576128999648070e+00
1.596576128999648070e+00
1.596576128999648070e+00
1.596576128999648070e+00
1.596576128999648070e+00
1.596576128999648070e+00
1.596576128999648070e+00
1.596576128999648070e+00
1.596576128999648070e+00
1.596576128999648070e+00
1.596576128999648070e+00
1.596576128999648070e+00
1.596576128999648070e+00
1.596576128999648070e+00
1.596576128999648070e+00
1.596576128999648070e+00
1.596576128999648070e+00
1.596576128999648070e+00
1.596576128999648070e+00
1.596576128999648070e+00
1.596576128999648070e+00
1.596576128999648070e+00
1.596576128999648070e+00
1.596576128999648070e+00
1.596576128999648070e+00
1.596576128999648070e+00
1.596576128999648070e+00
1.596576128999648070e+00
1.596576128999648070e+00
1.596576128999648070e+00
1.511163377349061587e+00
1.511163377349061587e+00
1.511163377349061587e+00
1.511163377349061587e+00
1.511163377349061587e+00
1.511163377349061587e+00
1.511163377349061587e+00
1.511163377349061587e+00
1.511163377349061587e+00
1.511163377349061587e+00
1.511163377349061587e+00
1.511163377349061587e+00
1.511163377349061587e+00
1.329747579738006946e+00
1.329747579738006946e+00
1.329747579738006946e+00
1.329747579738006946e+00
1.281211237917613488e+00
1.281211237917613488e+00
1.117187873470141257e+00
1.117187873470141257e+00
1.117187873470141257e+00
1.117187873470141257e+00
1.117187873470141257e+00
1.117187873470141257e+00
1.117187873470141257e+00
1.117187873470141257e+00
1.117187873470141257e+00
1.117187873470141257e+00
1.117187873470141257e+00
1.117187873470141257e+00
1.117187873470141257e+00
1.117187873470141257e+00
1.109505117445552358e+00
1.109505117445552358e+00
1.109505117445552358e+00
1.109505117445552358e+00
1.109505117445552358e+00
1.109505117445552358e+00
1.109505117445552358e+00
1.109505117445552358e+00
1.109505117445552358e+00
1.109505117445552358e+00
1.109505117445552358e+00
1.109505117445552358e+00
1.109505117445552358e+00
1.109505117445552358e+00
1.109505117445552358e+00
1.109505117445552358e+00
1.109505117445552358e+00
1.109505117445552358e+00
1.109505117445552358e+00
1.109505117445552358e+00
1.109505117445552358e+00
1.109505117445552358e+00
1.108600968158913957e+00
1.088025951999346264e+00
1.088025951999346264e+00
1.088025951999346264e+00
1.088025951999346264e+00
1.088025951999346264e+00
1.088025951999346264e+00
1.088025951999346264e+00
1.088025951999346264e+00
1.088025951999346264e+00
1.088025951999346264e+00
1.088025951999346264e+00
1.088025951999346264e+00
1.088025951999346264e+00
1.088025951999346264e+00
1.088025951999346264e+00
1.088025951999346264e+00
1.088025951999346264e+00
1.088025951999346264e+00
1.088025951999346264e+00
1.088025951999346264e+00
1.088025951999346264e+00
1.088025951999346264e+00
1.086865091028885955e+00
1.086865091028885955e+00
1.086865091028885955e+00
1.085855442557701167e+00
1.085855442557701167e+00
1.069009100424730851e+00
8.983983036221393492e-01
8.983983036221393492e-01
8.983983036221393492e-01
8.938193074781435321e-01
8.938193074781435321e-01
8.938193074781435321e-01
8.938193074781435321e-01
8.938193074781435321e-01
8.938193074781435321e-01
8.938193074781435321e-01
8.871802306960770990e-01
8.871802306960770990e-01
8.871802306960770990e-01
8.636718262168815441e-01
8.535321728666178664e-01
8.525520830950814588e-01
8.523975979302821360e-01
8.523665395910439146e-01
8.523609605421604840e-01
8.523591766679456949e-01
8.523591766679456949e-01
8.523591766679456949e-01
8.523589324408685775e-01
8.523589324408685775e-01
8.523589324408685775e-01
8.523586728848399074e-01
8.523573463535247807e-01
8.523573463535247807e-01
8.523573463535247807e-01
8.523563131525917491e-01
8.523563131525917491e-01
8.338232166056998018e-01
8.338232166056998018e-01
8.338232166056998018e-01
8.338232166056998018e-01
8.338232166056998018e-01
8.338232166056998018e-01
8.338232166056998018e-01
8.338232166056998018e-01
8.330231814405073543e-01
8.330231814405073543e-01
8.316864186563093231e-01
8.313467412061493755e-01
8.312917448161842859e-01
8.312917448161842859e-01
8.312696076511925103e-01
8.312696076511925103e-01
8.312696076511925103e-01
8.312696076511925103e-01
8.312679190992903200e-01
8.312679190992903200e-01
8.312679190992903200e-01
8.312679190992903200e-01
8.312679190992903200e-01
8.312679190992903200e-01
8.307848321902934208e-01
8.307848321902934208e-01
8.287216673071033934e-01
8.286884550134012706e-01
8.286879985690037698e-01
8.286879685858375977e-01
