5.495698348888024043e+01
5.495698348888024043e+01
1.047127382853560107e+01
1.047127382853560107e+01
6.374772784021631722e+00
6.374772784021631722e+00
6.374772784021631722e+00
6.374772784021631722e+00
6.374772784021631722e+00
3.063741342878941953e+00
3.063741342878941953e+00
3.063741342878941953e+00
3.063741342878941953e+00
3.063741342878941953e+00
3.063741342878941953e+00
3.063741342878941953e+00
3.063741342878941953e+00
3.063741342878941953e+00
3.063741342878941953e+00
3.063741342878941953e+00
2.997938782679645975e+00
2.997938782679645975e+00
2.997938782679645975e+00
2.997938782679645975e+00
2.997938782679645975e+00
2.997938782679645975e+00
2.462921849117539086e+00
2.462921849117539086e+00
2.462921849117539086e+00
2.462921849117539086e+00
2.462921849117539086e+00
2.462921849117539086e+00
2.462921849117539086e+00
2.462921849117539086e+00
2.462921849117539086e+00
2.462921849117539086e+00
2.462921849117539086e+00
2.462921849117539086e+00
2.462921849117539086e+00
2.462921849117539086e+00
2.462921849117539086e+00
2.462921849117539086e+00
2.462921849117539086e+00
2.462921849117539086e+00
2.462921849117539086e+00
2.462921849117539086e+00
2.462921849117539086e+00
2.328846681278178288e+00
2.328846681278178288e+00
2.282498029890528635e+00
2.282498029890528635e+00
2.282498029890528635e+00
2.282498029890528635e+00
2.268273551719340198e+00
2.268273551719340198e+00
2.268273551719340198e+00
2.268273551719340198e+00
2.268273551719340198e+00
2.268273551719340198e+00
2.268273551719340198e+00
2.268273551719340198e+00
2.268273551719340198e+00
2.268273551719340198e+00
2.268273551719340198e+00
2.247112785635938970e+00
2.247112785635938970e+00
2.247112785635938970e+00
2.247112785635938970e+00
2.247112785635938970e+00
2.247112785635938970e+00
2.247112785635938970e+00
2.247112785635938970e+00
2.247112785635938970e+00
2.247112785635938970e+00
2.247112785635938970e+00
2.247112785635938970e+00
2.224298604342030306e+00
2.224298604342030306e+00
2.224298604342030306e+00
2.224298604342030306e+00
2.224298604342030306e+00
2.224298604342030306e+00
2.224298604342030306e+00
2.224298604342030306e+00
2.224298604342030306e+00
2.224298604342030306e+00
2.224298604342030306e+00
2.224298604342030306e+00
2.224298604342030306e+00
2.224298604342030306e+00
2.224298604342030306e+00
2.224298604342030306e+00
2.224298604342030306e+00
2.224298604342030306e+00
2.222891048074068010e+00
2.222891048074068010e+00
2.222891048074068010e+00
2.222891048074068010e+00
2.222891048074068010e+00
2.222891048074068010e+00
2.222891048074068010e+00
2.222891048074068010e+00
2.222891048074068010e+00
2.222891048074068010e+00
2.219719243980847079e+00
2.219719243980847079e+00
2.219719243980847079e+00
2.218379161404909095e+00
2.218379161404909095e+00
2.218379161404909095e+00
2.218379161404909095e+00
2.218379161404909095e+00
2.218379161404909095e+00
2.218379161404909095e+00
2.217420739157506926e+00
2.216959840618940802e+00
2.216959840618940802e+00
2.216959840618940802e+00
2.216959840618940802e+00
2.216959840618940802e+00
2.216959840618940802e+00
2.216633923379868421e+00
2.216633923379868421e+00
2.216633923379868421e+00
2.216633923379868421e+00
2.216593030697575628e+00
2.216593030697575628e+00
2.216572318266851305e+00
2.216572318266851305e+00
2.216572318266851305e+00
2.216572318266851305e+00
2.216572318266851305e+00
2.216572318266851305e+00
2.216572318266851305e+00
2.216572318266851305e+00
2.216572318266851305e+00
2.216572318266851305e+00
2.216572318266851305e+00
2.216572318266851305e+00
2.216572318266851305e+00
2.195436876285633776e+00
2.195436876285633776e+00
2.195436876285633776e+00
2.195436876285633776e+00
2.195436876285633776e+00
2.103291126905026953e+00
2.103291126905026953e+00
2.103291126905026953e+00
2.103291126905026953e+00
2.103291126905026953e+00
2.103291126905026953e+00
2.103291126905026953e+00
2.103291126905026953e+00
2.103291126905026953e+00
2.103291126905026953e+00
2.103291126905026953e+00
2.103291126905026953e+00
2.067555516448295272e+00
2.051587759811343226e+00
2.051587759811343226e+00
2.051587759811343226e+00
1.972364356276434583e+00
1.929512482668902518e+00
1.929512482668902518e+00
1.929512482668902518e+00
1.924336337102861894e+00
1.924336337102861894e+00
1.919621379452705057e+00
1.919128507306401499e+00
1.918983535591505696e+00
1.918961941210406419e+00
1.918958750650879397e+00
1.918958305084654148e+00
1.918958222974941341e+00
1.918958222974941341e+00
1.918958222974941341e+00
1.918958222974941341e+00
1.918958222974941341e+00
1.918957873269176773e+00
1.918957873269176773e+00
1.918957873269176773e+00
1.918957873269176773e+00
1.918957873269176773e+00
1.918879136493816029e+00
1.918879136493816029e+00
1.917350866519093255e+00
1.917350866519093255e+00
1.916956730408764464e+00
1.916452328781307557e+00
1.915491218912909854e+00
1.915491218912909854e+00
1.915292382225973977e+00
1.915292140475794325e+00
1.915292037213078391e+00
1.915291985773564409e+00
1.915291921528893937e+00
1.915291921528893937e+00
1.915291921528893937e+00
1.915291921528893937e+00
1.915291875758716067e+00
