1.267233621223251987e+02
8.512109579754476840e+01
1.079068434060042314e+01
1.079068434060042314e+01
1.079068434060042314e+01
7.951162184314537029e+00
7.951162184314537029e+00
1.759732030212029397e+00
1.759732030212029397e+00
1.759732030212029397e+00
1.759732030212029397e+00
1.759732030212029397e+00
1.759732030212029397e+00
1.759732030212029397e+00
1.759732030212029397e+00
1.759732030212029397e+00
1.759732030212029397e+00
1.759732030212029397e+00
1.759732030212029397e+00
1.759732030212029397e+00
1.759732030212029397e+00
1.717066211589519220e+00
1.717066211589519220e+00
1.717066211589519220e+00
1.627940670160348935e+00
1.627940670160348935e+00
1.518248718547675402e+00
1.518248718547675402e+00
1.311740904162635779e+00
1.311740904162635779e+00
1.311740904162635779e+00
1.311740904162635779e+00
1.311740904162635779e+00
1.311740904162635779e+00
1.311740904162635779e+00
1.311740904162635779e+00
1.311740904162635779e+00
1.311740904162635779e+00
1.311740904162635779e+00
1.311740904162635779e+00
1.311740904162635779e+00
1.311740904162635779e+00
1.311740904162635779e+00
1.311740904162635779e+00
1.311740904162635779e+00
1.239587227351238274e+00
1.239587227351238274e+00
1.239587227351238274e+00
1.239587227351238274e+00
1.239587227351238274e+00
1.218525132443435410e+00
1.218525132443435410e+00
1.218525132443435410e+00
1.218525132443435410e+00
1.218525132443435410e+00
1.218525132443435410e+00
1.218525132443435410e+00
1.218525132443435410e+00
1.218525132443435410e+00
1.218525132443435410e+00
1.218525132443435410e+00
1.218525132443435410e+00
1.218525132443435410e+00
1.218525132443435410e+00
1.218525132443435410e+00
1.218525132443435410e+00
1.218525132443435410e+00
1.218525132443435410e+00
1.218525132443435410e+00
1.218525132443435410e+00
1.218525132443435410e+00
1.218525132443435410e+00
1.218525132443435410e+00
1.218525132443435410e+00
1.218525132443435410e+00
1.181492990858878045e+00
1.181492990858878045e+00
1.181492990858878045e+00
1.181492990858878045e+00
1.181492990858878045e+00
1.181492990858878045e+00
1.181492990858878045e+00
1.181492990858878045e+00
1.181492990858878045e+00
1.181492990858878045e+00
1.181492990858878045e+00
1.181492990858878045e+00
1.181492990858878045e+00
1.181492990858878045e+00
1.181492990858878045e+00
1.181492990858878045e+00
1.181492990858878045e+00
1.181492990858878045e+00
1.181492990858878045e+00
1.114501757815240301e+00
1.114501757815240301e+00
1.114501757815240301e+00
1.114501757815240301e+00
1.114501757815240301e+00
1.066046664632200658e+00
1.066046664632200658e+00
1.066046664632200658e+00
1.066046664632200658e+00
1.066046664632200658e+00
1.066046664632200658e+00
1.066046664632200658e+00
1.066046664632200658e+00
1.066046664632200658e+00
1.066046664632200658e+00
1.066046664632200658e+00
1.057741228395245425e+00
1.049028342758180354e+00
1.049028342758180354e+00
1.049028342758180354e+00
1.047182307138466939e+00
1.047182307138466939e+00
1.043619994184650679e+00
1.043587264786829394e+00
1.043587264786829394e+00
1.043587264786829394e+00
1.043587264786829394e+00
1.043587264786829394e+00
1.042022985406567459e+00
1.041139765014775564e+00
1.041139765014775564e+00
1.041139765014775564e+00
1.041139765014775564e+00
1.041139765014775564e+00
1.041139765014775564e+00
1.041116658277430052e+00
1.041116658277430052e+00
1.041116658277430052e+00
1.037817633795716343e+00
1.035698116096161359e+00
1.034179297893624394e+00
1.034095764637995130e+00
1.034095764637995130e+00
1.034095764637995130e+00
1.034095764637995130e+00
1.034095764637995130e+00
1.030519662701230521e+00
1.030519662701230521e+00
1.026314535210939516e+00
1.014609426484490484e+00
1.012453865290196209e+00
1.012453865290196209e+00
1.012453865290196209e+00
1.005724540468840855e+00
1.005724540468840855e+00
1.004066506599677666e+00
1.004066506599677666e+00
1.004066506599677666e+00
1.004066506599677666e+00
1.004066506599677666e+00
1.004066506599677666e+00
1.004066506599677666e+00
9.912780800816702875e-01
9.740318807273906643e-01
9.740318807273906643e-01
9.740318807273906643e-01
9.735528382175702156e-01
9.735528382175702156e-01
9.735528382175702156e-01
9.691696144944712543e-01
9.691696144944712543e-01
9.684726629841384771e-01
9.684726629841384771e-01
9.682148581207006277e-01
9.682148581207006277e-01
9.682148581207006277e-01
9.680806197889777476e-01
9.680806197889777476e-01
9.680806197889777476e-01
9.680806197889777476e-01
9.680806197889777476e-01
9.680806197889777476e-01
9.680806197889777476e-01
9.680806197889777476e-01
9.680806197889777476e-01
9.680806197889777476e-01
9.680806197889777476e-01
9.680806197889777476e-01
9.680806197889777476e-01
9.680774956210417281e-01
9.680735656604128048e-01
9.680722364826587212e-01
9.680722364826587212e-01
9.680722364826587212e-01
9.680722364826587212e-01
9.680722364826587212e-01
9.647822133521497534e-01
9.636801412977391568e-01
9.636233979642250258e-01
9.607976337270587308e-01
9.599833254758505241e-01
9.593010096125674790e-01
9.587780210128991065e-01
9.577774314831688507e-01
9.577774314831688507e-01
9.577774314831688507e-01
