2.490144094445189538e+01
2.490144094445189538e+01
2.490144094445189538e+01
1.736623769845726528e+01
1.277821403296318081e+01
9.553288089788528836e+00
9.553288089788528836e+00
9.553288089788528836e+00
8.280564483115616881e+00
8.280564483115616881e+00
8.280564483115616881e+00
7.705441562215812112e+00
7.705441562215812112e+00
5.726741937654391990e+00
5.726741937654391990e+00
5.726741937654391990e+00
5.674410078318359751e+00
5.674410078318359751e+00
4.619190994041929343e+00
4.235029571355656941e+00
3.795575754441078864e+00
3.795575754441078864e+00
1.420040453673169001e+00
1.420040453673169001e+00
1.420040453673169001e+00
1.420040453673169001e+00
1.420040453673169001e+00
1.420040453673169001e+00
1.420040453673169001e+00
1.420040453673169001e+00
1.420040453673169001e+00
1.420040453673169001e+00
1.420040453673169001e+00
1.420040453673169001e+00
6.424492848163679826e-01
6.424492848163679826e-01
6.424492848163679826e-01
6.424492848163679826e-01
6.424492848163679826e-01
6.424492848163679826e-01
6.424492848163679826e-01
5.831510865623010798e-01
5.831510865623010798e-01
5.831510865623010798e-01
5.831510865623010798e-01
5.831510865623010798e-01
5.831510865623010798e-01
5.831510865623010798e-01
5.831510865623010798e-01
5.831510865623010798e-01
4.600989067296979984e-01
4.600989067296979984e-01
4.600989067296979984e-01
4.600989067296979984e-01
4.600989067296979984e-01
4.600989067296979984e-01
4.600989067296979984e-01
4.600989067296979984e-01
4.600989067296979984e-01
4.600989067296979984e-01
4.600989067296979984e-01
4.600989067296979984e-01
4.600989067296979984e-01
4.600989067296979984e-01
4.600989067296979984e-01
4.600989067296979984e-01
4.370837437120665414e-01
4.370837437120665414e-01
4.370837437120665414e-01
4.370837437120665414e-01
4.370837437120665414e-01
4.370837437120665414e-01
4.370837437120665414e-01
4.370837437120665414e-01
4.092497839994359010e-01
4.092497839994359010e-01
4.092497839994359010e-01
3.829702499205314692e-01
3.829702499205314692e-01
3.798629519290919188e-01
3.798629519290919188e-01
3.798629519290919188e-01
3.798629519290919188e-01
3.798629519290919188e-01
3.798629519290919188e-01
3.764262351732201028e-01
3.764262351732201028e-01
3.764262351732201028e-01
3.764262351732201028e-01
3.764262351732201028e-01
3.720880211434870466e-01
3.720880211434870466e-01
3.720880211434870466e-01
3.720880211434870466e-01
3.690685203689161309e-01
3.690685203689161309e-01
3.649816949481173300e-01
3.649816949481173300e-01
3.649816949481173300e-01
3.649816949481173300e-01
3.506787558626543455e-01
3.506787558626543455e-01
3.506787558626543455e-01
3.506787558626543455e-01
3.506787558626543455e-01
3.442910087348213244e-01
3.387497187971996171e-01
3.387497187971996171e-01
3.387497187971996171e-01
3.387497187971996171e-01
3.387497187971996171e-01
3.387497187971996171e-01
3.336313249463404018e-01
3.336313249463404018e-01
3.336313249463404018e-01
3.336313249463404018e-01
3.336313249463404018e-01
3.319617285241756033e-01
3.319617285241756033e-01
3.319617285241756033e-01
3.319617285241756033e-01
3.319617285241756033e-01
3.319617285241756033e-01
3.319617285241756033e-01
3.319617285241756033e-01
3.319617285241756033e-01
3.319617285241756033e-01
3.319617285241756033e-01
3.319617285241756033e-01
3.307199786403989261e-01
3.152910252859749685e-01
3.089456110886446560e-01
3.089456110886446560e-01
3.089456110886446560e-01
3.041122350058134693e-01
2.840434029968142426e-01
2.745413122033353304e-01
2.628885755356329401e-01
2.628885755356329401e-01
2.622745132733396156e-01
2.454532379521859597e-01
2.427300733205648431e-01
2.220756849341800065e-01
1.875053277419906905e-01
1.875053277419906905e-01
1.875053277419906905e-01
1.875053277419906905e-01
1.875053277419906905e-01
1.875053277419906905e-01
1.852504628266151976e-01
1.708100685722051815e-01
1.708100685722051815e-01
1.708100685722051815e-01
1.708100685722051815e-01
1.661129115532003209e-01
1.661129115532003209e-01
1.661129115532003209e-01
1.587015249179591359e-01
1.579868257724404423e-01
1.579868257724404423e-01
1.579868257724404423e-01
1.570227861056326946e-01
1.570227861056326946e-01
1.562458324491982076e-01
1.544250702605343972e-01
1.512100349403288080e-01
1.487634245114081155e-01
1.486043682979833469e-01
1.483763439792150085e-01
1.472911092929695687e-01
1.463849245566993251e-01
1.454614622763481246e-01
1.453548476573106873e-01
1.453418431099921526e-01
1.453008342724501634e-01
1.453008342724501634e-01
1.452015237888112653e-01
1.449488602762807055e-01
1.447227857545975716e-01
1.446774273947166178e-01
1.446737885826891445e-01
1.446727277587678828e-01
1.446726330794703141e-01
1.444539695369745913e-01
1.424159463484710175e-01
1.409161284941014003e-01
1.407454040214181079e-01
1.406433770273924355e-01
1.405671112271301149e-01
1.401398717566355312e-01
1.401398717566355312e-01
1.398647146360890159e-01
1.398421111220161661e-01
1.398406532510943490e-01
1.397653341755897560e-01
1.396970220207136293e-01
1.396829206874475315e-01
1.396826667040874659e-01
1.396758380190340487e-01
1.396383905812770276e-01
