8.076323329653013161e+02
1.071610452500540305e+02
2.391620855170563686e+01
2.391620855170563686e+01
2.391620855170563686e+01
2.254289830240988124e+01
1.706372901812418164e+01
1.567945127510776437e+01
5.995249091259187146e+00
3.163216097728345666e+00
2.597771271001600102e+00
2.597771271001600102e+00
2.597771271001600102e+00
2.597771271001600102e+00
1.529642461403121212e+00
1.529642461403121212e+00
1.529642461403121212e+00
1.529642461403121212e+00
1.380879142423500516e+00
1.380879142423500516e+00
9.749220566070058158e-01
9.749220566070058158e-01
9.749220566070058158e-01
9.749220566070058158e-01
9.749220566070058158e-01
9.749220566070058158e-01
9.749220566070058158e-01
9.749220566070058158e-01
9.749220566070058158e-01
9.749220566070058158e-01
9.749220566070058158e-01
9.749220566070058158e-01
9.749220566070058158e-01
9.749220566070058158e-01
9.749220566070058158e-01
9.749220566070058158e-01
9.749220566070058158e-01
9.749220566070058158e-01
9.749220566070058158e-01
9.749220566070058158e-01
9.749220566070058158e-01
9.749220566070058158e-01
9.749220566070058158e-01
9.749220566070058158e-01
9.749220566070058158e-01
9.749220566070058158e-01
9.749220566070058158e-01
9.749220566070058158e-01
3.600228386302994910e-01
3.600228386302994910e-01
3.600228386302994910e-01
3.600228386302994910e-01
3.600228386302994910e-01
3.600228386302994910e-01
3.600228386302994910e-01
3.600228386302994910e-01
3.600228386302994910e-01
3.600228386302994910e-01
3.600228386302994910e-01
3.600228386302994910e-01
3.600228386302994910e-01
3.600228386302994910e-01
3.600228386302994910e-01
3.600228386302994910e-01
3.600228386302994910e-01
3.600228386302994910e-01
3.600228386302994910e-01
3.600228386302994910e-01
3.600228386302994910e-01
3.600228386302994910e-01
3.585943601286436522e-01
3.585943601286436522e-01
3.585943601286436522e-01
3.585943601286436522e-01
3.585943601286436522e-01
3.585943601286436522e-01
3.585943601286436522e-01
3.585943601286436522e-01
2.568673976475694953e-01
2.568673976475694953e-01
2.568673976475694953e-01
2.568673976475694953e-01
2.568673976475694953e-01
2.568673976475694953e-01
2.568673976475694953e-01
2.568673976475694953e-01
2.568673976475694953e-01
2.568673976475694953e-01
2.568673976475694953e-01
2.568673976475694953e-01
2.568673976475694953e-01
2.490359246928509074e-01
2.490359246928509074e-01
2.490359246928509074e-01
2.490359246928509074e-01
2.490359246928509074e-01
2.485578819313570276e-01
2.485578819313570276e-01
2.485578819313570276e-01
2.485578819313570276e-01
2.482991062124404180e-01
2.482526324149940677e-01
2.459940666627153383e-01
2.459940666627153383e-01
2.459940666627153383e-01
2.459940666627153383e-01
2.459940666627153383e-01
2.459940666627153383e-01
2.459940666627153383e-01
2.459940666627153383e-01
2.459940666627153383e-01
2.459940666627153383e-01
2.459940666627153383e-01
2.459940666627153383e-01
2.459940666627153383e-01
2.459940666627153383e-01
2.459940666627153383e-01
2.459940666627153383e-01
2.459940666627153383e-01
2.459940666627153383e-01
2.459940666627153383e-01
2.459940666627153383e-01
2.459940666627153383e-01
2.459940666627153383e-01
2.434084272044876873e-01
2.419219379145738646e-01
2.419190861761793820e-01
2.419190861761793820e-01
2.419190861761793820e-01
2.418650352339982990e-01
2.418275492419851846e-01
2.418154048778755894e-01
2.418115567571685331e-01
2.418093085291582178e-01
2.418093085291582178e-01
2.418093085291582178e-01
2.418084045907581414e-01
2.418078737626442043e-01
2.418076252280107752e-01
2.418076252280107752e-01
2.418076252280107752e-01
2.418071167390566101e-01
2.418071167390566101e-01
2.418071167390566101e-01
2.418071167390566101e-01
2.418070111824074109e-01
2.418070111824074109e-01
2.418070111824074109e-01
2.418070111824074109e-01
2.418070111824074109e-01
2.418070111824074109e-01
2.418070111824074109e-01
2.418070111824074109e-01
2.418070111824074109e-01
2.418070111824074109e-01
2.418070111824074109e-01
2.418070111824074109e-01
2.418070111824074109e-01
2.418070111824074109e-01
2.418070111824074109e-01
2.418070111824074109e-01
2.418070111824074109e-01
2.418070111824074109e-01
2.418070111824074109e-01
2.418070111824074109e-01
2.418070111824074109e-01
2.418070111824074109e-01
2.418070111824074109e-01
2.418070111824074109e-01
2.418070111824074109e-01
2.418070111824074109e-01
2.418070111824074109e-01
2.418070111824074109e-01
2.418070111824074109e-01
2.418070111824074109e-01
2.418070111824074109e-01
2.418070111824074109e-01
2.418070111824074109e-01
2.418070111824074109e-01
2.418070111824074109e-01
2.418070111824074109e-01
2.418070111824074109e-01
2.368266023538116716e-01
2.368266023538116716e-01
2.223164503930310509e-01
2.217539696982381292e-01
2.217185906523055916e-01
2.217160298744807467e-01
2.217157769419436097e-01
2.217154735287751033e-01
2.217154735287751033e-01
2.217154735287751033e-01
2.217154735287751033e-01
2.217154735287751033e-01
2.217154735287751033e-01
2.217154735287751033e-01
2.217154735287751033e-01
2.217154735287751033e-01
2.217154735287751033e-01
2.217154735287751033e-01
