1.116650228618186986e+02
4.724580432600579627e+01
1.274801456516052411e+01
1.274801456516052411e+01
1.274801456516052411e+01
1.274801456516052411e+01
1.274801456516052411e+01
1.274801456516052411e+01
1.274801456516052411e+01
1.274801456516052411e+01
1.274801456516052411e+01
1.274801456516052411e+01
1.274801456516052411e+01
1.274801456516052411e+01
1.201972754922986830e+01
8.017796481136072018e+00
8.017796481136072018e+00
8.017796481136072018e+00
6.965328680991881960e+00
4.266069838239993750e+00
4.266069838239993750e+00
4.266069838239993750e+00
3.893467594594680836e+00
3.893467594594680836e+00
3.893467594594680836e+00
6.860114743337278886e-01
6.860114743337278886e-01
6.860114743337278886e-01
6.860114743337278886e-01
6.860114743337278886e-01
6.860114743337278886e-01
6.860114743337278886e-01
6.860114743337278886e-01
6.860114743337278886e-01
6.860114743337278886e-01
6.860114743337278886e-01
6.860114743337278886e-01
6.860114743337278886e-01
6.860114743337278886e-01
6.860114743337278886e-01
6.860114743337278886e-01
6.860114743337278886e-01
6.860114743337278886e-01
6.860114743337278886e-01
6.860114743337278886e-01
6.860114743337278886e-01
6.860114743337278886e-01
6.860114743337278886e-01
6.860114743337278886e-01
6.860114743337278886e-01
6.860114743337278886e-01
6.402215626639022883e-01
6.402215626639022883e-01
6.402215626639022883e-01
6.402215626639022883e-01
6.402215626639022883e-01
6.402215626639022883e-01
6.402215626639022883e-01
5.971503514237428423e-01
5.971503514237428423e-01
5.971503514237428423e-01
5.971503514237428423e-01
5.971503514237428423e-01
5.971503514237428423e-01
5.971503514237428423e-01
5.971503514237428423e-01
5.971503514237428423e-01
5.971503514237428423e-01
5.971503514237428423e-01
5.971503514237428423e-01
5.971503514237428423e-01
5.971503514237428423e-01
5.971503514237428423e-01
5.971503514237428423e-01
5.971503514237428423e-01
5.971503514237428423e-01
5.587583109446034868e-01
5.587583109446034868e-01
5.587583109446034868e-01
5.587583109446034868e-01
5.587583109446034868e-01
5.587583109446034868e-01
5.587583109446034868e-01
5.587583109446034868e-01
5.587583109446034868e-01
5.587583109446034868e-01
5.587583109446034868e-01
5.556338924754782305e-01
5.556338924754782305e-01
5.401540141439735709e-01
5.401540141439735709e-01
5.401540141439735709e-01
5.401540141439735709e-01
5.401540141439735709e-01
5.401540141439735709e-01
5.401540141439735709e-01
5.401540141439735709e-01
4.829640684653077609e-01
4.829640684653077609e-01
4.829640684653077609e-01
4.829640684653077609e-01
4.829640684653077609e-01
4.829640684653077609e-01
4.829640684653077609e-01
4.829640684653077609e-01
4.829640684653077609e-01
4.829640684653077609e-01
4.829640684653077609e-01
4.829640684653077609e-01
4.829640684653077609e-01
4.829640684653077609e-01
4.829640684653077609e-01
4.829640684653077609e-01
4.829640684653077609e-01
4.821456854887457566e-01
4.821456854887457566e-01
4.821456854887457566e-01
4.809200675995428664e-01
3.954955293613673373e-01
3.954955293613673373e-01
3.954955293613673373e-01
3.954955293613673373e-01
3.954955293613673373e-01
3.954955293613673373e-01
3.954955293613673373e-01
3.954955293613673373e-01
3.339745427745980377e-01
3.204790622615880658e-01
3.204790622615880658e-01
3.204790622615880658e-01
3.204790622615880658e-01
3.014528105353836973e-01
3.014528105353836973e-01
3.014528105353836973e-01
3.014528105353836973e-01
3.014528105353836973e-01
2.629804842486382910e-01
2.629804842486382910e-01
2.629804842486382910e-01
2.629804842486382910e-01
2.629804842486382910e-01
2.629804842486382910e-01
2.565805004296252134e-01
2.565805004296252134e-01
2.226151654847508266e-01
2.226151654847508266e-01
2.226151654847508266e-01
2.226151654847508266e-01
2.226151654847508266e-01
2.226151654847508266e-01
2.226151654847508266e-01
1.991560822352456683e-01
1.991560822352456683e-01
1.991560822352456683e-01
1.991560822352456683e-01
1.991560822352456683e-01
1.991560822352456683e-01
1.806625454100214967e-01
1.806625454100214967e-01
1.806625454100214967e-01
1.806625454100214967e-01
1.788512339550723529e-01
1.785121226506887204e-01
1.785121226506887204e-01
1.784568451489966512e-01
1.784522181824410025e-01
1.784522181824410025e-01
1.784522181824410025e-01
1.784498170265845784e-01
1.784491034986192270e-01
1.784491034986192270e-01
1.784488937734189373e-01
1.784488937734189373e-01
1.784488937734189373e-01
1.784488937734189373e-01
1.784488937734189373e-01
1.784488937734189373e-01
1.682024913494200580e-01
1.682024913494200580e-01
1.682024913494200580e-01
1.682024913494200580e-01
1.682024913494200580e-01
1.682024913494200580e-01
1.682024913494200580e-01
1.682024913494200580e-01
1.682024913494200580e-01
1.682024913494200580e-01
1.654682847137155799e-01
1.654682847137155799e-01
1.654682847137155799e-01
1.654682847137155799e-01
1.654682847137155799e-01
1.653783636290828696e-01
1.653783636290828696e-01
1.652938685080810044e-01
1.652912768067197335e-01
1.652909329340630784e-01
1.652909329340630784e-01
1.652909329340630784e-01
1.652905751837362713e-01
