5.312018320326378529e+01
2.444008926451328279e+01
2.444008926451328279e+01
7.680830772200413215e+00
6.330154831306337826e+00
5.997378998924932425e+00
5.997378998924932425e+00
5.997378998924932425e+00
5.997378998924932425e+00
5.997378998924932425e+00
4.135110264257679802e+00
4.135110264257679802e+00
4.135110264257679802e+00
4.135110264257679802e+00
4.135110264257679802e+00
4.135110264257679802e+00
4.135110264257679802e+00
4.135110264257679802e+00
4.135110264257679802e+00
4.135110264257679802e+00
4.135110264257679802e+00
4.135110264257679802e+00
3.607857026666021483e+00
3.607857026666021483e+00
3.360122969817125771e+00
3.360122969817125771e+00
3.360122969817125771e+00
3.360122969817125771e+00
3.360122969817125771e+00
3.360122969817125771e+00
3.360122969817125771e+00
3.360122969817125771e+00
3.360122969817125771e+00
3.135352080383561724e+00
3.135352080383561724e+00
3.135352080383561724e+00
3.135352080383561724e+00
3.135352080383561724e+00
3.105949227446566319e+00
3.105949227446566319e+00
3.105949227446566319e+00
3.105949227446566319e+00
3.105949227446566319e+00
3.105949227446566319e+00
3.105949227446566319e+00
3.105949227446566319e+00
2.760029456320491015e+00
2.760029456320491015e+00
2.760029456320491015e+00
2.760029456320491015e+00
2.760029456320491015e+00
2.760029456320491015e+00
2.760029456320491015e+00
2.760029456320491015e+00
2.760029456320491015e+00
2.760029456320491015e+00
2.760029456320491015e+00
2.760029456320491015e+00
2.760029456320491015e+00
2.760029456320491015e+00
2.760029456320491015e+00
2.760029456320491015e+00
2.760029456320491015e+00
2.760029456320491015e+00
2.760029456320491015e+00
2.760029456320491015e+00
2.760029456320491015e+00
2.760029456320491015e+00
2.760029456320491015e+00
2.760029456320491015e+00
2.760029456320491015e+00
2.760029456320491015e+00
2.760029456320491015e+00
2.760029456320491015e+00
2.760029456320491015e+00
2.760029456320491015e+00
2.760029456320491015e+00
2.685990057470678316e+00
2.685990057470678316e+00
2.685990057470678316e+00
2.685990057470678316e+00
2.685990057470678316e+00
2.685990057470678316e+00
2.685990057470678316e+00
2.657540727172253536e+00
2.657540727172253536e+00
2.657540727172253536e+00
2.657540727172253536e+00
2.657540727172253536e+00
2.657540727172253536e+00
2.657540727172253536e+00
2.650050022991937482e+00
2.646713328887305039e+00
2.646713328887305039e+00
2.639292060675415108e+00
2.635405498650824185e+00
2.633688648189153270e+00
2.632875826981706524e+00
2.632540659847809827e+00
2.632380776996329441e+00
2.632298519625607014e+00
2.632259149528293207e+00
2.632214033801442810e+00
2.632202000104552297e+00
2.622801999886116509e+00
2.589793342832181988e+00
2.589793342832181988e+00
2.589793342832181988e+00
2.589793342832181988e+00
2.589793342832181988e+00
2.584860183349863227e+00
2.573675300422961776e+00
2.573675300422961776e+00
2.535036584929563741e+00
2.485830029742264191e+00
2.468517107804877320e+00
2.468517107804877320e+00
2.468517107804877320e+00
2.468517107804877320e+00
2.468517107804877320e+00
2.430420244641231964e+00
2.430420244641231964e+00
2.430420244641231964e+00
2.416085599013398699e+00
2.409361028518949510e+00
2.408278829569921786e+00
2.408111934189373304e+00
2.408073937969982481e+00
2.408061426743129285e+00
2.408058896258264081e+00
2.408058114340121403e+00
2.408055256542104949e+00
2.408054887516467346e+00
2.408054825984169867e+00
2.408054825984169867e+00
2.408054825984169867e+00
2.408054825984169867e+00
2.360603455163198472e+00
2.360603455163198472e+00
2.360603455163198472e+00
2.360603455163198472e+00
2.360603455163198472e+00
2.360603455163198472e+00
2.360603455163198472e+00
2.360603455163198472e+00
2.360603455163198472e+00
2.360603455163198472e+00
2.360603455163198472e+00
2.360603455163198472e+00
2.360603455163198472e+00
2.358578935794975795e+00
2.357559486318620223e+00
2.339642398903254428e+00
2.339642398903254428e+00
2.339642398903254428e+00
2.309823931516973516e+00
2.301749972317238324e+00
2.301479260386963599e+00
2.301350079427340489e+00
2.301300790225131010e+00
2.301288710728436548e+00
2.301288710728436548e+00
2.300196522091152662e+00
2.300196522091152662e+00
2.293971897936436743e+00
2.264728623621779846e+00
2.260077164129052463e+00
2.259427776488116102e+00
2.259332561368801784e+00
2.258427453124782769e+00
2.258427453124782769e+00
2.254062554290954701e+00
2.253049978802066811e+00
2.251721452242275046e+00
2.251721452242275046e+00
2.250203249189103083e+00
2.242473848564587868e+00
2.242292608830712908e+00
2.241686995665606918e+00
2.241322724986848591e+00
2.240984549824186267e+00
2.236948402889975540e+00
2.228536403934861632e+00
2.228536403934861632e+00
2.222268666959588579e+00
2.221366505706805494e+00
2.221316525294523281e+00
2.221314012049314446e+00
2.191091564777700729e+00
2.190309609476088770e+00
2.190281787142965619e+00
2.190262258442533749e+00
2.190261960777699191e+00
2.190261960777699191e+00
2.180753303089197459e+00
2.180578662862334482e+00
2.180578662862334482e+00
2.180561218528246581e+00
2.180561218528246581e+00
2.180561218528246581e+00
