2.872546884897978714e+01
2.872546884897978714e+01
2.183542172690330219e+01
6.781354042400938198e+00
6.781354042400938198e+00
6.781354042400938198e+00
5.055693382143166659e+00
3.472009229850035350e+00
3.472009229850035350e+00
9.630745337688384478e-01
9.630745337688384478e-01
9.630745337688384478e-01
7.525266800327218286e-01
7.525266800327218286e-01
7.525266800327218286e-01
7.525266800327218286e-01
7.525266800327218286e-01
7.525266800327218286e-01
7.525266800327218286e-01
7.525266800327218286e-01
7.525266800327218286e-01
7.525266800327218286e-01
7.525266800327218286e-01
7.525266800327218286e-01
5.543348497535371955e-01
5.543348497535371955e-01
5.543348497535371955e-01
5.543348497535371955e-01
5.543348497535371955e-01
5.543348497535371955e-01
5.543348497535371955e-01
5.543348497535371955e-01
5.543348497535371955e-01
5.543348497535371955e-01
5.543348497535371955e-01
5.543348497535371955e-01
5.543348497535371955e-01
5.543348497535371955e-01
5.356149642323159155e-01
5.356149642323159155e-01
5.356149642323159155e-01
5.356149642323159155e-01
5.356149642323159155e-01
5.356149642323159155e-01
5.356149642323159155e-01
4.196268572574196054e-01
4.196268572574196054e-01
4.196268572574196054e-01
4.196268572574196054e-01
4.196268572574196054e-01
4.196268572574196054e-01
4.196268572574196054e-01
4.196268572574196054e-01
4.125014427503879699e-01
4.125014427503879699e-01
4.125014427503879699e-01
4.125014427503879699e-01
4.125014427503879699e-01
4.125014427503879699e-01
4.125014427503879699e-01
4.125014427503879699e-01
4.125014427503879699e-01
4.125014427503879699e-01
4.125014427503879699e-01
4.125014427503879699e-01
4.125014427503879699e-01
4.125014427503879699e-01
4.125014427503879699e-01
2.273645828773970534e-01
2.273645828773970534e-01
2.273645828773970534e-01
2.273645828773970534e-01
2.273645828773970534e-01
2.273645828773970534e-01
2.273645828773970534e-01
2.273645828773970534e-01
2.273645828773970534e-01
2.273645828773970534e-01
2.079598947921762198e-01
2.079598947921762198e-01
2.079598947921762198e-01
2.079598947921762198e-01
2.079598947921762198e-01
2.079598947921762198e-01
2.079598947921762198e-01
2.079598947921762198e-01
2.079598947921762198e-01
2.079598947921762198e-01
2.079598947921762198e-01
2.079598947921762198e-01
2.079598947921762198e-01
2.079598947921762198e-01
2.079598947921762198e-01
2.079598947921762198e-01
2.079598947921762198e-01
2.079598947921762198e-01
2.079598947921762198e-01
2.079598947921762198e-01
2.079598947921762198e-01
2.079598947921762198e-01
2.079598947921762198e-01
2.078114941446126407e-01
2.078114941446126407e-01
2.062886262510799651e-01
2.038855683791597762e-01
2.038855683791597762e-01
2.038855683791597762e-01
1.976763288816816844e-01
1.976763288816816844e-01
1.976763288816816844e-01
1.976763288816816844e-01
1.976763288816816844e-01
1.976763288816816844e-01
1.976763288816816844e-01
1.976763288816816844e-01
1.976763288816816844e-01
1.976763288816816844e-01
1.976763288816816844e-01
1.976763288816816844e-01
1.976763288816816844e-01
1.777843927069058250e-01
1.777843927069058250e-01
1.695362063140575248e-01
1.659381309709706265e-01
1.659381309709706265e-01
1.659381309709706265e-01
1.659381309709706265e-01
1.659381309709706265e-01
1.659381309709706265e-01
1.659381309709706265e-01
1.659381309709706265e-01
1.659381309709706265e-01
1.659381309709706265e-01
1.659381309709706265e-01
1.646711003821281771e-01
1.646711003821281771e-01
1.646711003821281771e-01
1.646711003821281771e-01
1.636730165493049394e-01
1.632337064523414205e-01
1.631816224458373099e-01
1.631296911145111161e-01
1.631273002725307231e-01
1.631238873824848723e-01
1.631238873824848723e-01
1.631153624290618831e-01
1.631153624290618831e-01
1.631153624290618831e-01
1.631153624290618831e-01
1.631153624290618831e-01
1.631153624290618831e-01
1.631153624290618831e-01
1.631153624290618831e-01
1.631153624290618831e-01
1.631153624290618831e-01
1.631153624290618831e-01
1.631153624290618831e-01
1.573751683673569879e-01
1.573751683673569879e-01
1.573751683673569879e-01
1.573751683673569879e-01
1.573751683673569879e-01
1.573751683673569879e-01
1.573751683673569879e-01
1.573751683673569879e-01
1.573751683673569879e-01
1.573751683673569879e-01
1.573751683673569879e-01
1.377625527714243792e-01
1.291322040150001127e-01
1.291322040150001127e-01
1.275390836478027534e-01
1.275390836478027534e-01
1.262673967147963372e-01
1.262673967147963372e-01
1.258442853035947606e-01
1.258442853035947606e-01
1.258442853035947606e-01
1.255696414002127337e-01
1.255402130226581370e-01
1.255368659862520220e-01
1.255363416006102517e-01
1.255363416006102517e-01
1.255363416006102517e-01
1.255363416006102517e-01
1.255363416006102517e-01
1.255363416006102517e-01
1.255363416006102517e-01
1.255363416006102517e-01
1.255363416006102517e-01
1.255362455818689327e-01
1.255362455818689327e-01
1.255362455818689327e-01
1.255362455818689327e-01
1.255362455818689327e-01
1.255362455818689327e-01
1.255362455818689327e-01
1.255362455818689327e-01
1.255362455818689327e-01
1.255362287197964444e-01
