8.779551261983937138e+01
3.155889596286751697e+01
3.155889596286751697e+01
2.551042450255739169e+01
2.551042450255739169e+01
1.335037282162278593e+01
9.996728590745975751e+00
9.996728590745975751e+00
2.073835840029592870e+00
2.073835840029592870e+00
2.073835840029592870e+00
2.073835840029592870e+00
2.073835840029592870e+00
2.073835840029592870e+00
2.073835840029592870e+00
2.073835840029592870e+00
2.073835840029592870e+00
1.661598685588218771e+00
1.661598685588218771e+00
1.661598685588218771e+00
1.286166271220386070e+00
1.286166271220386070e+00
1.286166271220386070e+00
1.286166271220386070e+00
1.286166271220386070e+00
1.286166271220386070e+00
1.286166271220386070e+00
1.286166271220386070e+00
1.286166271220386070e+00
1.286166271220386070e+00
1.286166271220386070e+00
6.932649325133466434e-01
6.932649325133466434e-01
6.932649325133466434e-01
6.932649325133466434e-01
4.455632043671644560e-01
4.455632043671644560e-01
4.455632043671644560e-01
4.455632043671644560e-01
4.455632043671644560e-01
4.455632043671644560e-01
4.455632043671644560e-01
4.455632043671644560e-01
4.455632043671644560e-01
4.455632043671644560e-01
4.455632043671644560e-01
4.455632043671644560e-01
4.455632043671644560e-01
4.455632043671644560e-01
4.455632043671644560e-01
4.455632043671644560e-01
4.455632043671644560e-01
4.455632043671644560e-01
4.455632043671644560e-01
4.455632043671644560e-01
4.455632043671644560e-01
4.455632043671644560e-01
4.455632043671644560e-01
3.312405722383248152e-01
3.312405722383248152e-01
3.312405722383248152e-01
3.312405722383248152e-01
3.312405722383248152e-01
3.312405722383248152e-01
3.312405722383248152e-01
3.197621756795611114e-01
3.197621756795611114e-01
3.197621756795611114e-01
2.687231694800397697e-01
2.687231694800397697e-01
2.687231694800397697e-01
2.687231694800397697e-01
2.687231694800397697e-01
2.687231694800397697e-01
2.687231694800397697e-01
2.687231694800397697e-01
2.687231694800397697e-01
2.687231694800397697e-01
2.687231694800397697e-01
2.687231694800397697e-01
2.687231694800397697e-01
2.568376846621563403e-01
2.568376846621563403e-01
2.568376846621563403e-01
2.568376846621563403e-01
2.568376846621563403e-01
2.568376846621563403e-01
2.568376846621563403e-01
2.568376846621563403e-01
2.310177848811579282e-01
2.310177848811579282e-01
2.310177848811579282e-01
2.310177848811579282e-01
2.310177848811579282e-01
2.179130071509779443e-01
2.125937808987269362e-01
2.125937808987269362e-01
2.125937808987269362e-01
2.125937808987269362e-01
2.125937808987269362e-01
2.125937808987269362e-01
2.125937808987269362e-01
2.125937808987269362e-01
2.125937808987269362e-01
2.125937808987269362e-01
1.974170363677061057e-01
1.974170363677061057e-01
1.974170363677061057e-01
1.916160210054115853e-01
1.814007748195707315e-01
1.775658353166024994e-01
1.760360641329430653e-01
1.753977072528646597e-01
1.751248133359206982e-01
1.750079671793846881e-01
1.749576122330258887e-01
1.749363982511869253e-01
1.749277735251121568e-01
1.749239947879473456e-01
1.749224481275309384e-01
1.749212790345323343e-01
1.749211075280288075e-01
1.749211075280288075e-01
1.749211075280288075e-01
1.749209949099610750e-01
1.749209949099610750e-01
1.749209949099610750e-01
1.749209949099610750e-01
1.749207772070674738e-01
1.749207772070674738e-01
1.728972658363049364e-01
1.728972658363049364e-01
1.728972658363049364e-01
1.728972658363049364e-01
1.728972658363049364e-01
1.728972658363049364e-01
1.728972658363049364e-01
1.728972658363049364e-01
1.728972658363049364e-01
1.728972658363049364e-01
1.728972658363049364e-01
1.728972658363049364e-01
1.728972658363049364e-01
1.728972658363049364e-01
1.728972658363049364e-01
1.728972658363049364e-01
1.728972658363049364e-01
1.728972658363049364e-01
1.660767257664624852e-01
1.660767257664624852e-01
1.660767257664624852e-01
1.660767257664624852e-01
1.660767257664624852e-01
1.623359920524926892e-01
1.623359920524926892e-01
1.611186485185766848e-01
1.611186485185766848e-01
1.611186485185766848e-01
1.611186485185766848e-01
1.608024133179570547e-01
1.607284205520239095e-01
1.607152051867483111e-01
1.607102150174030686e-01
1.607099254274182709e-01
1.607084673841311373e-01
1.607082355844342558e-01
1.607082320504260586e-01
1.607082320504260586e-01
1.607082320504260586e-01
1.607082320504260586e-01
1.607082320504260586e-01
1.573695482247843003e-01
1.573695482247843003e-01
1.524545429626204263e-01
1.507878580764659970e-01
1.506112698101831626e-01
1.505904865060090081e-01
1.505878983392237858e-01
1.505867288023052530e-01
1.346716619140702065e-01
1.344605197222733528e-01
1.344605197222733528e-01
1.344605197222733528e-01
1.339695008197420434e-01
1.329642617586423436e-01
1.325734710626028379e-01
1.325481531095826504e-01
1.325473799988531320e-01
1.325473799988531320e-01
1.325470208936333494e-01
1.325470208936333494e-01
1.325470208936333494e-01
1.322295201498483452e-01
1.322295201498483452e-01
1.322196138205319615e-01
1.322074316157093310e-01
1.322037683833194033e-01
1.322033896171782574e-01
1.322033896171782574e-01
1.321876428027446149e-01
