-7.051898092878550628e+00
-3.611308477412735307e+00
-5.262938155527277395e+00
-6.286249857262866669e+00
-2.504750519224833827e+00
-6.502561962357145120e-01
-5.978015425126714355e+00
-2.685637553258568122e+00
1.161674319623162699e+00
-5.589399903388832413e+00
-2.527306434567589299e+00
-5.313575826349916653e+00
-2.828266414574289289e+00
-3.466614515127806606e-01
-2.750787442955014761e+00
-1.498504292121350501e+00
-2.380111670817278480e+00
-6.928341719104873064e+00
-2.246202213067633124e+00
1.372500998596440924e-01
-8.167065690142429446e+00
-1.440170740286831119e+00
-1.050148412752132998e+01
-3.421533941145049162e+00
-6.827918933491975428e-01
-5.486983157983051917e+00
-2.674504085688444555e+00
-4.304868424595613696e+00
-3.053032828378612784e+00
-6.623173940496243972e+00
-2.574414380439103756e+00
7.875568803065045032e-01
-6.876024317720383472e+00
-3.226712540252990813e+00
-1.570149065562969293e+00
-5.573139199299494528e+00
-1.545923125725540581e+00
-6.798962572385504055e-01
-6.019541495901320260e+00
-3.348258857455305826e+00
-4.306792036190505990e-01
-7.549490759447513355e+00
-2.713887844169799557e+00
-4.453876325737757269e-01
-9.027014983012229266e-01
-2.290252455668385867e+00
-6.358752293349703599e+00
-2.934209447494743550e+00
-9.216049188204014087e-01
-7.556128519973394297e+00
-3.180921947154340845e+00
1.601175338662635117e-01
-6.763768151303682252e+00
-1.971344099402989158e+00
9.434704045688919738e-01
-6.659486207315381101e+00
-2.265204790683096547e+00
1.128675150449668596e+00
-5.396232246333358518e+00
-3.325531797846760895e+00
-2.617259828203298277e-01
-6.780155554522088401e+00
-7.158198104120263583e-01
-6.453819937555000052e+00
-2.150832128559036605e+00
-6.176423739402932434e+00
-2.623219950994549077e+00
-5.960730325604388646e+00
-9.276384154277399485e-01
-5.170274170139898651e+00
-2.948157265529555371e+00
-6.523143822162444927e+00
-1.606116742793836538e+00
-4.796500828445322107e+00
-1.801054427683761672e+00
-5.630514731393856387e+00
-1.300932751146197219e+00
-5.528229056714399903e+00
-2.321716245728309147e+00
-5.941202914471965357e+00
-1.493053029912555951e+00
-3.944183090262664226e+00
-3.759245189671706733e+00
-4.373029934930034557e+00
-1.684807457036843870e+00
-3.663189162055583203e+00
-3.537169478136020562e+00
-4.672396595238463846e+00
-3.139247322970740051e+00
-3.210092091243189838e+00
-3.286271988855779203e+00
-4.281939771344042356e+00
-3.769391473109965585e+00
-3.985795851693672454e+00
-1.925759454230897338e+00
1.833775639255125656e+00
-4.984652104862717259e+00
-2.077642041255098881e+00
2.165489400425196109e+00
-5.562071616682320752e+00
-3.360967254446630914e+00
1.546405060883540683e+00
-2.925758693722824599e+00
-1.848987600024041722e+00
4.697588867567936699e-01
