8.414264225943297870e-02 1.394782444310729008e-01 1.216661145063169691e+00
1.188082730985032948e-01 9.675536953888032310e-02 1.232553390827487272e+00
8.684818107356608030e-02 1.105289166520309202e-01 1.347839569655042702e+00
2.654852268835746210e-01 6.422571777036015228e-02 1.256824218553192152e+00
8.125756434672683215e-02 1.478002871045084599e-01 1.338818061110981228e+00
1.182867246584824866e-01 1.049630865926392126e-01 1.372668192846592028e+00
5.417387025059242772e-02 1.911389409695253006e-01 1.484643285955920433e+00
1.354813246464666165e-01 9.561862215756634920e-02 1.230008610623168019e+00
4.880620238506168385e-02 1.546071745908330075e-01 1.382602455711205325e+00
1.512151313987590839e-01 8.444957435657672595e-02 1.269252105140958431e+00
1.156525614702250682e-01 1.506218873559148630e-01 1.327658747216778012e+00
8.551713103906702362e-02 1.220100977094558253e-01 1.262503457043513189e+00
6.221301378608603411e-02 1.476777282772510080e-01 1.358831721389920366e+00
2.192000745511511195e-01 6.976849985250815900e-02 1.169898576461906092e+00
7.213851827302539266e-02 1.255970617468159800e-01 1.416908604108106928e+00
1.761400588839298342e-01 9.191672871168522774e-02 1.198411304231917329e+00
1.832385687847315758e-01 1.016688923436721154e-01 1.324521123612704132e+00
1.658528403143549046e-01 7.622246527628703805e-02 1.433855546709659423e+00
1.106591786030876323e-01 1.036968451082368875e-01 1.223540551955243583e+00
9.713767826897259927e-02 9.588517443774356719e-02 1.376248196661751910e+00
8.063859453140254097e-02 1.115449765419726652e-01 1.222086034260366327e+00
1.844636122476065176e-01 7.764316099933499249e-02 1.215048122559289068e+00
6.017983448675708058e-02 1.655980273201623498e-01 1.409180704500192283e+00
6.449906155119743134e-02 1.478526073687572995e-01 1.186387173669937178e+00
1.046091526949355366e-01 1.291444229096023188e-01 1.212643209313200687e+00
9.172613600788745436e-02 1.289919472779826048e-01 1.295086423223932748e+00
5.658305557295819493e-02 1.493965119302344546e-01 1.190127479259327714e+00
1.144879213173784216e-01 1.183907520680659020e-01 1.373632882444049796e+00
1.144133815152339750e-01 1.209545012085649074e-01 1.450102306331964686e+00
7.560744544826809854e-02 1.329888813435247119e-01 1.184014188478895724e+00
1.346327483003177672e-01 1.111178095374847075e-01 1.318644295756837614e+00
1.210906786143404329e-01 1.111489555757122077e-01 1.323126526458642704e+00
8.010244597905277764e-02 1.109781800265254997e-01 1.276165880773898031e+00
1.133590629165646541e-01 1.329476711127574873e-01 1.352744253431639621e+00
7.565277323942740106e-02 1.746437573285473943e-01 1.173449488258785367e+00
6.195837620965434500e-02 1.427394910083024659e-01 1.439252171118279966e+00
1.436612532736460113e-01 8.443814974378742455e-02 2.096605292489053252e+00
8.309451304225737300e-02 1.489800700295094982e-01 1.240554295791578721e+00
1.006621750539102161e-01 1.190326323290599453e-01 1.370094963077970185e+00
1.386271669532419815e-01 1.254716471095338459e-01 1.275800526812699731e+00
1.860956614978294676e-01 8.464689727659058249e-02 1.142303352136139871e+00
1.344062915168444949e-01 8.428555590426654864e-02 1.181056940641519004e+00
1.037287550804854019e-01 1.212229673446906381e-01 1.229391151392684067e+00
6.022569796972510742e-02 1.560940913783798456e-01 1.437761298999919335e+00
1.122862554685144648e-01 1.977743409710563671e-01 1.284198323950095144e+00
7.324940159205652057e-02 1.681235908792950984e-01 1.222175462546192692e+00
1.285186592427538799e-01 1.017577735309070225e-01 1.286046200977805531e+00
1.304063209066233797e-01 8.747504949705864341e-02 1.139360954079094546e+00
1.422684894043636239e-01 1.084377076643815579e-01 1.214591799544206152e+00
1.251510016793087321e-01 1.086151617468067848e-01 1.635007599341604667e+00
3.171875825688119654e-01 7.837940279505919983e-02 1.273010964051340066e+00
7.485027628903258290e-02 1.260927770043888951e-01 1.235326930761605047e+00
2.056908052314931901e-01 7.082322301126732500e-02 1.178559350427182073e+00
9.556124586266458165e-02 1.347097891218382859e-01 1.389606066440917997e+00
5.373538603940807012e-02 1.484926123857830682e-01 1.308881728756247087e+00
1.681927922674299747e-01 7.466391429472149510e-02 1.261325926180697943e+00
9.460130243406068840e-02 1.213136741420922510e-01 1.382782498110710412e+00
7.090748682604587627e-02 1.399468254172831494e-01 1.192380315207318242e+00
1.092076781934729762e-01 9.538594696401382633e-02 1.215130948177458370e+00
6.467770185738509758e-02 1.411703904162750212e-01 1.331784636998775584e+00
1.266980439129257174e-01 1.100909693965383129e-01 1.372648266204805623e+00
1.389976337976046861e-01 1.161222333299584963e-01 1.301806635307079851e+00
1.346323445875252933e-01 9.590947768106247717e-02 1.324106265252605885e+00
1.522266847214857333e-01 8.830730561491657860e-02 1.107649167687530412e+00
9.882253159891536687e-02 1.028298848725329451e-01 1.487664369756663163e+00
1.693077462020936008e-01 9.354321851423864909e-02 1.195955061513358952e+00
1.189851486028822569e-01 9.781642219675665273e-02 1.276078393300489111e+00
1.897252188939164697e-01 7.480816042259959275e-02 1.296049430315266981e+00
1.458930268523885299e-01 9.065128818772071051e-02 1.642821695865915421e+00
1.401773381632455406e-01 1.030683253824291878e-01 1.421259068278184046e+00
1.018030704281767396e-01 1.748431904424793959e-01 1.251170296388489644e+00
6.765278636684202151e-02 1.470690737101401913e-01 1.173842968530001141e+00
5.069113073342002701e-02 1.757270229528915539e-01 1.455990954756338773e+00
5.291296645877780619e-02 1.513972577426193900e-01 1.456770512325766598e+00
8.591109043054734329e-02 1.170068245496142662e-01 1.226783624060222344e+00
9.487650234169676955e-02 1.401263806469224826e-01 1.252224818730409472e+00
8.570279641382523572e-02 1.415860031930992191e-01 1.269699191173564001e+00
5.211250635138459097e-02 1.744079022244925947e-01 1.390705354721329279e+00
6.575535895267041464e-02 1.701201623114957928e-01 1.431330372325538614e+00
1.366993844623454191e-01 9.057797139221344940e-02 1.229835342748405003e+00
1.644534626894305074e-01 9.628737247152273360e-02 1.143964631193882253e+00
1.042205876964814870e-01 1.651149946127373203e-01 1.312892487677495668e+00
1.191565557100976586e-01 1.142000431541989602e-01 1.329165517436501132e+00
7.521325097794637204e-02 1.395004764713145273e-01 1.531572666972866870e+00
5.970913448761139275e-02 1.758209112388175732e-01 1.187298822115801400e+00
6.372329855752102701e-02 1.426981977190912021e-01 1.487847343132153277e+00
9.003755108567688958e-02 1.112093897868630943e-01 1.165279632153130462e+00
7.392069571422292540e-02 1.306097289003951001e-01 1.240284239693403068e+00
8.665393478508635894e-02 1.302239884245266766e-01 1.314779316568214673e+00
5.485052712684577308e-02 2.313540302869104559e-01 1.565976465470737544e+00
9.475836116375210838e-02 1.034117944614983131e-01 1.154131399639752642e+00
1.263641945537439526e-01 9.737731571920414664e-02 1.448825137038754152e+00
1.217633445930964148e-01 9.399428146077812296e-02 1.114765563446051377e+00
7.707215924178309474e-02 1.364308686077025379e-01 1.332497216218310632e+00
5.844782254620623646e-02 1.330395213656221376e-01 1.465608845148654860e+00
1.133686807722145973e-01 1.096016337857821377e-01 1.313309914679300805e+00
8.393220323505437563e-02 1.271503984311818658e-01 1.424226857030874704e+00
1.559363212870362170e-01 8.479305014580081068e-02 1.158671386338115949e+00
1.160748666797085799e-01 1.098364769719585993e-01 1.224640414754642359e+00
2.203909003171831416e-01 6.528428044723505463e-02 1.237954094981120301e+00
