-5.942739880384455553e+00
-4.201528155347517668e+00
-5.982152124503992141e+00
-5.739019764756231545e+00
-3.715065503655230472e+00
-6.853235654331363280e-01
-6.451870309352204735e+00
-2.661386964037823599e+00
-1.350469922565640246e-01
-5.949621925511600296e+00
-2.089665985619172606e+00
-6.590820014722670095e+00
-3.339299083526315659e+00
-4.360734266960996641e-01
-2.402130064849091085e+00
-2.171096140730303325e+00
-1.397265686115943595e+00
-5.179786670551318473e+00
-2.850912935759565059e+00
6.878487581273703411e-01
-9.171187061867749790e+00
-1.904609543705633845e+00
-9.438489111345088389e+00
-2.438731749617942146e+00
1.013468478737140410e+00
-7.624997218488431372e+00
-3.335454754196483851e+00
-4.310239801553771066e+00
-4.497776541843776954e+00
-7.434813741212825455e+00
-3.528857705044887716e+00
1.131533931049717445e+00
-6.351227609575631483e+00
-4.629617485627679940e+00
-8.572070920522475435e-01
-5.145403570408954685e+00
-2.119627703790830875e+00
5.670859061098501019e-01
-5.347149603327219225e+00
-3.893481754687960095e+00
1.096733655885892667e+00
-7.275097127307351030e+00
-1.672041294559186042e+00
-6.293575860786666532e-01
-1.460227518499976229e+00
-3.547793608552693545e+00
-8.348142758329556656e+00
-1.342638280943597273e+00
-4.650411507350268869e-01
-7.775991366939400073e+00
-3.816489949501233436e+00
2.957734240391762803e-02
-7.421645182982008926e+00
-2.321947647670353110e+00
-9.116366107261542062e-01
-6.487104270079482760e+00
-8.608654945004232673e-01
-3.552307699227823523e-01
-7.966698626735165156e+00
-2.817061584557598586e+00
-6.226515146236994980e-01
-5.650487410933131116e+00
-9.385386205944155069e-01
-6.105625096466515522e+00
-1.062637721523940426e+00
-7.436609269866412575e+00
-1.981325172188206141e+00
-7.040746958427095414e+00
-2.590517621850926488e+00
-4.726176398830560288e+00
-3.311821524856765731e+00
-5.772969186841629075e+00
-1.850906178902942179e+00
-6.038291441114411739e+00
-2.074585551239555681e+00
-7.515110138198341616e+00
-1.448922263695934909e+00
-6.293479284912952387e+00
-2.360521919604075425e+00
-6.923308788666131974e+00
-2.194989035476494266e+00
-4.105527211963855727e+00
-2.085785726568064824e+00
-4.381931105730133780e+00
-3.627738215776810105e+00
-4.953564147117289984e+00
-3.853554764151752465e+00
-4.687930169204074460e+00
-2.911341087009945650e+00
-4.926875303345720880e+00
-2.920462485257213192e+00
-4.566260551348479524e+00
-4.428074539951492916e+00
-4.970191813464352570e+00
-1.354977583866658675e+00
1.263455895597524137e+00
-2.880342352430257602e+00
-2.334976178512175871e+00
1.721073263482316484e+00
-3.031225386323327164e+00
-3.801132997953772019e+00
-6.882330893072168276e-01
-5.136726034162943044e+00
-3.642253319377002807e+00
4.671207806863475476e-02
