-6.933139912021845319e+00
-2.000000000000000000e+00
-4.415811371446080713e+00
-5.308387181175268310e+00
-3.166895368536464694e+00
-9.134836168079497609e-01
-6.751973744038970437e+00
-2.000000000000000000e+00
5.498588660285630425e-03
-6.286165626153830566e+00
-3.186936251020010324e+00
-5.947430778503772331e+00
-2.775936862629927226e+00
-1.939344688766347247e+00
-2.592942646761024594e+00
-1.781769639407837058e+00
-1.000000000000000000e+00
-6.600324903190714743e+00
-2.267460402691831245e+00
1.000000000000000000e+00
-6.488287821011221368e+00
-2.287340061691589543e+00
-8.256647688695432308e+00
-3.204394261554825540e+00
1.000000000000000000e+00
-4.698970004336018746e+00
-4.000000000000000000e+00
-4.568810412141862898e+00
-2.428920828175230362e+00
-7.501649803764414592e+00
-3.716249704040645696e+00
-6.081165356215814111e-01
-6.530456015366516986e+00
-3.636546094926935258e+00
-1.189075828605775875e+00
-5.950315009558529766e+00
-1.658286673540676937e+00
-6.501082941835489848e-04
-6.325628379191509332e+00
-2.000000000000000000e+00
7.550736675476107385e-01
-6.654589510036290179e+00
-3.339420147960348029e+00
1.000000000000000000e+00
0.000000000000000000e+00
-3.534327296702597820e+00
-6.500000000000000000e+00
-4.000000000000000000e+00
1.000000000000000000e+00
-8.000000000000000000e+00
-2.773646642855168487e+00
-1.000000000000000000e+00
-8.000000000000000000e+00
-3.649787832933458986e+00
-1.000000000000000000e+00
-6.968538330986432605e+00
-3.005715388825848766e+00
9.792105028136259826e-01
-7.731419709907587645e+00
-3.733665074460538413e+00
-1.000000000000000000e+00
-6.423604974331795781e+00
-1.804560644581312268e-01
-6.927276605443341673e+00
-9.487906560180447979e-01
-5.597379813887465971e+00
-3.000000000000000000e+00
-6.487348377023675283e+00
-3.000000000000000000e+00
-6.987187262841927371e+00
-1.554553019653197810e+00
-5.156426221180963054e+00
-4.563553135870560551e-01
-7.000000000000000000e+00
-2.845194540612919987e+00
-5.641213345598617757e+00
-2.816163369920356985e+00
-6.943306932320371772e+00
-1.989324643669291071e+00
-5.273299529694829069e+00
-1.003182545850816121e+00
-3.957557405191071354e+00
-4.000000000000000000e+00
-4.296859632186249556e+00
-3.915756473327360876e+00
-2.832812540597446027e+00
-2.000000000000000000e+00
-2.690196149515636570e+00
-3.298729288116280411e+00
-2.777354625056180915e+00
-2.000000000000000000e+00
-3.944549250698517806e+00
-2.995597945146157404e+00
-5.468410081604202055e+00
-3.301951420646695112e+00
1.358073665617702375e+00
-4.122322522704333636e+00
-3.469692143501036607e+00
1.828795511179315936e+00
-3.636962782367779479e+00
-2.262544697841974095e+00
1.769021958047853893e+00
-5.544068022635552317e+00
-2.724037679105008714e+00
5.233208403221025762e-01
