3.100805319642610525e-02 3.580588136430835206e-02 2.520004238908586311e-02
4.283921120813779376e-02 3.503287212490397567e-02 4.847459559943950030e-02
2.003225841515427971e-02 4.332709242985006981e-02 2.785806453728739349e-02
4.504706055226804368e-02 3.085155707165847944e-02 5.611276537933719381e-03
1.667873538584746865e-02 4.265755444033347832e-02 3.107839850125464556e-02
2.453333248642100214e-02 4.861434726039755988e-02 3.749643907036304125e-02
3.830175983248453736e-02 2.010243602807235130e-02 1.783650921350420429e-02
3.736316644252203611e-02 2.944975153943723764e-02 8.131909057768496249e-03
2.562747160258969578e-02 3.132191188080263311e-02 2.352712086600277849e-02
3.761024523791282881e-02 2.267931244923282463e-02 3.685686321653756925e-02
2.460945865189118759e-02 4.787107515447851236e-02 2.479670662958574634e-02
3.161955818621070557e-02 2.416002232241538580e-02 6.286182273787799257e-03
3.121770351800673415e-02 5.151071248571526678e-02 1.445192220479727362e-02
3.636166947342202305e-02 2.216505783370112392e-02 2.835117945625824712e-02
2.195991269393407150e-02 3.349836469400282318e-02 1.670862200314492813e-02
3.594456574841947694e-02 3.722526528183219691e-02 2.126062736444099890e-02
2.904047688228588928e-02 3.328776869187914655e-02 2.910956052564853472e-02
4.368362076439973041e-02 2.292947202649578756e-02 1.793220695872485906e-02
2.760556088026070234e-02 3.868683837596192249e-02 4.567289191118498876e-02
3.038612699899732525e-02 4.070844662815364251e-02 2.967177853274819907e-02
2.697376585567022936e-02 3.576964884551287610e-02 3.207790316858134122e-02
4.638333959837444287e-02 2.737181098973242091e-02 5.570393364863080593e-03
4.694866545854374518e-02 3.108162738160888047e-02 1.723105496511951815e-02
3.081171386946471996e-02 3.746466016551407152e-02 2.100146208200998066e-02
1.945931405896044949e-02 3.373205526364302098e-02 2.027784548724764421e-02
5.917683173966169913e-02 2.611764027530075541e-02 5.374443102106010728e-03
3.116860372579472946e-02 2.625459901024774362e-02 2.471273957118018047e-02
2.252681017609476158e-02 3.311471079037916349e-02 1.994474616644236267e-02
4.169851277470443957e-02 2.493742733908974399e-02 1.326952934602978855e-02
1.835598472306863155e-02 4.122773048909305488e-02 5.706740727379403660e-02
4.455836839138980349e-02 2.297248070695601108e-02 1.950392689668143525e-02
1.988815588444300259e-02 6.078592956318531332e-02 4.024356454007282230e-02
5.057173177758531729e-02 2.253578143178307583e-02 3.738179884968095834e-02
1.842097256442542033e-02 6.004777220455672498e-02 3.105515615708299981e-02
4.405667559353916574e-02 2.764102556626939558e-02 1.962540183289256113e-02
1.804882550723641704e-02 4.777439578980852142e-02 3.726656093621037030e-02
3.814838096038435794e-02 6.073160113277509264e-02 1.414562546549025419e-02
2.562485253807190652e-02 3.778514530458277482e-02 4.832394160750053819e-02
4.136642330243898991e-02 2.736915424756024978e-02 1.663607781727737336e-02
2.563699203195305906e-02 3.984825197515486084e-02 1.317703031972153847e-02
6.127793677707209230e-02 1.974821999403646861e-02 7.411476799318688670e-03
4.382554689418587807e-02 2.424850783846735011e-02 1.499821756356112257e-02
4.848995845352109535e-02 2.250681348382773533e-02 1.503141511704376987e-02
2.054679450489844614e-02 2.523547202952402743e-02 1.700931469768861629e-02
3.214903527668837302e-02 2.349950889529549974e-02 8.901019417765693165e-02
1.955589660552797815e-02 5.753242801405663437e-02 2.613362647816425480e-02
2.645312759394460519e-02 3.034942027678963136e-02 2.051491147382140598e-02
3.590778077754130243e-02 3.435917454688854067e-02 2.967960049477978701e-02
4.022723884825148838e-02 2.606050608562467813e-02 2.526370224346604840e-02
2.313499696837383393e-02 4.467174614347244749e-02 2.032518797700007609e-02
2.845001106192983006e-02 4.053722167212874677e-02 1.740457943173466873e-02
2.463673284607761568e-02 7.244916364029765909e-02 1.067708050895778589e-02
5.496105150208656365e-02 2.294227460202311747e-02 1.864321740284645076e-02
2.753661697872922254e-02 3.749161473721571852e-02 1.014871602499593448e-02
4.383716038025577827e-02 2.324068300266891179e-02 1.164769552179383688e-02
4.303615639555733591e-02 2.190379469280884228e-02 1.610584940154339076e-02
2.269523804424248073e-02 3.709577598273928328e-02 3.017856441968597148e-02
2.859109342300638484e-02 3.179996316284449537e-02 1.906653976054829835e-02
2.146569285331372673e-02 3.025195449706288148e-02 2.020022212331757869e-02
2.508296875539217305e-02 4.414706311642106751e-02 1.774778266732153151e-02
2.979633596256688402e-02 3.365470959368763865e-02 3.626821162152270295e-02
2.607264972508405165e-02 2.243728485619874563e-02 3.709673601192971931e-02
3.260936034645282866e-02 2.338764986919869907e-02 2.322937542701628000e-02
7.785131112354282124e-02 1.842348258403667463e-02 1.037958412954737529e-02
3.311573076137478561e-02 2.032312464687113795e-02 1.035905914009350032e-01
3.266559085862251466e-02 4.814613149749524812e-02 1.228407081425301854e-02
3.117790337028798417e-02 3.160654508948521763e-02 1.453120408591269778e-02
4.913914591388940378e-02 1.752306594339441206e-02 1.758899667319137328e-02
4.143547873815386223e-02 3.330369938425344761e-02 2.724147300728976817e-02
6.066963491268081293e-02 2.116092809315707132e-02 2.690971158126166662e-02
2.028503081324894639e-02 2.964673169597907901e-02 2.218468824444429568e-02
3.066470394270870425e-02 3.914797714955026847e-02 4.511685122887677986e-03
3.885740256981901758e-02 5.547921463381410428e-02 1.602374077355735171e-02
5.144027901119713198e-02 2.704748916037303177e-02 9.379724645128614466e-03
3.471071199829677684e-02 2.682769696119885125e-02 1.243668455166565406e-02
1.659563475400021096e-02 4.114482359492598051e-02 2.297225710195773332e-02
5.087572243135431854e-02 2.394320364030189802e-02 1.107053128464887369e-02
2.577126543753470098e-02 2.694436510666827628e-02 3.678461345872693911e-02
4.001490745758812251e-02 3.203553280058306363e-02 1.272018527521647478e-02
4.099869221472882824e-02 3.704558326397212886e-02 1.646975354418251172e-02
2.334739757887106110e-02 3.323305567983280556e-02 2.170812881338990419e-02
2.801716960187874972e-02 3.135548199958328175e-02 8.919305049915615680e-03
4.412183573103305861e-02 3.738589203006207479e-02 2.415135449496773681e-02
4.579902629952622289e-02 2.012132765521022076e-02 2.333102633950414825e-02
4.556055953323550484e-02 4.755168491557654892e-02 4.558157803674717234e-02
2.958390833949695736e-02 2.959870827233863216e-02 1.432513385497387846e-02
2.947618318216999045e-02 3.220682375772290079e-02 3.934633176780418656e-02
3.465642822666855499e-02 3.097987309772843798e-02 1.656461305397786965e-02
4.318554371095713329e-02 2.381635131003676312e-02 1.611586002380757318e-02
4.687726569373390495e-02 3.003384776759090991e-02 1.673243262910070403e-02
1.661370014897654152e-02 3.823997770424922976e-02 2.806613984572085829e-02
4.735367324422497248e-02 3.160572548691537725e-02 1.780637010004308338e-02
2.939035167153144362e-02 3.002485409847125905e-02 2.000356856449969634e-02
2.669069235896647310e-02 4.802744315251307461e-02 1.332166861350515992e-02
2.199478907061200306e-02 3.386204640031729302e-02 1.247689662590109466e-01
5.395559905672121792e-02 2.351831758501185879e-02 3.690071635519887039e-02
1.571731616882975774e-02 4.998849791021380690e-02 1.374106024690782864e-02
5.530808982103346816e-02 2.229549043757767315e-02 1.574108824826407974e-02
1.845256563105126049e-02 4.752253724478427283e-02 1.996903041893940967e-02
4.066681483803993163e-02 3.154277853417040978e-02 2.187450993856548953e-02
