5.458072744873065235e-02 3.957487847124128988e-02 5.445358215562298883e-03
3.544210352926135260e-02 3.014060472054786929e-02 7.948464677359276878e-03
2.707368431682538948e-02 3.197606643885887029e-02 1.392765470878790622e-02
4.019701928770225835e-02 1.916024019818738516e-02 1.141108047874585425e-02
3.297312162328612517e-02 2.921579960978471988e-02 2.873013994148122807e-02
3.299341492206536719e-02 1.474765415615220294e-02 1.554131035851264754e-02
3.588006021340463259e-02 3.803059663508406851e-02 9.359606653259832862e-03
3.578853186096917632e-02 2.180966569141954206e-02 7.467969735322664560e-02
3.444235387319119490e-02 2.128235938272865502e-02 1.777031463472423731e-02
3.205129919758838153e-02 2.390914321574181059e-02 5.450005644739627092e-03
5.540505740987949207e-02 1.887222930963973130e-02 3.361573118067101313e-03
3.351561472937054226e-02 1.592159262158516705e-02 8.168510035078467568e-02
3.544127149406219729e-02 1.904470066325278377e-02 3.005546667135583841e-02
5.068581346527482184e-02 1.803167166289785031e-02 8.614548812546392667e-03
2.622387327908835136e-02 2.182973444566263521e-02 6.613874178871818020e-03
2.691378642361612686e-02 2.840594978066373483e-02 5.740564708758594259e-02
6.993665833118171971e-02 1.687668337337465754e-02 7.784067193773194088e-03
4.583508786115136208e-02 1.915670406855758331e-02 1.302330259326625779e-02
7.737951905791075335e-02 1.636330835436736533e-02 7.415901286361812651e-03
4.998579620907384752e-02 1.886288573777215177e-02 1.224592334523471639e-02
4.416862612860896625e-02 1.724423737117767794e-02 6.794886511866028711e-02
3.994955204242200270e-02 1.977416758517836284e-02 8.535251343856714579e-03
2.778653868227344212e-02 2.685161798388408655e-02 1.087609574858662033e-02
3.727063668761255999e-02 3.647503442382223071e-02 4.523735331658127259e-03
4.649661697872269073e-02 1.759606005770547599e-02 5.306229022883628133e-03
2.426096892023071189e-02 3.516777405090258657e-02 1.260625596260729619e-02
5.028741339780282843e-02 2.938162738807428495e-02 1.669987910494251339e-03
3.638905260145763876e-02 2.552936588956775804e-02 3.996201806661831696e-02
3.582464464936115089e-02 1.481217277573400500e-02 5.559231238370606482e-02
4.130174570735534179e-02 1.823629887429115484e-02 5.311946017236551104e-02
3.049084516420428811e-02 3.126165852773398618e-02 1.619792409439558753e-02
4.001718511992966715e-02 2.574191977549947913e-02 6.593470857838575061e-02
4.104753991801067536e-02 1.602070398849196955e-02 4.518608566011540068e-02
2.580643351032399155e-02 2.894522094396264830e-02 3.302725126647924198e-02
3.040734558917407640e-02 1.957152631136947069e-02 1.848572658995408999e-02
3.778642429401761482e-02 2.789396621234452311e-02 2.744936533946182658e-02
3.413179641638876965e-02 1.621030468758739851e-02 2.275633268321934910e-01
5.658916009971697025e-02 2.050839819159180552e-02 2.269551769676696543e-02
4.296929660224377973e-02 1.623245824943230289e-02 1.780062257373067960e-02
2.705523409129532292e-02 3.471287206317202889e-02 1.468782744039107135e-02
3.364346644881303222e-02 2.865005619032641102e-02 3.685582846727380457e-01
2.658287638680842738e-02 3.683097454364816364e-02 9.704416920987517584e-03
4.606440587940096448e-02 1.958566094084658940e-02 3.975723252079755958e-03
3.739581922452047541e-02 3.443150493927888550e-02 2.918397931958032973e-02
3.540413742790517876e-02 1.823566281402038552e-02 1.146417913774043333e-02
2.761403713012045361e-02 2.423791197127945704e-02 2.584699903318662603e-02
2.714067154460493222e-02 3.303034484794452330e-02 5.753929023667374992e-02
5.804087307340377588e-02 2.149146564368378809e-02 3.325054153668369900e-02
4.164749399005514274e-02 2.916407670516643971e-02 1.848731372446798388e-03
3.026756836111637455e-02 2.413309809534868247e-02 4.537431340342021335e-02
2.643851268369151394e-02 1.748599288755237763e-02 4.573375658992422793e-02
2.456184498919151277e-02 2.397629959605833763e-02 1.386930076713520366e-02
4.515178804673275481e-02 1.840435641316260501e-02 4.559548681595585601e-02
2.947477549029329374e-02 1.903565335927462701e-02 4.803238596218802232e-03
3.452724347388073239e-02 2.499513339847993579e-02 8.415099252698945639e-03
3.074240742227360088e-02 4.294912528103540794e-02 3.913238901219476262e-02
4.031369315455723273e-02 6.580850864335986705e-02 3.028911096928742826e-03
3.449226082070134397e-02 2.000905064634606739e-02 1.943190302309520667e-02
3.186320510407879975e-02 2.161556851452894890e-02 3.018731932689318331e-02
2.679508261451954768e-02 3.033129394606485021e-02 1.962312040844834196e-02
5.340231931768758822e-02 2.652860814393022751e-02 1.694772717133876533e-02
2.661681825217464964e-02 3.160238749905928263e-02 2.182228458629652604e-02
3.649018990729506473e-02 2.479629478234200365e-02 4.076223628967243218e-02
3.989603367909906606e-02 2.388235142009281081e-02 1.302544262988354629e-02
3.961162729487431589e-02 2.285201611564910071e-02 1.101511360034994336e-02
3.098747431032113780e-02 2.177075441167026712e-02 2.609475810254761538e-02
3.600877711110049562e-02 1.758244145821587570e-02 1.771854862306311562e-02
4.109479161544205700e-02 2.300566211383567317e-02 1.394445089717437879e-02
3.519934489727683663e-02 1.487936076750717707e-02 7.836332291468134023e-03
3.185804666028503596e-02 1.625288171493698142e-02 3.556362522451205627e-02
3.423516878226948168e-02 1.891480741959272044e-02 9.329022011551733884e-02
3.812500371571436730e-02 1.425638169415467324e-02 1.371000762503359581e-02
2.956730746041553656e-02 2.164591528035274964e-02 1.466928812738886763e-02
4.281401971939203382e-02 2.263240557793563812e-02 1.273894907996055148e-02
3.420052761387034485e-02 1.841103454768682965e-02 9.336033782452783647e-03
4.055159258033055186e-02 2.593686578811448679e-02 4.674821987140202056e-02
3.605995029898780013e-02 2.664473605275543069e-02 3.864453021536117666e-02
2.914073160148541314e-02 2.406007136386178677e-02 7.756772020182739480e-02
3.731521149054598668e-02 2.558769333391915438e-02 6.680725159178421517e-03
4.503857893080370073e-02 1.539485162206909175e-02 7.302233411848596013e-03
3.781809411348609207e-02 1.898431378390516566e-02 3.633131576854874145e-03
3.129837117796695212e-02 3.573921224365928656e-02 1.379474808903306815e-02
3.426191216728508709e-02 1.981591028838122423e-02 2.002092740069625135e-02
2.717953569725471002e-02 2.997720834117688013e-02 1.932538693854782830e-01
2.421525485280316345e-02 2.639057558309776744e-02 8.581955314883449662e-03
5.517180935712389517e-02 1.938863920071452404e-02 2.099953529030833266e-02
3.455149758423394640e-02 1.576167058806460589e-02 1.243321114271509452e-02
4.919713738684714649e-02 2.202561106184694473e-02 3.958158811288314122e-02
5.469956343561384327e-02 2.019492648173212487e-02 1.014577351644211679e-02
3.529692683494111555e-02 2.076616880604478105e-02 1.254490288915733331e-01
4.275321476917483265e-02 2.025780142016567198e-02 9.324982292418050600e-03
5.786672061166953790e-02 2.132560818205075232e-02 5.424375194613250371e-03
4.395888022702377357e-02 2.340087963970011870e-02 5.102846980991161858e-03
3.645190161836773385e-02 1.987993240545802079e-02 3.625818805059914402e-03
3.146971131926426524e-02 3.732900777446662016e-02 2.556398861180889451e-02
5.124947434927762391e-02 1.869457362760662197e-02 2.916363548703931191e-03
8.389899904394175489e-02 1.872822638041801019e-02 1.220891150617619235e-02
4.504756155095602371e-02 2.568293839129893660e-02 3.421816572723501010e-02
2.654614466368080544e-02 2.728139284669335238e-02 1.471915602714564571e-02
3.581629433838740689e-02 2.305979605067349017e-02 2.432397577103539640e-02
