-6.725701892596466891e+00
-2.971660261129682734e+00
-5.713081704112496162e+00
-5.440837733007429122e+00
-3.660956326459086085e+00
-1.913731484933165472e-01
-6.166675476024172653e+00
-4.082713990011537675e+00
-2.717708773555786994e-01
-5.431204740617163296e+00
-3.625310559001955646e+00
-6.187231405660644334e+00
-4.062663043937622120e+00
-8.658366530869401334e-01
-3.218234313530905943e+00
-1.458005825746440109e+00
-2.102734360373308853e+00
-6.560245682732770867e+00
-3.937122961325745241e+00
1.390161541839558534e+00
-8.605967446056419945e+00
-2.555374360837614045e+00
-8.185448083737723479e+00
-1.922685214210076099e+00
-2.267092964890756179e-01
-5.530503221784046630e+00
-1.582487375268804008e+00
-3.340186384525338781e+00
-3.257152948863834663e+00
-7.007955736379679834e+00
-1.037285483492066174e+00
3.288665056105952722e-01
-6.524061983192801506e+00
-4.154416034772848931e+00
-1.117200335589540572e+00
-5.792043344245012548e+00
-1.404759752877221768e+00
3.254252305378029786e-01
-5.980003633658365736e+00
-3.872266924504732977e+00
5.235025585781333257e-02
-7.452347354698379611e+00
-1.262552612624163739e+00
5.485063652597157446e-01
-1.627842463993637301e+00
-2.782068426402696915e+00
-7.202619747796086713e+00
-4.021419964900598387e+00
8.788220650293654401e-01
-7.352721232447934518e+00
-3.313859859489271642e+00
1.914494587453778873e-01
-6.841109190261986939e+00
-3.599260022011931515e+00
-5.764590703786434123e-01
-6.726174777447567976e+00
-2.694241729576921873e+00
5.288794893154808996e-01
-7.221844995666082845e+00
-2.646782316366555143e+00
-6.364127558564144360e-01
-6.802452475862249770e+00
-9.465218950723015556e-01
-5.913582698057872733e+00
-3.488428214201849897e+00
-4.686528425046027735e+00
-1.788310868900710116e+00
-5.429046679241131379e+00
-1.221380150709237444e+00
-5.556967739092145031e+00
-1.876537971139656591e+00
-6.542604547572195450e+00
-2.316530350818988282e+00
-6.671843010364635340e+00
-1.470538761316284360e+00
-5.171297872012671881e+00
-2.192705485670445320e+00
-6.113158999015090522e+00
-2.356346931810688883e+00
-6.277551830192071414e+00
-1.058511616213682283e+00
-4.417434863655789634e+00
-1.712647120643498777e+00
-3.814402233482910187e+00
-2.821018009573162733e+00
-3.976390481492978246e+00
-3.718451585359656253e+00
-3.557903112126807876e+00
-2.419062367858868079e+00
-2.272312006708282706e+00
-3.352983151694697295e+00
-4.481390122694850930e+00
-3.415851564041667565e+00
-3.634664334338268965e+00
-2.836515270998646088e+00
1.273392612457545647e+00
-4.815095324415773703e+00
-3.743453737989100194e+00
1.200397066954751235e+00
-2.788959933028773985e+00
-2.908135372281772213e+00
8.166597951442322589e-02
-4.325359260198652578e+00
-4.018674141808389777e+00
1.729722821413866241e+00
