-7.163692703062187306e+00
-4.180672780025370905e+00
-5.085853619210500831e+00
-6.420318224013220387e+00
-2.366458690246695085e+00
-9.935696211164690705e-01
-5.908709067032270390e+00
-2.858738513916826207e+00
1.093467006151192633e+00
-6.376988001621147539e+00
-3.817718824825226065e+00
-6.259248589339230229e+00
-3.204337209375386131e+00
-6.641123765804943790e-01
-2.814482712102286399e+00
-1.611164648750277095e+00
-2.608514002976115798e+00
-5.763932046528834618e+00
-2.005480141188200616e+00
9.919692593510134326e-01
-6.214693441085300307e+00
-2.865472160211655961e+00
-7.298689018777428927e+00
-4.054365669255670213e+00
-9.514754300101198048e-01
-5.878486090327284863e+00
-1.883002108793782048e+00
-4.120087453667636623e+00
-3.836189432037359737e+00
-7.026323616105813130e+00
-2.102368995421873166e+00
-7.953497483974258930e-01
-6.497994334496500102e+00
-3.964129212258141521e+00
-1.194380200000979553e+00
-5.399923103719895146e+00
-1.679540035448805924e+00
2.325113724230176149e-01
-6.132575581134518394e+00
-2.929835767766562071e+00
2.730420438020157436e-01
-7.368817767662139140e+00
-2.437784748811937519e+00
2.002051394848202714e-01
-8.393163208695589295e-02
-2.537758076308530342e+00
-6.425996278507367876e+00
-3.318662690164352558e+00
-3.819907192985518285e-01
-6.487939850862493252e+00
-3.597023090553469693e+00
-3.807329812771060307e-01
-8.320330170000049819e+00
-2.938027498965052331e+00
3.295287455863536719e-02
-6.754529032781337428e+00
-3.627574974853596590e+00
1.027879926866338556e+00
-7.322899785316805854e+00
-3.829776474730536062e+00
-3.346539250210579519e-01
-6.092113227600663983e+00
-1.712622249496480231e+00
-7.197352576363654109e+00
-3.310140660494079956e+00
-4.212378801936766948e+00
-3.309133782728165496e+00
-5.414279393758744341e+00
-2.695500865037606886e+00
-5.657744862630127436e+00
-2.598564945595328357e+00
-6.543346556343909270e+00
-8.018494803735292109e-01
-6.491564076132932293e+00
-1.574876103110896208e+00
-5.069260119523226749e+00
-1.031857485867120117e+00
-6.353937816632558189e+00
-1.701557084501815975e+00
-6.240116677612462581e+00
-1.428401681750476104e+00
-3.861171990713416768e+00
-3.404270607892306622e+00
-2.655067657283283200e+00
-2.660004299545325690e+00
-4.555401167823993624e+00
-3.418184076861391585e+00
-4.088632835887853645e+00
-3.290432043605788337e+00
-3.646082566089248633e+00
-2.939760788683155823e+00
-4.944555639800900515e+00
-2.554281068702999313e+00
-3.887944319174489127e+00
-3.236150865121902420e+00
1.103163553751361325e+00
-4.380235099786008668e+00
-3.412406847113735875e+00
9.256738097030117185e-01
-3.473410573482839325e+00
-3.105402280488402056e+00
1.224591029173083712e+00
-4.566800068175941973e+00
-2.154631659750084083e+00
3.213868724780860053e-01
