6.622420159609804236e-02 4.336195983734824483e-02 7.607064370254588460e-03
4.922105836711915261e-02 3.538910524288509107e-02 1.192709653060319841e-02
3.735249076312221334e-02 3.295999714140430970e-02 1.189978752896741522e-02
3.123676505919256025e-02 3.319571197021597281e-02 2.980682582819879287e-02
3.836715263863559738e-02 1.973588939668114578e-02 3.639115098016722921e-02
4.648477129407477954e-02 5.310295992035716367e-02 7.443075853335327265e-03
3.473937336392848158e-02 4.151608087905437477e-02 5.019131566031977826e-03
5.013482046483572901e-02 2.003513443653582096e-02 1.065891081742478125e-02
3.455346514466162838e-02 6.636740509710171987e-02 3.378191693981103059e-03
4.620766710191837739e-02 2.661544653612393785e-02 8.752323403157163950e-02
3.726504890392005886e-02 3.260706996041690814e-02 1.023361388042074750e-02
4.027425823248279718e-02 4.056001708404085443e-02 1.123694642808356486e-01
3.321910010018029602e-02 3.718117508396906468e-02 4.304954965791223630e-03
3.388240178405116376e-02 2.644810735510375391e-02 1.900355401338553463e-02
3.392534022220098505e-02 4.358564587905421062e-02 3.693967868961318957e-03
5.755305989331948452e-02 3.532428599437820171e-02 1.847570852245030912e-02
4.261837686798777142e-02 3.387251719311502179e-02 3.051169547809564047e-03
6.026469424734860747e-02 2.548047439648231521e-02 1.286075559253887189e-02
4.074649073939722727e-02 2.621463550099197709e-02 1.463904149150183770e-02
6.600338000384681214e-02 2.738611326071416219e-02 3.779745123060592252e-03
5.169495608114580559e-02 2.719407757389340555e-02 4.300105342134052239e-02
4.167618474334887357e-02 2.859333631525136019e-02 3.382934603583898775e-02
5.013527815439295515e-02 3.500687570853137226e-02 6.064462332056020331e-03
3.215683212133813029e-02 2.964873361827480638e-02 3.708109883991925204e-02
4.293763958679613912e-02 2.680322630209501858e-02 5.450391616039746562e-02
3.266669844707299070e-02 2.680369217472484619e-02 1.059683654276077740e-02
3.803365579854284251e-02 3.420848288649736696e-02 3.065510953146461867e-02
4.276185868472807960e-02 3.398545794026689576e-02 2.201677450137952061e-02
3.210751191301346869e-02 3.880220088979690479e-02 2.087246064780283114e-02
3.311393014385225625e-02 2.665102074841000854e-02 3.921530246785008555e-02
4.153180065519173486e-02 4.418605810163220987e-02 3.737754702527522951e-03
4.008809234482042100e-02 2.917518955161564273e-02 3.787820582856871177e-02
3.437861108956442868e-02 3.872197497571834568e-02 8.749944102921259140e-03
4.287318363123875792e-02 2.263816993783359516e-02 1.888753338324756408e-03
4.339659070024582538e-02 2.243396098400416913e-02 2.577881833463108521e-02
6.718145019335085288e-02 2.931443836744083639e-02 4.284986496126043203e-03
3.849634129613219852e-02 2.492079844571075745e-02 1.966413865032594702e-02
4.501533754667116222e-02 2.691366797134963143e-02 1.566391850937333408e-02
2.949103995691505081e-02 3.300423556277169712e-02 1.594212103049075582e-02
3.588621843484789131e-02 4.431523294912127764e-02 1.021848046217438931e-02
5.459988382677065377e-02 2.274787778718315515e-02 1.964279684096932599e-02
7.793418285974783311e-02 1.874610651143468129e-02 5.794533208747270486e-03
4.559947836136286209e-02 2.045580191805917991e-02 6.952504322626249476e-03
3.466942682106748108e-02 2.972411872916164155e-02 7.762746880434326195e-03
5.791128183272262892e-02 2.716326627069467689e-02 1.434461521087432691e-03
3.711490155943961838e-02 2.438916947443841438e-02 6.672924789641528076e-02
3.563366856581723363e-02 3.230430968905849409e-02 1.234784235791230693e-02
3.370671898898845026e-02 8.970962065368248695e-02 4.861015739396013814e-03
6.229251917168872332e-02 2.594526752341524967e-02 4.251914706933778744e-03
7.227220485196425570e-02 2.582433968389302725e-02 5.789304441511294169e-02
6.739830838439896110e-02 4.129116580741957337e-02 3.608595382476255387e-02
3.577654405415797711e-02 3.556995308324915200e-02 1.808193633110216636e-02
5.330629019138750230e-02 2.137520771222729127e-02 2.318078140308845944e-02
6.604061194179300376e-02 2.306394478311133908e-02 4.436884099267294351e-03
4.410886026573167251e-02 2.803501635111138590e-02 8.514953395166479852e-03
3.193476401178788060e-02 3.611936404107513043e-02 3.701119486888601595e-02
3.404927333080150914e-02 3.119876471539453217e-02 1.087888416898970256e-02
5.421085777893638186e-02 2.164377824688717283e-02 2.751209249998928796e-02
3.510573803266521520e-02 3.536913058646445202e-02 1.877071527155296793e-02
3.535060131852750531e-02 4.850913112904033098e-02 6.397882386801271269e-03
4.189821250788141466e-02 2.288830949604094694e-02 3.300176271615498907e-03
3.735257171140076576e-02 4.080052447203184190e-02 1.268771192924663532e-02
4.438514715471896660e-02 3.481838821789904476e-02 2.446569789425784725e-03
4.102950778240337104e-02 2.329597619652826884e-02 1.359134081560144959e-02
3.790584268262048306e-02 2.627969868260480665e-02 8.480573964881298055e-03
3.788688012556250956e-02 3.433432064404712269e-02 4.478276429505294830e-03
5.414612827246712695e-02 4.350679957188684915e-02 4.688964043559684831e-03
3.897151503766741604e-02 2.424670085757939936e-02 3.454043070362948064e-03
6.285773936794186723e-02 2.505107340360585369e-02 5.523569795000266014e-03
4.095949664681962366e-02 2.876179064317277781e-02 1.198993732040773939e-02
3.742198568417148818e-02 3.081809706974751942e-02 1.399700206639589023e-02
4.588659450084087155e-02 2.726309684969677183e-02 8.363756768790242546e-02
5.348409835239940902e-02 3.781110915405449385e-02 8.578143693156289190e-03
3.208941204599075059e-02 3.289931623502066749e-02 2.859441117135540569e-02
3.844681258538301671e-02 4.865954501304298185e-02 1.880725688188205832e-02
3.885594201165943479e-02 2.400692812880696886e-02 5.924947939704786060e-02
4.154933344309304222e-02 2.078380521604441394e-02 3.781205368487061767e-03
3.523340228639511296e-02 2.802951535135322914e-02 3.683876894236044145e-03
4.413615309655081337e-02 2.271688755775680760e-02 7.082150793697593490e-03
3.919713270893658563e-02 2.186357643717887211e-02 4.421010169285122943e-02
3.203881183914276953e-02 3.003283214950635757e-02 5.921041046504842836e-02
3.264206582632643572e-02 3.771344240680927357e-02 1.589037599456886302e-02
3.943172088521706281e-02 2.742151042149584134e-02 1.553745201452051521e-02
4.646690963376399336e-02 2.121873805637694219e-02 4.061849984578246031e-02
3.374068945555181581e-02 2.469301077552508647e-02 3.350141391804299564e-03
3.924811377541666257e-02 5.273341750663591843e-02 9.651432745922776391e-03
2.970900909077761609e-02 4.091167024156455029e-02 1.286779136658625956e-02
3.745517658176917425e-02 2.346429679957267103e-02 1.875939427429485114e-03
4.914803078062839753e-02 3.070025567639236841e-02 6.830076977803123221e-03
4.434180963257309399e-02 4.588250357606397239e-02 4.172962245209960522e-03
4.402061657947028278e-02 3.467921905551040601e-02 2.566488860930405107e-03
4.344690338503588711e-02 2.846339603446730940e-02 1.293172898245374680e-02
3.264695352597582478e-02 2.956259200251347072e-02 2.548076028908463544e-03
3.518353432305202505e-02 2.430858765025654608e-02 7.422876584559372388e-03
4.098081009770943028e-02 2.466863028049983211e-02 6.007069103718924025e-02
3.399716674414247908e-02 2.585247838183958938e-02 1.602120892288104170e-01
2.801825270512078511e-02 3.055347546756815441e-02 8.203733811918819882e-03
3.549244832703945390e-02 2.234305797713086530e-02 5.648925900254468148e-03
2.903375690348625193e-02 3.875976666927780784e-02 3.208781604670411097e-02
5.754285077238929097e-02 3.416673508726704445e-02 4.693983705756950807e-03
