-5.728977055734619128e+00
-2.662357213385988963e+00
-4.761800970662540600e+00
-7.260390968354859531e+00
-2.736906536469004614e+00
7.957978480138929722e-01
-6.072618439455671258e+00
-2.615305712377284486e+00
8.920325412905778517e-01
-7.338270501781102517e+00
-3.103892104439611721e+00
-6.232293599270186668e+00
-3.578512503668942024e+00
-9.747793159974993404e-01
-3.162486082929175879e+00
-2.612092593621939685e+00
-9.556175272720288660e-01
-6.494768161721506061e+00
-3.333589702684385703e+00
-1.467447046781871434e+00
-7.425910197842454430e+00
-2.797333304289891576e+00
-8.884882815018265489e+00
-4.102684975707742154e+00
-8.467378243975748342e-02
-6.332408124733436061e+00
-1.797907051025605218e+00
-4.629501204841025341e+00
-3.068006874253597971e+00
-6.211803601869163138e+00
-3.702411277715529359e+00
4.579057173411509307e-01
-5.797616955551537110e+00
-2.642465275589524154e+00
-2.199114530167309400e+00
-5.488243370666782361e+00
-3.475134098125046922e+00
2.569888889080412797e-02
-5.917085625182562758e+00
-2.387765686498413142e+00
-9.425627546473207552e-01
-7.368472206791992107e+00
-1.573499097481955822e+00
1.481720138627394379e+00
-1.034185536215228574e+00
-3.214161913124223169e+00
-7.521780950329782556e+00
-3.011349528923727981e+00
-5.389253349030555251e-02
-8.358138987515316032e+00
-2.764340230278274468e+00
6.201704398315595057e-01
-6.498726305207156884e+00
-3.429152135482709252e+00
-2.717882249503427161e-01
-7.424471932935499119e+00
-2.904766007909351355e+00
3.114911413471681545e-01
-8.024534122507230194e+00
-3.151478583913557951e+00
-1.099617117178120218e-01
-5.871367701387309346e+00
-5.359316130811353496e-01
-7.188854134113043415e+00
-1.870827963353614232e+00
-5.127438268983642189e+00
-3.106841867577578409e+00
-6.576320575409717151e+00
-9.709312501304858678e-01
-6.049192023032586185e+00
-2.072776549341051489e+00
-8.354551089107593143e+00
-1.468657087751574108e+00
-4.156535729580262739e+00
-2.836314135295061600e+00
-6.672122684057000264e+00
-1.852733965038350528e+00
-5.654846986320964497e+00
-1.516872826784821715e+00
-6.221151041283941474e+00
-1.956927201373281910e+00
-4.628237482179669016e+00
-4.315185367380320436e+00
-4.097607999567210335e+00
-3.459913837094454880e+00
-2.538464062460509929e+00
-2.810185437034910194e+00
-4.664351108932151213e+00
-3.125059870883211577e+00
-3.596740656464406438e+00
-4.178801807981104233e+00
-4.376206487249112875e+00
-2.700739801893862424e+00
-4.722258615980414298e+00
-3.369652527355658123e+00
1.005086197822985250e-02
-4.826171205809824727e+00
-2.703847641103243049e+00
2.686211414412404963e-01
-4.660934621393467481e+00
-2.500894390658837452e+00
7.541503998011729326e-01
-2.834898420833315669e+00
-1.819012318641970216e+00
1.349137233089454213e+00
