3.212463993561258391e-02 1.594891392831758112e-02 4.606991607794139187e-02
3.506456161404870181e-02 1.581101583819350884e-02 8.519111540388627293e-03
3.427368212468220182e-02 1.820938162552924316e-02 2.228068055975886488e-02
4.984490895751909206e-02 4.260723400844387138e-02 5.098486127624505398e-02
3.709463631835863140e-02 1.837964171634792060e-02 4.570480300021836396e-03
2.727611538742424901e-02 2.072489619083684592e-02 6.133103745963627666e-03
2.083902378201257441e-02 2.014271913404673889e-02 1.628185652446733148e-02
3.217112525875341633e-02 1.782868551466268783e-02 6.263700565734818537e-02
3.034148373515077254e-02 1.360997799840998890e-02 1.144983677641462326e-02
2.357806565443105323e-02 2.462374299177575235e-02 4.553736224835360467e-03
3.554614586431520395e-02 2.453835787509870553e-02 5.277431965448096431e-03
2.383040585459421032e-02 2.298021373601984857e-02 1.433914104200553763e-02
2.779610960321471716e-02 2.744330605646889618e-02 1.079630696951085905e-02
3.253779716997712984e-02 1.481128636492552546e-02 5.652484545776426811e-02
3.095425412665438886e-02 1.381654742423881095e-02 3.605062236674794890e-02
3.690643930709618797e-02 1.416428974747746712e-02 2.810413239803730145e-02
2.777802977588680888e-02 1.478701864740757967e-02 2.846277006993010519e-02
2.990708200501674893e-02 2.657396582359761866e-02 1.504587774905688340e-02
3.871205037054694514e-02 1.532684448047793094e-02 2.993868826572584473e-03
2.191197273734891288e-02 2.068255917676115746e-02 1.830378124385143024e-02
2.485150226731492815e-02 4.010279519404842674e-02 7.206986097974792636e-03
2.131965901955639245e-02 2.055526933545925167e-02 7.930541037969246823e-03
2.046229510742843954e-02 2.276794625086388940e-02 3.167121106644785189e-02
3.379337120821822998e-02 1.170086428855964152e-02 2.708776046291569428e-02
2.255780966664936230e-02 1.975315759850753555e-02 1.482906039891627482e-02
2.429714076802653305e-02 2.217732133818656540e-02 8.335809038109601860e-03
2.693345345909669772e-02 2.327833905496110023e-02 3.589640161166177124e-02
2.499021494725447295e-02 2.253625396290986904e-02 9.149739920030203547e-03
3.873999306398041159e-02 1.477589689077690553e-02 5.194611746561414271e-03
3.597116777435273305e-02 1.801681306714066413e-02 1.149079971469503005e-02
2.392408470523341157e-02 1.964090997958576126e-02 7.144483178801959433e-03
2.700735816911040144e-02 1.532157094387757816e-02 5.024114147832181576e-02
3.325228112940056130e-02 1.571894896133115352e-02 3.928937537032253097e-02
2.956244153639451047e-02 2.951081200853404238e-02 1.358793826644594943e-02
3.649726960363174760e-02 2.120735727670096729e-02 5.440671793314793420e-03
2.247901887718368671e-02 2.189258537991659731e-02 1.410432556475674226e-02
3.095035819546753178e-02 1.785911498452764576e-02 5.117150035304703602e-03
3.884162929601007314e-02 2.175157480333669152e-02 8.792003228991867843e-04
5.622719491866160629e-02 1.906849157478280807e-02 7.879276859083341952e-03
2.066799892257466589e-02 2.750523713124884001e-02 7.078149608948132963e-03
3.415479384230984961e-02 1.411516098988921733e-02 1.306684548021923853e-01
3.313046451858460417e-02 1.578823330908080830e-02 4.336978550846383278e-03
3.376042211167560453e-02 1.619440381779839108e-02 1.709098923199036573e-03
2.206292586161795466e-02 2.167093426065815759e-02 8.183640777006414777e-03
3.415046840365353747e-02 2.030523051663616144e-02 9.260156758225666571e-03
2.934081399813269139e-02 2.657085186373227964e-02 3.186072343452145492e-03
3.422944162478535474e-02 1.482183225893511473e-02 1.943129880160289827e-02
2.437873910861468318e-02 1.549491448563192209e-02 8.068948854124992354e-02
3.617600308738394554e-02 1.944995000971607921e-02 1.273979496637882812e-02
1.889748751719283817e-02 3.214230425329917679e-02 7.972221745463638556e-03
3.160525457518897907e-02 2.032645358107454045e-02 2.692757423275045012e-02
2.468535473874707703e-02 2.286097219009701823e-02 9.505816036424164298e-03
2.413524402469246002e-02 2.584954749241356181e-02 7.314398880651299013e-03
2.738859754774464889e-02 3.725776770026737600e-02 7.797737843552053627e-02
2.348970085936362071e-02 3.369514578682755723e-02 2.957681897230230936e-02
4.635837537932792352e-02 1.592028797266970691e-02 1.009939769405283384e-02
2.206011734683571007e-02 2.269282906718379442e-02 6.166941391535766918e-03
2.510627834917739110e-02 2.852264121135003605e-02 1.733860198362627281e-02
4.000667733913363527e-02 1.890387236121461936e-02 1.091606878590237716e-02
2.986074147068445983e-02 1.707817236364184837e-02 3.825775330288425525e-03
3.502429022908309930e-02 1.477264887584151323e-02 4.652030633558466681e-03
2.017871031759662162e-02 5.368854039939962436e-02 1.420827843612999970e-02
2.758193729381723178e-02 1.461131658017671489e-02 7.140690265611030450e-03
2.826811758575665037e-02 1.803743965652944078e-02 1.151697024444103302e-02
5.169115218219719893e-02 1.621939495477023666e-02 1.513571786599272363e-02
2.879509398871973880e-02 1.751038500340330525e-02 4.664521488415520473e-02
3.790043455937024824e-02 1.392482482406037607e-02 2.055308063192785167e-02
5.544864057764547355e-02 3.792334172934870573e-02 1.130028876674333237e-02
3.015620283511959501e-02 1.788258448932926112e-02 1.289860717259511298e-02
2.533426930638901092e-02 1.951256460789063674e-02 4.452164039256534429e-03
2.036103940311360591e-02 2.108440729661388915e-02 7.302530059187438589e-03
3.214938355920819030e-02 2.405363334996013167e-02 8.965480767637807116e-03
2.786357157455658304e-02 2.358189207713055208e-02 9.350621445588737715e-03
5.969045378000471802e-02 6.919350302449869816e-02 6.451190701341451804e-03
3.377939375134099420e-02 1.959185664937483987e-02 1.394329190974360339e-02
2.304941449377748836e-02 2.452613777222182809e-02 6.996263296027081802e-02
2.727549283065702421e-02 2.338776233071933677e-02 8.735390278861060107e-03
3.032680969771818155e-02 1.348229863357788827e-02 1.000872418542267557e-02
3.364428253870638957e-02 1.717888099252884090e-02 2.601012274090152687e-03
2.500439920399471355e-02 1.971335921123002627e-02 3.889052175810162743e-02
3.161691432415052183e-02 1.694195720045880635e-02 2.603963504398075848e-02
3.765582551395579847e-02 1.691795602488382899e-02 9.300616095027568545e-03
2.331494998841391816e-02 1.684513254212639810e-02 1.082107240428627215e-02
2.977590530193308105e-02 1.792494310942733399e-02 1.593189167198743803e-02
3.982931028388333322e-02 1.499301666248535093e-02 2.987798593247975240e-02
3.662112614567263058e-02 1.581596786449718239e-02 1.723241944731862887e-02
2.478158912330971284e-02 2.072268701606306759e-02 1.506660054026617568e-01
3.271928163722546273e-02 1.599762816760060685e-02 3.089939048912776834e-02
3.048713345087571830e-02 2.244924611698796008e-02 1.234071948546424345e-02
3.107745695048566570e-02 1.891816074370892761e-02 2.611358994290639488e-02
5.754257233512143771e-02 1.444395720056299882e-02 6.125650100077941439e-03
3.608418702940648787e-02 1.279787994239413133e-02 4.899559128520810693e-03
1.916825561584274348e-02 2.931678210865905701e-02 9.605985486458508069e-03
2.706991512294507074e-02 1.557871831955339077e-02 1.683855168973604280e-02
2.838513773551929256e-02 1.312289207274149397e-02 3.481812547538989250e-02
4.407447547920312347e-02 1.814876451396442783e-02 4.920921842062601914e-03
2.737792336898221129e-02 2.011030691994622824e-02 7.476672997073989524e-03
3.020767305505927050e-02 2.050595278242979894e-02 7.245825883828836515e-03
3.129394600733094445e-02 2.065081321273948625e-02 3.262208497974140604e-03
4.145320330318746915e-02 1.760480899091206725e-02 1.923645472218760491e-02
