3.185852143208855319e-02 3.641482052743042624e-02 7.837581296837277389e-02
2.352997463604824049e-02 2.115363423868936790e-02 1.305139762271064624e-02
4.890658981696545393e-02 2.229843305305925089e-02 4.528878650242634807e-02
2.918594472306657028e-02 3.091487723078516908e-02 6.001247513782657222e-02
4.184283102975965701e-02 2.755494087508144826e-02 2.358505135518014842e-02
2.808628744417046227e-02 2.501729832180817764e-02 1.789231093113450091e-02
2.560979690748825185e-02 2.300065412960622044e-02 2.417366646300169244e-02
5.177849874604058267e-02 1.846435531153820322e-02 1.886828658961182958e-02
2.731021104751662348e-02 2.515313861354322514e-02 3.283602239844968934e-02
3.941337039227001821e-02 2.494372640033890032e-02 1.521839759967384166e-02
4.683283975303113161e-02 1.646265375420434204e-02 8.137493433061035453e-02
3.158903718013571227e-02 1.941133726050199917e-02 1.200867702179497266e-02
4.477922520338197682e-02 1.991941142305372892e-02 4.702555459054279935e-02
4.269178519749151912e-02 2.095094229600517194e-02 1.975427758627906413e-02
1.911099701609339854e-02 3.081439196778821416e-02 2.385069567143336192e-02
2.598272848451512948e-02 2.155854574518143579e-02 4.314496147158053407e-02
3.315571099606407640e-02 1.542910791250762075e-02 3.868701462197385310e-02
3.654311763725943962e-02 1.778821065162340676e-02 2.896082171090889543e-02
2.813130027110265913e-02 1.684095579274242846e-02 2.169847717490472616e-01
2.593866849714940997e-02 2.458703842636819972e-02 1.460634132641117598e-02
2.550290645583981955e-02 2.185506638552552408e-02 2.388624245070108953e-02
1.987790972576041273e-02 3.060718292476252364e-02 2.669971028571980001e-02
3.055892335997843073e-02 3.469792952821720150e-02 3.985186445554758650e-02
2.476015206407804550e-02 2.642466727080098471e-02 9.313651280681308972e-03
5.065221826371953812e-02 1.826138840035785443e-02 2.371701861117205337e-02
3.048261299562799939e-02 2.431911172894896805e-02 1.804116616471994339e-02
7.536934171849463127e-02 1.747863533768974700e-02 1.477250463849536823e-02
2.928314949703889752e-02 2.911669672108270837e-02 5.003265589638577343e-02
2.888483274299359985e-02 2.324583130933531930e-02 3.271295186820780132e-02
3.077305869194434801e-02 1.862031822635643388e-02 4.422385466803369081e-02
2.337998081189216620e-02 2.784743189399611213e-02 2.684276446227528909e-02
2.987291866604336113e-02 3.601228361661960864e-02 4.631104893755185609e-02
3.516607757859929739e-02 2.767821789044246431e-02 1.189432483302763077e-02
3.395695032950280662e-02 2.778368850961979858e-02 1.866378557900245233e-02
2.851718966836106622e-02 2.069119993770767926e-02 1.863178448775803728e-02
2.572570240117710155e-02 2.289715140664021903e-02 1.724251020916827207e-02
5.218076496420518545e-02 1.942785040672221838e-02 2.832894938944509333e-02
4.210969075840437920e-02 1.871687135045500133e-02 9.799336670607750044e-02
2.646396823653035871e-02 2.961685071086676488e-02 1.126919771296982543e-02
4.743411162502123718e-02 1.786455115704237845e-02 5.994537384248273953e-02
4.329694389758013962e-02 2.698692816464073885e-02 5.903327875880948379e-03
2.835820471737496989e-02 5.959570920197528043e-02 2.028119603287208486e-02
2.856994916000197768e-02 2.364661654210900230e-02 1.738631201113544078e-02
2.822500174996419448e-02 2.489994502903603371e-02 4.321240954892899971e-02
4.129913920550228046e-02 3.386205833765796452e-02 2.713151926661116348e-03
4.505047134073754400e-02 1.575660615925478236e-02 1.418190949305065708e-02
4.566796934666718377e-02 1.406311068946853281e-02 3.365846903144793095e-02
3.477331306747496326e-02 2.332873205246956475e-02 1.085665231112872657e-02
4.502577769255434320e-02 2.829577847853899722e-02 1.132000150880872746e-02
2.168320047695743505e-02 2.510035958111381943e-02 5.186497617590534598e-02
4.879386138931117445e-02 2.274395716248515248e-02 1.332916739793554677e-02
2.144560563454029137e-02 2.590477477786610333e-02 3.764637619412859737e-02
4.061566797103764032e-02 2.082302810502531867e-02 1.471976856209422473e-02
2.588272766776656547e-02 2.670368141468881448e-02 3.702471225197540711e-02
2.368615224672500699e-02 3.826580253512455732e-02 1.213874210218787025e-02
3.977051835360264492e-02 3.773695580188164006e-02 1.978687586501621035e-02
2.856105925897175352e-02 2.884845206433500620e-02 3.371532752032205954e-02
4.509211733866467370e-02 6.248263771380957454e-02 3.088653573937076915e-02
3.871320529921731118e-02 1.678478753563179826e-02 8.437345992090433677e-02
3.647163397085045888e-02 1.541542801403639022e-02 3.175969275122386085e-03
3.516733430363542384e-02 2.162230979088037089e-02 3.309660415056427107e-02
2.928203131929873332e-02 1.798598132093201518e-02 2.351127903953503448e-02
2.218028596911422040e-02 2.689954191103426789e-02 3.007354474958717772e-02
2.770131860222507444e-02 2.536505599807576186e-02 2.736395309698909720e-02
2.698801120869569539e-02 3.028230525119190650e-02 1.971401379897013556e-02
3.157747655454363339e-02 2.055044133886380769e-02 6.024765335391071841e-02
2.548205902285509764e-02 3.087750441608124244e-02 3.079548047408920894e-02
2.747244408142887617e-02 2.036624810658818618e-02 5.954544497882010429e-02
2.626752682707029704e-02 2.140305650963500450e-02 8.739358736256851168e-02
3.709171118271486350e-02 1.907432926884911062e-02 2.066542134000877787e-02
3.233517830188076952e-02 1.988629130690414484e-02 2.376141914173554234e-02
3.907449498326386050e-02 1.678314036707787699e-02 4.589744060183110867e-03
4.439247529374388407e-02 1.476801379776544743e-02 2.525191720566869261e-02
3.056663516843914283e-02 1.788892877778216345e-02 1.701107257516776966e-02
3.695717604795255296e-02 1.712607536732520253e-02 1.092198276943734392e-01
3.117051188254844549e-02 2.254556098113217472e-02 1.797701425840650749e-02
2.848138120956453245e-02 6.417699266011744896e-02 9.801138204888822092e-03
4.277535473279058670e-02 1.468277261232815885e-02 9.804906636063781891e-03
3.354406365268617490e-02 2.690531948277063642e-02 2.662202953146332665e-02
6.251412793605730378e-02 1.746431505005874643e-02 1.918640228546329360e-02
3.378879180182058767e-02 2.030217684468462250e-02 3.839876072109663779e-02
2.460384206440374352e-02 2.987719269128040131e-02 1.934427192890613226e-02
5.875061552039083368e-02 1.781536070333693614e-02 4.673048282674623251e-03
3.054643170510437308e-02 2.322214348504922019e-02 2.276078166103194869e-02
4.185013926085815600e-02 2.117599638762878572e-02 1.739237403474409860e-02
3.989199334091340227e-02 5.469487124782686227e-02 1.481320526201097658e-02
4.268270771584433548e-02 1.852940711828476861e-02 4.996179635066964192e-02
4.759165706932386858e-02 1.733634363255699695e-02 1.138542102082899625e-02
2.871874259769645679e-02 2.208827706955420606e-02 1.044869606956272227e-02
2.835381601782782993e-02 1.869195263582464767e-02 3.721057485135817466e-02
2.577877359075140401e-02 2.562602856870391937e-02 1.075459146817695638e-02
3.269560300785961937e-02 1.782992005907633321e-02 3.744843774103161216e-02
2.074685444661657913e-02 3.180807706725936185e-02 5.905879098935137156e-02
2.907867459114004544e-02 3.115130391848728100e-02 2.635780103359567153e-02
3.914492841261167644e-02 2.216675756912528730e-02 4.533961036188360015e-03
1.931935427503158817e-02 2.930667832919782792e-02 2.367723601560167701e-02
3.515345073556586791e-02 1.410029902472828556e-02 3.746472734225944623e-02
2.931282129771735703e-02 1.844310176321159456e-02 1.116386158232337590e-02
2.237587408850936696e-02 2.675299896350923773e-02 7.173020711154005045e-03
3.386809749657918728e-02 1.594702830957927392e-02 4.905617659557619942e-02
