-6.216869800667173429e+00
-2.000000000000000000e+00
-4.924247657613392448e+00
-7.000000000000000000e+00
-2.578912981970891138e+00
2.063316802640154934e-01
-5.500000000000000000e+00
-2.771480985235388772e+00
9.973407470553191656e-01
-6.205368833163467990e+00
-2.835793759086033816e+00
-7.000000000000000000e+00
-2.685690939630358542e+00
-1.162535859016073481e+00
-3.000000000000000000e+00
-1.000000000000000000e+00
-3.000000000000000000e+00
-6.745955605397560007e+00
-4.000000000000000000e+00
-1.712042595935679978e-01
-7.171913435706612105e+00
-2.983335209118865627e+00
-7.393763458767634411e+00
-3.532442437721576400e+00
-9.261081395032376706e-01
-6.207122137971136766e+00
-2.000000000000000000e+00
-6.154901959985743076e+00
-2.258622303640264839e+00
-6.000000000000000000e+00
-4.000000000000000000e+00
-1.391334543212752184e-01
-5.893979138314712429e+00
-3.208973719716831319e+00
-3.203244173236259318e-01
-7.000000000000000000e+00
-1.000000000000000000e+00
-4.484933317044090817e-01
-7.000000000000000000e+00
-2.167108922179983299e+00
8.825602905529981168e-01
-6.874738977317672806e+00
-3.692447915246305890e+00
-1.000000000000000000e+00
-1.810288609898290657e+00
-2.700305749667126332e+00
-6.500000000000000000e+00
-4.000000000000000000e+00
-1.000000000000000000e+00
-6.050991865083986454e+00
-3.108338930048493598e+00
3.094023833447654415e-01
-8.000000000000000000e+00
-2.000000000000000000e+00
6.994571735465657802e-01
-6.750208758768102335e+00
-2.500000000000000000e+00
-1.000000000000000000e+00
-6.467940983105339825e+00
-3.013356522444331720e+00
1.858096624803181052e-01
-5.600019571985305866e+00
-8.377817092979092939e-01
-5.123630820684565990e+00
-2.920818753952374891e+00
-5.972774082087899394e+00
-1.010880707833591519e+00
-6.042147866104643938e+00
-1.111109790818502141e+00
-5.052664277399176562e+00
-2.535459338998852452e+00
-5.000000000000000000e+00
-2.301029995663981254e+00
-6.126674444771608385e+00
-1.000000000000000000e+00
-5.903159457053756221e+00
-9.586073148417750822e-01
-5.751470020572921449e+00
-2.148100409027752011e+00
-6.020384352664532202e+00
-9.348733170767870027e-01
-4.387891392139415814e+00
-3.870440067582531007e+00
-3.425823939997603595e+00
-2.041345131282695569e+00
-4.666840476822089911e+00
-3.483030153950586794e+00
-3.564100342486383077e+00
-4.000000000000000000e+00
-4.690196149515636570e+00
-2.582345503823574084e+00
-3.829608880440519059e+00
-2.211161734512091748e+00
-3.968332517483484700e+00
-2.869614589713064934e+00
0.000000000000000000e+00
-5.473425275463793760e+00
-2.153735191742634392e+00
0.000000000000000000e+00
-3.639894020032782507e+00
-2.383795549960033178e+00
2.000000000000000000e+00
-4.372833123183461623e+00
-2.716199283419828525e+00
7.739980881294463710e-01
