2.320844828535835111e-02 2.329562019082264540e-02 1.615150816678492937e-03
4.097968699170653067e-02 2.163166408078162628e-02 1.776527825275530867e-02
2.587778230224097031e-02 3.333245080390073029e-02 1.237353725736418109e-01
6.296745552091007059e-02 2.187429445865415878e-02 3.577328850237086744e-03
2.532590972692480569e-02 2.283448389917699939e-02 3.154445949037656266e-02
2.624707946787137661e-02 4.567616322384530914e-02 5.162871816326623786e-03
2.370532158070182138e-02 3.614067151886447837e-02 3.306049167084340601e-02
2.655239331102681941e-02 3.562235967523458974e-02 2.303634253224686942e-02
2.269585650765442580e-02 4.543614049879052957e-02 7.270591675465884474e-03
2.860978870544248973e-02 2.769382144620587474e-02 1.865161626892299640e-01
3.121117786397521049e-02 2.601058954804437093e-02 8.242342511077293057e-03
2.169659046829161900e-02 2.503222486224964197e-02 1.436451362874239558e-02
2.214269374374850871e-02 4.964097041869514754e-02 2.676680662119968954e-03
5.104249793229761328e-02 1.930604994628121532e-02 2.559320800892932180e-03
3.928176551733992411e-02 2.707167099077453787e-02 7.067110721242666864e-03
4.176747620317974169e-02 1.702767690304117856e-02 2.844397603329174365e-02
3.778303928454667532e-02 2.196795071579748376e-02 9.440271388829959628e-03
2.429671521129220246e-02 3.073944808006483578e-02 3.664654512155925831e-02
6.921038057040068692e-02 2.699480122988254932e-02 2.434637531679969494e-03
2.686814095152430942e-02 2.657829443175992526e-02 1.978616591184503143e-03
6.755703825454825728e-02 2.204087599987918783e-02 3.148369094578663124e-02
6.011523152900767608e-02 2.186340088432841069e-02 3.056876188073726335e-03
3.244593270195162554e-02 2.913931712592382484e-02 1.071366018984388352e-02
2.154538480973664655e-02 4.878733692191713350e-02 1.914623309055547493e-02
2.705143901147504665e-02 4.893845925963637156e-02 2.781555525355853056e-02
2.269011803860390350e-02 3.126352334042058895e-02 6.780043299036101791e-03
3.273856106691298840e-02 3.116429285839788371e-02 5.518505858352424492e-02
3.150831968972753888e-02 4.349471567559735213e-02 1.326600470405922029e-02
8.003907897605908039e-02 3.487802050039978674e-02 2.192297548310220834e-02
2.218094565418868638e-02 2.480070408671054133e-02 2.123014016769380063e-01
3.635941101846285745e-02 2.564725822435112018e-02 2.185029202676741847e-02
4.686401786847290557e-02 2.155574102985413631e-02 9.743130206042074914e-03
2.680470622260936950e-02 3.688813603996055762e-02 8.013008674965769323e-03
3.736349444106988604e-02 3.050368676972720072e-02 8.897275725217860436e-04
3.908209618436418037e-02 1.954095933553918682e-02 9.832810193794274886e-03
2.093075916703050071e-02 3.429329280670547625e-02 3.640696978997348676e-02
2.719000609096044671e-02 2.786920141968647971e-02 1.685003474023801517e-01
2.548182836110361033e-02 3.684907848245697753e-02 9.119365343686335404e-03
2.972454850621176342e-02 2.547126827512313438e-02 3.151867698601387019e-02
3.384210422959790104e-02 2.362922963370445162e-02 1.078605745940632715e-02
6.644062640798913122e-02 3.111966302455458980e-02 4.164634988985289345e-04
2.770254801005838513e-02 3.108038448939762916e-02 2.729814271864289873e-03
2.404833965951829258e-02 3.293602302217608219e-02 1.745692607086190423e-02
2.634261067479392107e-02 2.563716458648774427e-02 6.621705087235961462e-02
3.090255320036719086e-02 3.591602958816753760e-02 5.385334055693511736e-03
2.095128231769424754e-02 4.046289239572763152e-02 2.406852743090634114e-02
2.220265950955166087e-02 3.637514364162756225e-02 2.320920248880168832e-02
3.742852966755107896e-02 2.470314651372369427e-02 4.917680264326539617e-03
3.132849811057473316e-02 3.906962478215757900e-02 1.361335035747953011e-02
3.129942592391767725e-02 1.943883259293862145e-02 3.956132349957312139e-02
5.064299412833956487e-02 2.375405190646620243e-02 6.312611508131294076e-03
4.525463914285695471e-02 2.105008742583294040e-02 7.557914373671371401e-03
2.090201522462925912e-02 4.967218118946616079e-02 1.698078419206579606e-03
2.675639762398975344e-02 2.363654538401161603e-02 4.268627084386913961e-02
2.273165668716076518e-02 2.462012422208943035e-02 1.057900795021699501e-02
2.166902403599980584e-02 3.039032439254195014e-02 2.987488802621262110e-02
3.022186556488736311e-02 2.455737054170942235e-02 1.115732397062353387e-01
6.321544842866831659e-02 2.108998080782879467e-02 4.989577810237439022e-03
3.577442694462919931e-02 1.958714162759924229e-02 3.308244399572510177e-03
2.731559008908529887e-02 2.875845982347859445e-02 1.219909073878195672e-02
2.910893770647315568e-02 3.052650359502249652e-02 2.018445328220122223e-02
3.608312236034263293e-02 2.124642750402263788e-02 1.033393536267705748e-02
2.174410311564201406e-02 4.051193581784318098e-02 1.873960911757198075e-02
3.970210248789367291e-02 3.323702538580384364e-02 8.349526119179131317e-03
2.507734964434787245e-02 2.242883622856770356e-02 3.615858995350989535e-01
6.685118493363713388e-02 2.341426618833008372e-02 9.174708022089544945e-02
3.350690700404770211e-02 3.435901391274594208e-02 2.877982973347551279e-02
3.859710052260876406e-02 2.436189873047580126e-02 9.080502486445955410e-03
3.353044384571841202e-02 2.254765813133927099e-02 7.232632298608300536e-03
3.502628387188351511e-02 3.244309093358081764e-02 2.713407643263393652e-03
2.327340308496733678e-02 3.063203808620753796e-02 1.064584327369676349e-02
2.241270615344042455e-02 3.074273374506774140e-02 7.844258855247409137e-03
2.885072072150105318e-02 3.338959747306976394e-02 8.051405412310080889e-02
3.869539161589437282e-02 3.004831480726531320e-02 2.035080143087199256e-02
3.036835946538465544e-02 2.410698539490146314e-02 1.176275801950191040e-02
2.162919696261879701e-02 3.588165395114018691e-02 9.480328803429678361e-03
2.239142932170281458e-02 3.420788318377473991e-02 1.137733135033837800e-01
3.205573675585893234e-02 2.478421254780698718e-02 1.333035985429020928e-03
2.475198234535659972e-02 6.203561592743534608e-02 9.658469726975069808e-04
2.385756547497680860e-02 2.618879693025822492e-02 1.127318711107342351e-02
3.854875278334057853e-02 2.121504391437313217e-02 2.335224032505996139e-02
6.384304042331817586e-02 3.580311011503429369e-02 3.745040510958834445e-02
2.226639123551422267e-02 2.656395676714358792e-02 1.344214565155501910e-02
2.485722145308336822e-02 2.829666790974980084e-02 8.325074534786173694e-03
2.932941947464872551e-02 2.779541352739848051e-02 8.082578915440080669e-02
3.704629507855988768e-02 2.351997064526006528e-02 1.053161922939433587e-03
2.298016476512066558e-02 2.373472533763530332e-02 3.393309519234390809e-02
2.865269261970958617e-02 3.869411512678567339e-02 2.294959275949826905e-01
3.721390349301380990e-02 7.137914337475442794e-02 7.985668510274471568e-03
3.137838736763137737e-02 2.574116709015341828e-02 2.227608391443469671e-01
2.514476166226637180e-02 3.050755420018780306e-02 2.872681191532468481e-01
3.068978737374695662e-02 2.998437237027240174e-02 1.868050847930730063e-02
2.914699452149509956e-02 2.155714389708563231e-02 5.202980265391526742e-03
3.234602674718829729e-02 3.018340393488653031e-02 1.212794988309674922e-02
3.243839234715341358e-02 2.058888519948401732e-02 2.049697919446551945e-03
2.515882620528788263e-02 3.397975144574218176e-02 1.644811461825505068e-03
1.995715820051519734e-02 3.265837907696199360e-02 2.715094186172131371e-02
2.284165073654179090e-02 2.974526586851273038e-02 1.842998528385583756e-02
4.658130224910862760e-02 2.166120395708675747e-02 1.390645358241740341e-03
3.633107481716312676e-02 2.345316090508652723e-02 6.547490060713497158e-03
