-6.752671384449115521e+00
-2.514408529536815262e+00
-5.418297615652850396e+00
-5.431195538678029955e+00
-3.745521688088232271e+00
-4.141181016226622158e-01
-6.479611403316209994e+00
-2.129302357845947569e+00
1.179498593006945845e-01
-6.715934650369879577e+00
-3.920004463058823774e+00
-6.174357082176410216e+00
-2.306072314010257251e+00
-3.092262038418996384e-01
-3.607359319351646665e+00
-2.020820732754602833e+00
-2.760814557212321052e+00
-6.604974972109585174e+00
-2.744281666477177417e+00
2.866381485158837616e-01
-7.819006337706389864e+00
-2.220196834107889039e+00
-9.417631820522874619e+00
-3.142829599855681444e+00
-5.870553235956038618e-01
-5.708284170872521379e+00
-2.855084076139494886e+00
-4.209601495051344955e+00
-2.107976047573930867e+00
-7.260823170260437998e+00
-2.939376835808300559e+00
-2.708361740912514359e-01
-6.305560063787017278e+00
-2.551646743200330913e+00
4.319623913217277011e-01
-5.355767165509770500e+00
-2.504137527490524651e+00
7.451919234456874097e-01
-5.754879948401527834e+00
-2.681050005168805317e+00
5.162004032860899594e-01
-7.179900634937671278e+00
-3.339907223063299568e+00
1.525815945616732228e-01
-9.567596265684021883e-01
-3.726616288711902758e+00
-6.456459263757737155e+00
-1.561995800248908495e+00
4.177399566843930656e-01
-6.001590026124313582e+00
-2.018045249614150993e+00
1.330445754244938161e+00
-7.543603432938603248e+00
-3.436042869898594532e+00
1.885813061932747059e-01
-7.368325152549850543e+00
-4.006487863324736054e+00
1.040319340709092932e+00
-7.420362268247437498e+00
-2.886204160244994377e+00
-5.230590855184030774e-01
-6.574415269740279122e+00
-5.134424074850580944e-01
-4.943226352010357871e+00
-3.005017932043113404e+00
-6.005523836750795930e+00
-9.141541490362412592e-01
-5.447305811094147465e+00
-2.201826032572671288e+00
-5.354424371723402132e+00
-1.365322104302587158e+00
-6.239523062170234446e+00
-1.023719900276287786e+00
-5.907154201913741964e+00
-2.175086193481173602e+00
-5.970071930571627661e+00
-2.863537771774579799e+00
-5.766223543272202434e+00
-1.511409068494561581e+00
-6.426042308962631289e+00
-1.180844181048717578e+00
-3.529125945617747284e+00
-3.308501916542290200e+00
-3.083070613123691572e+00
-3.719557441965904765e+00
-3.310989578733539496e+00
-3.512172755699470184e+00
-4.007569463332945503e+00
-3.180559668897044556e+00
-4.197636380579751858e+00
-3.011958245684708046e+00
-3.487294837429522509e+00
-2.445517288662482525e+00
-3.124303718812869057e+00
-2.914713105075534383e+00
3.389630282849548926e-01
-4.664046249737051397e+00
-2.786206337646099040e+00
6.759156745893734053e-01
-4.192692355916469715e+00
-2.362184536228476350e+00
-1.683257349681155646e-01
-5.670983954910736813e+00
-3.192579993537899341e+00
1.528291293251684335e+00
