3.513111149863065025e-02 2.116437241863108540e-02 3.088993528502935459e-02
4.989917399734751513e-02 2.981239573119695216e-02 1.188539742542846916e-02
3.323705333785566957e-02 2.953771610531685798e-02 4.363600129204666528e-02
2.875374199199998496e-02 3.503042798987806433e-02 2.295323098554086574e-02
4.075370783517403422e-02 1.254314050906654883e-02 2.539572815245783044e-02
6.011376539901220478e-02 2.061172817503088492e-02 1.639882383659327716e-02
3.344296307593733891e-02 3.912203691903826802e-02 2.667738006815679672e-02
2.487166509070771331e-02 4.683119131517969602e-02 3.905581018722990589e-03
3.344443238863134549e-02 2.772303376791324103e-02 3.834392929543288964e-03
4.989345910112767679e-02 1.686817282844286364e-02 3.307810793369962005e-02
4.476166239887151982e-02 2.577882601962776937e-02 9.334519985717167068e-03
2.894934674294023097e-02 2.518848547213506719e-02 5.652457222589903595e-03
3.032988241279155339e-02 2.311263621753270256e-02 6.814936077205510818e-03
3.620967106704604810e-02 2.373027413903000538e-02 6.554596585147874806e-03
2.248634584772355588e-02 2.639488855249968666e-02 3.063177957810162000e-01
2.844220970874595383e-02 1.666955581902513847e-02 2.010103248225100780e-02
3.300310974877665449e-02 1.148972758838514574e-01 2.328538057694783461e-02
3.194358399583961672e-02 2.287010053240776108e-02 1.070215481462995222e-02
2.752472045425073330e-02 3.809148402763446600e-02 1.656605196619989964e-02
3.359259127752239199e-02 3.060552329729001458e-02 2.387376039366924038e-02
2.323010571760591308e-02 3.049545600830977712e-02 9.966229967158696940e-03
2.817916580386829045e-02 3.444053622703906886e-02 9.365630943626862201e-03
4.240948563547881911e-02 2.045340321478497300e-02 3.140877391531009949e-02
4.340254276332396882e-02 3.750116989427901976e-02 1.435948645053136859e-02
2.113066012529399296e-02 2.835797544318669622e-02 1.150350114185507699e-01
2.656686277765651916e-02 4.027071980617460273e-02 4.846007028108688386e-03
3.566659305976326716e-02 1.795154827990001062e-02 9.842853363662244781e-03
3.499927008045571747e-02 1.561789093277715819e-02 3.854372752082547288e-03
3.328408446614992272e-02 1.650031494799495541e-02 4.616122442611583082e-03
2.359811483834089660e-02 2.778898261644260903e-02 1.318276843486302363e-01
3.015012543374812753e-02 2.688193691936044752e-02 1.456626508656638785e-02
3.221866818430764445e-02 2.719349647476779902e-02 4.591273369954521760e-02
4.143005298349093646e-02 2.375126954240449478e-02 4.330499271334801309e-02
3.264243352743004950e-02 2.381688544441096927e-02 2.239624901511785837e-02
2.569111447788125294e-02 2.612133954960994126e-02 2.759777090342743766e-02
2.393722468389876054e-02 1.888255063799510955e-02 4.494147977776691977e-02
1.854987688871093110e-02 6.953471756129400716e-02 4.288187336820736828e-03
3.033803695077126952e-02 3.615846761952201671e-02 8.890170321978049447e-03
2.500510017931318468e-02 3.832451627881525852e-02 7.674091662878829156e-03
3.349375048964692986e-02 2.489396018370553312e-02 4.185198340180871363e-02
2.428202643794122317e-02 3.578785501992155782e-02 1.065123548939461880e-02
4.911531834624411480e-02 1.561216516381740485e-02 1.441375497866473065e-01
2.208765346945705185e-02 2.621811821998678085e-02 6.135615255319262773e-03
4.280037025239816911e-02 2.417739033216766489e-02 3.667021043098481290e-03
4.654172468892553427e-02 1.545667359347452363e-02 2.249641168703125083e-01
3.070614966453908898e-02 3.504282466034212840e-02 3.444006781809795612e-03
2.608353023734411372e-02 3.758398197232593746e-02 7.219002192473659985e-02
2.936580367603819353e-02 2.691892168212695752e-02 2.986264790868511931e-02
2.557741188659881995e-02 3.562866854144297601e-02 1.565689826558465739e-02
3.110953367787444579e-02 3.232811465092632480e-02 6.302646227241304189e-03
3.662761919211899447e-02 1.974828360962877644e-02 5.862409234846566869e-02
2.732831074364025503e-02 2.839455746126848604e-02 4.444612796914876318e-02
2.697748865570831142e-02 2.828128081959543211e-02 5.485359928834142827e-03
1.261170885810225240e-01 1.812097250816816288e-02 4.201540769975024153e-02
3.385660220040535157e-02 4.092898329937488117e-02 2.055915011370888432e-02
2.609312994743316974e-02 7.188755402073949974e-02 6.088583529327275430e-03
3.666902219231830268e-02 1.864373230878851526e-02 6.119215318075230982e-03
2.439165285276929246e-02 3.011665432023052577e-02 2.449911374328379854e-02
2.389111529268662243e-02 3.104780608369997127e-02 5.212883696183931437e-03
2.511443670498814812e-02 2.794803287478644233e-02 5.149044510706027138e-03
2.664200740464270703e-02 4.011732483120372672e-02 2.811598449576452677e-02
4.620683188918717904e-02 2.514454857512812488e-02 8.504205168185386549e-03
2.353867221894877931e-02 3.477007364014889079e-02 9.703576349899323272e-03
3.220712477766612958e-02 5.997800775131046508e-02 2.142598032755030357e-02
9.644638344717100520e-02 1.888373209589943452e-02 5.997642235907219184e-03
7.994201367674991232e-02 1.679323954665976754e-02 8.092573822798293515e-02
4.204351317513700670e-02 1.946332733449434443e-02 5.252615438780349616e-02
4.057892433299879753e-02 1.177167207728639121e-02 6.339707190469321720e-03
4.325304492302846360e-02 1.998002285333977043e-02 1.390115793405885536e-02
2.774244977127694051e-02 1.692751750517955400e-02 6.008480151173295307e-03
5.878849980651688900e-02 4.634665651010703991e-02 1.378750026962849472e-03
2.948611223980902168e-02 5.450703615020869447e-02 1.009462200804381315e-02
2.831130457479794083e-02 2.910187684951220932e-02 2.005125419388475647e-02
2.919730549677782006e-02 2.621931271616078848e-02 3.726530186414434703e-02
3.757412754526749665e-02 2.092240859947645110e-02 3.298271358511104673e-02
2.227305719311773943e-02 9.351291609531388327e-02 2.471543503106869363e-02
3.318345919285487639e-02 1.832382428349358175e-02 3.744892150950688420e-02
2.266099384625104921e-02 2.165722743112340545e-02 9.586561081364695924e-02
2.520030701176362645e-02 2.646232857720385787e-02 1.873475060125039116e-01
3.547927971910152384e-02 1.933834586874566205e-02 2.184297875363818212e-02
2.772506632459129441e-02 1.888535060306430896e-02 7.146879251477129130e-03
3.659620515145332875e-02 3.072570307871284184e-02 4.672064086061286647e-02
3.698111370984077245e-02 3.655410244556607513e-02 9.911301759466613695e-03
3.196074162594426255e-02 3.355564936400459719e-02 3.182928554959654766e-02
4.530227968149784512e-02 2.353423869171813662e-02 4.507004507825077347e-03
3.254305338750159565e-02 2.118779168951914066e-02 3.580371787785937773e-03
2.433653595411469639e-02 2.779211647121226578e-02 4.653769463175439630e-02
3.496393207844004924e-02 1.569200729725720930e-02 7.869672546203040561e-03
3.647453555902034628e-02 2.213568416867928157e-02 1.781747337012349330e-01
6.055174167021888654e-02 1.810760937484248712e-02 7.596207173849597698e-03
2.959915521848485720e-02 2.565475190828809052e-02 4.248643927336184269e-03
3.504635505317731797e-02 1.903335807334382082e-02 2.345922664602180865e-02
8.771654007681771448e-02 1.701360934866601865e-02 9.832506022758662548e-03
2.501996705076854968e-02 4.485831741717303395e-02 1.595587131726279584e-02
2.595478893346570351e-02 1.569772546764276050e-02 7.761266081385821691e-02
2.422532656804313872e-02 2.601303816481506659e-02 1.228237182221347118e-02
3.722672034532898550e-02 2.114282425069504562e-02 2.011154222914908821e-02
3.572241803885339850e-02 2.026029464829913126e-02 7.590516320329689266e-03
2.393901472186093018e-02 4.433903256801776521e-02 1.669446545910150542e-02
2.042076671266025364e-02 2.840897240272539231e-02 4.075735188415242211e-03
