-7.397940008672037493e+00
-2.994625412539718035e+00
-5.220094266853663179e+00
-6.807126351350623494e+00
-2.961041923589144975e+00
4.461306353465704921e-01
-5.000000000000000000e+00
-3.080959162886627745e+00
2.713301503041170015e-01
-7.000000000000000000e+00
-2.819292577243922793e+00
-5.561744851625309849e+00
-3.204064532294115697e+00
-1.047020937625779968e+00
-1.957565501629622506e+00
-3.000000000000000000e+00
-1.000000000000000000e+00
-6.773193101590150533e+00
-3.133854001360798947e+00
5.693712318196120226e-02
-6.435392579685451864e+00
-3.054255359331496944e+00
-8.858578340905150839e+00
-4.000000000000000000e+00
-1.000000000000000000e+00
-6.563766734922188206e+00
-2.941101413844678714e+00
-4.978100623870382435e+00
-2.110370936933739117e+00
-6.000000000000000000e+00
-3.980754674321747455e+00
1.000000000000000000e+00
-6.358424394994300677e+00
-2.000000000000000000e+00
-3.978127588578371787e-01
-5.000000000000000000e+00
-2.004190404916027290e+00
1.000000000000000000e+00
-5.000000000000000000e+00
-3.669905619086728965e+00
-4.740265415620478762e-01
-8.522878745280337398e+00
-4.000000000000000000e+00
-1.000000000000000000e+00
-2.000000000000000000e+00
-3.975933157428876985e+00
-6.219286277788234507e+00
-2.745046011474119307e+00
-7.258538167353949522e-01
-6.000000000000000000e+00
-3.503295171592944790e+00
3.340167629461423537e-01
-8.000000000000000000e+00
-4.000000000000000000e+00
6.696639528042107603e-01
-6.784861041521573988e+00
-2.109153442076895146e+00
-1.000000000000000000e+00
-7.172058730967019180e+00
-2.000000000000000000e+00
-7.069292785524947664e-01
-6.150031672617935818e+00
-6.395709164653839984e-01
-5.000000000000000000e+00
-2.920818753952374891e+00
-5.069788247998275210e+00
-1.000000000000000000e+00
-6.956046707184679434e+00
-3.000000000000000000e+00
-5.000000000000000000e+00
-2.994827777189527751e+00
-5.890169762469053438e+00
-2.301029995663981254e+00
-6.424464841174046370e+00
-3.000000000000000000e+00
-5.524330762202316336e+00
-2.232486049137804685e+00
-7.000000000000000000e+00
-1.000000000000000000e+00
-6.837967542242840757e+00
-2.721246399047171138e+00
-4.690196149515636570e+00
-2.000000000000000000e+00
-4.690196149515636570e+00
-2.000000000000000000e+00
-3.627771833906368038e+00
-4.000000000000000000e+00
-3.451838133406495146e+00
-2.000000000000000000e+00
-2.690196149515636570e+00
-2.000000000000000000e+00
-2.690196149515636570e+00
-2.484866086777175909e+00
-3.544068022635552317e+00
-3.922802185835494004e+00
1.480042020309399575e+00
-5.214752462218709361e+00
-3.039940855611347637e+00
5.596967245638373445e-02
-5.544068022635552317e+00
-3.490634419085940188e+00
9.911564773481413848e-01
-5.544068022635552317e+00
-3.383042887355577122e+00
1.011527950912137763e+00
