-7.109593109095109220e+00
-3.209822140196973983e+00
-5.428305756996525844e+00
-5.851297070076176610e+00
-2.909714119890530970e+00
5.078068889148504850e-01
-6.161203172876898115e+00
-2.790285411696745932e+00
1.172356024852992673e-01
-5.934400962497801579e+00
-3.488433143600939701e+00
-6.610561624902443256e+00
-2.780737997300183562e+00
-5.680512125986867389e-01
-3.787580406307996750e+00
-2.604226908759187609e+00
-1.701723649105699510e+00
-6.262490576469618375e+00
-3.113631753204896047e+00
-4.914955067551647350e-01
-7.585091686511045594e+00
-1.624682277760974625e+00
-8.098516532195608519e+00
-2.512676325922266418e+00
9.687226588264818972e-03
-5.947913958252150302e+00
-2.806665068992701961e+00
-4.485740682687968217e+00
-3.778323250980523795e+00
-6.603147679057168595e+00
-3.155069648284944073e+00
8.587596252643976691e-02
-5.910887072591660463e+00
-2.154219761245194764e+00
-1.459527778668113340e+00
-5.560846889387756953e+00
-1.918380447568800440e+00
1.496554003509341924e-01
-5.706474754896456503e+00
-3.774745669443141161e+00
-8.133131926054074645e-01
-7.612527421038302045e+00
-2.994954394763107874e+00
-1.741493777019815781e-01
-1.438921963009199390e+00
-4.007356487269980505e+00
-7.935345893380651106e+00
-3.719729363738413230e+00
1.311707615922714509e-01
-6.810548336174989004e+00
-3.046318502181264432e+00
4.771016957276876247e-01
-7.224813792394966683e+00
-2.422169102868595214e+00
2.448842686541322367e-01
-7.052910124098790590e+00
-3.279188592966530091e+00
-2.515397504418240837e-01
-7.221809595674137050e+00
-2.087352158086804188e+00
-2.677373258591857486e-01
-6.895030486530555613e+00
-1.639547413860116043e+00
-6.690925383435133433e+00
-2.616674575138969949e+00
-5.713811957375693140e+00
-2.754573485568692082e+00
-6.670155456742152822e+00
-1.906357094505415350e+00
-5.545014994187457802e+00
-1.736474014600775329e+00
-6.367627649311833338e+00
-1.576050975294394085e+00
-5.408909545295236931e+00
-2.814694321473164784e+00
-5.631633043691275375e+00
-2.225988626157462846e+00
-5.099967023785972664e+00
-1.660259050388175339e+00
-5.799533412344620054e+00
-1.558397979305488290e+00
-3.454534522139309782e+00
-2.387797266138893537e+00
-3.369113966441227515e+00
-3.423850804117847257e+00
-3.877077992060436795e+00
-2.701968091734022082e+00
-3.847967072296104796e+00
-3.070831179776706943e+00
-3.431021950206740723e+00
-4.435572354172098386e+00
-3.192152434920423332e+00
-3.721646979014147316e+00
-3.801035943743181100e+00
-2.326702325516792680e+00
-2.779026812951100878e-01
-4.628003487799400517e+00
-3.136854356812177613e+00
1.493217051487492286e+00
-2.794012844623328107e+00
-3.107066619478234593e+00
1.731798881855167727e-02
-4.672065695385902551e+00
-3.911007282768901305e+00
7.305354264566255029e-01
