-5.397940008672037493e+00
-2.562889552899504153e+00
-5.101528285013693598e+00
-7.000000000000000000e+00
-2.453824279137431397e+00
2.403075395325704744e-01
-6.737996130694466679e+00
-3.306718861745723270e+00
-5.420588189552664193e-01
-6.628431837173318186e+00
-4.000000000000000000e+00
-6.080873879034784935e+00
-2.964865668384372821e+00
-1.988043225840115502e+00
-1.732607823889825038e+00
-1.000000000000000000e+00
-1.494887704115525739e+00
-6.015145016425990754e+00
-4.000000000000000000e+00
8.025535207970400098e-01
-6.818264786541190503e+00
-4.000000000000000000e+00
-8.474112056581487806e+00
-2.829705192212471410e+00
1.158426783588336617e-01
-6.698970004336018746e+00
-2.289277301426889455e+00
-4.154901959985743076e+00
-2.000000000000000000e+00
-6.462368797158679179e+00
-4.000000000000000000e+00
1.000000000000000000e+00
-5.804261621009387362e+00
-2.032754157979403065e+00
-9.469463795194726918e-02
-6.804681516101362959e+00
-1.383613575465202139e+00
-2.223223814519703634e-01
-5.290599784156661656e+00
-2.305309843103925171e+00
-1.446892849267925052e-01
-7.324267521418777349e+00
-2.718487578374940483e+00
-1.000000000000000000e+00
-7.547751244510516599e-01
-2.000000000000000000e+00
-6.551955040207107395e+00
-3.627942688517887593e+00
-7.550267608101517425e-01
-6.454522052913412189e+00
-2.064433666885155283e+00
-1.000000000000000000e+00
-8.000000000000000000e+00
-2.779420340270236878e+00
-5.193661558778122078e-01
-6.795005361137933519e+00
-2.500000000000000000e+00
9.805354440891719259e-01
-6.929354503580243296e+00
-3.169344491296169686e+00
5.000000000000000000e-01
-5.780351381886106310e+00
-1.407340490507749564e+00
-5.000000000000000000e+00
-9.208187539523751131e-01
-5.917243952634470006e+00
-3.000000000000000000e+00
-5.605459757578962865e+00
-1.000000000000000000e+00
-6.559751702138648888e+00
-2.996784023948373399e+00
-5.273504811443393336e+00
-1.187958292203142197e+00
-5.000000000000000000e+00
-2.976848543008074444e+00
-5.829378573206675185e+00
-2.031261939973293629e+00
-5.619153266138518177e+00
-1.097296376406777574e+00
-5.719143398135953404e+00
-1.051878928367321553e+00
-2.735832813754489390e+00
-3.016068703303599108e+00
-4.690196149515636570e+00
-2.741477862229007911e+00
-4.000322609515648331e+00
-2.000000000000000000e+00
-3.524903581796793528e+00
-3.565205425127163430e+00
-3.122169014369784001e+00
-3.484515796209997518e+00
-4.313496822599382163e+00
-3.237083281843337712e+00
-3.703002932158518501e+00
-4.000000000000000000e+00
0.000000000000000000e+00
-4.664716224236981290e+00
-3.749749586221236886e+00
1.070762942146103125e+00
-4.376033117175388121e+00
-4.000000000000000000e+00
5.696442657991869218e-01
-5.544068022635552317e+00
-2.891013762521398966e+00
1.999988433706824997e+00
