3.301528820022322369e-02 1.844025909149449652e-02 3.476104853057015304e-02
2.056894917635691128e-02 2.410696058110755116e-02 1.521015502768397441e-02
3.803630899793901399e-02 1.951116764313163762e-02 9.154993255594762527e-03
2.354724477372176564e-02 2.292842575141977243e-02 9.990382847769050181e-03
3.876111349113453564e-02 2.335047852989837608e-02 4.990717265311048721e-03
2.404473848401111544e-02 2.490511293890800698e-02 1.900753240774120598e-02
4.691538042408878451e-02 3.150014624096621890e-02 3.126233669019526807e-03
2.438395791514607475e-02 2.698915316900238337e-02 6.573801646451048197e-02
2.256939302328778499e-02 2.644838132782215481e-02 8.483521943096558257e-03
2.943836883355892969e-02 2.058778069015706341e-02 6.471023405999386247e-03
4.496463608313003985e-02 1.265779431466130048e-02 9.178659714441615713e-02
2.196872337714464787e-02 2.981387847656441492e-02 6.806596124940805792e-03
2.539012040007167584e-02 2.547588614249715264e-02 1.673750125419567192e-01
2.587154786709372836e-02 3.852843185541925120e-02 2.586615862107385921e-02
3.828916540008742847e-02 1.418019779117348986e-02 5.121237681208518251e-03
4.292935204757723083e-02 1.489197319081456312e-02 4.475494740624003098e-02
2.672630137321984484e-02 3.310359314581933637e-02 3.660089412350814569e-03
2.922306540246769058e-02 2.208635167842390792e-02 2.441742981397568030e-03
2.650504796660846027e-02 2.255071615837053733e-02 5.492083877331760226e-03
2.667380454551912528e-02 2.499556333893523941e-02 3.532569733649103261e-02
2.915963216916498194e-02 3.229158356774707028e-02 5.260820348086925335e-02
4.788316390618215651e-02 1.581204827983210062e-02 2.308701576637989250e-02
3.187178030400258238e-02 2.227761142928029112e-02 1.798529397621094136e-02
1.926213466140566655e-02 2.603630616062351660e-02 4.491164536442285304e-02
5.132330554761111580e-02 4.010942389139388053e-02 2.723466968995900614e-02
3.561383078104757988e-02 1.896515649717902402e-02 1.811155727163385465e-02
6.084313295523717524e-02 3.637743004024302645e-02 1.231820546097673885e-01
2.016217059841848500e-02 6.104704308237218074e-02 2.620796627451578778e-02
3.451369463432957946e-02 1.445286647155125288e-02 5.872194559638721501e-03
3.685248325403751163e-02 2.611086980333065730e-02 3.070737345831537918e-03
4.041361145221115947e-02 1.793661976165547220e-02 1.204880248913423567e-02
4.543957950999721190e-02 2.203467551524040599e-02 3.626437200324392901e-02
1.736711400489519483e-02 4.276127120359657363e-02 4.867424753422254675e-03
4.184671473168689870e-02 2.390774862129920603e-02 1.113424833011078009e-02
1.942447009570093946e-02 2.244949074221236004e-02 8.614051398458887066e-02
2.869138666738691931e-02 3.788474046779161802e-02 8.893465410863995307e-03
1.835983575068464435e-02 2.569723046805075239e-02 2.119173179655530273e-02
4.738375747578559005e-02 1.778680795753960486e-02 4.647797192475017214e-02
3.719225664001082204e-02 1.728547357887183847e-02 1.579443680764662170e-02
6.175496962447695609e-02 2.730760048617182981e-02 2.212222236790958516e-02
3.336318932255467190e-02 2.614773834295932436e-02 9.526412024484233465e-02
2.585405925308130806e-02 2.763414116099593282e-02 1.621999181087098105e-02
2.858204657622262154e-02 2.710637470393531534e-02 1.297124600340967236e-02
2.869257770248950790e-02 2.994293360116639935e-02 4.578664375368001090e-03
2.840049383670397581e-02 3.040603741734499571e-02 3.700098730721538415e-02
2.049190361740639219e-02 2.915220786361722577e-02 9.519712278966507846e-02
2.743599230649438822e-02 1.676557584547566301e-02 9.483994939838354121e-02
3.233412150043216832e-02 4.208835730920109514e-02 1.513447671967908846e-03
3.155994481798810730e-02 1.730941192781240007e-02 1.500282366177614450e-02
3.312024306141904406e-02 2.009033954366394939e-02 2.270080156577826969e-01
2.413891197825481991e-02 4.470345888712463217e-02 1.991382128811924890e-02
2.899103647198304073e-02 2.772109637961241504e-02 3.171704354548839089e-02
2.342496336978503596e-02 3.261084901492249111e-02 1.942191950161692438e-02
2.149976269675353199e-02 3.536617597258994578e-02 3.510399321942015566e-03
3.535441282791036699e-02 1.393562548484122629e-02 2.016478253888902283e-02
3.480762109309108038e-02 1.807073461909493653e-02 2.291638151832370296e-02
3.492231350222513991e-02 2.840452070432990944e-02 3.490812841711557479e-03
2.548613306639211859e-02 3.851304736846728610e-02 8.334988958445725335e-03
3.882779296579218220e-02 1.852107392574603786e-02 5.589527416341231840e-03
2.633195712077385925e-02 2.991009639169728632e-02 1.577460621475585897e-02
2.275988325681962965e-02 2.322195152714839547e-02 2.374305276867672357e-02
1.726392574303249952e-02 3.202167438815305828e-02 4.798958217554836342e-02
2.278147468517867022e-02 1.839743442031928702e-02 2.596105863007011627e-02
2.402048836560707196e-02 2.734678713580918769e-02 2.286042746874308515e-02
2.451307182308010840e-02 1.910711628844538948e-02 3.108876773962353235e-02
4.772197445611340433e-02 2.676786344436304227e-02 7.994500135891235634e-03
2.769737213623819569e-02 2.080801148296778161e-02 5.472784801041016139e-03
5.213963756492797502e-02 1.761920935260603491e-02 9.106197103100588733e-03
3.661947204678415307e-02 5.836486384959533452e-02 2.505216393060352362e-02
4.927545879903372228e-02 1.468430766091228037e-02 1.734191742030604180e-02
2.105014419950112722e-02 3.021523048671553163e-02 1.391730865023043003e-02
5.577239758649847612e-02 1.515850837418370074e-02 8.813738572002144389e-02
3.680194895730078131e-02 1.948837887048607970e-02 1.986777924488832350e-02
3.513972923096163326e-02 2.595202307412913106e-02 4.162895314633770216e-03
2.060343497021301790e-02 2.401232087485080310e-02 1.325168063926195766e-02
2.394856616238152242e-02 2.449962722350909616e-02 3.485835416907170220e-02
3.368775967637013813e-02 1.687249940066927467e-02 4.529897616345322092e-02
2.404767055794763617e-02 1.701262643152324366e-02 1.111979560346537804e-01
3.891136968858800033e-02 1.373974911531104966e-02 2.236094012689515687e-02
3.958287323405580010e-02 1.769474509096248191e-02 6.823257339982093800e-03
2.757628365743407944e-02 3.266671418851742337e-02 6.287506101639768648e-03
2.537222870577181613e-02 4.683732710316831221e-02 5.607750040276201532e-03
4.623112935025867204e-02 1.915554826898402743e-02 7.456948186189978935e-03
2.671647736767882378e-02 4.085290145204354545e-02 4.887201064512586984e-03
3.349298858512418653e-02 1.639510203493369650e-02 9.595396663257139275e-03
2.640599070179101143e-02 2.334745310473357316e-02 3.368917980235605625e-01
3.756570611943072652e-02 1.242566584801004133e-02 3.893766549030839349e-03
2.348797047520661055e-02 2.593095988018934497e-02 9.718956610654081937e-03
3.672080822694789859e-02 1.440839165195184450e-02 3.283504469371177365e-03
7.022525062079469638e-02 1.727472039250946625e-02 6.886886282143223764e-03
2.489210059324481125e-02 3.507582229674288676e-02 1.225120044778914286e-02
2.327929318652103771e-02 4.226429098195250839e-02 5.761453010782902062e-03
2.060484324836216879e-02 3.598557687746239270e-02 3.422655801698839401e-02
4.006957062246285090e-02 2.338161943878528520e-02 5.000105777141910200e-03
5.937007009227834864e-02 2.161618483385246633e-02 4.672400561663657588e-03
4.244850112787849905e-02 2.565570912136802897e-02 2.106835721701385764e-03
5.290795344505184322e-02 3.743524531169287878e-02 8.849428855437347155e-03
2.547554143606077862e-02 2.199391127332804910e-02 8.538721689699551795e-03
3.418189723416459325e-02 1.632955276902539263e-02 3.035853418741510379e-02
2.206198870198011752e-02 2.856838430809863910e-02 4.537341959184073431e-02
