-8.267228075024911860e+00
-5.000000000000000000e+00
-6.131017042399755645e+00
-4.000000000000000000e+00
-4.388696641075148897e+00
-2.000000000000000000e+00
-8.000000000000000000e+00
-5.000000000000000000e+00
-9.550858847726284573e-01
-6.106218695502678706e+00
-3.194832867044373970e+00
-7.646721755174681334e+00
-1.424604079567741044e+00
0.000000000000000000e+00
-4.000000000000000000e+00
0.000000000000000000e+00
-2.202875988058924595e+00
-7.082554382672662463e+00
-3.645920848925203739e+00
6.554983771684893545e-01
-9.160072732681616259e+00
-5.000000000000000000e+00
-7.204702017919513146e+00
-2.987566006323767454e+00
-2.000000000000000000e+00
-4.751456071412905047e+00
-3.491090919793889302e+00
-5.843334473985046351e+00
-3.395988925574324746e+00
-9.000000000000000000e+00
-1.125239661603725905e+00
2.000000000000000000e+00
-7.698970004336018746e+00
-2.632758970848120939e+00
-3.000000000000000000e+00
-5.825414195685630681e+00
-1.571964600904037557e+00
-6.790181824738670269e-01
-4.337268217686276017e+00
-2.914650658974976327e+00
9.725566592429103485e-01
-5.522878745280337398e+00
-2.974979053527111006e+00
-4.641133652909067431e-01
4.789121984744237892e-01
-2.548767029737506906e+00
-9.000000000000000000e+00
-1.543614348087663846e+00
5.439248061195556261e-01
-7.833262870376084486e+00
-2.681290066082021806e+00
-2.000000000000000000e+00
-6.428720956527126162e+00
-3.169673066157316921e+00
1.926208074546357674e+00
-5.853335413506596474e+00
-2.960125666020110291e+00
2.000000000000000000e+00
-5.439759273583456789e+00
-4.188145084877556990e+00
-2.000000000000000000e+00
-5.006128682925180762e+00
-2.367395855054059250e+00
-6.033005192251469140e+00
-1.910845280348116404e+00
-7.531834455697589803e+00
-1.971851975988887284e+00
-5.984991413398986992e+00
-2.839972084221941362e+00
-6.360883919708749445e+00
-6.697642662039366979e-01
-4.557563552984665201e+00
-1.053299530114996108e+00
-6.912074034453336679e+00
0.000000000000000000e+00
-5.620712090577417719e+00
4.139268515822491779e-02
-6.389695935703632479e+00
-3.548427409976043556e+00
-7.890659259172859485e+00
-2.400746395461328397e+00
-4.646625964772555406e+00
-3.249946271830770339e+00
-3.903120500993261910e+00
-3.411511397707531756e+00
-4.837110338062412751e+00
-4.304237932596946870e+00
-5.690196149515636570e+00
-4.499376461304301245e+00
-4.789605425127344773e+00
-3.748509300252368615e+00
-1.690196149515636570e+00
-1.535899387844641861e+00
-4.509765774356586654e+00
-3.495474126743598919e+00
2.898447991477826058e+00
-5.374589772087142059e+00
-3.495467507448925648e+00
2.629639952551241944e+00
-5.671569640813435065e+00
-1.454140218063110224e+00
1.984621071810247273e+00
-3.612295728841279807e+00
-3.785442426281585782e+00
2.271443139335940220e-01
