-5.306020059756528795e+00
-1.274846802836786086e+00
-7.000000000000000000e+00
-5.013572284074840013e+00
-2.852648439338729691e+00
8.285448878206761458e-01
-4.217623203422295575e+00
-3.336626558335031412e+00
-7.750857190239158756e-01
-7.394186326886698524e+00
-3.538954534821855180e+00
-6.603028099303284826e+00
-3.115181598540429420e+00
-9.878064851584982264e-01
-4.000000000000000000e+00
-2.934740036878718872e+00
-1.845123498184602751e+00
-4.626163532431944780e+00
-4.221938110423123725e+00
3.653447709311458680e-01
-5.591482233755139752e+00
-2.859073771924963037e+00
-7.152362482570141289e+00
-3.319209464525521458e+00
-3.663219063262161956e-01
-6.683283661373353723e+00
-3.624909401337875092e+00
-4.422595777839469555e+00
-3.535361887996275154e+00
-8.443341591431249071e+00
-3.617074867803097060e+00
-4.929842812724565815e-01
-4.782938354166935468e+00
-2.247056149591903473e+00
-1.538642421572123720e+00
-4.729853226662656951e+00
-2.090415629396099373e+00
-2.605199240774543346e-01
-5.567986541974470072e+00
-4.932969352415687680e+00
1.225992512627006453e-01
-8.314637804476250338e+00
-4.051073229816194221e+00
1.210347038057898006e+00
-1.447950996818721414e+00
-3.083139553520973131e+00
-5.613223721761699814e+00
-1.469354507757531403e+00
-3.890649509073502710e-01
-5.367078640675682522e+00
-2.592404795973245246e+00
-5.672946600490887947e-01
-7.745729240172675389e+00
-2.375768595122660365e+00
-1.571059870622677268e+00
-7.589540704884271349e+00
-4.271630748960633994e+00
2.860685494222955372e-01
-7.524109813008681868e+00
-2.729746030841623483e+00
-1.084527323052676406e+00
-6.059273893435613623e+00
-1.307934612615613945e+00
-6.149299680895484066e+00
-5.144089021621300883e-01
-4.000000000000000000e+00
-3.145659455261829773e+00
-6.576677761074053663e+00
-2.726498014749055177e+00
-5.401411188923685103e+00
-2.136127848323719824e+00
-5.340329330843911926e+00
-1.600162341113531284e+00
-5.329195301283509600e+00
-1.028117365336502775e+00
-6.057883419710367257e+00
-1.196093514139580760e+00
-8.000000000000000000e+00
-3.114311534257417691e+00
-7.158364777115417965e+00
-1.741283477470961794e+00
-5.092716715504800540e+00
-4.280592413960877529e+00
-4.758141320038114408e+00
-3.398220281762185824e+00
-3.195292607899387072e+00
-3.832080533662596711e+00
-3.065619826310538087e+00
-2.237536681429327601e+00
-4.362288162458154872e+00
-3.254088610328838005e+00
-4.155490834980442472e+00
-2.383801300573515913e+00
-3.090438557127807240e+00
-2.094785973521364308e+00
2.238784172808063744e+00
-4.259665536158596666e+00
-3.975867258526542880e+00
2.432837219475004198e-01
-3.605756115632706482e+00
-2.127671500763877788e+00
-1.768088693361843933e-01
-3.576676665609032746e+00
-3.041829579639281800e+00
1.031122884575277565e+00
