-7.443282595738247132e+00
-1.000000000000000000e+00
-5.122398104381646888e+00
-4.402180915199688904e+00
-3.507127890581259955e+00
1.398768371529474308e+00
-5.788705758758667663e+00
-3.787918126010032527e+00
-8.111931736368484247e-02
-5.931549483793881805e+00
-2.120831698919609209e+00
-6.253018551869036656e+00
-2.430332137102560797e+00
-1.949681674526420605e-01
-2.134374680209632391e+00
-5.057803387222408187e-01
-1.113337199773249131e-01
-7.133397163307049205e+00
-3.291075330346804328e+00
-1.424982049435416176e+00
-8.485636841727735913e+00
-4.806073650732942681e+00
-1.030102999566398125e+01
-2.807799306593349975e+00
-1.770014305666891330e+00
-7.698970004336018746e+00
-2.603176713682140875e+00
-5.129102078277574250e+00
-4.153275151159218304e+00
-5.790070404708202112e+00
-3.765079758410705413e+00
1.184836352337713228e+00
-3.698970004336018746e+00
-1.306731651400212746e+00
-2.651206091039880253e+00
-4.614311892560744255e+00
-1.384508514769152918e-02
7.846279861479300843e-02
-5.729657930696586021e+00
-4.986791241563365062e+00
-1.791677847378602140e+00
-7.228153625193503018e+00
-2.583492456248898783e+00
-6.012949568976906356e-01
-1.394823494550912590e+00
-4.375003273778522050e+00
-7.901031337841762259e+00
-2.668540369297284887e+00
-3.473985567604216396e-01
-8.143058231883994580e+00
-2.942381522497472535e+00
-2.000000000000000000e+00
-7.276050222411372559e+00
-2.997454780240194072e+00
2.829523581939907828e-01
-5.000000000000000000e+00
-3.845903046742477294e+00
2.000000000000000000e+00
-5.727925866007700151e+00
-4.309609867108347814e+00
1.307590517227773308e+00
-5.200604342415525494e+00
-6.680370990659997288e-01
-5.645813541943186742e+00
-3.039655409104385364e-01
-4.948318964266236186e+00
-2.513482475197660992e+00
-5.690841004834958028e+00
-3.748420900057138905e+00
-7.556903910861531237e+00
-3.842051058174338340e+00
-7.362654805581470896e+00
-1.205224026586705771e-01
-4.000000000000000000e+00
-1.866132198965994471e+00
-6.940109713528212154e+00
-2.938414795790455170e+00
-6.248317203977098444e+00
-2.166948950162407073e+00
-4.340221201516388128e+00
-1.785375243531989398e+00
-4.108904060774695388e+00
-1.765887064498731229e+00
-3.843094720010005183e+00
-2.561439538097252999e+00
-4.322976920238634335e+00
-3.799804709302937233e+00
-4.908881197170177124e+00
-1.000000000000000000e+00
-4.611709262479280369e+00
-2.468298794327151491e+00
-2.451736627544741420e+00
-1.442474378096029630e+00
-5.682030810744594262e+00
-1.353684951600918396e+00
-1.486207858402354143e-01
-5.031630745023572437e+00
-3.975631543248887123e+00
2.149703643766374128e+00
-5.335463623411092371e+00
-3.965694816680588097e+00
-4.839075764201687946e-01
-3.382165535858938643e+00
-1.311010620492356615e+00
3.786204192443057837e-01
