-6.445076788278579549e+00
-3.072962807257335616e+00
-4.768259557525071912e+00
-6.897809418176056084e+00
-3.115089256826497621e+00
3.757293973725305269e-01
-6.204546762022726369e+00
-2.099570781211963055e+00
6.941589594211082515e-02
-5.745931336436043146e+00
-3.035579136872846195e+00
-6.763870783628271433e+00
-3.009686823018627777e+00
-3.421577405951401474e-01
-2.246544148741337121e+00
-8.863708284944717963e-01
-1.399342530971991572e+00
-5.727213840830998492e+00
-2.660163720686287370e+00
-8.349079147730260608e-01
-8.371954816840682767e+00
-2.204708730632335190e+00
-8.228774553900278121e+00
-2.881616839447248335e+00
4.065000522757730717e-01
-5.471322555885841155e+00
-2.548632836186765616e+00
-4.077158173434980881e+00
-4.354491613973459074e+00
-7.007375335326465837e+00
-1.461784464848160381e+00
7.108205221601644475e-01
-6.346515197089940941e+00
-3.479790491994458002e+00
-5.286323896246252207e-01
-5.571962649927836075e+00
-3.110071184679688905e+00
1.529864259667607918e-01
-6.369115005310520772e+00
-3.233863769597563387e+00
-1.221451143005031492e-01
-6.926000172984760894e+00
-3.126846896851968260e+00
-2.731375801652940472e-01
-2.101350648812325694e+00
-3.411242140687683388e+00
-6.715353440249117511e+00
-3.476851495395545832e+00
4.719506690450496200e-01
-7.810960433155078597e+00
-3.192260364013574048e+00
-3.333810420162058308e-01
-6.819954701621592008e+00
-2.729731030006065318e+00
5.042432312571832886e-01
-7.050179901054258735e+00
-3.062158730187766853e+00
-7.912032030518738601e-01
-6.731657208818709215e+00
-3.264505677516690518e+00
4.951667915918110952e-01
-5.360234238110657579e+00
-1.336432906792123676e+00
-5.057850176681236931e+00
-1.932599613359753832e+00
-4.798356309708262657e+00
-1.862650155279206299e+00
-5.575603574271919882e+00
-2.614027119064929128e+00
-5.560089348797079722e+00
-1.766452884642712551e+00
-5.961943481940854994e+00
-1.558913257414678011e+00
-5.581398865836144196e+00
-2.458706772212218006e+00
-6.862846327590711226e+00
-2.589981608828684778e-01
-6.079629471870417134e+00
-1.933658712616320718e+00
-6.666788637639206705e+00
-2.834352115923583604e+00
-2.634345348741781390e+00
-2.095451955398570654e+00
-4.041687943288510887e+00
-3.120238906203648632e+00
-4.273748354365959123e+00
-4.362808920910505428e+00
-3.353541349484089107e+00
-2.105230574800702303e+00
-3.082538670521714597e+00
-2.648552693169855754e+00
-3.976930530962771382e+00
-2.228355449132871424e+00
-4.325321911501307959e+00
-2.069210923076988173e+00
-3.827397839214941033e-01
-3.921502557726522120e+00
-3.498824381341389511e+00
1.894153737515116287e-01
-2.544068022635552317e+00
-3.193015586503270331e+00
-1.674374366856658525e-01
-4.071558091464916096e+00
-3.490037787148833281e+00
1.035930617000423576e-01
