-5.193900185147848347e+00
-5.000000000000000000e+00
-7.000000000000000000e+00
-5.507668493210404748e+00
-2.621252328693094213e+00
1.314696729445747649e-02
-5.124090449649269630e+00
-2.601864620353190993e+00
-7.740604689934492688e-01
-6.503776985726362980e+00
-3.057706489395123572e+00
-7.003429982927344533e+00
-4.626232364927166607e+00
-1.473250247284446646e+00
-3.585576067521007548e+00
-2.456891998738171823e-01
-1.364833156546174209e+00
-7.090360271442087026e+00
-2.081409855026897127e+00
1.041330072750629165e+00
-6.349900399577798282e+00
-2.569273132029334050e+00
-7.363064148208029458e+00
-4.865755638244983139e+00
6.454901671124788631e-01
-7.280709143165569053e+00
-2.750634346780097772e+00
-3.689894915968906286e+00
-4.302808397325209810e+00
-7.713977118439896863e+00
-3.072101490835954962e+00
1.052145790247072110e+00
-5.523776995742649021e+00
-4.278167607088071200e+00
-9.961752401623970021e-01
-5.559099369099450350e+00
-3.077832151037519726e+00
8.566443360862086021e-01
-4.976976050838575638e+00
-3.972991953896923611e+00
-5.376538976827409666e-01
-9.040159396433820049e+00
-4.005691678713655612e+00
-2.994536596241809678e-01
1.728073401751335225e-01
-3.593171344720280214e+00
-6.459218557837392183e+00
-3.342243532951908680e+00
2.423915735969849883e-01
-5.974331409747223098e+00
-4.776930580460894582e+00
-1.375483872386862871e-01
-6.695567357906718087e+00
-3.083429518039941364e+00
-1.414477328986865956e+00
-7.512976784944280340e+00
-3.575975680015218483e+00
1.545040326986914403e+00
-7.488016259452141554e+00
-2.382374127360720628e+00
-6.126471054024060781e-01
-7.452013619100288366e+00
-1.588160517424579421e+00
-6.239027431519668987e+00
-1.200839820940129643e+00
-5.856912967783021173e+00
-3.644475990513488028e+00
-5.924795075778562570e+00
-2.836687608270985095e+00
-5.303858477056567544e+00
-3.605763534691977412e+00
-4.000000000000000000e+00
-2.136238025748937286e+00
-4.959812743239021771e+00
-1.792148144101237905e+00
-4.000000000000000000e+00
-1.609496203800719449e+00
-5.897254758158147148e+00
-7.525115501662501538e-01
-5.634989555361499924e+00
-1.111986706594853658e+00
-4.130678464417152362e+00
-3.953683023048078393e+00
-4.159442870958233840e+00
-2.383415453653890292e+00
-2.778235439057822553e+00
-2.324364923157691276e+00
-5.690196149515636570e+00
-4.414341517796668946e+00
-4.847689507577507051e+00
-1.020262034658110606e+00
-2.977293375627482419e+00
-3.035315744467401711e+00
-2.863019538945051234e+00
-2.811080744708109869e+00
-1.670083539284515084e-01
-4.546318837776656352e+00
-2.131783693335044028e+00
-5.782909380218332895e-01
-3.578044565684785461e+00
-2.786831382747361641e+00
5.798052137683817886e-01
-4.213861403649536541e+00
-3.241216804182116551e+00
1.399181357782798063e+00
