-5.700107305121108858e+00
-2.323144708935446889e+00
-5.654720759681707953e+00
-5.915154177368296295e+00
-3.920299759681965313e+00
5.033473077486675384e-01
-6.076703783511012702e+00
-3.105919134251124536e+00
-8.506626427872255869e-01
-7.154747509332858968e+00
-3.008621477945998102e+00
-5.566128891015411639e+00
-3.203046225205621322e+00
-1.658148046774590156e-01
-3.519728940409872830e+00
-1.194286891149202834e+00
-8.720503228844014298e-01
-5.776408693009263295e+00
-2.253924890121748348e+00
-1.230964201268472280e+00
-7.545783091209510296e+00
-2.216546935712141231e+00
-9.085199710142774165e+00
-3.144402388467783638e+00
-1.815909627558025263e-01
-6.383499133174892037e+00
-2.849796569892919074e+00
-5.169220474825672262e+00
-2.171210611435383520e+00
-6.299672538689079282e+00
-3.373356618602468604e+00
-6.402111252246158735e-01
-5.416262102470255968e+00
-1.639233861356659272e+00
-1.243214920159543491e+00
-4.884281462465605017e+00
-2.945099765660405211e+00
4.092371172897126819e-01
-5.350835392798081180e+00
-2.498331294880562492e+00
8.107432619970809107e-01
-7.300667308471568973e+00
-2.087517823428056030e+00
9.750880879900607479e-01
-7.086451310153402128e-01
-2.684479829078180391e+00
-6.494245407762934796e+00
-2.666035256722135482e+00
-7.769137081128660860e-01
-7.741814307221327240e+00
-3.259721220482521442e+00
-6.947105800492027194e-01
-6.323584769084924062e+00
-4.116946548325043587e+00
-1.852252817528386442e-01
-8.848514156938346531e+00
-3.473395989900766700e+00
-3.530794684622073909e-01
-7.654343567522027492e+00
-3.823994225121148727e+00
-2.640323795530506445e-01
-6.079779053033445457e+00
-1.564289728965134296e+00
-4.346989588569325491e+00
-3.290376261855666229e+00
-5.843630098782958804e+00
-1.932732048968866412e+00
-7.272662959217319312e+00
-1.287129745952866777e+00
-4.994279600716778234e+00
-3.132521132017192844e+00
-4.242902278069609956e+00
-2.722443511459925691e+00
-5.260884172471525844e+00
-1.676587548409020911e+00
-5.138186621279028365e+00
-3.470870083053672950e+00
-6.208231925687561770e+00
-1.306725882325246113e+00
-5.467313501330336223e+00
1.919313038375751179e-01
-2.285212227151220521e+00
-3.176815339986757358e+00
-3.259774430486545693e+00
-1.969158718271581732e+00
-2.997828081679982493e+00
-2.346223371710996375e+00
-4.522129680244173500e+00
-2.091434248655207551e+00
-3.343588629989008076e+00
-2.381658738857175273e+00
-3.313334380258857959e+00
-2.386662125543308477e+00
-4.771247363129750951e+00
-2.021489094352778793e+00
7.025941788528348164e-01
-5.468038417348084046e+00
-2.402257605716526800e+00
5.556333905153715280e-01
-4.133876065591704396e+00
-2.422097414855249209e+00
1.379892697931160761e+00
-2.544068022635552317e+00
-2.347813847171651425e+00
2.100287813966603245e+00
