-4.734618173373297267e+00
-3.923721075391773283e+00
-4.392873533448601542e+00
-6.917884737468845913e+00
-2.161540626027614653e+00
1.343730645240470256e+00
-6.458398869189792002e+00
-4.353978397004357959e+00
1.690479795830140297e+00
-6.834908539245430958e+00
-1.953033996879828926e+00
-5.590636562567192769e+00
-3.600197852162280832e+00
0.000000000000000000e+00
-3.093476320224803011e+00
-2.265956553957112263e+00
-4.000000000000000000e+00
-7.059713956742569962e+00
-4.126071175756340637e+00
-2.151536357096436591e-01
-6.268812017013918769e+00
-2.331228601137818490e+00
-8.447104871559057315e+00
-2.780442070061192705e+00
4.210898568758909555e-01
-4.795397816140196667e+00
-2.621289127778223094e+00
-3.992156234996161679e+00
-3.223326367565389816e+00
-7.560224282188133138e+00
-4.435456525780486992e+00
-1.407620095983277420e-01
-6.732289900346627221e+00
-5.000000000000000000e+00
-1.553620616761965945e+00
-4.980798628083067392e+00
-1.561540647188360165e+00
-6.595434141728918898e-02
-5.868478774276170817e+00
-4.358971693628773458e+00
-1.177411762054377364e+00
-6.744515137039283736e+00
-3.152515627420805711e+00
-3.643758723134766231e-01
2.281150530889936023e-01
-3.440803157164518566e+00
-8.572006933862356348e+00
-3.468770682029231001e+00
2.522221092145606747e-01
-7.557945623554240377e+00
-3.039084859880047063e+00
9.592802437601073429e-01
-6.621274857995642193e+00
-3.206306877733775096e+00
-7.539789020111471451e-01
-7.526578142687645467e+00
-2.296935557173267028e+00
-4.812197885332117342e-01
-8.579725165599841219e+00
-3.979913693962914500e+00
-6.575463988353110745e-01
-5.372872346290942680e+00
2.193090886439061360e-01
-6.332222645306787356e+00
-1.107759150386065539e+00
-4.018824026777144454e+00
-2.125914140123433160e+00
-5.116672915185445980e+00
-1.483627500801681709e+00
-5.339866916573610567e+00
-1.288202936941420962e+00
-5.757830888249664270e+00
-1.300739165369749983e+00
-4.013022417739286141e+00
-2.440876621790349255e+00
-6.659610874712823758e+00
-2.198044787551109547e+00
-5.349437183673933838e+00
-3.671327349885157965e+00
-5.840880093859319722e+00
-1.403998776260827919e+00
-4.508413463336204074e+00
-4.150451754734877596e+00
-4.029948125354174238e+00
-3.128689590141851440e+00
-4.194311522552217397e+00
-3.535004595244005898e+00
-4.213837742531575614e+00
-4.051605069125964853e+00
-3.825978661783821178e+00
-3.556536455645215256e+00
-2.743411135004796719e+00
-2.167110490588101790e+00
-6.206261169257694554e+00
-2.991713407909545097e+00
1.220887750353848222e+00
-3.030549518333256032e+00
-2.271429609693560447e+00
-2.931774782586500372e-01
-5.135847610231807359e+00
-2.250892349109832491e+00
1.790555883761355771e+00
-2.894383903648945378e+00
-3.251723105565084815e+00
7.659715303722578472e-01
