-6.965756017863466987e+00
-2.810724709984702141e+00
-5.745314491029247961e+00
-6.270425824721915120e+00
-3.844647199092348089e+00
-5.035087304145811071e-01
-5.404753157640969974e+00
-2.609022575352744067e+00
9.462272909873866711e-01
-6.603743691064948962e+00
-2.727663501625520848e+00
-6.675977555824692544e+00
-2.832007142011323975e+00
-8.062199302571818604e-01
-3.292345267772849304e+00
-2.888482137799313954e+00
-2.586693317415081683e+00
-6.709439214745662738e+00
-4.010473940303958429e+00
-7.243043728140506898e-01
-6.505515266479076075e+00
-3.599895042495281139e+00
-9.311107415581489022e+00
-4.389924196425750935e+00
5.381227564079045234e-01
-4.965528072209671961e+00
-1.860167809611426026e+00
-4.242639748726800164e+00
-4.432168880355066065e+00
-5.868525256752595176e+00
-3.396115530250212178e+00
-1.144121461187103783e+00
-6.253554730555286767e+00
-2.170559153140332320e+00
-9.269961708947469514e-01
-5.548133920863564050e+00
-3.259449786508672897e+00
5.543708554329132010e-01
-6.918324256962520735e+00
-2.994207388230679001e+00
2.086849221970148993e-01
-7.252859248788642965e+00
-3.876203531063602270e+00
8.921765421358166526e-01
-1.931368559682709596e-01
-3.769098548099752755e+00
-6.983351089348302843e+00
-2.380475836967275605e+00
6.814359153313561679e-01
-5.932230993709306510e+00
-1.671781512703290007e+00
-1.000824817743211359e-01
-7.414485078753918046e+00
-3.574314252480992771e+00
2.719890218971843243e-01
-7.859105706823124926e+00
-2.859526214475956785e+00
3.199907862430622085e-01
-7.723355662286255807e+00
-2.466364416044063201e+00
9.893605248871362168e-01
-6.276420635958420036e+00
-2.176226840901370974e+00
-5.452160934200506404e+00
-3.122459106223212544e+00
-7.304308040069469321e+00
-2.245429881382680737e+00
-4.617408276914938270e+00
-1.926806122041267111e+00
-5.683635885205144511e+00
-2.247074574133230751e+00
-5.837827025603814945e+00
-1.569489899526274490e+00
-4.912503412094732624e+00
-2.611700852811405849e+00
-6.681613467475180812e+00
-1.598077004057350647e+00
-5.210338582902726223e+00
-2.986410589627221057e+00
-6.841917351174771511e+00
-2.568279789738682428e+00
-3.634682317348527647e+00
-2.574686387284415456e+00
-3.932941258189204703e+00
-2.714771007626418875e+00
-4.038335658337405043e+00
-3.360165543348851980e+00
-5.607969699266134533e+00
-3.985623162359358318e+00
-2.738616793008663119e+00
-2.227819401796331533e+00
-4.362428478901446915e+00
-4.156705597577951217e+00
-3.256610895317392007e+00
-3.510522352433504523e+00
5.968862435632079633e-01
-4.465168765078739277e+00
-3.060205814915815115e+00
1.725544404416903044e+00
-3.966306085508664925e+00
-2.468906709879411743e+00
8.868459754368667181e-01
-5.512642218053812826e+00
-3.296228972893037845e+00
2.040910698428969994e+00
