-7.267419408068719555e+00
-3.447213116356843354e+00
-5.121215574176180674e+00
-5.552125146000512323e+00
-2.863681735842158016e+00
-1.350805749977028181e-01
-6.086421375075723006e+00
-3.869551674704558408e+00
-6.940842414097238011e-01
-7.773824903999779323e+00
-3.003472936008155791e+00
-5.408022070190810382e+00
-4.168257730624167934e+00
-9.058449159186898747e-01
-3.478480905006786639e+00
-2.242226398304197232e+00
-3.454992836669789735e+00
-5.615656913770106229e+00
-3.923813099497364565e+00
-5.178657283149349366e-01
-8.938311809336736857e+00
-2.914606868980987642e+00
-1.030080643461290180e+01
-2.531804240563163777e+00
-9.822503462154265064e-01
-6.447513328921176345e+00
-2.514337112994553536e+00
-3.950563008167329748e+00
-3.681914369813376275e+00
-6.786372449537860341e+00
-2.663628909362182995e+00
4.928658825726060511e-01
-6.507040643187557372e+00
-2.452485364280454050e+00
-1.831679076807713136e+00
-5.612832600935455218e+00
-2.124175431026635419e+00
-7.494870943277832653e-01
-6.052184017176423403e+00
-2.429532528975031802e+00
3.857281477169349215e-01
-7.526464281899352571e+00
-1.516151083153178813e+00
-7.334279253095904449e-01
-1.274026656414579683e+00
-3.512988149073634769e+00
-6.881031892187227328e+00
-2.446594475259568746e+00
8.772435681424967102e-01
-7.960810927520781455e+00
-3.649150935250657479e+00
1.206911082829388859e-01
-5.000000000000000000e+00
-3.739022594593554238e+00
8.533228580354572657e-01
-7.424412932421970091e+00
-2.795522556937990455e+00
-1.534575364731833647e+00
-8.186159292954979350e+00
-3.194294237986488483e+00
8.678785540640197860e-02
-6.363706769159100496e+00
-1.598573185391600093e+00
-6.308036367185783533e+00
-7.168363072925733048e-01
-7.046770579042380689e+00
-2.572655466467276497e+00
-5.998792644117421524e+00
-2.444037478106256600e+00
-6.145491671264640132e+00
-3.979309843253001855e+00
-6.447319961805892063e+00
-7.021378249858167830e-01
-5.887372699296099299e+00
-1.721816621120901836e+00
-5.352464196675679631e+00
-2.993673180437975034e+00
-6.200558239956010631e+00
-1.970820550883011890e+00
-4.000000000000000000e+00
-1.419186292355513412e+00
-3.854356769379231107e+00
-3.060323994044747753e+00
-4.664509397033220317e+00
-4.779645079888484638e+00
-4.852837875321546868e+00
-3.630008463885109116e+00
-5.018894000112595677e+00
-3.667676232154579274e+00
-4.872654814263433387e+00
-2.381046491500775630e+00
-3.540538673106960132e+00
-3.743290327365877079e+00
-4.417542265327626616e+00
-2.574308879291541619e+00
1.773087402678842794e+00
-4.302026181200356625e+00
-1.863365501663755586e+00
2.166306788803925354e+00
-4.645101091181620845e+00
-3.841624786167656680e+00
2.957857902984067255e+00
-2.544068022635552317e+00
-3.573734340529828746e+00
2.164839649518909948e+00
