-6.397744455627472959e+00
-2.303312760276620352e+00
-6.032483513231099437e+00
-5.741941659790605890e+00
-3.507261906205950019e+00
6.838617398639581513e-01
-6.002801140513327915e+00
-3.899520908367073435e+00
-2.377978791148423199e-01
-5.539499202300526726e+00
-2.011287089833776243e+00
-7.376682856314478620e+00
-3.312180524423410599e+00
-9.293602459454750608e-01
-4.000000000000000000e+00
-2.408986083758540175e+00
-2.150901900570915348e+00
-5.424383000330995408e+00
-4.859922688984065431e+00
-2.018794369906094788e-01
-7.026935682860682597e+00
-2.658249520703614088e+00
-6.661569369780607985e+00
-3.749923371689567908e+00
1.017338884955524936e+00
-6.423942535466677484e+00
-3.121489349792228918e+00
-5.067151495034431186e+00
-2.932460561521960329e+00
-5.795771232851961052e+00
-2.954521993535907054e+00
1.002161893801168491e+00
-5.957920145875952755e+00
-3.388067782366185110e+00
-1.210799876701386779e+00
-5.691939560122734498e+00
-3.034343632503653243e+00
1.470014554109800864e-01
-6.767119691546624516e+00
-3.400193184830492488e+00
9.470522884826382617e-03
-7.026508436062218976e+00
-2.237656688924642534e+00
7.742157999803381263e-02
-1.567033222504158774e+00
-3.546181191720747083e+00
-6.060263119443698443e+00
-1.348213871086398008e+00
-5.570277446995295367e-01
-6.961564295654397050e+00
-3.505922249322526163e+00
-2.889232900870894460e-01
-7.010519699422173900e+00
-1.861542181890056824e+00
-6.953557804571209866e-01
-6.296439694635887818e+00
-3.815916694455670832e+00
7.695426287510233054e-01
-5.878026845266678180e+00
-2.311830702777538438e+00
-3.721995737071069343e-01
-6.441315709685282442e+00
-4.780157918436508946e-01
-4.602919649178272898e+00
-3.343111500439678085e+00
-7.062451974142412325e+00
-1.197669811139173035e+00
-6.286949446887557080e+00
-2.881633459572272571e+00
-6.313764825455600693e+00
-1.711090265331113969e+00
-5.979173118316993829e+00
-1.681660313596781142e+00
-5.094050998209397108e+00
-3.200999527117531329e+00
-5.786964672596642600e+00
-1.333589477073111818e+00
-6.880556673185989069e+00
-2.227849506134727431e+00
-5.316470443175887794e+00
-2.824171305099864249e+00
-4.763052113924428177e+00
-1.557767101504179186e+00
-3.403439845355770377e+00
-2.993826489211028452e+00
-4.517567986681442882e+00
-3.222517106656858310e+00
-3.801086275639653511e+00
-3.800439005238676060e+00
-3.583909140724180098e+00
-1.813648948168208985e+00
-3.167768661279946496e+00
-3.646495211576604500e+00
-4.181301861635757788e+00
-4.282279682797974552e+00
1.148601087659945064e+00
-2.899395335803393703e+00
-3.912130053465723289e+00
1.512116522198765356e+00
-4.759457007817118779e+00
-3.206529932702544716e+00
1.096736227615531911e+00
-2.913884232982767664e+00
-2.018774482390835345e+00
8.919222798161909882e-01
