-4.687678321525670100e+00
-3.886893714970249825e+00
-4.501042563214530112e+00
-7.464145204805451961e+00
-3.652347622655555348e+00
9.802484686047289175e-01
-6.511184556795907241e+00
-2.538494730817787648e+00
7.997971697538359959e-02
-5.126917209660330599e+00
-1.730602214413606177e+00
-7.686940441326379769e+00
-1.985079145393999545e+00
-7.856763959067794012e-01
-4.000000000000000000e+00
-3.579792387394926667e+00
-1.861101967694799519e+00
-5.736652876251975286e+00
-1.721457103304148806e+00
6.561734340947349420e-01
-6.214181890222107540e+00
-2.461465119629297149e+00
-9.932781696000441585e+00
-1.994661846394245819e+00
-9.001332528734422578e-01
-5.890011261280694299e+00
-3.453029713212798946e+00
-4.870596085003342068e+00
-3.903197482806326502e+00
-7.235515256966194464e+00
-3.783022818146316357e+00
-6.382041685041029977e-01
-5.860052588287626207e+00
-3.624513239396239594e+00
-1.043040913058517427e+00
-4.875353556117154596e+00
-3.062456445022859963e+00
2.041556200140006716e-01
-4.781790254730912793e+00
-2.359990009962168234e+00
-3.094121211530636573e-01
-7.579944718724492603e+00
-1.473879907634656483e+00
9.012462944519444852e-01
-5.206984969353048998e-01
-3.698797043796625772e+00
-8.737902475995969809e+00
-1.321226640651892659e+00
-4.903783501290996383e-01
-6.937113339737097206e+00
-2.126654707546259626e+00
7.621590032554623750e-01
-5.813286582617186227e+00
-2.337689587751729192e+00
-6.665134746775570607e-01
-7.317922397283584957e+00
-2.915776957076352094e+00
-1.803787504094588767e+00
-6.958743041533881346e+00
-2.223100788331881628e+00
-3.013280637097681125e-01
-4.850551833738583341e+00
1.786675041424852228e-01
-4.171233063361559523e+00
-2.973644663214573214e+00
-7.213920721850984208e+00
-3.019855229179432055e+00
-5.845494020477313590e+00
-2.522952493098085558e+00
-7.899304956675112344e+00
-3.666171582985902955e+00
-4.000000000000000000e+00
-2.309338328165187360e+00
-6.936826041329141823e+00
-3.001850608761848616e+00
-7.283523155575904795e+00
-1.237436192769391763e+00
-5.628227946150538230e+00
-2.808036045891266763e+00
-4.264250659309962721e+00
-6.564320060812727231e-01
-3.532438281215378506e+00
-2.733721948795293066e+00
-4.488973318519574818e+00
-1.000000000000000000e+00
-4.985843352357186120e+00
-2.896157971576099222e+00
-4.510450590592849807e+00
-4.357670855390388454e+00
-2.243081128528965795e+00
-4.632193422231084767e+00
-4.222955116542137510e+00
-3.270345698752486818e+00
-5.925219159481909692e+00
-1.778241715136879009e+00
4.302154697017742668e-01
-6.544068022635552317e+00
-2.242168832668031797e+00
1.428765777058681463e+00
-3.694112401589256578e+00
-3.286677737631404916e+00
2.039466807601984399e+00
-3.868909280266437545e+00
-2.183955675873612723e+00
4.455399765244297261e-02
