-7.779677947210272393e+00
-2.587458963311346061e+00
-4.438305977744614772e+00
-5.934422930881184222e+00
-2.513240255104751686e+00
3.047555251213616145e-01
-5.920676269112460588e+00
-3.284211900112619542e+00
7.381297907057206009e-01
-6.588626410838068104e+00
-2.382864880206892355e+00
-6.367691964893365864e+00
-2.118550148435063285e+00
-5.813799518003838207e-01
-3.477015379919374816e+00
-2.448222056343931641e+00
-1.986555966025130182e+00
-5.329554044140494717e+00
-2.746627728696170667e+00
5.166907032491907525e-01
-6.048280179866849515e+00
-3.336929776088646271e+00
-7.880463330697806690e+00
-2.893306438389542823e+00
1.092167532505776029e+00
-6.195276354011966191e+00
-3.214619079982705685e+00
-4.600552701827373525e+00
-4.138820514845365395e+00
-7.744938430000228635e+00
-3.114274369209346194e+00
8.588963704410097488e-01
-5.507818990254477853e+00
-2.237031751467323470e+00
-8.570699615502377355e-01
-4.800227094586017706e+00
-2.143771962605057979e+00
1.840376506061610351e-01
-5.200476974568675637e+00
-2.964369694918136400e+00
6.885221605540559064e-02
-7.499694219177311716e+00
-3.526472352570181990e+00
-8.206694292647969124e-01
-9.073656295065607447e-01
-2.693023165304596400e+00
-6.888025344317446397e+00
-3.255231510840509657e+00
3.951696651351802037e-01
-6.206303071226827228e+00
-3.231597822626863792e+00
-2.213506558493091685e-03
-6.824262002299636087e+00
-4.186431379224973881e+00
4.002003790139158634e-01
-6.437198207553846530e+00
-4.007340751521502931e+00
7.018480636115700388e-01
-7.137361829874441455e+00
-1.472527502238332842e+00
-1.039353120012123544e+00
-6.376790402747281483e+00
-1.542669992759041486e+00
-6.902998221850278782e+00
-3.920818753952374891e+00
-4.132296096418071940e+00
-1.962867545173427430e+00
-5.622897714581803541e+00
-2.838854591369768254e+00
-6.665878809169197616e+00
-2.334295271141324513e+00
-4.465133959546883524e+00
-1.610386252854910438e+00
-5.133223825479218405e+00
-1.891575088982446751e+00
-5.885277637854051669e+00
-5.712982888387644342e-01
-6.061208910686834983e+00
-1.465995096200590098e+00
-6.803498355874895154e+00
-9.798758756031311634e-01
-4.297699372019811115e+00
-2.691251332944949226e+00
-4.583028473660825775e+00
-4.353021438065656668e+00
-2.879132905457650882e+00
-1.924468921129786514e+00
-3.414127148318260918e+00
-3.061667726282736979e+00
-3.544723875005273417e+00
-2.101816924588258750e+00
-3.664014643552220729e+00
-3.268561155770388638e+00
-3.055316781824144012e+00
-3.406763081875730403e+00
1.321619037111712247e+00
-4.252477821119227563e+00
-4.701431041052122950e+00
1.679304279173567283e+00
-5.006071438907642168e+00
-3.751061341910967961e+00
-1.000000000000000000e+00
-6.335800179769054630e+00
-3.752082389475760671e+00
1.076758777170930159e+00
