-6.501464670351597697e+00
-1.394064567045757874e+00
-4.546392892049697210e+00
-5.397503207303261163e+00
-2.721755417084475326e+00
2.739076186290665404e-01
-6.920037543391456936e+00
-2.886491691841849949e+00
1.693731715504418034e+00
-6.370720446673615811e+00
-1.098946647586171332e+00
-6.937627149015459516e+00
-4.295891517283625838e+00
0.000000000000000000e+00
-3.675574413666833795e+00
-2.435055602061956925e+00
-1.661637177367111473e+00
-6.819027380054077270e+00
-3.018770266687860637e+00
-1.739887243703460706e+00
-6.600529678225449892e+00
-1.405330934063470094e+00
-8.301518050253635650e+00
-4.721355716314265649e+00
-3.175676296491651840e-01
-6.342641477861091559e+00
-4.720707798605004335e+00
-5.642306191967580986e+00
-3.324447474333083630e+00
-7.504610535864788545e+00
-1.596290766708379438e+00
-2.000000000000000000e+00
-7.244036613021906490e+00
-3.635324017989001621e+00
5.548407686998237942e-01
-4.766752856678616368e+00
-8.177043015904866818e-01
1.981468832049044781e-01
-4.133360248430691719e+00
-4.146985136171320363e+00
-2.000000000000000000e+00
-7.528282415042143683e+00
-3.704756196664495072e+00
8.588755740703123420e-01
-7.647193098204702055e-01
-3.503668752485349369e+00
-5.353932379839503319e+00
-2.812928533253516328e+00
6.936690649120621499e-01
-6.001038715195718076e+00
-2.994509272719755533e+00
-9.203579916825156415e-01
-7.291551476568459478e+00
-4.730542028146373923e+00
3.025875868286898029e-01
-6.074617369972807879e+00
-2.985880593527582061e+00
7.999395776832509686e-01
-8.081047539075527197e+00
-2.035888482847459713e+00
2.000000000000000000e+00
-5.384638352982522136e+00
-2.053772921246316052e+00
-4.000000000000000000e+00
-2.602333466411065110e+00
-6.085808307565958586e+00
-1.071453665245887699e+00
-4.901206389603295577e+00
-2.431766985063194664e+00
-4.839130297876062414e+00
-2.146253518830929519e+00
-7.029012568250622373e+00
-2.051449252425590064e+00
-6.239578445288439745e+00
-2.498122365313382609e+00
-4.792243933659349864e+00
-1.143051155389283036e+00
-7.343771725846085729e+00
-1.815789676631543559e+00
-6.996721769799790991e+00
-2.093559803490333771e+00
-3.846574587510853238e+00
-2.959366841133370674e+00
-3.602980350638763429e+00
-3.430676302738886019e+00
-3.084003725585145794e+00
-2.834804700019566415e+00
-3.602532948470326346e+00
-2.584006306893617655e+00
-3.927920420940130608e+00
-2.391244971612066728e+00
-3.571733912113274734e+00
-4.356124617751064854e+00
-3.285342366406327486e+00
-3.960123147132069477e+00
1.199665744815699986e+00
-4.260674844108335080e+00
-4.739352413910121520e+00
9.127834513667753003e-01
-4.431176909122733321e+00
-1.966702467117030118e+00
-2.231419430547009614e-02
-3.728848712743765503e+00
-2.347624411445866421e+00
1.029739331820342524e-01
