-7.735852235056737136e+00
-2.826990061181679614e+00
-5.446735075309056207e+00
-6.196019433845510349e+00
-4.280440166343569608e+00
6.567087636321844446e-01
-5.287931542091582671e+00
-1.755155087077084453e+00
9.895178486685873853e-01
-6.797376699617897700e+00
-1.916891427477833698e+00
-8.000000000000000000e+00
-4.304989737603693634e+00
0.000000000000000000e+00
-3.265957027777197208e+00
-3.933371901282237904e+00
-1.239205734256732860e+00
-8.301029995663981254e+00
-4.106571619616273594e+00
-1.913603476599750053e+00
-7.934268841611738843e+00
-3.674205903704284459e+00
-6.770870354559145099e+00
-2.045678775183575659e+00
-1.659519401332006927e+00
-3.801327833949537105e+00
-3.102553699506448659e+00
-5.072152278567091166e+00
-4.534139867786778133e+00
-5.908787295016130869e+00
-1.129725408383141394e+00
-7.991299853727396041e-01
-5.471858872568962973e+00
-1.228084613017782711e+00
-3.000000000000000000e+00
-5.699282700989799721e+00
-1.132177858363208278e+00
6.416869621206935381e-01
-8.000000000000000000e+00
-2.623659845617507536e+00
-4.251149639100506583e-01
-6.144378080036618783e+00
-3.454842859538128863e+00
-2.000000000000000000e+00
-1.617345633207572186e+00
-3.140875106184903398e+00
-7.599975886533989922e+00
-2.800203902534724509e+00
4.062344715286122510e-01
-5.647119025113298107e+00
-1.422498631685735981e+00
1.158209692835227900e+00
-6.644432181725925979e+00
-1.537027389448288872e+00
1.071146634779056805e+00
-6.884949785825154933e+00
-3.698227376871643823e+00
5.394752517938860015e-01
-7.927802897905597668e+00
-2.025337985391613138e+00
1.297568607219451442e-01
-5.825349603029558843e+00
-9.364796932337619007e-01
-6.986064278768676417e+00
-2.340299835495838476e-01
-4.000000000000000000e+00
-3.495948171058204323e+00
-5.475225336613765315e+00
-1.768824685946981834e+00
-7.089887342738911080e+00
-3.788416728873840622e+00
-5.997960963289417968e+00
-2.220917298397742101e-01
-6.326562676105084826e+00
-9.475726324311202209e-01
-4.704902633550324786e+00
-1.460397258900397954e+00
-5.060241726515764427e+00
-2.240409980449157956e+00
-5.198575705466637054e+00
-2.578336094904118525e+00
-2.200283679421959793e+00
-1.000000000000000000e+00
-4.011789710373573570e+00
-4.739249437135057974e+00
-3.901057016054323423e+00
-4.806218527922719197e+00
-4.860636341827306417e+00
-3.463353777718960469e+00
-3.211489636945827009e+00
-4.559941510992423730e+00
-3.306631589111445280e+00
-3.840199455543341855e+00
-3.907118326044467072e+00
-5.000000000000000000e+00
-5.762975429787184911e-01
-5.850572175900925487e+00
-4.857003646710716716e+00
8.643371175811888074e-01
-3.274873616758789296e+00
-3.069023612273104717e+00
8.281511821314770927e-01
-4.446239381445026950e+00
-2.536623759719267568e+00
9.080961467726067493e-01
