-4.810554738083657966e+00
-2.361217648756845922e+00
-4.561291848916367186e+00
-6.823307573031685891e+00
-2.287571342781189898e+00
-1.697375058838341277e-01
-6.790864035365738793e+00
-2.285172323034162289e+00
-1.730670406002410955e+00
-7.427499254254488648e+00
-1.476123823661305012e+00
-5.179977551694704196e+00
-2.116549272401190951e+00
0.000000000000000000e+00
-2.079201458446688910e+00
-3.244899552293261102e-01
-3.586203936180148766e+00
-7.355453863229951317e+00
-1.355641009194063829e+00
-1.281205750479456285e+00
-9.301029995663981254e+00
-1.000000000000000000e+00
-7.693049925301115977e+00
-2.717886781359913240e+00
1.292534339515224895e+00
-5.353913552271090559e+00
-1.861780599530962865e+00
-3.609508934839714911e+00
-2.469847301732393863e+00
-7.711172472887558804e+00
-3.546574835096586220e+00
7.266336569730935668e-01
-7.698970004336018746e+00
-4.738240909876188844e+00
-8.034412665610675131e-01
-5.406876777100999121e+00
-1.790955220610545462e+00
-5.957072013025082047e-01
-6.250604923881127206e+00
-2.200238254279025973e+00
5.130577514708507536e-01
-6.328394920650614708e+00
-4.735389566670084704e+00
1.527846241570422370e+00
1.000000000000000000e+00
-4.024397633085579074e+00
-7.784895686280920657e+00
-1.229141667125301707e+00
1.692822346293748836e+00
-5.742812120272084542e+00
-1.000000000000000000e+00
-7.769752433605461306e-01
-8.608312241343636373e+00
-2.966483102550072193e+00
-4.167742466640918242e-02
-6.046238966325299558e+00
-3.852666694316535079e+00
4.154637583810605883e-01
-6.385145715778215880e+00
-2.447937521239222480e+00
2.000000000000000000e+00
-4.000000000000000000e+00
-2.329062546543889667e+00
-4.518459499628125542e+00
-3.800602574732822592e-01
-5.569999698003957889e+00
-1.848643418767651272e-02
-5.526686414121434687e+00
-1.473773872659975585e-04
-4.901967646547215729e+00
-7.904981365202693455e-01
-5.771400614447498079e+00
-6.737975039758592466e-01
-7.911208295027951642e+00
-4.000000000000000000e+00
-6.223829301310988882e+00
-1.838160890534989989e+00
-7.437639735662293639e+00
-2.254389633391880032e+00
-6.568091553346985911e+00
-3.330862843223643566e+00
-2.816091346090366265e+00
-2.498995312492601872e+00
-4.368454289428738591e+00
-4.188205557879229879e+00
-3.024521552603798291e+00
-1.740261477593737283e+00
-4.854600808063292305e+00
-4.632359149922438135e+00
-3.886801604338338212e+00
-1.191250309801458851e+00
-3.653768897450384578e+00
-3.088530093646410624e+00
-3.111227724857231092e+00
-5.000000000000000000e+00
2.614700785714882514e+00
-3.899337261378145403e+00
-3.778017691435333170e+00
-1.000000000000000000e+00
-3.091691491770813816e+00
-4.467913681158105277e+00
-9.799890663743368036e-01
-4.771448215756146638e+00
-3.090218742952829611e+00
6.153289262781674873e-02
