-6.787482394776455763e+00
-3.292039300870162943e+00
-5.465289511541692846e+00
-5.837191254651585837e+00
-4.077514268859074420e+00
-9.178003148765202512e-01
-6.164543763115477581e+00
-3.149452914172552909e+00
-1.020101598734007631e+00
-5.781106679905930079e+00
-2.896649286453517380e+00
-6.661855119750252463e+00
-3.027049513368044842e+00
-6.564501801310843598e-01
-2.657849450087516718e+00
-1.661004040061293985e+00
-3.075228343155375299e+00
-7.515665032219287944e+00
-2.889134353544506872e+00
1.415609463464448270e+00
-6.245090515083523641e+00
-3.092949642927597775e+00
-8.504987485033757011e+00
-3.008723167282178146e+00
2.520941866273280763e-01
-7.151951984457385336e+00
-2.027979715539141026e+00
-5.034870552597428883e+00
-5.000000000000000000e+00
-7.460740197688939368e+00
-2.671527482985371904e+00
-1.377703263878770512e+00
-5.345122191234967346e+00
-2.197341068956043308e+00
-3.399552039750341481e-01
-5.270648849421486482e+00
-2.386370527909612349e+00
-3.645527029846449066e-03
-7.442740804022355050e+00
-3.426167081101381573e+00
-8.974301271862595852e-01
-5.694222758216800351e+00
-3.004512406304288064e+00
6.029649029225785106e-02
-1.757256191466674000e+00
-3.768867355603069846e+00
-7.309158993115543623e+00
-2.817863984282519940e+00
1.572294481206184757e+00
-8.536610722470557633e+00
-4.178207100592265633e+00
1.127076474467277600e-01
-7.384999232590953255e+00
-2.639820398834631376e+00
3.408697227371033089e-01
-7.967328517351424999e+00
-2.797254268340598760e+00
6.915235778712933157e-02
-7.511465455124747947e+00
-3.325902657123832817e+00
5.053578985485742692e-01
-6.242870598150851436e+00
-1.490442009377766497e-01
-5.665888881615490646e+00
-1.984769194631706313e+00
-5.871141712517213840e+00
-1.893566530719859253e+00
-6.022970039248893848e+00
-2.652312702472813921e+00
-6.216583293925801890e+00
-9.136134896876495493e-01
-6.590978438049758914e+00
-1.617427948876436261e+00
-7.753864025789045655e+00
-1.813074003327098671e+00
-6.815694827707343251e+00
-3.682705310846543956e+00
-4.464862251624001743e+00
-9.203472282145084282e-01
-7.052733030491559418e+00
-2.193920100325593037e+00
-4.762546552125711763e+00
-4.116920180531646878e+00
-4.112485722590155213e+00
-2.196880819145744734e+00
-3.693316648127228152e+00
-2.615811294920530106e+00
-4.725346531415601348e+00
-2.947625618298560735e+00
-2.389783226409796679e+00
-4.124894441707342096e+00
-3.839218209500286250e+00
-3.103636644221491991e+00
-3.273231455639263210e+00
-3.839453855891180822e+00
-3.283668371866058644e-01
-4.955724853801020124e+00
-4.365101714821438605e+00
2.137728475594064204e+00
-3.037846535885293076e+00
-3.561086741993950255e+00
-4.527463978438980297e-01
-4.457230872231926710e+00
-2.909926306605898016e+00
6.499180054152933206e-01
