-6.660387892259309162e+00
-2.312954551433346051e+00
-6.681687517997432657e+00
-4.786565881880193274e+00
-4.106143353726206868e+00
-1.099658169300976152e+00
-5.787924204430252573e+00
-3.357747554149349334e+00
-3.667945587336126634e-01
-4.955216421709200958e+00
-2.894634845907604337e+00
-6.001128585490227429e+00
-2.616145391308712043e+00
-1.175778983087005125e+00
-4.000000000000000000e+00
-1.358668927249472524e+00
-2.127981600098177495e+00
-6.020749998379251622e+00
-2.898595618878594848e+00
-4.309114265628842810e-01
-8.811562949972245207e+00
-4.304357738538455713e+00
-7.570968468096414661e+00
-3.325587839228195008e+00
1.473173045204356990e+00
-6.840176530035324554e+00
-3.096943799030392519e+00
-4.569178583516479542e+00
-2.697056225284393260e+00
-8.283302627039789812e+00
-3.101243921844337947e+00
6.948884885132500244e-01
-6.897288273228971534e+00
-4.667390787669294383e+00
-2.336213666227856312e+00
-6.133324900828236004e+00
-2.095812311633796554e+00
-1.036438547042627611e+00
-4.000000000000000000e+00
-3.078981000844154270e+00
-1.113991868589236045e+00
-9.052365507029014324e+00
-2.255998010284896882e+00
7.884481000956070629e-01
-1.780526572686951470e+00
-4.670229922824826296e+00
-7.079486513315209173e+00
-2.770345286978040722e+00
9.263795613792922268e-01
-6.074657719867117223e+00
-2.398016902083781154e+00
-7.237743292869480705e-01
-5.890186742460816305e+00
-3.152199134859368090e+00
5.603055403290575776e-02
-7.061324142632139811e+00
-3.528614706958092651e+00
8.199444863416279761e-01
-6.105040752494887535e+00
-3.269564367387212123e+00
4.576930297073733001e-01
-5.733902626645711820e+00
-1.436238469837033849e+00
-5.275528048004223258e+00
-2.761589971802640431e+00
-6.655669819460458214e+00
-8.589802496788603303e-01
-7.681970821186520304e+00
-8.610522409075165307e-01
-6.322070503448016687e+00
-2.572888172645767302e+00
-4.506990246002350098e+00
-1.616798806471410721e+00
-4.731005663195430699e+00
-1.958048926588283889e+00
-6.823226288658179151e+00
-1.433658906763410235e+00
-6.027538656422215979e+00
-2.758129291449558096e-01
-6.802202063374607199e+00
-1.953228599741993143e+00
-4.111081335584433560e+00
-2.068966919364116919e+00
-3.586132595978682502e+00
-1.773673971838787722e+00
-2.336378917962633750e+00
-1.965788336563717431e+00
-4.107199613156135243e+00
-4.407661844895693015e+00
-2.312035300289052575e+00
-1.310132625713244181e+00
-2.886955105282387191e+00
-1.582340447208819167e+00
-3.454803946540944359e+00
-4.293787003972585836e+00
1.711905655403601845e+00
-2.838336089161043851e+00
-2.824750222689979662e+00
6.880822034043266866e-01
-2.874066097534694109e+00
-2.912966099505419404e+00
6.191079923944379226e-01
-4.436014124512122514e+00
-2.766212782340990106e+00
1.645789434051925459e+00
