4.533787196643952200e+01
4.464834182132171492e+01
3.991083713496027485e+01
2.477621487434602443e+01
1.643194646586381324e+01
1.643194646586381324e+01
1.567532141742061746e+01
1.567532141742061746e+01
1.375879625794799210e+01
1.028643415752790169e+01
1.028643415752790169e+01
1.017500027085352698e+01
8.841707479385807034e+00
6.513570443152733702e+00
5.377141868463942487e+00
4.997760761091434745e+00
3.849580376604875731e+00
2.721253061678358343e+00
2.721253061678358343e+00
2.325788404668669429e+00
2.325788404668669429e+00
2.104920345132827997e+00
1.733393798664407459e+00
1.437013209158124027e+00
1.437013209158124027e+00
1.437013209158124027e+00
1.331646195744327077e+00
1.108617212293479426e+00
1.018705955576534761e+00
9.130701685913883425e-01
8.879920108471371920e-01
8.476252245539811492e-01
8.476252245539811492e-01
8.098389506430710982e-01
7.219333252653507005e-01
7.219333252653507005e-01
6.987527720637779494e-01
6.987527720637779494e-01
6.987527720637779494e-01
6.987527720637779494e-01
6.987527720637779494e-01
6.723353408242163098e-01
6.555396007847057449e-01
6.392175277887978124e-01
6.160886267045930786e-01
5.824115645537922825e-01
5.118333388620784907e-01
4.882491782178917661e-01
4.760520835694748154e-01
4.451759328908762026e-01
4.451759328908762026e-01
4.451759328908762026e-01
4.424643203728936824e-01
4.334881548657793515e-01
4.245132074931339816e-01
4.217097526590631307e-01
4.105312942921239272e-01
3.758924575628309617e-01
3.650156156486529246e-01
3.650156156486529246e-01
3.594496800248566659e-01
3.594496800248566659e-01
3.593464933119180360e-01
3.593464933119180360e-01
3.448014704234746430e-01
3.192184768028171193e-01
3.090256972539888181e-01
3.075114362534220880e-01
3.005120336444583873e-01
3.005120336444583873e-01
3.005120336444583873e-01
3.005120336444583873e-01
2.904497607431357764e-01
2.690838593107117704e-01
2.583826677654388337e-01
2.440465113858774071e-01
2.397008782033692442e-01
2.397008782033692442e-01
2.369774961769213484e-01
2.205877244005984283e-01
2.205877244005984283e-01
2.205877244005984283e-01
2.205877244005984283e-01
2.199955940915471475e-01
2.199955940915471475e-01
2.158376396037258449e-01
2.158376396037258449e-01
2.158376396037258449e-01
2.158376396037258449e-01
2.062502082763606470e-01
2.061942923034169872e-01
2.061942923034169872e-01
1.918372801581139653e-01
1.918372801581139653e-01
1.918372801581139653e-01
1.918372801581139653e-01
1.917450463994516130e-01
1.847852338034522146e-01
1.812844924404168889e-01
1.796152175908342363e-01
1.783588938041715533e-01
1.774400632822297208e-01
1.764783557404879244e-01
1.735340293451576033e-01
1.676934308809872320e-01
1.608269584229113369e-01
1.608269584229113369e-01
1.524266056605925457e-01
1.523383966014058566e-01
1.492225679609399114e-01
1.492225679609399114e-01
1.492225679609399114e-01
1.463270710325567103e-01
1.403542093630986698e-01
1.403542093630986698e-01
1.403542093630986698e-01
1.403542093630986698e-01
1.403542093630986698e-01
1.296295868259102202e-01
1.257468275060802110e-01
1.257468275060802110e-01
1.257468275060802110e-01
1.257468275060802110e-01
1.251626218302979709e-01
1.250070309017582149e-01
1.244145123252392571e-01
1.237511150518010306e-01
1.237511150518010306e-01
1.237511150518010306e-01
1.235863952558157730e-01
1.235863952558157730e-01
1.235863952558157730e-01
1.235863952558157730e-01
1.207528798937558961e-01
1.184457890056091756e-01
1.183623314898904905e-01
1.162395900791778625e-01
1.152481011565653080e-01
1.152481011565653080e-01
1.151274178764589984e-01
1.151274178764589984e-01
1.121406477297220150e-01
1.121406477297220150e-01
1.121406477297220150e-01
1.121406477297220150e-01
1.121406477297220150e-01
1.111114458531311799e-01
1.095183231433811272e-01
1.095183231433811272e-01
1.095183231433811272e-01
1.095183231433811272e-01
1.061546032028665293e-01
1.016494116066768705e-01
1.005875692361943297e-01
1.000160534687495884e-01
9.850979787107236318e-02
9.692232453643892520e-02
9.600912096856441258e-02
9.600912096856441258e-02
9.524448455221744270e-02
9.439410201095035924e-02
9.220536302637838411e-02
9.134522718113535777e-02
9.120437821045114524e-02
9.033050483673121800e-02
8.946366086508447668e-02
8.933245390647484574e-02
8.769795631928756219e-02
8.721707473074810646e-02
8.718600942024325173e-02
8.718272544172725458e-02
8.718181870108815401e-02
8.670208252633060386e-02
8.615584544132867673e-02
8.538482341197173309e-02
8.447173606479556340e-02
8.273158290744889176e-02
8.152620186508033329e-02
8.139740148245747098e-02
8.044067264914625537e-02
7.993059023444684663e-02
7.813877713329907271e-02
7.798974741876518735e-02
7.508921535025432636e-02
7.283630697601574389e-02
7.253462735266921757e-02
7.186210747302626545e-02
7.075394909190456383e-02
7.063630365956732882e-02
7.063630365956732882e-02
7.063630365956732882e-02
6.973902615132887561e-02
6.973902615132887561e-02
6.960832100705316439e-02
6.921726020845361815e-02
6.921726020845361815e-02
6.921726020845361815e-02
6.921726020845361815e-02
6.921726020845361815e-02
6.921726020845361815e-02
