6.532040124510977819e+01
6.532040124510977819e+01
6.532040124510977819e+01
6.045461028998988695e+01
5.622860048858706250e+01
4.965558998191216489e+01
4.376680752266496199e+01
3.932516641103682531e+01
3.585984175237704363e+01
3.278115446167442570e+01
3.157294570579657034e+01
3.153268848654015599e+01
3.153268848654015599e+01
3.153268848654015599e+01
3.153268848654015599e+01
2.467884107637567936e+01
2.123713198869456420e+01
1.952296767198875571e+01
1.902769148422093792e+01
1.896692887005354322e+01
1.896692887005354322e+01
1.896692887005354322e+01
1.717285280436140837e+01
1.562726370966182721e+01
1.562726370966182721e+01
1.351172675325782357e+01
1.191639812595515480e+01
1.168582752092031996e+01
1.168582752092031996e+01
1.089662618012799555e+01
9.286142737655902479e+00
5.946942359896182140e+00
5.706574794017464924e+00
5.367606099187636204e+00
5.367606099187636204e+00
4.305013656972580982e+00
4.176653395966330784e+00
3.854934248919465123e+00
3.610054360893928393e+00
3.315446828145098834e+00
3.003731452992113304e+00
2.737871469332899821e+00
2.558449800757865766e+00
2.390616467153431568e+00
2.057924742873398216e+00
1.938903949526565640e+00
1.454571273259523512e+00
1.171722823885621434e+00
1.004735608871058838e+00
9.077846290855751121e-01
9.077846290855751121e-01
7.905163520635681840e-01
7.147449790157438532e-01
6.742456197625941172e-01
6.742456197625941172e-01
6.655902432686225945e-01
6.613267659143005073e-01
6.613267659143005073e-01
6.504930308780290105e-01
5.970601092144918187e-01
5.970601092144918187e-01
5.970601092144918187e-01
5.970601092144918187e-01
5.970601092144918187e-01
5.657640541892734465e-01
5.657640541892734465e-01
5.430264090384012698e-01
5.430264090384012698e-01
5.430264090384012698e-01
5.354125058266060444e-01
5.354125058266060444e-01
5.354125058266060444e-01
5.354125058266060444e-01
5.349431411639229417e-01
5.349431411639229417e-01
5.044211696863241112e-01
5.044211696863241112e-01
5.044211696863241112e-01
5.044211696863241112e-01
5.008280926196241323e-01
5.008280926196241323e-01
4.982266906429812514e-01
4.982266906429812514e-01
4.822069489259843689e-01
4.822069489259843689e-01
4.822069489259843689e-01
4.765554260160254629e-01
4.765554260160254629e-01
4.765554260160254629e-01
4.765554260160254629e-01
4.765554260160254629e-01
4.693533399046797561e-01
4.534838742102351161e-01
4.488917835074096030e-01
4.279829264564258828e-01
4.231530987935900878e-01
4.231530987935900878e-01
4.218071660760874253e-01
4.023193391906736416e-01
4.023193391906736416e-01
4.023193391906736416e-01
4.023193391906736416e-01
4.023193391906736416e-01
3.972792473438919725e-01
3.972792473438919725e-01
3.938900042448199579e-01
3.938900042448199579e-01
3.938900042448199579e-01
3.898515724321982567e-01
3.868887858330093410e-01
3.754763599934696772e-01
3.736820869194513173e-01
3.736820869194513173e-01
3.622329760873069793e-01
3.535931144012499083e-01
3.535931144012499083e-01
3.535931144012499083e-01
3.487566006073908875e-01
3.419289426394594988e-01
3.394425826221899034e-01
3.242468649748705412e-01
3.108138650451529039e-01
3.103891292433486049e-01
3.096721083523638063e-01
3.001240444351179204e-01
2.890047635412028582e-01
2.819741583403578833e-01
2.819741583403578833e-01
2.819741583403578833e-01
2.819741583403578833e-01
2.790038419578323436e-01
2.701825929397996817e-01
2.692473615550918242e-01
2.692033586958331171e-01
2.655225523078029726e-01
2.607893451793328321e-01
2.607893451793328321e-01
2.575474948257553964e-01
2.431007087359658980e-01
2.431007087359658980e-01
2.364028894224746158e-01
2.359075562322662800e-01
2.351178944401143833e-01
2.303576848267664956e-01
2.303576848267664956e-01
2.166871651826322021e-01
2.150869908702632560e-01
2.150350399826755354e-01
2.150350399826755354e-01
2.150350399826755354e-01
2.150350399826755354e-01
2.110812495172924297e-01
2.055412942795669107e-01
2.053616811796981356e-01
2.053616811796981356e-01
2.051893021887831181e-01
2.013120532491856629e-01
2.006265345010607160e-01
2.006265345010607160e-01
1.996811940925066753e-01
1.996811940925066753e-01
1.996811940925066753e-01
1.948658198644371564e-01
1.927855356367998985e-01
1.927855356367998985e-01
1.749844376279872105e-01
1.725749229836638365e-01
1.715976824814092472e-01
1.669112811193920465e-01
1.601348517279265471e-01
1.575835896903158562e-01
1.544068649306784002e-01
1.476398270149965886e-01
1.424351330269166271e-01
1.422240574228673116e-01
1.422114682967744459e-01
1.422086329337310939e-01
1.422079030372424002e-01
1.422079030372424002e-01
1.422079030372424002e-01
1.419046984514011345e-01
1.417475406488613310e-01
1.417475406488613310e-01
1.414175897688971228e-01
1.269163338213160075e-01
1.253543004401461713e-01
1.225001911952790512e-01
1.220644932518024500e-01
1.198188752725571904e-01
1.181343927339946615e-01
1.181343927339946615e-01
1.149004655431857397e-01
1.149004655431857397e-01
1.145542063967758956e-01
1.135285255716928093e-01
1.133976752606462718e-01
1.089205382790408433e-01
1.088966812364007275e-01
1.085877915866772653e-01
1.039194189570710053e-01
