3.151213024337951651e+01
2.613003139933129404e+01
2.119005844006734662e+01
1.715282459141325688e+01
1.457673351448930177e+01
1.391496310675162817e+01
1.391496310675162817e+01
1.391496310675162817e+01
1.391496310675162817e+01
1.178297852841821580e+01
9.546884198973236479e+00
8.456245696410658041e+00
5.759638338344726272e+00
5.426697474497678364e+00
4.634977925009535760e+00
2.977370848077893317e+00
2.453919266285441658e+00
1.923558296721807226e+00
1.923558296721807226e+00
1.323608819449382912e+00
1.323608819449382912e+00
1.323608819449382912e+00
1.323608819449382912e+00
1.297658443678603168e+00
1.280980826883495904e+00
1.080252906106611954e+00
8.839933503526914427e-01
8.839933503526914427e-01
8.839933503526914427e-01
8.799520211866351804e-01
7.970838996762994455e-01
7.509371554352167744e-01
6.651522424772916553e-01
6.258391610949052275e-01
6.096001858246294924e-01
5.849839132928701391e-01
5.849839132928701391e-01
5.370563249847297715e-01
5.128133084998998115e-01
4.840292057876600107e-01
4.710202977943020453e-01
4.505596406745951410e-01
4.384090996428137710e-01
3.975234815573325808e-01
3.729330784908566065e-01
3.297332443563607551e-01
3.024100001589254405e-01
2.748907155879328212e-01
2.748907155879328212e-01
2.748907155879328212e-01
2.748907155879328212e-01
2.748907155879328212e-01
2.547554723271309718e-01
2.366884392636861845e-01
2.354817039882942942e-01
2.056729796761316287e-01
1.954751961130812843e-01
1.891479444203523763e-01
1.891479444203523763e-01
1.842256945550740377e-01
1.842256945550740377e-01
1.790380364612127184e-01
1.751642681113799171e-01
1.751642681113799171e-01
1.488222652097444532e-01
1.268890614424402485e-01
1.248015133834539520e-01
1.191833612952010596e-01
1.191833612952010596e-01
1.191833612952010596e-01
1.117155806210253788e-01
1.076232663092886593e-01
9.027076787663997071e-02
9.027076787663997071e-02
8.905419760851504551e-02
8.905419760851504551e-02
8.905419760851504551e-02
8.905419760851504551e-02
8.905419760851504551e-02
8.905419760851504551e-02
8.905419760851504551e-02
8.905419760851504551e-02
8.905419760851504551e-02
8.905419760851504551e-02
8.905419760851504551e-02
8.905419760851504551e-02
8.905419760851504551e-02
8.905419760851504551e-02
8.905419760851504551e-02
8.905419760851504551e-02
8.864918736383782527e-02
8.864918736383782527e-02
8.524440575975342216e-02
8.279717468219841003e-02
8.223112770821915107e-02
8.202583827311722697e-02
8.200983376905618405e-02
8.200983376905618405e-02
8.200983376905618405e-02
8.200983376905618405e-02
8.200983376905618405e-02
8.200983376905618405e-02
8.200983376905618405e-02
8.200983376905618405e-02
8.200186380238715100e-02
8.184101683126210336e-02
8.179219531756720674e-02
8.177625282997863509e-02
8.177046466126647317e-02
8.109121526089177467e-02
7.974673774230633949e-02
7.974673774230633949e-02
7.946009838798058500e-02
7.946009838798058500e-02
7.946009838798058500e-02
7.946009838798058500e-02
7.516871181772290245e-02
7.489173124442580209e-02
7.489173124442580209e-02
7.335157791486178469e-02
7.335157791486178469e-02
7.335157791486178469e-02
7.335157791486178469e-02
7.311557660759610000e-02
7.311557660759610000e-02
7.297348756735579089e-02
7.276815574831221878e-02
7.269414102899048047e-02
7.247996524230204685e-02
7.247996524230204685e-02
7.247996524230204685e-02
7.247996524230204685e-02
7.247996524230204685e-02
6.753077385101782792e-02
6.602417936176760427e-02
6.589723591958600302e-02
6.588430972428192811e-02
6.588430972428192811e-02
6.588430972428192811e-02
6.580246265192200850e-02
6.577376159892878160e-02
6.576548449971800214e-02
6.569393609652222910e-02
6.569393609652222910e-02
6.415572452639639600e-02
6.415572452639639600e-02
6.415572452639639600e-02
6.415572452639639600e-02
6.415572452639639600e-02
6.415572452639639600e-02
6.415572452639639600e-02
6.415572452639639600e-02
6.415572452639639600e-02
6.415572452639639600e-02
6.415572452639639600e-02
6.415572452639639600e-02
6.405047314824233173e-02
6.402506971545030012e-02
6.402323703964166168e-02
6.402307838632752268e-02
6.363335589001650749e-02
6.322381216967565276e-02
6.309119832479312406e-02
6.306854127029645762e-02
6.306442759411949595e-02
6.306370337103654744e-02
6.306354921555039350e-02
6.306354271857785021e-02
6.306351727619799452e-02
6.306344844978473141e-02
6.142921614149103593e-02
6.142921614149103593e-02
6.142921614149103593e-02
6.142921614149103593e-02
6.119246628133701016e-02
6.119246628133701016e-02
6.119246628133701016e-02
6.119246628133701016e-02
6.119246628133701016e-02
6.119246628133701016e-02
6.119246628133701016e-02
6.119246628133701016e-02
6.119246628133701016e-02
6.099706055423499002e-02
6.099706055423499002e-02
6.099706055423499002e-02
6.099706055423499002e-02
6.099706055423499002e-02
6.099706055423499002e-02
6.099706055423499002e-02
6.099706055423499002e-02
6.099706055423499002e-02
6.099706055423499002e-02
6.099706055423499002e-02
6.099706055423499002e-02
6.099706055423499002e-02
6.098273259590188816e-02
6.098273259590188816e-02
6.047831560641349358e-02
6.046998341379961062e-02
