3.328182449821309064e+01
2.608733045643782589e+01
2.198089431867549592e+01
1.962341976903460505e+01
1.608221255249979009e+01
1.500205889430056061e+01
1.456119371528160400e+01
1.392154631292180866e+01
1.060645733949567671e+01
1.060645733949567671e+01
9.945252102850364651e+00
7.672916132699315384e+00
5.956897405368218656e+00
4.739088951521069681e+00
4.173941251167737398e+00
4.067504077696858289e+00
4.067504077696858289e+00
4.067504077696858289e+00
4.067504077696858289e+00
2.706892870009877328e+00
2.453434944029568854e+00
2.453434944029568854e+00
2.288339988162848559e+00
2.234158741380172675e+00
1.917223887344887245e+00
1.901140136221580956e+00
1.716884056935770619e+00
1.495673745997787130e+00
1.471768466741359305e+00
1.344532119137085147e+00
1.233673803352078657e+00
1.145855775082946337e+00
1.135344082321569914e+00
1.034122111700562341e+00
1.034122111700562341e+00
1.034122111700562341e+00
1.034122111700562341e+00
1.034122111700562341e+00
1.034122111700562341e+00
9.976560632825555164e-01
9.149908530480508340e-01
9.075089015657235025e-01
8.301192465551731070e-01
7.645664892146906144e-01
7.323528488804633696e-01
7.323528488804633696e-01
7.323528488804633696e-01
7.323528488804633696e-01
6.991846911467514136e-01
6.700892524365946734e-01
6.271608303564509823e-01
6.010401359350387995e-01
5.674057633130666911e-01
4.849938456785303220e-01
4.720397883631969882e-01
4.451588765547466742e-01
4.451588765547466742e-01
4.433562863032120549e-01
4.140255685325715529e-01
4.140255685325715529e-01
4.086196685138016593e-01
3.627769889765092293e-01
3.585304333445450409e-01
3.288082857384614366e-01
2.207857853821303395e-01
2.026637451191242167e-01
1.497206897472658782e-01
1.497206897472658782e-01
1.497206897472658782e-01
1.497206897472658782e-01
1.497206897472658782e-01
1.360923431341746204e-01
1.232503921200885227e-01
1.130032336786034874e-01
1.061916164197325985e-01
1.061916164197325985e-01
1.061916164197325985e-01
1.019440524939796699e-01
1.019440524939796699e-01
1.019440524939796699e-01
1.019440524939796699e-01
1.019440524939796699e-01
1.019440524939796699e-01
1.019440524939796699e-01
1.019440524939796699e-01
1.019440524939796699e-01
1.019440524939796699e-01
1.019440524939796699e-01
1.019440524939796699e-01
1.019440524939796699e-01
1.019440524939796699e-01
1.019440524939796699e-01
1.019440524939796699e-01
1.019440524939796699e-01
1.019440524939796699e-01
1.019440524939796699e-01
1.019440524939796699e-01
1.019440524939796699e-01
1.019440524939796699e-01
1.019440524939796699e-01
1.019440524939796699e-01
1.012858071050619646e-01
9.954973868963952477e-02
9.954973868963952477e-02
9.947600784547040720e-02
9.947600784547040720e-02
9.915379456777258238e-02
9.915379456777258238e-02
9.885890938870964262e-02
9.833417221586554513e-02
9.833417221586554513e-02
9.833417221586554513e-02
9.833417221586554513e-02
9.833417221586554513e-02
9.833417221586554513e-02
9.688530527430873340e-02
9.688530527430873340e-02
9.688530527430873340e-02
9.688530527430873340e-02
9.688530527430873340e-02
9.688530527430873340e-02
9.688530527430873340e-02
9.688530527430873340e-02
9.688530527430873340e-02
9.688530527430873340e-02
9.662373503359990290e-02
9.648259159355335179e-02
9.645977832757728077e-02
9.645528531637678760e-02
9.645404726845317744e-02
9.645387543250892592e-02
9.645371067400347609e-02
9.645371067400347609e-02
9.645328018342103071e-02
9.645323061327876202e-02
9.645315811630830738e-02
9.645311431123979040e-02
9.606835341833971920e-02
9.606835341833971920e-02
9.606835341833971920e-02
9.606835341833971920e-02
9.606835341833971920e-02
9.606835341833971920e-02
9.606835341833971920e-02
9.606835341833971920e-02
9.606835341833971920e-02
9.606835341833971920e-02
9.606835341833971920e-02
9.606835341833971920e-02
9.606835341833971920e-02
9.606835341833971920e-02
9.606835341833971920e-02
9.606835341833971920e-02
9.570305007586858703e-02
9.570305007586858703e-02
9.570305007586858703e-02
9.548370118688277730e-02
9.548370118688277730e-02
9.548370118688277730e-02
9.545002399458783759e-02
9.544484516970154486e-02
9.544447021532227737e-02
9.544447021532227737e-02
9.544447021532227737e-02
9.544121401741120780e-02
9.544001315724628953e-02
9.543933373272792120e-02
9.543933373272792120e-02
9.536855117795201009e-02
9.536855117795201009e-02
9.536855117795201009e-02
9.536855117795201009e-02
9.536855117795201009e-02
9.536855117795201009e-02
9.536855117795201009e-02
9.536855117795201009e-02
9.536855117795201009e-02
9.536855117795201009e-02
9.536855117795201009e-02
9.536855117795201009e-02
9.536855117795201009e-02
9.514468169852050017e-02
9.495451879668724560e-02
9.494335056033897935e-02
9.494229099023622498e-02
9.494220347303072849e-02
9.494220347303072849e-02
9.494216931446154695e-02
9.494216931446154695e-02
9.494212298453755250e-02
9.494211793663064058e-02
9.494211793663064058e-02
9.494211793663064058e-02
9.494211793663064058e-02
9.494210343986765610e-02
9.494210343986765610e-02
9.494210343986765610e-02
9.494210343986765610e-02
9.494210343986765610e-02
9.494210343986765610e-02
