3.860532393246085547e+01
3.641640508978728263e+01
3.531802853899684891e+01
3.497647236573423868e+01
3.497647236573423868e+01
3.497647236573423868e+01
3.497647236573423868e+01
3.180814421422483917e+01
2.875572765142193887e+01
2.671523903399199540e+01
2.557062197823748662e+01
2.550338056898130645e+01
2.550338056898130645e+01
2.493129922065664061e+01
2.450332742488676274e+01
2.343925748406832099e+01
2.283415102065107760e+01
2.230658263855776724e+01
2.185192388542326114e+01
1.978050251579472274e+01
1.783536217849925620e+01
1.749944282929585881e+01
1.646720842712296928e+01
1.646720842712296928e+01
1.646720842712296928e+01
1.603292715013868275e+01
1.585443279276090145e+01
1.462126779805841181e+01
1.300895448324129333e+01
1.119905840823011189e+01
9.452560251642680100e+00
7.616364094022138431e+00
6.856479634239899035e+00
5.651937491754432941e+00
4.786263919780591181e+00
4.113447836187251738e+00
3.825577401884024731e+00
3.302218681903824837e+00
3.004716366159122742e+00
2.881887940765972544e+00
2.799512353739712189e+00
2.628799133575472347e+00
2.622483522542985668e+00
2.547041224344950283e+00
2.492005682443462433e+00
2.345647154506378840e+00
2.266020379946699581e+00
2.220526437650888418e+00
2.192827523946842661e+00
2.171259713609372533e+00
2.140498457163872992e+00
2.102783862317690211e+00
2.061618690106158613e+00
2.061618690106158613e+00
2.061618690106158613e+00
2.061618690106158613e+00
2.049179407348820092e+00
2.035235299856450908e+00
2.028720898607904388e+00
2.013648903653398214e+00
2.013648903653398214e+00
2.004412114265058609e+00
2.004412114265058609e+00
2.004317146213416834e+00
2.001298690261035240e+00
1.998045509093735017e+00
1.998045509093735017e+00
1.994019029958466138e+00
1.994019029958466138e+00
1.994019029958466138e+00
1.992214024593003341e+00
1.992214024593003341e+00
1.992214024593003341e+00
1.982948485982252373e+00
1.982948485982252373e+00
1.978719118712522151e+00
1.978719118712522151e+00
1.978719118712522151e+00
1.978719118712522151e+00
1.978719118712522151e+00
1.975066662476463231e+00
1.971905060612002103e+00
1.971905060612002103e+00
1.957102730177563421e+00
1.955228342619442561e+00
1.955228342619442561e+00
1.955228342619442561e+00
1.954500761860520575e+00
1.951612124997558206e+00
1.951612124997558206e+00
1.940351234624040799e+00
1.929923673914945459e+00
1.919139494323945039e+00
1.912579135287920007e+00
1.911299390204170834e+00
1.907209782198601822e+00
1.901487398442008647e+00
1.900038081841215254e+00
1.900038081841215254e+00
1.899339757263522444e+00
1.899339757263522444e+00
1.898087531255344906e+00
1.898087531255344906e+00
1.898087531255344906e+00
1.898087531255344906e+00
1.898087531255344906e+00
1.898087531255344906e+00
1.898087531255344906e+00
1.898087531255344906e+00
1.896644654814126918e+00
1.895745125954329424e+00
1.895745125954329424e+00
1.895745125954329424e+00
1.895745125954329424e+00
1.895745125954329424e+00
1.891460538361890986e+00
1.891460538361890986e+00
1.891460538361890986e+00
1.889581723485640463e+00
1.889581723485640463e+00
1.889581723485640463e+00
1.883602764604997759e+00
1.883602764604997759e+00
1.883602764604997759e+00
1.882707168416883237e+00
1.876087846854437302e+00
1.876087846854437302e+00
1.876087846854437302e+00
1.875250157946662499e+00
1.875247368771830736e+00
1.874840593602369765e+00
1.872162579491744916e+00
1.872162579491744916e+00
1.869695592196139344e+00
1.869695592196139344e+00
1.869439077815716832e+00
1.869439077815716832e+00
1.861863695393941143e+00
1.861863695393941143e+00
1.861863695393941143e+00
1.861863695393941143e+00
1.861863695393941143e+00
1.860626833771041433e+00
1.859638987303106727e+00
1.859638987303106727e+00
1.857787481091915271e+00
1.856438505065220124e+00
1.856386508453630402e+00
1.853955259933948385e+00
1.852386071871545914e+00
1.847361846834193022e+00
1.845971919556729013e+00
1.845447865654101793e+00
1.845022229950564085e+00
1.843300642577074377e+00
1.843300642577074377e+00
1.842861726843012526e+00
1.842861726843012526e+00
1.842524563460479214e+00
1.839419544687552088e+00
1.837995354566312134e+00
1.837835747115267093e+00
1.837813608827136402e+00
1.835800382085852611e+00
1.832779049261678228e+00
1.831314602133573555e+00
1.831271582485361371e+00
1.831271582485361371e+00
1.831271582485361371e+00
1.830837885465721016e+00
1.829758832330235396e+00
1.829422537243557301e+00
1.826736595461719848e+00
1.826736595461719848e+00
1.826735703541119360e+00
1.826634641672894244e+00
1.825065712828771280e+00
1.823745031267712147e+00
1.823745031267712147e+00
1.820391807654297978e+00
1.820391807654297978e+00
1.820056535388755226e+00
1.818964261162658858e+00
1.818058631487044607e+00
1.818058631487044607e+00
1.817487733346271561e+00
1.817480560344452600e+00
1.817380813457554201e+00
1.817341173399172227e+00
1.817339276065509823e+00
1.817339276065509823e+00
1.816977250950329692e+00
1.816952728926213734e+00
1.816791770695176611e+00
1.816670281136741449e+00
1.816667000213160632e+00
1.816633913918094478e+00
1.816139362206095953e+00
1.816132916911989525e+00
1.816033768686326155e+00
