4.244595680532802362e+01
3.802117873615901544e+01
3.457559718149891381e+01
3.192390037756723586e+01
2.950303920288259718e+01
2.728045188367027052e+01
2.523918407805875930e+01
2.337001990758900760e+01
2.166624547427441527e+01
2.012110711535832053e+01
1.869370378541124111e+01
1.426151231193905744e+01
7.495183229277667891e+00
4.814962022147845744e+00
4.706229720265868721e+00
4.706229720265868721e+00
4.706229720265868721e+00
4.077759226711581420e+00
4.077759226711581420e+00
4.077759226711581420e+00
4.077759226711581420e+00
4.077759226711581420e+00
4.077759226711581420e+00
4.077759226711581420e+00
4.077759226711581420e+00
4.077759226711581420e+00
3.604795743549607856e+00
3.333851266000100289e+00
2.953438753662676497e+00
2.774374603073493262e+00
2.318370404577730248e+00
2.130816334080605223e+00
2.130816334080605223e+00
2.130816334080605223e+00
2.130816334080605223e+00
2.037950368379832788e+00
2.037950368379832788e+00
1.966789427034936644e+00
1.844753754000721280e+00
1.844753754000721280e+00
1.744699618155638454e+00
1.658828467758874936e+00
1.658828467758874936e+00
1.611719622488919867e+00
1.611719622488919867e+00
1.594931907511973446e+00
1.594931907511973446e+00
1.585425851932177110e+00
1.585425851932177110e+00
1.561082825688514086e+00
1.561082825688514086e+00
1.548829113017289760e+00
1.548829113017289760e+00
1.540332156994616009e+00
1.466753726045407102e+00
1.443176984942807106e+00
1.443176984942807106e+00
1.429230123231247651e+00
1.411489416377624595e+00
1.411489416377624595e+00
1.411489416377624595e+00
1.400902702797816923e+00
1.393602652279436249e+00
1.377096143860564226e+00
1.363934271685869337e+00
1.344874602487272863e+00
1.330899062275254119e+00
1.330899062275254119e+00
1.321952367361147740e+00
1.321952367361147740e+00
1.316611673030229079e+00
1.303397613006511691e+00
1.292185776012062304e+00
1.280615944717345744e+00
1.270391317544567134e+00
1.265114342909310796e+00
1.225322500997744868e+00
1.225322500997744868e+00
1.225322500997744868e+00
1.225322500997744868e+00
1.205040632396432221e+00
1.184080029247372767e+00
1.176277405665604237e+00
1.161962167832704118e+00
1.145241873414953648e+00
1.125029484637845467e+00
1.062478541407811727e+00
1.051999458013872069e+00
9.893402933667686527e-01
9.440526355930323188e-01
8.968629262755716258e-01
8.556542776115706461e-01
7.502026132408188275e-01
6.894587021606022326e-01
6.626482979354123559e-01
5.862891422441431910e-01
5.334280201622932926e-01
5.011323875575104392e-01
4.626052006886559043e-01
3.860259378937778152e-01
3.784691853237036052e-01
3.767827739862575354e-01
3.720646980162942707e-01
3.287809924688642749e-01
3.287809924688642749e-01
3.097410520809675272e-01
2.979513826358785034e-01
2.845440988672752192e-01
2.777192801784506559e-01
2.775795127726928824e-01
2.775795127726928824e-01
2.775795127726928824e-01
2.775795127726928824e-01
2.766237337078423231e-01
2.708628107851572264e-01
2.595372648550476335e-01
2.595372648550476335e-01
2.570374230674637994e-01
2.570374230674637994e-01
2.516394285878168491e-01
2.516394285878168491e-01
2.395691723746385393e-01
2.335727591665030800e-01
2.233543510116632047e-01
2.188709876520306130e-01
2.179644478563895760e-01
2.177309943963985084e-01
2.176582369438009590e-01
2.176338110805787485e-01
2.103633334316952763e-01
2.103633334316952763e-01
2.103633334316952763e-01
2.091359393849069048e-01
2.091359393849069048e-01
2.090163312204678658e-01
2.087644538655998028e-01
2.048024621474357765e-01
2.016567515124935706e-01
2.011273476195183652e-01
2.006439804427257445e-01
1.990111902566644997e-01
1.990111902566644997e-01
1.973339127558738915e-01
1.973339127558738915e-01
1.973339127558738915e-01
1.888604072818933222e-01
1.822470930418747803e-01
1.797254334828508049e-01
1.794353935109054277e-01
1.778269429724549933e-01
1.778269429724549933e-01
1.771524624646033108e-01
1.749804356616378731e-01
1.747828690091241255e-01
1.716782012149519199e-01
1.698316218575795233e-01
1.678831759758961095e-01
1.657049904900767257e-01
1.653497293932907619e-01
1.632726813295767854e-01
1.606717771859083321e-01
1.591091828062662916e-01
1.589307874187719516e-01
1.589057543387220328e-01
1.589005720223405638e-01
1.588998699582449825e-01
1.550656892812082299e-01
1.519048096621214150e-01
1.516578157466237919e-01
1.516417169181538127e-01
1.494969034576168754e-01
1.491998377372510676e-01
1.476231912994659945e-01
1.451097385934302375e-01
1.448291482663496554e-01
1.447947650405625730e-01
1.414307240838811874e-01
1.403975789009800357e-01
1.389778591596450563e-01
1.385686693484454446e-01
1.375041175834665341e-01
1.373418909448174130e-01
1.372347452900509468e-01
1.279409599981852774e-01
1.244701229734405667e-01
1.207203217387304295e-01
1.207203217387304295e-01
1.207203217387304295e-01
1.195066089846689855e-01
1.193413809424702099e-01
1.191748888947662816e-01
1.188456512360615697e-01
1.151078337236756677e-01
1.150761004218561895e-01
1.150761004218561895e-01
1.138941511291541170e-01
1.138524785297690550e-01
1.118982548533765803e-01
1.094936923383613009e-01
1.093723579718200722e-01
