5.570870295084993984e+01
5.570870295084993984e+01
5.570870295084993984e+01
5.433320608764942961e+01
5.018610188430544383e+01
5.018610188430544383e+01
5.018610188430544383e+01
4.906303398945799898e+01
4.795462532489077034e+01
4.766604694044143997e+01
4.159212780670959830e+01
3.585429692634185983e+01
3.104033590773313733e+01
2.694345821133046215e+01
2.334460561214867980e+01
1.972780650881679776e+01
7.629495848474205033e+00
3.634094813277703118e+00
2.671783046725152211e+00
2.538910329235731567e+00
2.538910329235731567e+00
2.538910329235731567e+00
2.538910329235731567e+00
2.538910329235731567e+00
2.538910329235731567e+00
2.538910329235731567e+00
2.538910329235731567e+00
2.538910329235731567e+00
2.434739915256352916e+00
2.365260871109249763e+00
2.301849464883134910e+00
2.290067442507798035e+00
2.290067442507798035e+00
2.290067442507798035e+00
2.255337487605168612e+00
2.255337487605168612e+00
2.252505003924259341e+00
2.252505003924259341e+00
2.243692225515111716e+00
2.243692225515111716e+00
2.243692225515111716e+00
2.243692225515111716e+00
2.237993498194316366e+00
2.237993498194316366e+00
2.234546558068727151e+00
2.232816321706801777e+00
2.232816321706801777e+00
2.225410852640266501e+00
2.225410852640266501e+00
2.219312711427496421e+00
2.219312711427496421e+00
2.219312711427496421e+00
2.219312711427496421e+00
2.219312711427496421e+00
2.219312711427496421e+00
2.206301860471928222e+00
2.206301860471928222e+00
2.206301860471928222e+00
2.206301860471928222e+00
2.206301860471928222e+00
2.206301860471928222e+00
2.206301860471928222e+00
2.205252698396718447e+00
2.205252698396718447e+00
2.198296045620000250e+00
2.197851763105980627e+00
2.189053393969429884e+00
2.182889182163099573e+00
2.177944757000869647e+00
2.177509082170305810e+00
2.177509082170305810e+00
2.177509082170305810e+00
2.177509082170305810e+00
2.173286303874020664e+00
2.171163181299133882e+00
2.171163181299133882e+00
2.171163181299133882e+00
2.171163181299133882e+00
2.171163181299133882e+00
2.168858123704725749e+00
2.164900140810327667e+00
2.164900140810327667e+00
2.164900140810327667e+00
2.164900140810327667e+00
2.164900140810327667e+00
2.164900140810327667e+00
2.164900140810327667e+00
2.164900140810327667e+00
2.162901873461395841e+00
2.162745827219970884e+00
2.158533075072519125e+00
2.158533075072519125e+00
2.158533075072519125e+00
2.158533075072519125e+00
2.153579579868092342e+00
2.153579579868092342e+00
2.147962242727905924e+00
2.147962242727905924e+00
2.146199079323239722e+00
2.146199079323239722e+00
2.146199079323239722e+00
2.138591166659264076e+00
2.138165602781414876e+00
2.134962971826901423e+00
2.131854348699812718e+00
2.125912103572416889e+00
2.124525123686305417e+00
2.117566161292458560e+00
2.112816822879443723e+00
2.111495983785109942e+00
2.110896300388431346e+00
2.110650208223049162e+00
2.108857544732502198e+00
2.107956338312873434e+00
2.101976253632595437e+00
2.100250058800533726e+00
2.098374771687180118e+00
2.092264338147117986e+00
2.084889180161250355e+00
2.083717852138943893e+00
2.078651241476400457e+00
2.073206181693916239e+00
2.068582336365311747e+00
2.067069177172830674e+00
2.066540813891457162e+00
2.059339616498725878e+00
2.058958517609307481e+00
2.058958517609307481e+00
2.051888656838706915e+00
2.051818899118567963e+00
2.048131349039517879e+00
2.048131349039517879e+00
2.031259647825825798e+00
2.027070191531605836e+00
2.026053639771711268e+00
2.018527852624379726e+00
2.001566772788098802e+00
2.001566772788098802e+00
2.001566772788098802e+00
2.000837149268911652e+00
1.991966058614365043e+00
1.987751282123042751e+00
1.971329094930694525e+00
1.950916968571956733e+00
1.947710618576506958e+00
1.933234767067568249e+00
1.896257203319178908e+00
1.884815064204034885e+00
1.866435395595195335e+00
1.843948889923629597e+00
1.823991673290452864e+00
1.816588076234792348e+00
1.802285907379306273e+00
1.779254554851349202e+00
1.767186399605687797e+00
1.761584035544101257e+00
1.744889807255689096e+00
1.727334263399347369e+00
1.719575539615962212e+00
1.718306932152837696e+00
1.707875748088291123e+00
1.693588287023006123e+00
1.685762148479953204e+00
1.674778108605518234e+00
1.667658243791711792e+00
1.652111995459591309e+00
1.641705932912792543e+00
1.628386243086378471e+00
1.618604352910104627e+00
1.597192669472275783e+00
1.580268293665631818e+00
1.566117314683104222e+00
1.553189107897120280e+00
1.545752463010195088e+00
1.538025582843980388e+00
1.531195228757661564e+00
1.527775373035588080e+00
1.525640093019119847e+00
1.523043777589250691e+00
1.517044334617759116e+00
1.509458628191944429e+00
1.499561978237777815e+00
1.492780124668981800e+00
1.485006820744454448e+00
1.474623084125754602e+00
1.465760218428021622e+00
1.457666830422158499e+00
1.453265075017991848e+00
1.447951912280876385e+00
1.443808041776258211e+00
1.441157031626914220e+00
1.438362782814550656e+00
1.436069575992387382e+00
1.434379064419540217e+00
1.433086280677602575e+00
1.430155219081301610e+00
1.427159743318138663e+00
1.423477847196234158e+00
1.419624223651348771e+00
1.415960621536843433e+00
