5.380342269332767557e+01
5.380342269332767557e+01
5.135268641521035704e+01
4.617631101871960198e+01
4.310616933219533564e+01
4.157600632157597431e+01
4.102140606987222782e+01
4.102140606987222782e+01
3.942656961744894772e+01
3.494065465750045973e+01
3.002281275854846498e+01
2.587245316771326742e+01
2.373250226682260333e+01
2.048560506777666035e+01
1.419214186097240926e+01
1.049902002544938107e+01
9.718793748090151396e+00
8.966601654659616116e+00
8.650118035319374954e+00
6.801601476409799396e+00
4.870264755375413479e+00
4.297430925437175198e+00
2.722785198700849563e+00
2.722785198700849563e+00
2.722785198700849563e+00
2.464787007349108272e+00
2.276254558630439018e+00
2.244427665978584230e+00
2.244427665978584230e+00
2.194960511185073848e+00
2.194960511185073848e+00
1.903760861517937997e+00
1.763512336378580958e+00
1.711806113286993281e+00
1.493837514383850484e+00
1.478841558074021290e+00
1.243648928562589351e+00
1.142877002591969227e+00
1.028778514144022438e+00
9.521348688280950601e-01
9.038170365009929874e-01
8.991000301831120201e-01
8.991000301831120201e-01
8.991000301831120201e-01
8.864683282837911849e-01
8.864683282837911849e-01
8.818216980891400159e-01
8.818216980891400159e-01
8.795379874317995617e-01
8.792158495331514612e-01
8.792158495331514612e-01
8.792158495331514612e-01
8.792158495331514612e-01
8.722339122532122291e-01
8.722339122532122291e-01
8.722339122532122291e-01
8.722339122532122291e-01
8.695004266449991581e-01
8.674697883133533072e-01
8.674697883133533072e-01
8.674697883133533072e-01
8.638102918751390247e-01
8.625833407430149036e-01
8.529745949916918146e-01
8.529745949916918146e-01
8.479290391110356762e-01
8.479290391110356762e-01
8.479290391110356762e-01
8.479290391110356762e-01
8.479290391110356762e-01
8.380617626801403208e-01
8.380617626801403208e-01
8.261075069620951172e-01
8.188207421147659648e-01
8.166413323404138058e-01
8.166413323404138058e-01
8.159062669172085780e-01
7.997040670255823880e-01
7.997040670255823880e-01
7.997040670255823880e-01
7.996936351228518536e-01
7.996936351228518536e-01
7.996936351228518536e-01
7.974225866661807105e-01
7.974225866661807105e-01
7.974225866661807105e-01
7.974225866661807105e-01
7.974225866661807105e-01
7.945556793005638108e-01
7.850487710218911896e-01
7.782773401820901604e-01
7.782773401820901604e-01
7.721840777577113624e-01
7.721840777577113624e-01
7.721840777577113624e-01
7.682142643589502384e-01
7.682142643589502384e-01
7.660411472314675452e-01
7.649701398566129962e-01
7.621233801832185684e-01
7.621233801832185684e-01
7.621233801832185684e-01
7.599447135753679694e-01
7.498656547715737419e-01
7.492834969589350358e-01
7.492834969589350358e-01
7.400029111920405356e-01
7.400029111920405356e-01
7.356837928043344910e-01
7.286593468591892053e-01
7.286593468591892053e-01
7.265285656491249355e-01
7.259283747099809503e-01
7.259283747099809503e-01
7.171242091088164683e-01
7.171242091088164683e-01
7.127297133976844279e-01
7.053591864499333397e-01
6.965196870416252573e-01
6.965196870416252573e-01
6.948865687247443024e-01
6.944909861047739996e-01
6.944909861047739996e-01
6.943282956790438609e-01
6.943282956790438609e-01
6.943282956790438609e-01
6.939729785843472554e-01
6.939729785843472554e-01
6.939729785843472554e-01
6.939729785843472554e-01
6.911182279315345456e-01
6.911182279315345456e-01
6.911182279315345456e-01
6.911182279315345456e-01
6.835543233700145382e-01
6.835543233700145382e-01
6.764285651072164951e-01
6.749977715718060711e-01
6.737721942162826494e-01
6.701885592696597005e-01
6.667461405091997806e-01
6.654094813309546774e-01
6.650831955913226734e-01
6.636670853131830805e-01
6.621067807167236863e-01
6.594451345686256349e-01
6.533568257091260101e-01
6.525791769641291484e-01
6.522885692823352510e-01
6.498283044404232767e-01
6.498283044404232767e-01
6.464190928054376339e-01
6.445349468874396193e-01
6.413794037008392346e-01
6.413794037008392346e-01
6.413794037008392346e-01
6.413794037008392346e-01
6.400216241112814952e-01
6.400216241112814952e-01
6.382411602496498304e-01
6.382411602496498304e-01
6.382411602496498304e-01
6.342400960241170171e-01
6.338889780372390925e-01
6.305779773581542402e-01
6.305779773581542402e-01
6.305779773581542402e-01
6.305779773581542402e-01
6.296914878905726098e-01
6.288943797575997641e-01
6.278909683936491071e-01
6.266595381091687456e-01
6.266595381091687456e-01
6.252779512452560917e-01
6.238756370375986293e-01
6.238756370375986293e-01
6.221671661804366593e-01
6.220361175747781690e-01
6.205012538975445135e-01
6.145373735155846839e-01
6.141958165196916841e-01
6.121673594528252993e-01
6.119289888037880987e-01
6.119128202536072703e-01
6.105768499012239614e-01
6.104658574621117939e-01
6.097554738240660299e-01
6.096777367508661172e-01
6.096718531715474843e-01
6.084045290349158197e-01
6.060943269284962964e-01
6.057618161281802527e-01
6.057495233353465958e-01
6.056655572379088248e-01
6.045191304648400710e-01
6.041244392130332708e-01
6.041075379103829635e-01
6.041068696188279796e-01
6.020191234703174965e-01
6.020191234703174965e-01
