1.598913962607593220e+01
1.598913962607593220e+01
1.597590428240638616e+01
1.535950918661370324e+01
1.535950918661370324e+01
1.430962158557429476e+01
1.430962158557429476e+01
1.428983110518318611e+01
1.428983110518318611e+01
1.428983110518318611e+01
1.428983110518318611e+01
1.406474988765498324e+01
1.359756001812750625e+01
1.324481762428305132e+01
1.318667951240831648e+01
1.318667951240831648e+01
1.158743178538465557e+01
1.015754122501610723e+01
9.256505657613459448e+00
8.859356932784120175e+00
8.859356932784120175e+00
8.859356932784120175e+00
8.859356932784120175e+00
8.383117936964225692e+00
7.854628600169123231e+00
7.486017515019471880e+00
7.243412963547344319e+00
6.342569341852046350e+00
6.342569341852046350e+00
6.342569341852046350e+00
5.519245454772855553e+00
4.606542138022539312e+00
3.647481282433739480e+00
2.401721031297355147e+00
2.069765351811434950e+00
1.139929135088750822e+00
8.613854185957476872e-01
8.095456041068207487e-01
6.256141287834026121e-01
5.206759892428339809e-01
5.183636255556928196e-01
4.333572406561181367e-01
3.559036707696765500e-01
2.511914955650028647e-01
2.511914955650028647e-01
2.511914955650028647e-01
2.511914955650028647e-01
2.374486885247921175e-01
1.997979488771287060e-01
1.997979488771287060e-01
1.940218856020060612e-01
1.681231799119564108e-01
1.681231799119564108e-01
1.681231799119564108e-01
1.625330046317768895e-01
1.625330046317768895e-01
1.625330046317768895e-01
1.625330046317768895e-01
1.469217039196841490e-01
1.403376928882097419e-01
1.173978567044667298e-01
1.173978567044667298e-01
1.173978567044667298e-01
1.173978567044667298e-01
1.173978567044667298e-01
1.173978567044667298e-01
1.147261547989607278e-01
1.091692829937744719e-01
1.091692829937744719e-01
1.091692829937744719e-01
1.023612066605348869e-01
1.023612066605348869e-01
1.023612066605348869e-01
9.780676985257921729e-02
9.780676985257921729e-02
9.780676985257921729e-02
9.780676985257921729e-02
9.163602370579516931e-02
9.163602370579516931e-02
9.163602370579516931e-02
9.163602370579516931e-02
9.163602370579516931e-02
9.163602370579516931e-02
9.163602370579516931e-02
8.703211265641945527e-02
8.703211265641945527e-02
8.703211265641945527e-02
8.703211265641945527e-02
8.703211265641945527e-02
8.703211265641945527e-02
8.703211265641945527e-02
8.703211265641945527e-02
8.703211265641945527e-02
8.703211265641945527e-02
8.703211265641945527e-02
8.703211265641945527e-02
8.703211265641945527e-02
8.703211265641945527e-02
8.036841245418760438e-02
8.036841245418760438e-02
8.036841245418760438e-02
8.036841245418760438e-02
8.036841245418760438e-02
8.036841245418760438e-02
8.036841245418760438e-02
7.541566013999498330e-02
7.541566013999498330e-02
7.541566013999498330e-02
7.541566013999498330e-02
7.541566013999498330e-02
7.541566013999498330e-02
7.533426296579517900e-02
7.533426296579517900e-02
7.533426296579517900e-02
7.533426296579517900e-02
7.186929758959756387e-02
7.076431663707478947e-02
7.076431663707478947e-02
7.062826708343009074e-02
7.062826708343009074e-02
7.062826708343009074e-02
6.890456105970706180e-02
6.890456105970706180e-02
6.890456105970706180e-02
6.890456105970706180e-02
6.890456105970706180e-02
6.890456105970706180e-02
6.824876271315205578e-02
6.641585441050865124e-02
6.296091748076579342e-02
5.913093439802678125e-02
5.763780995597377749e-02
5.759427757821115879e-02
5.759427757821115879e-02
5.738168793290603087e-02
5.735133777459837379e-02
5.734645401796852060e-02
5.734480876438260294e-02
5.734474203508371087e-02
5.734474203508371087e-02
5.734467509205135038e-02
5.734467509205135038e-02
5.734467509205135038e-02
5.647259248216064675e-02
5.482562660866244914e-02
5.482562660866244914e-02
5.482562660866244914e-02
5.482562660866244914e-02
5.482562660866244914e-02
5.482562660866244914e-02
5.482562660866244914e-02
5.482562660866244914e-02
5.482562660866244914e-02
5.481464607310564119e-02
5.481464607310564119e-02
5.481464607310564119e-02
5.481464607310564119e-02
5.481464607310564119e-02
5.478880832987027827e-02
5.476990852236213181e-02
5.476567194664297422e-02
5.476475352487602394e-02
5.476475352487602394e-02
5.468200963743474752e-02
5.468200963743474752e-02
5.454710410680554955e-02
5.428854633335190166e-02
5.422125178461183886e-02
5.392836708479327446e-02
5.392836708479327446e-02
5.392836708479327446e-02
5.380846546188741697e-02
5.369774349062621938e-02
5.368343466708184325e-02
5.320538407573234541e-02
5.300153302830850482e-02
5.286698529701372440e-02
5.286698529701372440e-02
5.286698529701372440e-02
5.286698529701372440e-02
5.255480524364305323e-02
5.255480524364305323e-02
5.255480524364305323e-02
5.255480524364305323e-02
5.255480524364305323e-02
5.237989835128617488e-02
5.237989835128617488e-02
5.231266743187950458e-02
5.230553749781255424e-02
5.230499941206483844e-02
5.230499941206483844e-02
5.230499941206483844e-02
5.230499941206483844e-02
5.230499941206483844e-02
5.230499941206483844e-02
5.204994517649776803e-02
5.204994517649776803e-02
5.204994517649776803e-02
5.204798956827170336e-02
5.204798956827170336e-02
