1.491778835790381308e+01
1.491778835790381308e+01
1.491778835790381308e+01
1.435073586171455062e+01
1.325979201782859462e+01
1.325979201782859462e+01
1.325979201782859462e+01
1.325979201782859462e+01
1.325979201782859462e+01
1.325979201782859462e+01
1.325979201782859462e+01
1.307779070277550915e+01
1.307779070277550915e+01
1.307779070277550915e+01
1.307779070277550915e+01
1.136799220317494985e+01
1.136799220317494985e+01
1.136799220317494985e+01
1.136799220317494985e+01
7.680438043263294823e+00
5.239576400815972868e+00
5.239576400815972868e+00
4.807346602577696970e+00
3.774341194243107545e+00
3.774341194243107545e+00
3.774341194243107545e+00
3.723517381722327713e+00
3.449736924083428580e+00
3.379754954321186666e+00
2.673069179583482224e+00
2.328292928797610184e+00
2.328292928797610184e+00
2.328292928797610184e+00
2.109815195217269235e+00
2.109815195217269235e+00
1.799537815396119012e+00
1.615073350284374376e+00
1.542609133461071202e+00
1.393315202172316525e+00
1.365913706920363513e+00
1.296351663048617153e+00
1.296351663048617153e+00
1.296351663048617153e+00
1.296351663048617153e+00
1.276538160155858748e+00
1.276538160155858748e+00
1.217837087801435736e+00
1.195086074335765192e+00
1.193608312446426511e+00
1.193608312446426511e+00
1.185733413564396654e+00
1.185733413564396654e+00
1.185733413564396654e+00
1.174478941949925748e+00
1.168797863934570636e+00
1.168797863934570636e+00
1.146380153269468183e+00
1.101811389290966892e+00
1.101811389290966892e+00
1.069708405735884327e+00
1.069708405735884327e+00
1.053434587351762319e+00
1.053434587351762319e+00
1.053434587351762319e+00
1.053434587351762319e+00
1.019116516374875214e+00
1.019116516374875214e+00
9.918112622218708818e-01
9.918112622218708818e-01
9.872136236934623277e-01
9.872136236934623277e-01
9.783513066470675978e-01
9.768867391872114725e-01
9.768867391872114725e-01
9.441137485670041407e-01
9.415259506450185389e-01
9.056541329700561471e-01
8.874263173167533658e-01
8.286311861737892803e-01
7.978034877676223324e-01
7.384811778344259059e-01
7.344894112932913721e-01
7.344894112932913721e-01
6.973072814499344796e-01
6.973072814499344796e-01
6.973072814499344796e-01
6.973072814499344796e-01
6.845630696099013202e-01
6.667876298076348407e-01
6.527789775688387364e-01
6.522145264930712116e-01
6.522145264930712116e-01
6.285346791740191730e-01
6.285346791740191730e-01
6.148150563866330298e-01
5.787146654998663875e-01
5.787146654998663875e-01
5.229003119195956284e-01
4.943944915602170864e-01
4.740898366103567518e-01
4.490613735240499005e-01
4.343472541192051617e-01
4.343472541192051617e-01
4.151351404781556398e-01
3.689301479709875542e-01
3.612525503368961277e-01
3.567416374405738000e-01
3.557226157324283600e-01
3.547320341332855231e-01
3.547320341332855231e-01
3.532521478178299312e-01
3.320596979848902119e-01
3.202200595082611567e-01
3.132772758186139206e-01
3.130709504116562236e-01
3.130709504116562236e-01
2.932203749987070673e-01
2.761249353134835882e-01
2.643486668363331793e-01
2.595311690504889524e-01
2.595311690504889524e-01
2.595311690504889524e-01
2.595311690504889524e-01
2.530456517290841090e-01
2.523857398375465300e-01
2.475669211779211454e-01
2.475669211779211454e-01
2.383551102793849130e-01
2.380002901024141360e-01
2.376333338011699936e-01
2.196209897363909369e-01
2.196209897363909369e-01
2.196209897363909369e-01
2.196209897363909369e-01
2.181507733544790495e-01
2.181507733544790495e-01
2.080926023914717038e-01
2.080926023914717038e-01
2.080926023914717038e-01
2.080926023914717038e-01
2.080926023914717038e-01
2.080926023914717038e-01
2.064997079865351082e-01
2.042176192185236050e-01
2.042176192185236050e-01
1.912662810745295594e-01
1.909060415287321955e-01
1.883998039531774027e-01
1.879083701766467995e-01
1.878039875079557386e-01
1.854821087461947793e-01
1.854821087461947793e-01
1.768448612153762645e-01
1.765690115601054599e-01
1.765690115601054599e-01
1.765690115601054599e-01
1.756510685694502305e-01
1.748657744020581384e-01
1.679077866826098608e-01
1.679077866826098608e-01
1.679077866826098608e-01
1.679077866826098608e-01
1.679077866826098608e-01
1.679077866826098608e-01
1.679077866826098608e-01
1.672498114760287979e-01
1.641412627701112070e-01
1.641412627701112070e-01
1.617091320210879146e-01
1.617091320210879146e-01
1.617091320210879146e-01
1.617091320210879146e-01
1.617091320210879146e-01
1.617091320210879146e-01
1.617091320210879146e-01
1.617091320210879146e-01
1.558224533803815592e-01
1.525767759647868038e-01
1.525767759647868038e-01
1.525767759647868038e-01
1.525767759647868038e-01
1.517125291840599466e-01
1.517125291840599466e-01
1.517125291840599466e-01
1.517125291840599466e-01
1.517125291840599466e-01
1.499324368839060895e-01
1.499324368839060895e-01
1.499324368839060895e-01
1.483929467412121173e-01
1.480835023712438470e-01
1.480234412992537663e-01
1.479946545257893875e-01
1.479935986490496791e-01
1.474020483844986351e-01
1.473969501141966509e-01
1.473969313354138444e-01
1.473968826824377798e-01
1.473968826824377798e-01
1.473803829907240348e-01
