1.850638814350975636e+01
1.850638814350975636e+01
1.850638814350975636e+01
1.850638814350975636e+01
1.850638814350975636e+01
1.842398332646532211e+01
1.682904126686210944e+01
1.615162550958841692e+01
1.113134334581870988e+01
6.764751601475547105e+00
4.247794755108476039e+00
4.247794755108476039e+00
4.148213255319310733e+00
2.712835463100325750e+00
2.712835463100325750e+00
2.712835463100325750e+00
1.539766674564878590e+00
1.193650071887171871e+00
1.193650071887171871e+00
1.133230821333071958e+00
1.133230821333071958e+00
1.133230821333071958e+00
1.133230821333071958e+00
1.133230821333071958e+00
1.133230821333071958e+00
1.133230821333071958e+00
1.117719376302559464e+00
1.117719376302559464e+00
1.093611954136534781e+00
1.093611954136534781e+00
1.085584839149182690e+00
1.054675710944898759e+00
1.042153847870125771e+00
1.001429658450142313e+00
9.694674691465773320e-01
9.596268582933191738e-01
9.518246855554921559e-01
9.224864352082117192e-01
9.224864352082117192e-01
9.080128730128546044e-01
9.006752119725703887e-01
8.917992077975854803e-01
8.917992077975854803e-01
8.917992077975854803e-01
8.917992077975854803e-01
8.797158522562660288e-01
8.797158522562660288e-01
8.797158522562660288e-01
8.797158522562660288e-01
8.797158522562660288e-01
8.662526571798278008e-01
8.662526571798278008e-01
8.662526571798278008e-01
8.662526571798278008e-01
8.415003140562608008e-01
8.221787172192875914e-01
8.058117557779729268e-01
8.058117557779729268e-01
8.058117557779729268e-01
8.058117557779729268e-01
8.058117557779729268e-01
7.966399175028548996e-01
7.953764335432851329e-01
7.644587608896009634e-01
7.534816241674994197e-01
7.473293832742815557e-01
7.473293832742815557e-01
7.464363736306520725e-01
7.453128712392957933e-01
7.453128712392957933e-01
7.453128712392957933e-01
7.453128712392957933e-01
7.432349017723881568e-01
7.432349017723881568e-01
7.007455727965539172e-01
7.007455727965539172e-01
7.007455727965539172e-01
7.007455727965539172e-01
6.945027692876797332e-01
6.924225022200752866e-01
6.924225022200752866e-01
6.924225022200752866e-01
6.888944309276376909e-01
6.655950730986509578e-01
6.499607553940656146e-01
6.499607553940656146e-01
6.499607553940656146e-01
6.499607553940656146e-01
6.424312664740456924e-01
6.424312664740456924e-01
6.424312664740456924e-01
6.424312664740456924e-01
6.424312664740456924e-01
6.409290553084860953e-01
6.242285999046426337e-01
6.056134327533310158e-01
6.056134327533310158e-01
6.056134327533310158e-01
6.056134327533310158e-01
6.056134327533310158e-01
5.886885663796787016e-01
5.681924028947820116e-01
5.472396391529943394e-01
5.349457078741369775e-01
5.231246304251271351e-01
5.034378253229389033e-01
4.916270690887193373e-01
4.737715559985519742e-01
4.556145525391130380e-01
4.429454009372464918e-01
4.225594733996311803e-01
4.054101836444025109e-01
3.481010459613062547e-01
3.236165193347173008e-01
3.073044177779710728e-01
2.724364516449186979e-01
2.521021191197409528e-01
2.336061285888462458e-01
2.328750709093798110e-01
2.170930244590923708e-01
2.041834302639976007e-01
2.008009381870050070e-01
1.893075196691849094e-01
1.714526921136584614e-01
1.531175578398600856e-01
1.531175578398600856e-01
1.483133415052671489e-01
1.371792942037742824e-01
1.371792942037742824e-01
1.301046823530607743e-01
1.301046823530607743e-01
1.230441090797061293e-01
1.230441090797061293e-01
1.230441090797061293e-01
1.230441090797061293e-01
1.230441090797061293e-01
1.219576690118410467e-01
1.209836991267928680e-01
1.209836991267928680e-01
1.209836991267928680e-01
1.174896536432595145e-01
1.174896536432595145e-01
1.166989884943216427e-01
1.141061844390817426e-01
1.141061844390817426e-01
1.141061844390817426e-01
1.141061844390817426e-01
1.141061844390817426e-01
1.141061844390817426e-01
1.130460145126216537e-01
1.118572737826223767e-01
1.117490999782641548e-01
1.117327874549145367e-01
1.117296698503970620e-01
1.117288837603186008e-01
1.117284340517389341e-01
1.117284340517389341e-01
1.117284340517389341e-01
1.117284340517389341e-01
1.117284340517389341e-01
1.115982867250123467e-01
1.095384781516550721e-01
1.092443387375237746e-01
1.089023834387445600e-01
1.046637171873628647e-01
1.035715346680735199e-01
1.030240324073617431e-01
9.687602329151114022e-02
9.687602329151114022e-02
9.687602329151114022e-02
9.687602329151114022e-02
9.687602329151114022e-02
9.562508655765494803e-02
9.562508655765494803e-02
9.562508655765494803e-02
9.419781896445204861e-02
9.373256433906343443e-02
9.213559408081442581e-02
9.139079829284857404e-02
9.136596169777629062e-02
8.965541484726866073e-02
8.904903333240438146e-02
8.894333086295874713e-02
8.855054201535481062e-02
8.839599022704379416e-02
8.838449712964975558e-02
8.765950802908628603e-02
8.763817602104463644e-02
8.756450226468133480e-02
8.753889916591185705e-02
8.727855926738431469e-02
8.711641939519214339e-02
8.710198318066819656e-02
8.710142703095716255e-02
8.707232364938781444e-02
8.605159557585755070e-02
8.321579304480690442e-02
8.138627134980315481e-02
8.134725551952098899e-02
8.134690393289015220e-02
