3.431517629888215026e+01
3.431517629888215026e+01
3.227983034784821115e+01
3.227983034784821115e+01
3.227983034784821115e+01
2.884942250873118397e+01
2.692697861252759850e+01
2.692697861252759850e+01
1.672103094441064997e+01
1.152268761603467162e+01
7.738549121804549458e+00
5.209252224999998404e+00
4.057736610199249583e+00
4.057736610199249583e+00
4.057736610199249583e+00
4.057736610199249583e+00
4.057736610199249583e+00
4.057736610199249583e+00
4.057736610199249583e+00
4.057736610199249583e+00
4.057736610199249583e+00
4.057736610199249583e+00
4.057736610199249583e+00
4.057736610199249583e+00
3.654737688329822376e+00
3.654737688329822376e+00
3.298386624609015438e+00
3.145612165688359774e+00
2.940113124205015360e+00
2.574085881141319199e+00
2.282082462874559958e+00
2.282082462874559958e+00
1.498801899266578364e+00
1.498801899266578364e+00
1.104728877903259576e+00
1.050436310547310015e+00
8.690452165644824145e-01
7.487066844015485279e-01
5.961826755814113588e-01
5.816494439793753468e-01
5.197192863174817656e-01
4.613657735173684049e-01
4.613657735173684049e-01
4.613657735173684049e-01
4.514083207298384970e-01
4.514083207298384970e-01
4.355361058216266623e-01
4.035941756931105129e-01
4.010547413840095388e-01
3.855572356591855931e-01
3.533151913782362485e-01
3.376426343154256271e-01
3.101028551739811734e-01
3.101028551739811734e-01
2.522633105296750444e-01
2.042054920322246836e-01
1.902445552063671552e-01
1.902445552063671552e-01
1.902445552063671552e-01
1.902445552063671552e-01
1.902445552063671552e-01
1.902445552063671552e-01
1.902445552063671552e-01
1.902445552063671552e-01
1.878641987658470069e-01
1.850640841368462464e-01
1.828925799035464039e-01
1.815831208177601797e-01
1.815831208177601797e-01
1.663254017508386529e-01
1.663254017508386529e-01
1.653540577395351541e-01
1.615884592072042714e-01
1.615884592072042714e-01
1.615884592072042714e-01
1.615884592072042714e-01
1.606325911789782679e-01
1.498994228387551808e-01
1.498994228387551808e-01
1.483048014446257112e-01
1.483048014446257112e-01
1.483048014446257112e-01
1.483048014446257112e-01
1.460912460214320863e-01
1.424637858946182223e-01
1.308349038666127839e-01
1.308349038666127839e-01
1.290143079201634124e-01
1.290143079201634124e-01
1.290143079201634124e-01
1.290143079201634124e-01
1.290143079201634124e-01
1.290143079201634124e-01
1.290143079201634124e-01
1.290143079201634124e-01
1.290143079201634124e-01
1.290143079201634124e-01
1.208073794611613239e-01
1.208073794611613239e-01
1.208073794611613239e-01
1.208073794611613239e-01
1.208073794611613239e-01
1.193195109381105096e-01
1.170742822462812749e-01
1.170742822462812749e-01
1.170742822462812749e-01
1.066637407028690199e-01
1.033022779493327215e-01
1.033022779493327215e-01
1.033022779493327215e-01
1.033022779493327215e-01
1.010532547467072467e-01
1.001930977432085590e-01
9.943331806417485264e-02
9.943331806417485264e-02
9.943331806417485264e-02
9.943331806417485264e-02
9.823204964767094649e-02
9.823204964767094649e-02
9.823204964767094649e-02
9.823204964767094649e-02
9.812094874577767523e-02
9.812094874577767523e-02
9.662833619034365273e-02
9.662833619034365273e-02
9.662833619034365273e-02
9.561229965427617272e-02
9.561229965427617272e-02
9.528758937330431000e-02
9.528758937330431000e-02
9.507531624842940898e-02
9.507531624842940898e-02
9.499530665445614364e-02
9.197323476366577044e-02
9.197323476366577044e-02
9.197323476366577044e-02
9.197323476366577044e-02
9.130493730727547164e-02
9.130493730727547164e-02
9.130493730727547164e-02
9.128659472959627097e-02
9.125926425988911683e-02
9.125926425988911683e-02
8.897556234387256346e-02
8.897556234387256346e-02
8.897556234387256346e-02
8.897556234387256346e-02
8.897556234387256346e-02
8.897556234387256346e-02
8.842879679201870458e-02
8.557518195734069300e-02
8.480906593026511786e-02
8.476050034446781789e-02
8.475661916887754221e-02
8.475576816433258442e-02
8.475556470624792671e-02
8.475556470624792671e-02
8.475556470624792671e-02
8.475556470624792671e-02
8.475551917313306483e-02
8.444682354990087902e-02
8.354443133698846724e-02
8.340241898329583958e-02
8.337632612269373078e-02
8.337162501964374972e-02
8.337103883561923501e-02
8.337062795359248546e-02
8.337062795359248546e-02
8.284614736932262302e-02
8.125471423308353036e-02
8.125471423308353036e-02
8.125471423308353036e-02
7.694074099460256055e-02
7.694074099460256055e-02
7.642156609351000163e-02
7.642156609351000163e-02
7.639323852235575807e-02
7.582879067914015392e-02
7.582879067914015392e-02
7.538285701647444437e-02
7.520053252513281272e-02
7.489261706141657482e-02
7.452408074733954391e-02
7.448042779002138347e-02
7.445041221982447166e-02
7.358731746964133902e-02
7.358731746964133902e-02
7.299636900861988797e-02
7.299636900861988797e-02
7.299636900861988797e-02
7.293721612656614561e-02
7.078856415657304446e-02
7.042990019250748579e-02
7.042990019250748579e-02
7.042990019250748579e-02
7.042990019250748579e-02
7.042990019250748579e-02
7.017144737960305523e-02
6.991969650184086393e-02
6.991969650184086393e-02
