-6.341525692466269071e+00
-1.000000000000000000e+00
-5.589823299937326517e+00
-5.597117736671862076e+00
-1.000000000000000000e+00
-6.602568460381458282e-01
-4.000000000000000000e+00
-2.356656162240847063e+00
-1.942674465583192012e+00
-7.999626917391048586e+00
-1.000000000000000000e+00
-6.337129208320482654e+00
-5.000000000000000000e+00
-1.318043121964023075e-02
-4.000000000000000000e+00
0.000000000000000000e+00
-6.322633350684975229e-01
-5.885944247163580556e+00
-2.853934320013086889e+00
1.839878719290780174e+00
-6.230767154500123972e+00
-4.293172639916487121e+00
-8.656000613082493800e+00
-1.810999312648809756e+00
-5.590505145759536720e-01
-5.609728833494006750e+00
-2.754799818081098195e+00
-7.154901959985743076e+00
-5.000000000000000000e+00
-5.000000000000000000e+00
-5.000000000000000000e+00
5.310531964653316672e-01
-6.717377645274194009e+00
-2.746144385539361910e+00
-3.000000000000000000e+00
-4.761323423798821786e+00
-4.000000000000000000e+00
-8.035704207243836716e-01
-5.287094113721436450e+00
-1.776327297288978757e+00
-6.234193330581079273e-01
-6.442005879704455928e+00
-3.838857008946701566e+00
2.000000000000000000e+00
-2.619849813911394598e-01
-3.751902393353852894e+00
-8.975212915131418612e+00
-1.106330926735484166e+00
-4.290433478744057894e-01
-6.407491659107757975e+00
-2.459862313510313481e+00
-4.362481365983832959e-01
-5.734345836683156783e+00
-1.000015662274710504e+00
-5.045876578945323043e-01
-7.358774964810870678e+00
-1.964620915684250013e+00
1.358644366925057856e+00
-8.536268806920768171e+00
-1.002632347251248612e+00
-1.999999999981208809e+00
-5.127393742715597114e+00
-1.369572422311566617e+00
-4.048926276947846681e+00
-9.507927963312717834e-01
-7.746492755045116141e+00
-2.567638419469785216e+00
-6.569693963727019970e+00
-1.352030845062127673e+00
-4.875947765458589878e+00
-4.337584561844141755e-03
-5.923284216551341075e+00
-1.663212060165554007e+00
-4.346523363860169908e+00
-2.708280176076479862e+00
-4.810430994119839099e+00
-2.187516171172100510e+00
-7.835059113635800543e+00
-1.425697974582883568e-02
-4.431256070328889685e+00
2.787536009528290837e-01
-1.690196149515636570e+00
-2.365606435477774827e+00
-4.064681014145291371e+00
-3.439338328703976710e+00
-4.267451727732719746e+00
-1.000000000000000000e+00
-4.108178514811830162e+00
-4.377490186452632770e+00
-2.587519310964995434e+00
-4.998908685928474149e+00
-3.718701166278306047e+00
-1.029200273708678282e+00
-6.544068022635552317e+00
-4.346371566820296906e+00
-2.690616162707832326e-01
-3.987979507931372236e+00
-4.218925474001344433e+00
-9.336058504031042871e-01
-2.544068022635552317e+00
-5.000000000000000000e+00
8.395600238689097938e-02
-3.512111863476672369e+00
-4.623517979303136904e+00
1.037945545915856638e+00
