-5.320243609126604767e+00
-1.000000000000000000e+00
-3.166971571815440090e+00
-7.183794295975284072e+00
-4.207949797914681156e+00
-2.000000000000000000e+00
-4.000000000000000000e+00
-1.000000000000000000e+00
-2.000000000000000000e+00
-7.988192937444507535e+00
-2.805886522734426070e+00
-6.324677372709808232e+00
-1.164345141060482813e+00
-5.141659808614710281e-01
-2.278665822878228830e+00
0.000000000000000000e+00
-3.005539663302854603e+00
-4.301029995663981254e+00
-2.557981022879920463e+00
4.099935194383552695e-01
-6.860621503265828203e+00
-3.084533714454745112e+00
-9.273612306007740003e+00
-1.000000000000000000e+00
-4.733696356812878703e-01
-7.698970004336018746e+00
-1.000000000000000000e+00
-3.154901959985743076e+00
-3.166233101036845188e+00
-9.000000000000000000e+00
-2.460623160294890699e+00
2.000000000000000000e+00
-7.173709173331298317e+00
-2.283691627048967110e+00
-1.050973845216611080e+00
-4.002558022360076073e+00
-3.695474612009706838e+00
2.000111295688639379e-01
-6.635812889462550324e+00
-1.000000000000000000e+00
2.000000000000000000e+00
-9.139227228551149551e+00
-4.982140274118288303e+00
1.859458736418302616e+00
8.490804402548858265e-01
-1.253713309442158863e+00
-5.000000000000000000e+00
-3.163683314471333219e+00
-4.983129876704365802e-01
-5.000000000000000000e+00
-4.903267138041056405e+00
-3.643572305202352202e-01
-7.045672914617606253e+00
-5.000000000000000000e+00
-3.607025332431473830e-01
-5.233264243093969981e+00
-5.000000000000000000e+00
-1.347208343008965414e+00
-9.000000000000000000e+00
-1.000000000000000000e+00
-2.402540092994460141e-01
-4.000000000000000000e+00
-9.785926615339897161e-01
-8.000000000000000000e+00
7.918124604762488694e-02
-4.000000000000000000e+00
-3.453638285407836683e+00
-8.000000000000000000e+00
-4.000000000000000000e+00
-4.838921973685745392e+00
-3.992442629637400486e+00
-4.434129616940057694e+00
-2.081040064658802091e+00
-7.916803084332408424e+00
-4.000000000000000000e+00
-4.005795380772502412e+00
-3.051112762312941928e+00
-7.089802339773576101e+00
-2.338859046160180810e+00
-7.505039162994817659e+00
-1.638232333357530157e+00
-3.222055191463140567e+00
-1.000000000000000000e+00
-2.424327449372613685e+00
-2.790762691402042694e+00
-3.625123752105695374e+00
-1.000000000000000000e+00
-3.792736207586499209e+00
-5.000000000000000000e+00
-3.475452845150312164e+00
-1.059119965058980650e+00
-2.936572955823658404e+00
-4.108897328273076965e+00
-2.884150481171896097e+00
-2.214029369313156081e+00
-1.000000000000000000e+00
-3.879775073611932079e+00
-1.204807897380733017e+00
-6.933355415369648611e-01
-3.891442256660547105e+00
-1.178595780409604554e+00
1.989492897228127610e+00
-2.544068022635552317e+00
-1.000000000000000000e+00
-1.813709750933397424e-01
