-7.899004245649209111e+00
-1.586418979700948917e+00
-4.240407789012001771e+00
-5.135458636173041214e+00
-3.222007875204011551e+00
2.000000000000000000e+00
-4.309354948708262079e+00
-1.111771351534223351e+00
-6.796764803622324935e-01
-4.000000000000000000e+00
-3.341177332880831408e+00
-4.000000000000000000e+00
-2.639334377680941479e+00
-3.691823072988461019e-01
-4.000000000000000000e+00
0.000000000000000000e+00
-4.000000000000000000e+00
-4.301029995663981254e+00
-3.834724460779515898e+00
-2.000000000000000000e+00
-5.301029995663981254e+00
-3.932391329790071222e+00
-7.244379821802997554e+00
-2.601657897668665065e+00
-8.869413546934564740e-01
-6.271219593724043584e+00
-1.000000000000000000e+00
-5.079416122077657469e+00
-3.778878183292479154e+00
-5.646554521602722865e+00
-3.307079377333594028e+00
-2.000000000000000000e+00
-6.280212798006046704e+00
-3.715555628458817594e+00
-3.000000000000000000e+00
-4.230434364169028960e+00
0.000000000000000000e+00
-2.976421481038854511e-02
-6.443716963579417367e+00
-1.276217602866241085e+00
4.717129617135228936e-01
-5.522878745280337398e+00
-1.000000000000000000e+00
-8.167637388811874732e-01
4.271613534724293948e-01
-3.292883626621589510e+00
-8.909929421419729323e+00
-1.000000000000000000e+00
2.000000000000000000e+00
-9.000000000000000000e+00
-3.455068542062429859e+00
-1.994482581676537469e+00
-6.774978262026626119e+00
-1.102642637831752204e+00
-2.000000000000000000e+00
-7.996891340730171827e+00
-2.466350493023370394e+00
1.919434675743393548e+00
-6.258988149188309258e+00
-4.472318800784307768e+00
2.000000000000000000e+00
-7.096095369774461759e+00
-1.903062863536587157e+00
-8.000000000000000000e+00
-3.869383987325632379e+00
-6.718773477099067470e+00
0.000000000000000000e+00
-4.000000000000000000e+00
-1.708359377901376985e-01
-6.089128434875837215e+00
-3.319754560148286515e+00
-5.666010018745524235e+00
-8.408751092894890533e-01
-4.108669311590126938e+00
-1.950425521315616528e+00
-7.980331930171913335e+00
-2.705077784914367012e+00
-5.913801680167309449e+00
-8.570004458677156212e-01
-5.558127108592168852e+00
-3.672848479558908252e+00
-3.628597000934652872e+00
-5.000000000000000000e+00
-1.690196149515636570e+00
-5.000000000000000000e+00
-4.706827398882548863e+00
-1.489842090529562846e+00
-3.550566891113636103e+00
-1.000000000000000000e+00
-4.703296643731505355e+00
-2.273425594950698070e+00
-3.193662428104721673e+00
-5.000000000000000000e+00
-2.544068022635552317e+00
-1.870124341409123092e+00
1.662744182239271007e+00
-6.544068022635552317e+00
-5.000000000000000000e+00
9.440340352819983627e-01
-2.544068022635552317e+00
-1.070224336075698446e+00
-4.124998958531854720e-01
-4.998913089509628094e+00
-3.265111325407756393e+00
1.109871690487875373e+00
