-7.612340198832710847e+00
-4.311249591314038732e+00
-4.889092718580687169e+00
-4.000000000000000000e+00
-3.675756737434082044e+00
-1.012959497312335921e+00
-5.855653564868998906e+00
-4.227445330791724132e+00
-1.985299043724000345e+00
-4.011971777191014610e+00
-2.652267328102560828e+00
-6.087299974030461414e+00
-1.027179969133499071e+00
-6.200447064833708444e-02
-3.407297853055837766e+00
-2.313410979422687586e+00
-3.386918161144822914e+00
-4.301029995663981254e+00
-1.191753368611335295e+00
-1.327523878097942867e-01
-9.301029995663981254e+00
-4.681545410568695331e+00
-7.433714452562318442e+00
-3.147888940910656075e+00
-1.122108416927115465e-01
-3.698970004336018746e+00
-1.000000000000000000e+00
-4.280710158900806306e+00
-3.215255960522013012e+00
-6.224029516898599290e+00
-5.000000000000000000e+00
-1.990589543383813886e+00
-3.698970004336018746e+00
-1.000000000000000000e+00
-4.974896144898923733e-01
-4.365821215246759479e+00
-3.978097572500649104e+00
1.022296149937446330e+00
-7.993220473386428715e+00
-2.089700088439955472e+00
1.875671870610127856e+00
-7.999720882440765735e+00
-3.584930893615257297e+00
1.992515839163884195e+00
-2.872702004392593267e+00
-4.503431512244048918e+00
-5.575608931441959903e+00
-1.000000000000000000e+00
-8.830703897704402783e-01
-5.545827928795207917e+00
-1.000000000000000000e+00
2.000000000000000000e+00
-9.000000000000000000e+00
-2.324980665423885373e+00
1.983563460664566069e-01
-8.944986944118264560e+00
-4.644834396084236872e+00
-3.176891296951664390e-01
-7.803143954191880560e+00
-1.085653425016332330e+00
-1.958170622178423637e+00
-8.000000000000000000e+00
-1.767223954707456191e+00
-7.334112951336394737e+00
-2.566040940124652447e+00
-4.000000000000000000e+00
-2.402734073825910865e+00
-4.165334157741602539e+00
-1.833376451802867235e-01
-4.390486936108883853e+00
-2.987243496033582080e+00
-5.126752174818609120e+00
-2.092453056187039362e+00
-8.000000000000000000e+00
-7.707377725514967803e-01
-8.000000000000000000e+00
-3.957977612187533634e+00
-7.516667060923238886e+00
-3.966673581713835883e+00
-4.538538929809643463e+00
-1.466316203506137450e+00
-3.344094432071049727e+00
-2.724848366950923140e+00
-4.065581286554052376e+00
-2.837357764864128828e+00
-3.324436268639010983e+00
-1.483160131162641893e+00
-5.132878226349387063e+00
-1.946124314162441360e+00
-5.690196149515636570e+00
-2.769061970415783058e+00
-1.690196149515636570e+00
-5.000000000000000000e+00
-3.384143188202179076e+00
-2.641430199854548189e+00
1.159159274369969239e+00
-4.957795809889466554e+00
-1.000000000000000000e+00
6.507031552754219961e-01
-4.964479787213389450e+00
-2.594768541942016338e+00
7.379816981373380491e-01
-6.544068022635552317e+00
-4.923334166089351704e+00
6.043789540229159429e-02
