-4.397940008672037493e+00
-3.325673526540811498e+00
-6.904006262579473585e+00
-6.983924765942470358e+00
-5.000000000000000000e+00
2.000000000000000000e+00
-6.039345747917018059e+00
-5.000000000000000000e+00
2.000000000000000000e+00
-6.031320435626861709e+00
-1.385782824046848383e+00
-8.000000000000000000e+00
-5.000000000000000000e+00
0.000000000000000000e+00
-3.140016385602677040e+00
-4.000000000000000000e+00
-9.491588008294359335e-01
-6.619855408264572638e+00
-1.000000000000000000e+00
2.624739508386658704e-01
-7.600428996729680975e+00
-4.414638052697596571e+00
-1.009523502162531550e+01
-1.000000689306582702e+00
7.983289446839431092e-01
-7.386023008782767185e+00
-1.000000000000000000e+00
-3.155363670318206637e+00
-5.000000000000000000e+00
-7.454870755760667933e+00
-2.623932942447558148e+00
-1.347055691647883080e+00
-6.435924053734929373e+00
-1.032138770536189076e+00
1.000000000000000000e+00
-5.253854003910775283e+00
-2.717146337303546488e+00
1.832929023163883675e-01
-4.000000000000000000e+00
-4.872296752909878848e+00
1.170968346229885881e+00
-7.891924819844010841e+00
-1.015256797732685179e+00
2.000000000000000000e+00
-3.000000000000000000e+00
-5.000000000000000000e+00
-5.296796342832921667e+00
-1.430037243319939311e+00
2.000000000000000000e+00
-8.249936503459853299e+00
-1.000000000000000000e+00
1.996363395208385016e+00
-7.063019658341397111e+00
-1.000000000000000000e+00
1.521111149553488140e+00
-6.208219408603167011e+00
-2.008923249631424213e+00
1.561658107843767240e+00
-9.000000000000000000e+00
-2.112789702950712112e+00
2.816243297736993889e-01
-6.024919805728987221e+00
-1.656263291575456931e+00
-4.744514812180905317e+00
-3.687020262102241208e+00
-7.812072065056749004e+00
0.000000000000000000e+00
-7.823083779798508886e+00
0.000000000000000000e+00
-7.398563172274842614e+00
-3.798407425465866183e-01
-7.973749577767498486e+00
-1.387601862352713766e+00
-7.955849539022664452e+00
-2.912707937697712079e+00
-6.073778669806555897e+00
4.139268515822491779e-02
-4.393913793739608664e+00
0.000000000000000000e+00
-6.388538728732760852e+00
-3.721246399047171138e+00
-5.690196149515636570e+00
-2.955663026826487183e+00
-1.690196149515636570e+00
-4.643866941774647650e+00
-2.702612771481706311e+00
-3.796079844636964573e+00
-3.120915328527913424e+00
-5.000000000000000000e+00
-5.487706218645410416e+00
-4.999862679863947612e+00
-1.690196149515636570e+00
-3.798216044882460452e+00
-2.544068022635552317e+00
-1.000000000000000000e+00
-4.570650493970150885e-01
-5.320269712709457366e+00
-3.443000567938538925e+00
-1.000000000000000000e+00
-6.544068022635552317e+00
-1.472326472370001804e+00
2.937199875014183448e+00
-6.429157143151265075e+00
-3.670103799231357211e+00
1.122601761032975709e+00
