-8.396492759226463320e+00
-3.421966082436888712e+00
-5.825576052735345733e+00
-8.000000000000000000e+00
-1.000000000000000000e+00
1.852499593903152775e+00
-4.437754651770810632e+00
-4.981734066810034278e+00
1.999989571393647969e+00
-8.000000000000000000e+00
-5.000000000000000000e+00
-7.954685156249349021e+00
-5.000000000000000000e+00
-2.429618285042217511e-04
-3.175030593418490810e+00
-4.000000000000000000e+00
0.000000000000000000e+00
-4.347529174831998411e+00
-1.008610440363221006e+00
-2.000000000000000000e+00
-9.301029995663981254e+00
-1.000000000000000000e+00
-1.021851124282873080e+01
-5.000000000000000000e+00
2.000000000000000000e+00
-5.664213765607167161e+00
-4.996405464961823029e+00
-3.154901959985743076e+00
-4.505404106007568465e+00
-7.163609545018390534e+00
-3.096475623309603797e+00
2.000000000000000000e+00
-7.698970004336018746e+00
-4.568800530832025864e+00
-3.000000000000000000e+00
-4.000000000000000000e+00
-1.333789896795714691e+00
1.999999533991464684e+00
-6.133585576152736252e+00
-4.491387880566160895e+00
-2.000000000000000000e+00
-6.402286932045047507e+00
-1.828218377695772112e+00
-2.000000000000000000e+00
9.835590938861062948e-01
-5.000000000000000000e+00
-6.954107208581801203e+00
-5.000000000000000000e+00
1.105935316125061574e+00
-5.125425979512758801e+00
-1.000000000000000000e+00
-2.000000000000000000e+00
-7.573182172784452604e+00
-1.133240077705043536e+00
-1.846167156578667479e+00
-5.691040197008843116e+00
-5.000000000000000000e+00
-5.962857952494138303e-02
-9.000000000000000000e+00
-5.000000000000000000e+00
-2.000000000000000000e+00
-4.000000000000000000e+00
-1.592341819725048291e+00
-7.882084116497583892e+00
-1.292782038229577601e+00
-7.997381616730688592e+00
-2.878069492566288634e+00
-8.000000000000000000e+00
-3.999958131319368615e+00
-8.000000000000000000e+00
-4.000000000000000000e+00
-8.000000000000000000e+00
6.989700043360187465e-01
-5.025349535359314501e+00
-4.000000000000000000e+00
-4.521995122718130311e+00
-9.224646106925600275e-01
-4.750147075592689561e+00
-3.601925369489189954e+00
-4.000000000000000000e+00
-3.721246399047171138e+00
-5.688098454306286023e+00
-3.064683519796334910e+00
-5.536108356848616907e+00
-2.858786576077455788e+00
-5.350364291808275219e+00
-1.000000000000000000e+00
-3.004091230889102793e+00
-1.000000000000000000e+00
-5.690196149515636570e+00
-2.081320951777110295e+00
-4.816239432551443933e+00
-3.174824790194212820e+00
-6.544068022635552317e+00
-3.005570773607608714e+00
-3.895248472711249077e-01
-2.544068022635552317e+00
-3.034583089135312939e+00
1.782306808966405365e+00
-2.544068022635552317e+00
-2.281231615420983072e+00
1.449884058086824856e+00
-4.916468570973363761e+00
-2.739636708830954337e+00
3.000000000000000000e+00
