-5.817159730449982469e+00
-1.591412247784438572e+00
-5.986966705223349727e+00
-4.000000000000000000e+00
-5.000000000000000000e+00
1.868716557882748486e+00
-5.658376747191469214e+00
-2.333764286207794303e+00
-2.000000000000000000e+00
-5.429588826536695834e+00
-1.013497119123272450e+00
-4.000000000000000000e+00
-4.999506393366974777e+00
-1.900394076910664684e-02
-2.296298135052284195e+00
-3.363082452335324213e+00
-2.434430483329701911e+00
-7.413270855047927377e+00
-4.321469266925811681e+00
-1.999860412128280140e+00
-9.301029995663981254e+00
-1.353938453266153807e+00
-6.653019474310926107e+00
-1.000000000000000000e+00
-1.910889236356951848e+00
-6.432255885225343306e+00
-5.000000000000000000e+00
-7.154901959985743076e+00
-4.990896999629646835e+00
-6.612975719854814471e+00
-1.000000000000000000e+00
4.575763197073512423e-02
-7.698970004336018746e+00
-2.328687893917549712e+00
-6.699676084947010501e-01
-5.945403696645453984e+00
-1.237915814691221028e+00
5.957193212338928179e-01
-8.000000000000000000e+00
-3.190906826507480698e+00
-2.775185693301552847e-01
-7.828294000078974690e+00
-2.580061462785314230e+00
6.462686491436659963e-01
8.223140820085739211e-01
-1.000000000000000000e+00
-5.001857482205903871e+00
-1.000000000000000000e+00
8.188153066454757489e-01
-8.588106155094179073e+00
-5.000000000000000000e+00
1.491767573507747802e+00
-6.777296952305345457e+00
-4.268410257734542412e+00
-8.179923122140343450e-01
-7.585512337014461259e+00
-2.237800315095534121e+00
2.000000000000000000e+00
-6.337583692343067732e+00
-4.997183958011347293e+00
-8.121564770985439941e-01
-4.000000000000000000e+00
-3.021435628473430057e+00
-6.178301134562038222e+00
-1.318682976192752543e+00
-7.082736580621526556e+00
-2.690021215806173149e+00
-5.743526149766272404e+00
-2.855891797396983289e+00
-4.000000000000000000e+00
-1.185479594649909485e+00
-5.520745757515742369e+00
-2.530315212456937246e+00
-6.349972442084929725e+00
-3.787724920777037207e-02
-8.000000000000000000e+00
-3.958607314841775082e+00
-5.748507361321583353e+00
-1.212261121480953552e+00
-6.328120216091149608e+00
-2.261261971174500118e+00
-5.690196149515636570e+00
-3.047355316851410922e+00
-5.690196149515636570e+00
-4.079010147773577621e+00
-2.016918307960238188e+00
-5.000000000000000000e+00
-4.297262375745391161e+00
-2.240665136744866892e+00
-3.458965708512404369e+00
-1.000000000000000000e+00
-3.175620683676627642e+00
-1.170859907697757274e+00
-3.856403769374163293e+00
-3.152971272077733200e+00
-1.000000000000000000e+00
-2.544068022635552317e+00
-5.000000000000000000e+00
-2.131958241891276917e-01
-6.544068022635552317e+00
-1.000000000000000000e+00
8.522899048387730936e-01
-2.544068022635552317e+00
-3.159369599214870483e+00
1.780656670280391429e+00
