-7.425021059979968641e+00
-2.937663524815209648e+00
-6.504300787881004631e+00
-7.782821556561681398e+00
-2.548240904916374117e+00
1.859969447190229497e+00
-4.000000000000000000e+00
-2.682721499284371980e+00
3.253540489144111578e-03
-6.859049172680978579e+00
-2.614194728238697696e+00
-5.336092214870522987e+00
-5.000000000000000000e+00
-1.321795586705013792e-01
-3.077703818081747311e+00
-1.531197907193750929e+00
-1.169485548791587393e+00
-4.942910183703853377e+00
-3.281448339190458086e+00
2.000000000000000000e+00
-7.822750045065394175e+00
-2.523050533732585254e+00
-7.560730444113803017e+00
-1.040319510265557357e+00
-2.000000000000000000e+00
-5.039737434008554118e+00
-1.807354089638083972e+00
-3.395920706537701061e+00
-2.455538829680148805e+00
-8.762843944285600983e+00
-1.000000000000000000e+00
-9.745419552244136141e-02
-7.698970004336018746e+00
-4.949618912567425255e+00
-3.000000000000000000e+00
-6.175619545527998078e+00
-1.639973544767924452e+00
2.000000000000000000e+00
-7.811068564995009567e+00
-2.821660851441965878e+00
7.362419493783237678e-01
-7.597721256953001934e+00
-1.000000000000000000e+00
-1.691996901139980469e-01
-6.623499845716011025e-01
-2.002268522832388875e+00
-9.000000000000000000e+00
-2.215042664082780277e+00
9.051119208494164958e-01
-9.000000000000000000e+00
-1.000000000000000000e+00
-6.146032407840257977e-02
-6.665198149753051915e+00
-3.409604144756101629e+00
1.683125785458057688e+00
-8.103317842839258489e+00
-1.296539374003696787e+00
-9.757057682535970056e-01
-8.594636198427782148e+00
-1.000000000000000000e+00
2.000000000000000000e+00
-6.110104093173056583e+00
-3.168829362750538614e+00
-5.221425386688450132e+00
-5.955160335486546774e-01
-5.165480664149825429e+00
-1.530819315222862187e+00
-6.352082940469674810e+00
-3.208863089863122298e+00
-6.339896588090552676e+00
-4.000000000000000000e+00
-7.188247554337082512e+00
-3.301029995663981254e+00
-6.220691575795509465e+00
-1.227389951653883760e+00
-6.536886462550419274e+00
-1.867378867320012681e+00
-4.000000000000000000e+00
-5.766486659728629061e-01
-5.632521244120423987e+00
-1.218468789674479691e+00
-3.546182376942251135e+00
-1.000000000000000000e+00
-1.690196149515636570e+00
-2.980866793068559506e+00
-5.455181865296271582e+00
-1.000000000000000000e+00
-2.056614598791834503e+00
-3.118513145288931643e+00
-1.690196149515636570e+00
-3.721895377607162825e+00
-1.690196149515636570e+00
-2.252947278078151427e+00
-3.447011660992401083e+00
-1.763109525560909496e+00
3.000000000000000000e+00
-6.544068022635552317e+00
-3.112883688235849711e+00
-5.764440498574343597e-01
-2.544068022635552317e+00
-4.770811803483219649e+00
1.098094757318622133e-01
-4.672436069473705267e+00
-2.006018734056583153e+00
3.000000000000000000e+00
