-8.397940008672037493e+00
-3.875040942197871985e+00
-4.410113915456101985e+00
-8.000000000000000000e+00
-1.025127289697871813e+00
1.229869830010560383e-01
-5.452384126079945936e+00
-3.931011473574154369e+00
3.509972912924619881e-01
-5.345048822471337502e+00
-4.024630230064601299e+00
-5.610721116591724567e+00
-3.903802477366932422e+00
0.000000000000000000e+00
-4.000000000000000000e+00
-2.143527042148113182e+00
-2.442792709449798760e+00
-6.032469184208530955e+00
-3.363388195242618117e+00
7.123649883621601120e-01
-7.288743062329169575e+00
-1.905072760694114242e+00
-9.152344781156781295e+00
-5.000000000000000000e+00
-9.164943542476009508e-01
-6.366749613209248260e+00
-3.355628034744349453e+00
-6.501103784578202927e+00
-1.358998502439833889e+00
-6.804553165295766703e+00
-4.338052492235933144e+00
1.918040089335629306e+00
-7.698970004336018746e+00
-3.375648652476729517e+00
-1.471441640121742944e+00
-5.582214974966178467e+00
-2.549177222142657406e+00
1.920905598680706206e+00
-4.000000000000000000e+00
-2.499770087072358926e+00
-1.488477070121229096e+00
-8.550214230980122565e+00
-2.666863721776435270e+00
5.838668903823647227e-01
9.973648842890536770e-01
-2.733191727551530281e+00
-8.053701364113500460e+00
-3.272029606616241981e+00
-8.636548606514684590e-01
-5.000000000000000000e+00
-2.269429918221677944e+00
1.409934870282904873e+00
-5.229058815477565680e+00
-2.831827019104888876e+00
-7.737443408126175592e-01
-7.270966193663479515e+00
-2.912325324631652279e+00
5.005588374572128574e-01
-6.843194744111311678e+00
-3.113923870625668222e+00
-4.262991307664118490e-01
-4.272838296215842213e+00
-1.947264262144757341e+00
-7.966983330348446302e+00
-3.915645553923871702e+00
-5.549501860221931260e+00
-2.616065240151491444e+00
-4.502845124133615151e+00
0.000000000000000000e+00
-6.715723448075329394e+00
-3.273355978980177827e+00
-7.415418579387803355e+00
-5.296317245610087099e-01
-5.336451683010158931e+00
-7.074232277971908012e-01
-5.699229901053515235e+00
-3.958607314841775082e+00
-5.544875832492057732e+00
-2.316765447565744207e+00
-4.567097815437441533e+00
-1.944578039961673666e+00
-4.984457098575519218e+00
-2.024840462512158545e+00
-2.971064542044816736e+00
-2.242770276733858648e+00
-1.690196149515636570e+00
-3.124906073156516140e+00
-3.509840124289438368e+00
-3.261461764702687116e+00
-2.872374399567060976e+00
-3.711789799481047591e+00
-4.177998437803252862e+00
-1.017016708513551970e+00
-2.544068022635552317e+00
-4.230726085126901737e+00
1.352820028971351896e+00
-3.809475134233215599e+00
-2.024459429646193520e+00
-1.000000000000000000e+00
-2.544068022635552317e+00
-4.195511590263537371e+00
-6.933937880534485343e-01
-3.733655055284483382e+00
-4.985820901247809189e+00
4.897802439980913358e-01
