-6.744616712441824369e+00
-3.205249214126155710e+00
-3.000000000000000000e+00
-8.000000000000000000e+00
-4.171696299605020641e+00
-1.724688822481206030e+00
-6.624834677139556760e+00
-2.577161519469803430e+00
-1.742381975011341622e+00
-6.368638107291667794e+00
-5.000000000000000000e+00
-5.539011183916956682e+00
-2.556211095729070237e+00
0.000000000000000000e+00
-2.447276362437647013e+00
-3.384879941780187806e+00
-2.589625833282053868e+00
-4.825031241318245456e+00
-2.509269083705895742e+00
5.752040742356119285e-01
-5.301029995663981254e+00
-1.000000000000000000e+00
-7.592138936382743175e+00
-3.743834006365683198e+00
-5.147853230156362869e-01
-7.698970004336018746e+00
-5.000000000000000000e+00
-3.154901959985743076e+00
-2.536512344201435010e+00
-5.000000000000000000e+00
-3.910045024421896720e+00
-8.566774521842906998e-01
-7.698970004336018746e+00
-2.344780269323556432e+00
1.000000000000000000e+00
-4.000000000000000000e+00
-1.559844090289682184e+00
-2.000000000000000000e+00
-5.188747106983901958e+00
-5.000000000000000000e+00
-1.014189760920500838e+00
-7.276224642062401493e+00
-2.577060925769179889e+00
2.373355034767631322e-01
2.327298396401490110e-01
-2.268044508082109001e+00
-5.788844568104075883e+00
-3.444758460183822812e+00
-1.305345559715270554e+00
-5.000000000000000000e+00
-4.160159379941421598e+00
2.942712660164926164e-01
-7.787799738577088071e+00
-1.000000000000000000e+00
-1.577278904972951867e+00
-6.023489197146626672e+00
-1.082612575733710170e+00
-1.381660493795914713e+00
-9.000000000000000000e+00
-4.962794594119329439e+00
-3.090370246148671507e-01
-5.342094891770305054e+00
7.700597666537886132e-01
-7.481461399628017261e+00
-1.431825526094294698e+00
-4.000000000000000000e+00
-3.598546971137876582e+00
-8.000000000000000000e+00
0.000000000000000000e+00
-4.895178180680246349e+00
-4.000000000000000000e+00
-5.765763897655055814e+00
5.658613978677348166e-01
-4.986893766472078937e+00
-2.807615805203244275e+00
-6.994547765867493716e+00
4.139268515822491779e-02
-5.232823846001444679e+00
-1.441837196306941182e+00
-6.718183868518313062e+00
-1.637974489306943893e+00
-3.511025459037521834e+00
-4.374724941501201059e+00
-3.999014147821049914e+00
-2.688074937872935166e+00
-2.314936616145007786e+00
-2.048276757255932612e+00
-3.098496230244650373e+00
-2.924124712565859152e+00
-4.152858563310520168e+00
-1.435981625315527754e+00
-5.636868183520487463e+00
-4.346826509236431768e+00
-4.574522274198842275e+00
-5.000000000000000000e+00
2.995547387808178197e+00
-3.495977633842657806e+00
-3.408989257871811507e+00
-6.562645388587095008e-01
-6.544068022635552317e+00
-1.000000000000000000e+00
-1.000000000000000000e+00
-6.544068022635552317e+00
-3.455147239315217167e+00
2.248926384106017196e+00
