-7.653806803874003251e+00
-4.131104790708333141e+00
-4.583089226673570771e+00
-5.992475509486230756e+00
-5.000000000000000000e+00
8.518459530567107363e-02
-6.325335806323435506e+00
-1.000000000000000000e+00
1.965818634746423710e+00
-8.000000000000000000e+00
-2.546118171718552148e+00
-8.000000000000000000e+00
-1.000000000000000000e+00
0.000000000000000000e+00
-1.258213534326019012e+00
0.000000000000000000e+00
0.000000000000000000e+00
-4.873810354979206672e+00
-2.387137722329657485e+00
-2.433084462958878535e-01
-9.301029995663981254e+00
-3.363490535388530045e+00
-6.301029995663981254e+00
-2.454967648027279736e+00
6.220495719382785893e-01
-6.184463208819553692e+00
-1.000000000000000000e+00
-3.154901959985743076e+00
-4.101647451639849784e+00
-8.658421812563299014e+00
-1.000000000000000000e+00
2.000000000000000000e+00
-7.085880706873535217e+00
-1.000000000000000000e+00
8.788904184265874386e-01
-4.250446167199844361e+00
-3.331773934008457783e+00
-2.000000000000000000e+00
-8.000000000000000000e+00
-1.000000000000000000e+00
-2.000000000000000000e+00
-9.438791719921731271e+00
-5.000000000000000000e+00
1.653796953787774804e+00
-1.111395145585505562e+00
-3.627473573801651696e+00
-6.692000070083823360e+00
-2.006303256041911176e+00
-1.973713979892612214e+00
-6.701632268971676076e+00
-1.000000000000000000e+00
-2.000000000000000000e+00
-6.509720147492822129e+00
-2.071550394834183351e+00
-2.000000000000000000e+00
-6.549734001928648297e+00
-1.682327907620658536e+00
-1.952234372758518743e+00
-9.000000000000000000e+00
-1.552563441238016706e+00
-6.423860457838382887e-01
-6.627209986812222731e+00
2.622742918138192270e-01
-6.057037116770881191e+00
7.918124604762488694e-02
-7.815525891529296665e+00
-2.154085557378378812e+00
-6.560375528434222225e+00
-3.020939051865414449e+00
-6.001303072559386109e+00
-3.822549612716989120e+00
-6.963700935035674000e+00
-1.776421863626851616e+00
-6.296994793543353452e+00
-2.460530183570655893e+00
-6.123873809947041558e+00
-2.019285369256616391e+00
-4.000000000000000000e+00
-4.000000000000000000e+00
-6.020229235928843181e+00
-3.557855738955916003e+00
-5.690196149515636570e+00
-1.374012237935278824e+00
-3.877316137969399890e+00
-5.000000000000000000e+00
-1.690196149515636570e+00
-5.000000000000000000e+00
-4.725055623740296085e+00
-1.000000000000000000e+00
-5.690196149515636570e+00
-4.102531875935699901e+00
-5.690196149515636570e+00
-2.843149638827906056e+00
-5.496699622385536443e+00
-5.000000000000000000e+00
-1.000000000000000000e+00
-3.949374705231295746e+00
-4.625234164289478755e+00
2.830826149812997627e+00
-2.544068022635552317e+00
-1.019630031820182747e+00
1.105372155662317502e+00
-3.613959523517865868e+00
-2.968404242515322089e+00
1.984037399391198608e+00
