-7.149574422028035059e+00
-1.641064456238593428e+00
-5.347445140585265655e+00
-4.000000000000000000e+00
-1.000000000000000000e+00
-2.000000000000000000e+00
-5.593536391532555996e+00
-2.710145573402708674e+00
-9.149469312631519635e-02
-5.495162361573632026e+00
-1.000000000000000000e+00
-7.292069023032659913e+00
-1.000000000000000000e+00
0.000000000000000000e+00
-1.773142636724793997e+00
-4.000000000000000000e+00
-4.000000000000000000e+00
-4.317976320948620383e+00
-1.000000000000000000e+00
-2.000000000000000000e+00
-9.301029995663981254e+00
-2.267071985585775717e+00
-6.301029995663981254e+00
-5.000000000000000000e+00
2.000000000000000000e+00
-6.323921225958444303e+00
-3.995146451979330937e+00
-3.203370464648450877e+00
-5.000000000000000000e+00
-7.439382213227671237e+00
-1.663543155947795560e+00
9.699538646013227128e-01
-6.195625864994838139e+00
-5.000000000000000000e+00
-6.479691692055333796e-01
-5.725099200735241922e+00
-1.425082252301298258e+00
2.593616762384505781e-01
-5.055504495886732563e+00
-1.395695587337368648e+00
-1.371516451021395633e-01
-6.685383906320202740e+00
-3.886860351375614364e+00
-2.000000000000000000e+00
-3.000000000000000000e+00
-5.000000000000000000e+00
-5.000000000000000000e+00
-3.704160962926487777e+00
-2.000000000000000000e+00
-7.262348445075346604e+00
-2.994266846475268640e+00
-1.234158858299724049e+00
-8.569162837026729207e+00
-4.651655621621418213e+00
6.670334114034901507e-01
-7.501188375348853299e+00
-3.946859600184898120e+00
1.969919816708118221e+00
-9.000000000000000000e+00
-1.000000000000000000e+00
1.816352895711541793e+00
-8.000000000000000000e+00
6.770709914429958731e-01
-8.000000000000000000e+00
-5.283429896462580322e-01
-5.502031201866046217e+00
-1.175823466887071955e+00
-7.845734920978363114e+00
-3.752870497659184235e+00
-4.088740962733319328e+00
-3.268313515983939599e+00
-7.984536895553465463e+00
-4.444454705743670631e-01
-5.535325800110941330e+00
-4.000000000000000000e+00
-4.000000000000000000e+00
-1.780165809075913597e+00
-4.288639599791883583e+00
-3.521853890518962249e+00
-7.030956862086259918e+00
-3.721246399047171138e+00
-1.690205359641468563e+00
-1.448755299959946896e+00
-1.690196149515636570e+00
-4.944396977662655956e+00
-2.905815070376753795e+00
-1.008805043659983802e+00
-5.674341359404344587e+00
-3.325768016847465258e+00
-3.536146542105192747e+00
-1.007590547885002019e+00
-5.690196149515636570e+00
-5.000000000000000000e+00
-5.160141943265788456e+00
-5.000000000000000000e+00
3.000000000000000000e+00
-3.080038623139609744e+00
-3.235626637812936135e+00
3.000000000000000000e+00
-4.569635814047752653e+00
-3.205471188754462020e+00
2.998030961683254336e+00
-4.208441840085501262e+00
-5.000000000000000000e+00
1.609898534079574839e+00
