-8.397940008672037493e+00
-2.243721958937025196e+00
-3.285410699885529251e+00
-6.820954709041158637e+00
-1.995400065840462922e+00
-1.360128022737259190e+00
-6.445767275116229378e+00
-2.668990177055367230e+00
-2.931169622584962053e-01
-4.000000000000000000e+00
-1.000000000000000000e+00
-6.123504402538673119e+00
-2.921656271545508332e+00
-1.313330238136424910e+00
-3.998359759862954554e+00
0.000000000000000000e+00
-2.842478983007364679e+00
-4.433599902156783124e+00
-1.000000000000000000e+00
-9.164558613504392159e-02
-6.657118480263089388e+00
-3.869918895439248718e+00
-9.021162676740290820e+00
-3.219533416013726335e+00
-1.775397094408315724e+00
-5.679725332015603811e+00
-2.814901344647338988e+00
-3.505962411297703696e+00
-3.091403195539690341e+00
-8.297535787949810171e+00
-1.002781748745674051e+00
-1.625038999301418263e+00
-5.779132739765906024e+00
-3.892128846972529033e+00
-2.894040096843020216e+00
-4.000000000000000000e+00
-1.872970958886421622e+00
-3.167860339823255211e-01
-5.995995951667992152e+00
-3.420895807657644561e+00
1.688222364226926731e+00
-5.522878745280337398e+00
-1.198954126373796392e+00
1.976545936210045706e+00
-1.077937830577357481e+00
-3.754189192066148539e+00
-6.914376555428521698e+00
-1.268330346294992417e+00
9.178112085407786891e-01
-7.389560532262362536e+00
-3.052886658753543259e+00
9.741466161927173073e-02
-5.020065940057140352e+00
-3.744487246215709941e+00
2.000000000000000000e+00
-5.893950228036017869e+00
-3.812750493545799646e+00
8.631550536062930767e-01
-7.342974609529876240e+00
-2.441895796550193065e+00
1.157689381918837856e+00
-4.267583306840640134e+00
-1.210765205695905511e+00
-8.000000000000000000e+00
-2.197040773116362811e+00
-4.561184194627545097e+00
-1.953644233700169500e-02
-7.434170634801148481e+00
-4.000000000000000000e+00
-6.953954028739126159e+00
0.000000000000000000e+00
-4.000000000000000000e+00
-1.835850851360385283e+00
-5.939156898235117943e+00
-4.000000000000000000e+00
-4.000000000000000000e+00
-5.964259567652702154e-01
-6.981632787266519813e+00
-3.722645672175978859e+00
-5.475002842291862848e+00
-3.721246399047171138e+00
-3.759278479269712037e+00
-1.024086474107792188e+00
-2.178559862818655102e+00
-4.474079846141497896e+00
-3.790870222770668985e+00
-1.000000000000000000e+00
-1.877071372222820944e+00
-4.049535363551058254e+00
-3.283236967390466887e+00
-2.468440022235083298e+00
-4.722788995887468921e+00
-3.264951932502385024e+00
-6.444031035434002241e+00
-4.268002697251604971e+00
1.877981997974353057e+00
-5.270866989137201308e+00
-4.186902245858357574e+00
-1.000000000000000000e+00
-2.544068022635552317e+00
-4.473821256794593637e+00
-2.197940170419787898e-01
-4.896359318490906887e+00
-1.000000000000000000e+00
2.920674391754756183e+00
