8.166707422139987216e+01
4.168135188409002012e+01
3.943392926677282873e+01
3.943392926677282873e+01
3.943392926677282873e+01
2.795200542448016279e+01
1.013857276280760011e+01
4.887755698890003941e+00
4.887755698890003941e+00
4.887755698890003941e+00
4.887755698890003941e+00
4.887755698890003941e+00
4.887755698890003941e+00
4.887755698890003941e+00
4.614405951868857159e+00
4.614405951868857159e+00
4.614405951868857159e+00
4.614405951868857159e+00
3.676032707545631606e+00
3.676032707545631606e+00
1.020289897546595714e+00
1.020289897546595714e+00
1.020289897546595714e+00
3.651523743226223750e-01
3.651523743226223750e-01
3.651523743226223750e-01
3.651523743226223750e-01
2.957443941692957101e-01
2.957443941692957101e-01
2.957443941692957101e-01
2.957443941692957101e-01
2.957443941692957101e-01
2.957443941692957101e-01
2.957443941692957101e-01
2.957443941692957101e-01
2.957443941692957101e-01
2.957443941692957101e-01
2.957443941692957101e-01
2.957443941692957101e-01
2.957443941692957101e-01
2.957443941692957101e-01
2.957443941692957101e-01
2.957443941692957101e-01
2.957443941692957101e-01
2.957443941692957101e-01
2.957443941692957101e-01
2.957443941692957101e-01
2.957443941692957101e-01
2.957443941692957101e-01
2.957443941692957101e-01
2.957443941692957101e-01
2.957443941692957101e-01
2.957443941692957101e-01
2.957443941692957101e-01
2.222776166942194154e-01
2.222776166942194154e-01
2.222776166942194154e-01
2.222776166942194154e-01
2.222776166942194154e-01
2.222776166942194154e-01
2.222776166942194154e-01
2.222776166942194154e-01
2.222776166942194154e-01
2.222776166942194154e-01
2.222776166942194154e-01
2.222776166942194154e-01
2.222776166942194154e-01
2.222776166942194154e-01
2.222776166942194154e-01
2.222776166942194154e-01
2.222776166942194154e-01
2.222776166942194154e-01
2.222776166942194154e-01
2.222776166942194154e-01
2.222776166942194154e-01
2.222776166942194154e-01
2.222776166942194154e-01
2.222776166942194154e-01
2.222776166942194154e-01
2.222776166942194154e-01
2.222776166942194154e-01
2.222776166942194154e-01
2.222776166942194154e-01
2.222776166942194154e-01
2.222776166942194154e-01
2.222776166942194154e-01
2.222776166942194154e-01
2.222776166942194154e-01
2.222776166942194154e-01
2.222776166942194154e-01
2.222776166942194154e-01
2.222776166942194154e-01
2.222776166942194154e-01
2.222776166942194154e-01
2.222776166942194154e-01
2.208536879452510093e-01
2.208536879452510093e-01
2.208536879452510093e-01
2.208536879452510093e-01
2.208536879452510093e-01
2.208536879452510093e-01
2.208536879452510093e-01
2.208536879452510093e-01
2.208536879452510093e-01
2.208536879452510093e-01
2.208536879452510093e-01
2.208536879452510093e-01
2.208536879452510093e-01
2.208536879452510093e-01
2.208536879452510093e-01
2.040409496448584159e-01
2.040409496448584159e-01
2.040409496448584159e-01
2.040409496448584159e-01
2.040409496448584159e-01
2.040409496448584159e-01
2.040409496448584159e-01
2.040409496448584159e-01
2.040409496448584159e-01
2.040409496448584159e-01
2.040409496448584159e-01
1.993003953724166721e-01
1.940457807631604248e-01
1.932705311914694746e-01
1.931874640056952253e-01
1.931874640056952253e-01
1.931874640056952253e-01
1.931148452146003724e-01
1.930198932668756306e-01
1.929870452588074992e-01
1.929749999168782204e-01
1.929732060890446133e-01
1.929716202482394949e-01
1.929713597529196523e-01
1.929712501192010765e-01
1.929712501192010765e-01
1.929703098315305176e-01
1.929703098315305176e-01
1.929703098315305176e-01
1.929703098315305176e-01
1.807586790055178416e-01
1.807586790055178416e-01
1.807586790055178416e-01
1.807586790055178416e-01
1.807586790055178416e-01
1.807586790055178416e-01
1.807586790055178416e-01
1.807586790055178416e-01
1.714428720817553764e-01
1.714428720817553764e-01
1.714428720817553764e-01
1.714428720817553764e-01
1.714428720817553764e-01
1.714428720817553764e-01
1.669251661043068269e-01
1.648664650328646453e-01
1.644361841224618592e-01
1.643346421288301995e-01
1.643128040501579124e-01
1.643076276746187614e-01
1.643065823955960070e-01
1.643065760609906389e-01
1.643064744570670033e-01
1.643064744570670033e-01
1.643064681294662266e-01
1.643064681294662266e-01
1.643059056939418228e-01
1.643053014957387148e-01
1.643053014957387148e-01
1.643053014957387148e-01
1.643051375542519676e-01
1.643051375542519676e-01
1.643051375542519676e-01
1.643051375542519676e-01
1.643051375542519676e-01
1.643051375542519676e-01
1.643051375542519676e-01
1.643051375542519676e-01
1.643051375542519676e-01
1.643051375542519676e-01
1.643051375542519676e-01
1.643051375542519676e-01
1.643051375542519676e-01
1.623168455292988699e-01
1.623168455292988699e-01
1.623168455292988699e-01
1.623168455292988699e-01
1.623168455292988699e-01
1.623168455292988699e-01
1.623168455292988699e-01
1.623168455292988699e-01
1.412560409778337300e-01
1.312741191011066733e-01
1.279879134702515686e-01
1.277724396572722243e-01
1.277661825380136951e-01
1.277660469735916737e-01
1.277660443390722100e-01
1.277660290969415691e-01
1.277660290969415691e-01
