2.318327396633181792e+01
2.318327396633181792e+01
2.298463698589112170e+01
1.141815471935042936e+01
1.141815471935042936e+01
1.141815471935042936e+01
1.141815471935042936e+01
1.141815471935042936e+01
1.141815471935042936e+01
1.141815471935042936e+01
1.012894496573160019e+01
8.832485473914863050e+00
8.480275979128728991e+00
8.445575227970699927e+00
8.313113990280852406e+00
8.313113990280852406e+00
8.313113990280852406e+00
8.313113990280852406e+00
8.257934701163318181e+00
8.096305200892006226e+00
7.983009717503954050e+00
7.983009717503954050e+00
7.983009717503954050e+00
7.983009717503954050e+00
7.983009717503954050e+00
7.983009717503954050e+00
7.983009717503954050e+00
7.983009717503954050e+00
7.983009717503954050e+00
7.983009717503954050e+00
7.983009717503954050e+00
7.983009717503954050e+00
7.977480448437209049e+00
7.977480448437209049e+00
7.977480448437209049e+00
7.901598324171521526e+00
7.901598324171521526e+00
7.901598324171521526e+00
7.901598324171521526e+00
7.901598324171521526e+00
7.901598324171521526e+00
7.901598324171521526e+00
7.901598324171521526e+00
7.796298511969627754e+00
7.796298511969627754e+00
7.680438818935074963e+00
7.680438818935074963e+00
7.680438818935074963e+00
7.680438818935074963e+00
7.680438818935074963e+00
7.680438818935074963e+00
7.680438818935074963e+00
7.680438818935074963e+00
7.680438818935074963e+00
7.680438818935074963e+00
7.680438818935074963e+00
7.680438818935074963e+00
7.680438818935074963e+00
7.680438818935074963e+00
7.680438818935074963e+00
7.680438818935074963e+00
7.680438818935074963e+00
7.680438818935074963e+00
7.680438818935074963e+00
7.626933175917051777e+00
7.626933175917051777e+00
7.626933175917051777e+00
7.626933175917051777e+00
7.626933175917051777e+00
7.626933175917051777e+00
7.626933175917051777e+00
7.626933175917051777e+00
7.611856889097929013e+00
7.611856889097929013e+00
7.611856889097929013e+00
7.611856889097929013e+00
7.611856889097929013e+00
7.611856889097929013e+00
7.598825397668095505e+00
7.598825397668095505e+00
7.598825397668095505e+00
7.585483742481832437e+00
7.585483742481832437e+00
7.585483742481832437e+00
7.574167248078509829e+00
7.574167248078509829e+00
7.574167248078509829e+00
7.574167248078509829e+00
7.574167248078509829e+00
7.574167248078509829e+00
7.574167248078509829e+00
7.574167248078509829e+00
7.574167248078509829e+00
7.574167248078509829e+00
7.574167248078509829e+00
7.574167248078509829e+00
7.574108522878626459e+00
7.574108522878626459e+00
7.574108522878626459e+00
7.574108522878626459e+00
7.574108522878626459e+00
7.561032964305399062e+00
7.561032964305399062e+00
7.561032964305399062e+00
7.561032964305399062e+00
7.561032964305399062e+00
7.561032964305399062e+00
7.558085530427749887e+00
7.558085530427749887e+00
7.558085530427749887e+00
7.558085530427749887e+00
7.558085530427749887e+00
7.558085530427749887e+00
7.558085530427749887e+00
7.558085530427749887e+00
7.558085530427749887e+00
7.558085530427749887e+00
7.558085530427749887e+00
7.558085530427749887e+00
7.558085530427749887e+00
7.558085530427749887e+00
7.558085530427749887e+00
7.550744374317701180e+00
7.536839872273391805e+00
7.524630360742297519e+00
7.524630360742297519e+00
7.524630360742297519e+00
7.524630360742297519e+00
7.524630360742297519e+00
7.524630360742297519e+00
7.524630360742297519e+00
7.524630360742297519e+00
7.523164923389391134e+00
7.523164923389391134e+00
7.508573229209614119e+00
7.506037217589440758e+00
7.506037217589440758e+00
7.506037217589440758e+00
7.506037217589440758e+00
7.504848376506331853e+00
7.504848376506331853e+00
7.502249994011872758e+00
7.502249994011872758e+00
7.502249994011872758e+00
7.496887869109903235e+00
7.496619262145260976e+00
7.496619262145260976e+00
7.496373046860385969e+00
7.496330022215682121e+00
7.493508115209223774e+00
7.493508115209223774e+00
7.493056247839891881e+00
7.492864667088843689e+00
7.492844719140785870e+00
7.492770298667649875e+00
7.492770298667649875e+00
7.492770298667649875e+00
7.492586173256347237e+00
7.492561673532518896e+00
7.492559584176197163e+00
7.492326378512776941e+00
7.491516352646861776e+00
7.491353414084115592e+00
7.491353414084115592e+00
7.491352014564931494e+00
7.490168372499454108e+00
7.490127968637938061e+00
7.489395249762889506e+00
7.489166652555111270e+00
7.484094180621514880e+00
7.482238369047227167e+00
7.481892632246210262e+00
7.481892632246210262e+00
7.481892632246210262e+00
7.480177179990445069e+00
7.479458069625393613e+00
7.478423103310101183e+00
7.478423103310101183e+00
7.478423103310101183e+00
7.478188057193529303e+00
7.476263392526866447e+00
7.474290177271993407e+00
7.472604159835777082e+00
7.471326191106475889e+00
7.468344276695623840e+00
7.466366588597416865e+00
7.465778761901802341e+00
7.461101037511792988e+00
7.460922174656683836e+00
7.460445014038639577e+00
7.460406539902359135e+00
7.459664039344110265e+00
7.459571238198560827e+00
7.458493568117355643e+00
7.457276968402067219e+00
7.457074668966876985e+00
7.455060705096061113e+00
7.453677045589549799e+00
7.453626992861982714e+00
7.450242815550615738e+00
