5.274250933194949909e+01
2.023022179294998324e+01
1.986102997359748557e+01
1.161775830922102593e+01
1.161775830922102593e+01
8.863451807185422027e+00
4.518904321284339609e+00
4.518904321284339609e+00
4.518904321284339609e+00
4.518904321284339609e+00
4.518904321284339609e+00
4.518904321284339609e+00
4.518904321284339609e+00
4.518904321284339609e+00
4.518904321284339609e+00
2.720103729095098899e+00
2.016708104076133878e+00
2.016708104076133878e+00
2.016708104076133878e+00
2.016708104076133878e+00
2.016708104076133878e+00
2.016708104076133878e+00
2.016708104076133878e+00
2.016708104076133878e+00
2.016708104076133878e+00
2.016708104076133878e+00
1.523286062890054415e+00
8.186370349733510521e-01
8.186370349733510521e-01
7.416200908919777790e-01
7.164889759364088118e-01
7.097319951511922298e-01
7.097319951511922298e-01
7.097319951511922298e-01
7.097319951511922298e-01
7.097319951511922298e-01
7.097319951511922298e-01
6.115333281550102695e-01
6.115333281550102695e-01
6.115333281550102695e-01
6.115333281550102695e-01
6.115333281550102695e-01
6.115333281550102695e-01
6.115333281550102695e-01
6.115333281550102695e-01
6.115333281550102695e-01
6.115333281550102695e-01
6.115333281550102695e-01
6.115333281550102695e-01
6.115333281550102695e-01
5.022306284488790018e-01
5.022306284488790018e-01
5.022306284488790018e-01
5.022306284488790018e-01
5.022306284488790018e-01
5.022306284488790018e-01
5.022306284488790018e-01
4.218280494948453696e-01
4.218280494948453696e-01
4.086239410802159355e-01
2.248522775482902358e-01
2.248522775482902358e-01
2.248522775482902358e-01
2.248522775482902358e-01
2.248522775482902358e-01
2.248522775482902358e-01
2.248522775482902358e-01
2.248522775482902358e-01
2.248522775482902358e-01
2.248522775482902358e-01
2.248522775482902358e-01
2.248522775482902358e-01
2.248522775482902358e-01
2.248522775482902358e-01
2.248522775482902358e-01
2.248522775482902358e-01
2.248522775482902358e-01
2.248522775482902358e-01
1.917252034879896871e-01
1.917252034879896871e-01
1.917252034879896871e-01
1.917252034879896871e-01
1.917252034879896871e-01
1.917252034879896871e-01
1.917252034879896871e-01
1.917252034879896871e-01
1.807065782647007124e-01
1.807065782647007124e-01
1.807065782647007124e-01
1.807065782647007124e-01
1.807065782647007124e-01
1.807065782647007124e-01
1.807065782647007124e-01
1.807065782647007124e-01
1.807065782647007124e-01
1.807065782647007124e-01
1.807065782647007124e-01
1.807065782647007124e-01
1.807065782647007124e-01
1.807065782647007124e-01
1.807065782647007124e-01
1.807065782647007124e-01
1.807065782647007124e-01
1.807065782647007124e-01
1.807065782647007124e-01
1.799109935296775986e-01
1.799109935296775986e-01
1.728415674667474200e-01
1.728415674667474200e-01
1.728415674667474200e-01
1.728415674667474200e-01
1.728415674667474200e-01
1.728415674667474200e-01
1.728415674667474200e-01
1.728415674667474200e-01
1.720840878635342130e-01
1.720840878635342130e-01
1.720840878635342130e-01
1.720840878635342130e-01
1.720840878635342130e-01
1.720840878635342130e-01
1.701225984871065078e-01
1.701225984871065078e-01
1.701225984871065078e-01
1.701225984871065078e-01
1.701225984871065078e-01
1.663413168667206565e-01
1.623964525198511311e-01
1.623964525198511311e-01
1.623964525198511311e-01
1.623964525198511311e-01
1.623964525198511311e-01
1.623964525198511311e-01
1.623964525198511311e-01
1.623964525198511311e-01
1.623964525198511311e-01
1.623964525198511311e-01
1.623964525198511311e-01
1.623964525198511311e-01
1.623964525198511311e-01
1.623964525198511311e-01
1.619619259180867799e-01
1.617461850515419242e-01
1.616878045906947059e-01
1.616713088741184023e-01
1.616669800275199465e-01
1.616657234036735502e-01
1.616653361466290628e-01
1.616652926334776474e-01
1.616652926334776474e-01
1.616651649505646549e-01
1.616651649505646549e-01
1.616651649505646549e-01
1.616651649505646549e-01
1.616651448722596363e-01
1.616651448722596363e-01
1.616651448722596363e-01
1.616651448722596363e-01
1.616651448722596363e-01
1.616651448722596363e-01
1.616651448722596363e-01
1.616650953491078624e-01
1.616650953491078624e-01
1.616650953491078624e-01
1.616650953491078624e-01
1.616650953491078624e-01
1.527050748079762099e-01
1.527050748079762099e-01
1.527050748079762099e-01
1.527050748079762099e-01
1.527050748079762099e-01
1.527050748079762099e-01
1.527050748079762099e-01
1.527050748079762099e-01
1.527050748079762099e-01
1.527050748079762099e-01
1.527050748079762099e-01
1.527050748079762099e-01
1.527050748079762099e-01
1.513830322567265019e-01
1.507618535338501875e-01
1.507196315702551970e-01
1.507161761792337740e-01
1.507157988235023338e-01
1.507156875510418104e-01
1.489511579816184261e-01
1.489511579816184261e-01
1.489104449481657155e-01
1.489064596868896195e-01
1.489056200033400668e-01
1.489056200033400668e-01
1.489056200033400668e-01
1.485403464146653474e-01
1.472772366374158481e-01
1.472772366374158481e-01
1.472772366374158481e-01
1.472772366374158481e-01
1.472772366374158481e-01
1.472772366374158481e-01
1.472772366374158481e-01
