2.390316475388725848e+03
5.499985419047676771e+01
5.428114206991085666e+01
3.395701261153650563e+01
1.421622000736461544e+01
1.421622000736461544e+01
1.421622000736461544e+01
1.421622000736461544e+01
9.961982118681730114e+00
9.961982118681730114e+00
9.961982118681730114e+00
5.007354237878526959e+00
5.007354237878526959e+00
4.438045740566597175e+00
4.438045740566597175e+00
4.438045740566597175e+00
2.837730335648758651e+00
2.837730335648758651e+00
2.837730335648758651e+00
2.837730335648758651e+00
2.334510394195786542e+00
2.334510394195786542e+00
2.334510394195786542e+00
2.334510394195786542e+00
2.334510394195786542e+00
2.334510394195786542e+00
2.334510394195786542e+00
2.334510394195786542e+00
2.334510394195786542e+00
2.334510394195786542e+00
2.282565087630836320e+00
2.282565087630836320e+00
2.282565087630836320e+00
1.792628393415048871e+00
1.792628393415048871e+00
1.753212145001111999e+00
1.753212145001111999e+00
1.753212145001111999e+00
1.753212145001111999e+00
1.753212145001111999e+00
1.753212145001111999e+00
1.583382238857205415e+00
1.583382238857205415e+00
1.583382238857205415e+00
1.583382238857205415e+00
1.583382238857205415e+00
1.583382238857205415e+00
1.583382238857205415e+00
1.583382238857205415e+00
1.583382238857205415e+00
1.583382238857205415e+00
1.583382238857205415e+00
1.583382238857205415e+00
1.583382238857205415e+00
1.583382238857205415e+00
1.583382238857205415e+00
1.583382238857205415e+00
1.583382238857205415e+00
1.583382238857205415e+00
1.583382238857205415e+00
1.583382238857205415e+00
1.583382238857205415e+00
1.583382238857205415e+00
1.583382238857205415e+00
1.583382238857205415e+00
1.506447035728889050e+00
1.506447035728889050e+00
1.506447035728889050e+00
1.506447035728889050e+00
1.456134863245976963e+00
1.456134863245976963e+00
1.456134863245976963e+00
1.456134863245976963e+00
1.456134863245976963e+00
1.456134863245976963e+00
1.456134863245976963e+00
1.456134863245976963e+00
1.456134863245976963e+00
1.456134863245976963e+00
1.229241705392339234e+00
1.229241705392339234e+00
1.229241705392339234e+00
1.229241705392339234e+00
1.229241705392339234e+00
1.229241705392339234e+00
1.229241705392339234e+00
1.229241705392339234e+00
1.229241705392339234e+00
1.229241705392339234e+00
1.188305114256567707e+00
1.188305114256567707e+00
1.180854850809850642e+00
1.180854850809850642e+00
1.180854850809850642e+00
1.180854850809850642e+00
1.180854850809850642e+00
1.100542644308962537e+00
1.100542644308962537e+00
1.100542644308962537e+00
1.100542644308962537e+00
1.100542644308962537e+00
1.100542644308962537e+00
1.100542644308962537e+00
1.100542644308962537e+00
1.100542644308962537e+00
1.100542644308962537e+00
1.100542644308962537e+00
1.100542644308962537e+00
1.100542644308962537e+00
1.100542644308962537e+00
1.100542644308962537e+00
1.100542644308962537e+00
1.100542644308962537e+00
1.100542644308962537e+00
1.100542644308962537e+00
1.100542644308962537e+00
1.099224292837453376e+00
1.099224292837453376e+00
1.099224292837453376e+00
1.068860859912168948e+00
1.068860859912168948e+00
1.068860859912168948e+00
1.064685412475994353e+00
1.064685412475994353e+00
1.049514223148756642e+00
1.048360372122550510e+00
1.048360372122550510e+00
1.048232364457055255e+00
1.047191050370448462e+00
1.047191050370448462e+00
1.046892679917680535e+00
1.046892679917680535e+00
1.046892679917680535e+00
1.046892679917680535e+00
1.046862284576841384e+00
1.046706019608796723e+00
1.046655802986471429e+00
1.046608778813559404e+00
1.046604035480284800e+00
1.046602730582484320e+00
1.046602323677576329e+00
1.046602155733062478e+00
1.046601867727189550e+00
1.046601751676986547e+00
1.046601751676986547e+00
1.046601751676986547e+00
1.027930608758281128e+00
1.019360501999855284e+00
1.007962757906097240e+00
1.006177746882252588e+00
1.005003699946148243e+00
1.004804364283743423e+00
1.004804364283743423e+00
1.003370882095369732e+00
9.986596183535985105e-01
9.950496518613758390e-01
9.906151149076805051e-01
9.906151149076805051e-01
9.904987286936337565e-01
9.904987286936337565e-01
9.904987286936337565e-01
9.850424589464674696e-01
9.799590147760439685e-01
9.780975371460669532e-01
9.780975371460669532e-01
9.780975371460669532e-01
9.780975371460669532e-01
9.780975371460669532e-01
9.780975371460669532e-01
9.780585547266172908e-01
9.780585547266172908e-01
9.780585547266172908e-01
9.780585547266172908e-01
9.780585547266172908e-01
9.769761115376813798e-01
9.750241987993562010e-01
9.750241987993562010e-01
9.747595343710789839e-01
9.700581834922048508e-01
9.700581834922048508e-01
9.700581834922048508e-01
9.697972385268498474e-01
9.697972385268498474e-01
9.697972385268498474e-01
9.697898151970576475e-01
9.692923129614701150e-01
9.692923129614701150e-01
9.684651959343668626e-01
9.684651959343668626e-01
9.684651959343668626e-01
9.684019766276266150e-01
9.683961561860472411e-01
9.683961561860472411e-01
9.683961561860472411e-01
9.683961561860472411e-01
9.683945726879866767e-01
9.597065428827646905e-01
9.597065428827646905e-01
9.597065428827646905e-01
9.597065428827646905e-01
