9.023618898435975666e+01
6.301058710346508462e+01
2.858238650896043964e+01
1.481014038806964805e+01
1.481014038806964805e+01
1.122460453152862314e+01
1.122460453152862314e+01
6.229469493115290746e+00
6.229469493115290746e+00
6.229469493115290746e+00
6.229469493115290746e+00
6.229469493115290746e+00
6.229469493115290746e+00
6.229469493115290746e+00
5.934636458820182980e+00
5.147457847749198123e+00
5.147457847749198123e+00
5.147457847749198123e+00
5.079492812134747126e+00
5.079492812134747126e+00
5.079492812134747126e+00
5.079492812134747126e+00
4.404076059997398040e+00
4.404076059997398040e+00
4.404076059997398040e+00
4.404076059997398040e+00
4.404076059997398040e+00
4.404076059997398040e+00
4.404076059997398040e+00
4.404076059997398040e+00
4.404076059997398040e+00
4.404076059997398040e+00
4.404076059997398040e+00
4.404076059997398040e+00
4.404076059997398040e+00
4.404076059997398040e+00
3.966126639233903184e+00
3.966126639233903184e+00
3.966126639233903184e+00
3.966126639233903184e+00
3.966126639233903184e+00
3.966126639233903184e+00
3.966126639233903184e+00
3.966126639233903184e+00
3.966126639233903184e+00
3.966126639233903184e+00
3.966126639233903184e+00
3.966126639233903184e+00
3.966126639233903184e+00
3.966126639233903184e+00
3.966126639233903184e+00
3.966126639233903184e+00
3.966126639233903184e+00
3.855781369314455809e+00
3.855781369314455809e+00
3.747212049793371413e+00
3.747212049793371413e+00
3.559828135664481863e+00
3.559828135664481863e+00
3.559828135664481863e+00
3.559828135664481863e+00
3.469845838592648057e+00
3.469845838592648057e+00
3.469845838592648057e+00
3.321854393027916519e+00
3.321854393027916519e+00
3.321854393027916519e+00
3.321854393027916519e+00
3.321854393027916519e+00
3.321854393027916519e+00
3.321854393027916519e+00
2.863185428428069557e+00
2.863185428428069557e+00
2.863185428428069557e+00
2.863185428428069557e+00
2.863185428428069557e+00
2.863185428428069557e+00
2.629821440133577326e+00
2.629821440133577326e+00
2.629821440133577326e+00
2.629821440133577326e+00
2.629821440133577326e+00
2.629821440133577326e+00
2.629821440133577326e+00
2.629821440133577326e+00
2.629821440133577326e+00
2.629821440133577326e+00
2.629821440133577326e+00
2.629821440133577326e+00
2.629821440133577326e+00
2.629821440133577326e+00
2.629821440133577326e+00
2.629821440133577326e+00
2.629821440133577326e+00
2.629821440133577326e+00
2.629821440133577326e+00
2.629821440133577326e+00
2.629821440133577326e+00
2.629821440133577326e+00
2.624115563837253085e+00
2.624115563837253085e+00
2.547972296735308007e+00
2.547972296735308007e+00
2.547972296735308007e+00
2.547972296735308007e+00
2.547972296735308007e+00
2.547972296735308007e+00
2.517453154495394863e+00
2.392402843519280786e+00
2.392402843519280786e+00
2.350517383986668651e+00
2.350517383986668651e+00
2.350517383986668651e+00
2.332677357898348180e+00
2.332677357898348180e+00
2.332677357898348180e+00
2.332677357898348180e+00
2.332677357898348180e+00
2.281988923998928165e+00
2.281824840089794471e+00
2.232258227901816827e+00
2.232258227901816827e+00
2.232258227901816827e+00
2.224492545055294812e+00
2.224492545055294812e+00
2.224492545055294812e+00
2.224492545055294812e+00
2.161370199246203772e+00
2.139677997677145616e+00
2.122149453162319954e+00
2.122149453162319954e+00
2.122149453162319954e+00
2.111495631081929947e+00
2.111495631081929947e+00
2.111495631081929947e+00
2.108346773037311550e+00
2.021696157604815802e+00
2.021696157604815802e+00
2.018387526565187162e+00
2.018387526565187162e+00
1.952308231809769534e+00
1.952308231809769534e+00
1.952308231809769534e+00
1.952308231809769534e+00
1.952308231809769534e+00
1.932815691919843815e+00
1.932815691919843815e+00
1.932815691919843815e+00
1.895310934703831274e+00
1.891916715792345771e+00
1.891916715792345771e+00
1.889735646827527482e+00
1.880870406425570796e+00
1.880870406425570796e+00
1.876934891386318638e+00
1.872510456610607665e+00
1.872510456610607665e+00
1.862708257874443829e+00
1.858117316995706814e+00
1.855713745636858869e+00
1.844172102549333170e+00
1.834156782061452384e+00
1.834156782061452384e+00
1.828661307293998783e+00
1.827003138586970499e+00
1.823928983733962284e+00
1.823563900765329482e+00
1.820040841498862472e+00
1.818417266737217375e+00
1.816708945883449999e+00
1.816007198357059593e+00
1.815276962111201042e+00
1.811472404164903960e+00
1.810996525995404616e+00
1.810996525995404616e+00
1.808529680690790231e+00
1.808271540650102649e+00
1.807581112659307543e+00
1.807151047056767990e+00
1.807040353949985967e+00
1.807040353949985967e+00
1.806553994553660836e+00
1.805540288785776104e+00
1.805540288785776104e+00
1.805209750715138339e+00
1.805209750715138339e+00
1.797346716284547563e+00
1.796712424786702789e+00
1.796712424786702789e+00
1.796641844868810844e+00
1.796631709797790633e+00
1.794145709485052143e+00
1.794059597148441432e+00
1.794037315874157601e+00
1.792379633918248505e+00
1.792379633918248505e+00
1.792379633918248505e+00
1.791257120826174942e+00
1.791257120826174942e+00
1.791257120826174942e+00
