8.681194375442093758e+01
8.681194375442093758e+01
2.557754755248559420e+01
2.557754755248559420e+01
4.028688146787569480e+00
4.028688146787569480e+00
4.028688146787569480e+00
4.028688146787569480e+00
3.898288379620272082e+00
2.082959220134765754e+00
2.082959220134765754e+00
1.965974855054508197e+00
6.593522972590751818e-01
6.593522972590751818e-01
6.593522972590751818e-01
6.593522972590751818e-01
6.593522972590751818e-01
3.679783950371628976e-01
3.679783950371628976e-01
3.679783950371628976e-01
3.679783950371628976e-01
3.679783950371628976e-01
3.679783950371628976e-01
3.679783950371628976e-01
3.679783950371628976e-01
3.679783950371628976e-01
3.679783950371628976e-01
3.679783950371628976e-01
3.679783950371628976e-01
3.679783950371628976e-01
1.850726842113879778e-01
1.850726842113879778e-01
1.850726842113879778e-01
1.850726842113879778e-01
1.850726842113879778e-01
1.850726842113879778e-01
1.850726842113879778e-01
1.850726842113879778e-01
1.850726842113879778e-01
1.850726842113879778e-01
1.850726842113879778e-01
1.850726842113879778e-01
1.850726842113879778e-01
1.850726842113879778e-01
1.850726842113879778e-01
1.850726842113879778e-01
1.850726842113879778e-01
1.850726842113879778e-01
1.850726842113879778e-01
1.850726842113879778e-01
1.850726842113879778e-01
1.850726842113879778e-01
1.850726842113879778e-01
1.850726842113879778e-01
1.850726842113879778e-01
1.850726842113879778e-01
1.850726842113879778e-01
1.850726842113879778e-01
1.850726842113879778e-01
1.850726842113879778e-01
1.850726842113879778e-01
1.850726842113879778e-01
1.850726842113879778e-01
1.850726842113879778e-01
1.850726842113879778e-01
1.850726842113879778e-01
1.850726842113879778e-01
1.850726842113879778e-01
1.850726842113879778e-01
1.850726842113879778e-01
1.850726842113879778e-01
1.850726842113879778e-01
1.850726842113879778e-01
1.850726842113879778e-01
1.618146702182008956e-01
1.618146702182008956e-01
1.618146702182008956e-01
1.618146702182008956e-01
1.618146702182008956e-01
1.618146702182008956e-01
1.618146702182008956e-01
1.618146702182008956e-01
1.618146702182008956e-01
1.618146702182008956e-01
1.618146702182008956e-01
1.618146702182008956e-01
1.618146702182008956e-01
1.618146702182008956e-01
1.618146702182008956e-01
1.618146702182008956e-01
1.618146702182008956e-01
1.618146702182008956e-01
1.618146702182008956e-01
1.618146702182008956e-01
1.618146702182008956e-01
1.618146702182008956e-01
1.618146702182008956e-01
1.618146702182008956e-01
1.618146702182008956e-01
1.585435013373983071e-01
1.570835716600615106e-01
1.566992586569013468e-01
1.565927380023068860e-01
1.565574153949571279e-01
1.534140382157813398e-01
1.482188280551194615e-01
1.482188280551194615e-01
1.482188280551194615e-01
1.422383104533112008e-01
1.422383104533112008e-01
1.422383104533112008e-01
1.422383104533112008e-01
1.422383104533112008e-01
1.417331181210965407e-01
1.417331181210965407e-01
1.417331181210965407e-01
1.396839418175447323e-01
1.396839418175447323e-01
1.388146836071312840e-01
1.387671871509469079e-01
1.387671871509469079e-01
1.385315047079288542e-01
1.384761084658254204e-01
1.384630451429553211e-01
1.384594845129724638e-01
1.384582442384271195e-01
1.384577262965618061e-01
1.384577016459259402e-01
1.384575118351395739e-01
1.384575118351395739e-01
1.384575118351395739e-01
1.384575118351395739e-01
1.384571512333632459e-01
1.384571512333632459e-01
1.384571512333632459e-01
1.384571512333632459e-01
1.384571512333632459e-01
1.384571512333632459e-01
1.384571512333632459e-01
1.384571512333632459e-01
1.384571512333632459e-01
1.384571512333632459e-01
1.384570892121306518e-01
1.384570892121306518e-01
1.384570629330451608e-01
1.384570629330451608e-01
1.384570629330451608e-01
1.384570629330451608e-01
1.384570629330451608e-01
1.384569357219763985e-01
1.384569357219763985e-01
1.384569357219763985e-01
1.384569357219763985e-01
1.384569357219763985e-01
1.384569357219763985e-01
1.384569357219763985e-01
1.384569357219763985e-01
1.384569357219763985e-01
1.384568599680338630e-01
1.381979974801137989e-01
1.381979974801137989e-01
1.380118994248693554e-01
1.380118994248693554e-01
1.377339285022607662e-01
1.376789395760827650e-01
1.376699502849583756e-01
1.376684986673807065e-01
1.376681864875417272e-01
1.376680238736867623e-01
1.376679132020198759e-01
1.376653691591308015e-01
1.375254509379669754e-01
1.375067629733643382e-01
1.375043453503401181e-01
1.374901820074796999e-01
1.374865735193394056e-01
1.374858705357558386e-01
1.374858705357558386e-01
1.374852820706568557e-01
1.374838741588931545e-01
1.374836309633067077e-01
1.374833447702430711e-01
1.368044062598240129e-01
1.368044062598240129e-01
1.367222619131234496e-01
1.360086772803240085e-01
1.359510008910845835e-01
1.358074939812551341e-01
1.357005057215283084e-01
1.356571105347314232e-01
1.356496316514903544e-01
1.356469358442234097e-01
1.356453768132937776e-01
1.356439322564673144e-01
1.356437746599289673e-01
1.356434673991217532e-01
1.356432057829863869e-01
1.356432057829863869e-01
1.356428856334829236e-01
1.356428856334829236e-01
