3.130102146766661519e+01
3.130102146766661519e+01
1.077908474748058332e+01
1.077908474748058332e+01
5.661915170962434907e+00
5.661915170962434907e+00
5.661915170962434907e+00
5.661915170962434907e+00
5.661915170962434907e+00
5.661915170962434907e+00
5.661915170962434907e+00
4.969432285373280855e+00
4.969432285373280855e+00
4.969432285373280855e+00
4.969432285373280855e+00
4.088895564940782990e+00
4.088895564940782990e+00
4.088895564940782990e+00
4.088895564940782990e+00
1.901394928794782668e+00
1.901394928794782668e+00
1.901394928794782668e+00
1.901394928794782668e+00
1.901394928794782668e+00
1.901394928794782668e+00
1.901394928794782668e+00
1.901394928794782668e+00
1.901394928794782668e+00
1.901394928794782668e+00
1.901394928794782668e+00
1.901394928794782668e+00
1.901394928794782668e+00
1.901394928794782668e+00
1.901394928794782668e+00
1.901394928794782668e+00
1.901394928794782668e+00
1.901394928794782668e+00
1.901394928794782668e+00
1.901394928794782668e+00
1.901394928794782668e+00
1.901394928794782668e+00
1.901394928794782668e+00
1.901394928794782668e+00
1.901394928794782668e+00
1.901394928794782668e+00
1.901394928794782668e+00
1.901394928794782668e+00
1.901394928794782668e+00
1.901394928794782668e+00
1.901394928794782668e+00
1.901394928794782668e+00
1.901394928794782668e+00
1.901394928794782668e+00
1.901394928794782668e+00
1.901394928794782668e+00
1.901394928794782668e+00
1.834324679346896358e+00
1.539478947661909958e+00
1.539478947661909958e+00
1.539478947661909958e+00
1.539478947661909958e+00
1.539478947661909958e+00
1.539478947661909958e+00
1.539478947661909958e+00
1.539478947661909958e+00
1.539478947661909958e+00
1.539478947661909958e+00
1.347288247897395541e+00
1.347288247897395541e+00
1.347288247897395541e+00
1.280216326329292276e+00
1.280216326329292276e+00
1.280216326329292276e+00
1.280216326329292276e+00
1.280216326329292276e+00
1.280216326329292276e+00
1.194569032481611837e+00
1.194569032481611837e+00
1.194569032481611837e+00
1.194569032481611837e+00
1.194569032481611837e+00
1.194569032481611837e+00
8.443887956827224039e-01
8.443887956827224039e-01
8.443887956827224039e-01
8.443887956827224039e-01
8.443887956827224039e-01
8.443887956827224039e-01
8.443887956827224039e-01
8.443887956827224039e-01
8.443887956827224039e-01
8.443887956827224039e-01
8.288309307673548121e-01
8.288309307673548121e-01
8.288309307673548121e-01
8.288309307673548121e-01
8.288309307673548121e-01
8.288309307673548121e-01
6.603429008042310810e-01
6.603429008042310810e-01
6.316903714506959533e-01
6.316903714506959533e-01
6.316903714506959533e-01
6.316903714506959533e-01
6.316903714506959533e-01
6.316903714506959533e-01
6.316903714506959533e-01
6.316903714506959533e-01
6.316903714506959533e-01
6.316903714506959533e-01
6.100137688467686115e-01
6.100137688467686115e-01
6.100137688467686115e-01
6.100137688467686115e-01
6.100137688467686115e-01
6.100137688467686115e-01
6.100137688467686115e-01
6.100137688467686115e-01
6.100137688467686115e-01
6.100137688467686115e-01
6.100137688467686115e-01
6.100137688467686115e-01
6.100137688467686115e-01
6.100137688467686115e-01
6.100137688467686115e-01
5.722385974567373301e-01
5.722385974567373301e-01
5.722385974567373301e-01
5.722385974567373301e-01
5.722385974567373301e-01
5.722385974567373301e-01
5.722385974567373301e-01
5.722385974567373301e-01
5.722385974567373301e-01
5.722385974567373301e-01
5.172715605124105220e-01
5.007571051340212742e-01
5.007571051340212742e-01
4.971402476366361123e-01
4.971402476366361123e-01
4.971402476366361123e-01
4.971402476366361123e-01
4.956087031633982232e-01
4.956087031633982232e-01
4.385108109964425127e-01
4.385108109964425127e-01
4.385108109964425127e-01
4.385108109964425127e-01
4.385108109964425127e-01
4.385108109964425127e-01
4.385108109964425127e-01
4.385108109964425127e-01
4.153235251390992588e-01
4.151741423616623905e-01
4.151741423616623905e-01
4.151741423616623905e-01
4.151741423616623905e-01
4.151741423616623905e-01
4.151741423616623905e-01
3.651797175735737588e-01
3.466256754059207634e-01
3.466256754059207634e-01
3.144346719963130865e-01
3.144346719963130865e-01
3.048788136849258645e-01
3.028203080250656543e-01
3.025163304042150503e-01
3.024659560083411414e-01
3.024574625991905963e-01
3.024561690040670769e-01
3.024558294997370389e-01
3.024558294997370389e-01
3.024558294997370389e-01
3.024558294997370389e-01
3.024558294997370389e-01
3.024551989130361829e-01
3.024548742618768382e-01
3.024548742618768382e-01
2.967390263370293102e-01
2.967390263370293102e-01
2.967390263370293102e-01
2.967390263370293102e-01
2.967390263370293102e-01
2.967390263370293102e-01
2.967390263370293102e-01
2.967390263370293102e-01
2.967390263370293102e-01
2.967390263370293102e-01
2.967390263370293102e-01
2.967390263370293102e-01
2.967390263370293102e-01
2.967390263370293102e-01
2.924053533404710192e-01
2.924053533404710192e-01
2.917196256169234392e-01
2.916871642933165365e-01
2.676510441412659480e-01
2.676510441412659480e-01
2.676510441412659480e-01
2.319118839587531178e-01
