9.031706265351613183e+01
6.133331094581027543e+01
4.281488649891644371e+01
3.199168430204170477e+01
2.618128424229274387e+01
2.618128424229274387e+01
1.766224378703114795e+01
1.766224378703114795e+01
1.617502870882285393e+01
1.391142601255567968e+01
1.391142601255567968e+01
7.674705536536523098e+00
7.674705536536523098e+00
7.674705536536523098e+00
7.674705536536523098e+00
4.478354230297322935e+00
4.478354230297322935e+00
4.478354230297322935e+00
4.478354230297322935e+00
4.478354230297322935e+00
4.478354230297322935e+00
4.478354230297322935e+00
4.478354230297322935e+00
2.736389003921559926e+00
2.736389003921559926e+00
2.736389003921559926e+00
2.635265201696967541e+00
2.635265201696967541e+00
2.635265201696967541e+00
2.635265201696967541e+00
2.635265201696967541e+00
2.635265201696967541e+00
2.635265201696967541e+00
2.635265201696967541e+00
2.635265201696967541e+00
2.635265201696967541e+00
2.125776617078136255e+00
2.125776617078136255e+00
2.125776617078136255e+00
2.125776617078136255e+00
2.125776617078136255e+00
2.125776617078136255e+00
2.096460282587187862e+00
2.096460282587187862e+00
2.096460282587187862e+00
1.356339613514806475e+00
1.356339613514806475e+00
1.356339613514806475e+00
1.356339613514806475e+00
1.356339613514806475e+00
1.356339613514806475e+00
1.356339613514806475e+00
1.356339613514806475e+00
1.356339613514806475e+00
1.356339613514806475e+00
1.356339613514806475e+00
1.356339613514806475e+00
1.356339613514806475e+00
1.356339613514806475e+00
1.356339613514806475e+00
1.356339613514806475e+00
1.356339613514806475e+00
1.356339613514806475e+00
1.356339613514806475e+00
1.356339613514806475e+00
1.356339613514806475e+00
1.356339613514806475e+00
1.356339613514806475e+00
1.356339613514806475e+00
1.356339613514806475e+00
1.356339613514806475e+00
1.356339613514806475e+00
1.356339613514806475e+00
1.356339613514806475e+00
1.356339613514806475e+00
1.356339613514806475e+00
1.356339613514806475e+00
1.356339613514806475e+00
1.356339613514806475e+00
1.356339613514806475e+00
1.356339613514806475e+00
1.356339613514806475e+00
1.356339613514806475e+00
1.356339613514806475e+00
1.356339613514806475e+00
1.356339613514806475e+00
1.356339613514806475e+00
1.356339613514806475e+00
1.356339613514806475e+00
1.356339613514806475e+00
1.356339613514806475e+00
1.356339613514806475e+00
1.309760548897059396e+00
1.309760548897059396e+00
1.309760548897059396e+00
1.309760548897059396e+00
1.309760548897059396e+00
1.207433328043010290e+00
1.207433328043010290e+00
1.207433328043010290e+00
1.144199086563210344e+00
1.144199086563210344e+00
1.144199086563210344e+00
1.144199086563210344e+00
1.144199086563210344e+00
1.144199086563210344e+00
1.144199086563210344e+00
1.144199086563210344e+00
1.144199086563210344e+00
1.114878001777304117e+00
1.114878001777304117e+00
1.114878001777304117e+00
1.080120267196193140e+00
1.080120267196193140e+00
1.080120267196193140e+00
1.077266386617177885e+00
1.077266386617177885e+00
1.077266386617177885e+00
1.067373264805445698e+00
1.067373264805445698e+00
1.067373264805445698e+00
1.067373264805445698e+00
1.067373264805445698e+00
1.067373264805445698e+00
1.067373264805445698e+00
1.067373264805445698e+00
1.067373264805445698e+00
1.067373264805445698e+00
1.067373264805445698e+00
1.067373264805445698e+00
1.067373264805445698e+00
1.067373264805445698e+00
1.044728962763144864e+00
1.044728962763144864e+00
1.038468746323927050e+00
1.038468746323927050e+00
1.038468746323927050e+00
1.037829633514466110e+00
1.036280469288636263e+00
1.035820763261217747e+00
1.035681834393977097e+00
1.035642319296798730e+00
1.035628242297672807e+00
1.035624925364424520e+00
1.035624492228682803e+00
1.035623924846494903e+00
1.035623924846494903e+00
1.035623874957980028e+00
1.035623602396195331e+00
9.745068196712673991e-01
9.745068196712673991e-01
9.745068196712673991e-01
9.745068196712673991e-01
9.745068196712673991e-01
9.745068196712673991e-01
9.745068196712673991e-01
9.601641687332859165e-01
9.577086351614595428e-01
9.577086351614595428e-01
9.577086351614595428e-01
9.577086351614595428e-01
9.573682571683430620e-01
9.573682571683430620e-01
9.572727022626907889e-01
9.572727022626907889e-01
9.572650030792407838e-01
9.350949392162154483e-01
9.345324457881212243e-01
9.345324457881212243e-01
9.345324457881212243e-01
9.345324457881212243e-01
9.345324457881212243e-01
9.345324457881212243e-01
9.345324457881212243e-01
9.345324457881212243e-01
9.345324457881212243e-01
9.183133938760972281e-01
9.183133938760972281e-01
9.159495093778362573e-01
9.159495093778362573e-01
9.152085344169417214e-01
9.151408200337221022e-01
9.151354477843793855e-01
9.151337417272432662e-01
9.151337417272432662e-01
9.151337417272432662e-01
9.151337417272432662e-01
9.151337417272432662e-01
9.151337417272432662e-01
9.151337417272432662e-01
9.151337417272432662e-01
9.151337417272432662e-01
9.151337417272432662e-01
9.151337417272432662e-01
9.151337417272432662e-01
9.151337417272432662e-01
9.151337417272432662e-01
9.151337417272432662e-01
9.151337417272432662e-01
9.151337417272432662e-01
