6.947494763623419090e+01
2.151023938782038059e+01
1.346657265542055981e+01
1.346657265542055981e+01
1.024065080261415872e+01
1.024065080261415872e+01
1.024065080261415872e+01
9.282236599229531038e+00
9.282236599229531038e+00
3.748301518272046273e+00
3.748301518272046273e+00
3.748301518272046273e+00
3.748301518272046273e+00
3.748301518272046273e+00
3.748301518272046273e+00
3.748301518272046273e+00
3.748301518272046273e+00
3.748301518272046273e+00
3.748301518272046273e+00
3.748301518272046273e+00
3.748301518272046273e+00
3.748301518272046273e+00
3.748301518272046273e+00
3.748301518272046273e+00
3.748301518272046273e+00
3.748301518272046273e+00
3.748301518272046273e+00
3.748301518272046273e+00
3.748301518272046273e+00
3.748301518272046273e+00
3.748301518272046273e+00
3.748301518272046273e+00
3.748301518272046273e+00
3.748301518272046273e+00
2.392032844519277113e+00
2.392032844519277113e+00
2.392032844519277113e+00
2.392032844519277113e+00
2.392032844519277113e+00
2.392032844519277113e+00
2.392032844519277113e+00
2.392032844519277113e+00
2.392032844519277113e+00
2.392032844519277113e+00
2.392032844519277113e+00
2.392032844519277113e+00
2.392032844519277113e+00
2.392032844519277113e+00
2.392032844519277113e+00
2.248662524574461585e+00
2.248662524574461585e+00
2.188066982366742241e+00
2.188066982366742241e+00
2.188066982366742241e+00
2.188066982366742241e+00
2.188066982366742241e+00
2.188066982366742241e+00
2.188066982366742241e+00
2.188066982366742241e+00
2.188066982366742241e+00
1.976067465113957367e+00
1.976067465113957367e+00
1.976067465113957367e+00
1.976067465113957367e+00
1.976067465113957367e+00
1.976067465113957367e+00
1.931363928453556422e+00
1.931363928453556422e+00
1.931363928453556422e+00
1.770316690411865235e+00
1.770316690411865235e+00
1.394884955371080704e+00
1.394884955371080704e+00
1.394884955371080704e+00
1.394884955371080704e+00
1.394884955371080704e+00
1.394884955371080704e+00
1.394884955371080704e+00
1.394884955371080704e+00
1.394884955371080704e+00
1.394884955371080704e+00
1.394884955371080704e+00
1.394884955371080704e+00
1.394884955371080704e+00
1.394884955371080704e+00
1.394884955371080704e+00
1.394884955371080704e+00
1.394884955371080704e+00
1.394884955371080704e+00
1.394884955371080704e+00
1.394884955371080704e+00
1.394884955371080704e+00
1.394884955371080704e+00
1.394884955371080704e+00
1.224585901032044788e+00
1.224585901032044788e+00
1.224585901032044788e+00
1.224585901032044788e+00
1.224585901032044788e+00
1.224585901032044788e+00
1.224585901032044788e+00
1.224585901032044788e+00
1.224585901032044788e+00
1.224585901032044788e+00
1.224585901032044788e+00
1.200476993275906956e+00
1.200476993275906956e+00
1.183894369579733485e+00
1.183894369579733485e+00
1.183894369579733485e+00
1.183379058539773210e+00
1.153206094907636814e+00
1.153206094907636814e+00
1.153206094907636814e+00
1.153206094907636814e+00
1.151016013230339752e+00
1.151016013230339752e+00
1.149996378389428253e+00
1.149996378389428253e+00
1.135371437635042113e+00
1.135371437635042113e+00
1.135371437635042113e+00
1.135371437635042113e+00
1.135371437635042113e+00
1.135371437635042113e+00
1.134469019141291390e+00
1.134469019141291390e+00
1.134469019141291390e+00
1.128693272529787350e+00
1.127728933003602663e+00
1.127728933003602663e+00
1.127728933003602663e+00
1.127728933003602663e+00
1.082146092785364999e+00
1.076495679654823956e+00
1.063989732481287032e+00
1.032988514215758880e+00
1.032146991961124360e+00
1.032146991961124360e+00
9.750274273828997140e-01
9.600374777243754210e-01
9.506273043449128268e-01
9.412487928007802207e-01
9.216171551308530718e-01
9.131338355752944835e-01
9.007885090074017054e-01
9.007885090074017054e-01
8.737901061610480191e-01
8.433957919278948223e-01
8.271908558174843051e-01
8.027156451838417528e-01
7.757329797565202245e-01
7.689462901400128114e-01
7.275470720587562390e-01
7.002794876948477132e-01
6.833860673589813306e-01
6.540173391704926509e-01
6.170168517257890173e-01
5.699181080068651539e-01
5.508804646756454426e-01
5.200254735976883591e-01
4.894207734967692680e-01
4.820169511574626808e-01
4.775285702563214496e-01
4.762026554090154074e-01
4.726080338302715567e-01
4.701911840885111826e-01
4.695335188226133494e-01
4.656593720141632975e-01
4.616615776791670456e-01
4.602350656298146436e-01
4.599261782169074553e-01
4.595233026160671086e-01
4.593340680418671607e-01
4.586461295836406493e-01
4.581938804469432025e-01
4.578438244217213904e-01
4.572651178902090163e-01
4.560514853268512470e-01
4.557910866221093760e-01
4.525289062734204060e-01
4.507458717783285884e-01
4.486688688402659664e-01
4.481277644290307949e-01
4.476028003881142858e-01
4.472213871886194791e-01
4.467167346019478291e-01
4.461412226715246176e-01
4.459494664757922000e-01
4.450311343142268061e-01
4.439425586131369172e-01
4.435320179032811727e-01
4.434077565272152577e-01
4.433173149821666437e-01
4.433037637152139609e-01
4.432230034319386558e-01
4.431321071470792905e-01
4.430246444510417270e-01
4.428865127427948911e-01
4.427997263665018890e-01
