9.272001786317466099e+01
4.238522355306208311e+01
4.238522355306208311e+01
3.678621412074952701e+01
2.179209772001621914e+01
9.261492506290341709e+00
9.261492506290341709e+00
9.261492506290341709e+00
9.261492506290341709e+00
9.261492506290341709e+00
9.261492506290341709e+00
9.148318825707738355e+00
9.148318825707738355e+00
5.495667340105486076e+00
5.495667340105486076e+00
5.495667340105486076e+00
5.495667340105486076e+00
5.495667340105486076e+00
4.488285406685892376e+00
4.488285406685892376e+00
2.641297412688552448e+00
2.641297412688552448e+00
1.993978286100741570e+00
1.993978286100741570e+00
1.993978286100741570e+00
1.993978286100741570e+00
1.983099386443385903e+00
1.983099386443385903e+00
1.983099386443385903e+00
1.983099386443385903e+00
1.808564305555647733e+00
1.808564305555647733e+00
1.808564305555647733e+00
1.543301180929252947e+00
1.456919588001853283e+00
1.110529814965893980e+00
1.110529814965893980e+00
1.110529814965893980e+00
1.110529814965893980e+00
1.110529814965893980e+00
1.080299490229300385e+00
7.517528338716092939e-01
7.453640071854863436e-01
7.453640071854863436e-01
7.453640071854863436e-01
7.453640071854863436e-01
7.453640071854863436e-01
4.820198490254162804e-01
4.820198490254162804e-01
4.820198490254162804e-01
4.820198490254162804e-01
4.820198490254162804e-01
2.781803838581630162e-01
2.781803838581630162e-01
2.781803838581630162e-01
2.781803838581630162e-01
2.781803838581630162e-01
2.437600005283056537e-01
2.437600005283056537e-01
2.437600005283056537e-01
2.437600005283056537e-01
2.437600005283056537e-01
2.437600005283056537e-01
2.437600005283056537e-01
2.437600005283056537e-01
2.437600005283056537e-01
2.437600005283056537e-01
2.437600005283056537e-01
2.437600005283056537e-01
2.437600005283056537e-01
2.437600005283056537e-01
2.437600005283056537e-01
2.437600005283056537e-01
2.437600005283056537e-01
2.437600005283056537e-01
2.437600005283056537e-01
2.437600005283056537e-01
2.437600005283056537e-01
2.437600005283056537e-01
2.437600005283056537e-01
2.321918248468850254e-01
2.321918248468850254e-01
2.321918248468850254e-01
2.321918248468850254e-01
2.321918248468850254e-01
2.321918248468850254e-01
2.321918248468850254e-01
2.300285957686997174e-01
2.295330644775594453e-01
2.295330644775594453e-01
2.295330644775594453e-01
2.295330644775594453e-01
2.295330644775594453e-01
2.286231496099814797e-01
2.286231496099814797e-01
2.286231496099814797e-01
2.262981199831317070e-01
2.255265834970060501e-01
2.255265834970060501e-01
2.255265834970060501e-01
2.255265834970060501e-01
2.254498517175206884e-01
2.253420326499380177e-01
2.252998766776250772e-01
2.252998766776250772e-01
2.252998766776250772e-01
2.252998766776250772e-01
2.252993487314809418e-01
2.252911411910120676e-01
2.252841958625094732e-01
2.252815897464261474e-01
2.252796985575302169e-01
2.252796985575302169e-01
2.252796985575302169e-01
2.252796985575302169e-01
2.252796985575302169e-01
2.252796985575302169e-01
2.252796985575302169e-01
2.234415919441848364e-01
2.234415919441848364e-01
2.157640412739283975e-01
2.157640412739283975e-01
2.157640412739283975e-01
2.140577129616156871e-01
2.140577129616156871e-01
2.111857251243816624e-01
2.111857251243816624e-01
2.087447287717678068e-01
2.018193177321732368e-01
2.018193177321732368e-01
2.018193177321732368e-01
2.018193177321732368e-01
2.018193177321732368e-01
2.018193177321732368e-01
1.891014569362479691e-01
1.891014569362479691e-01
1.868077928228838169e-01
1.868077928228838169e-01
1.868077928228838169e-01
1.868077928228838169e-01
1.868077928228838169e-01
1.868077928228838169e-01
1.868077928228838169e-01
1.868077928228838169e-01
1.868077928228838169e-01
1.868077928228838169e-01
1.868077928228838169e-01
1.868077928228838169e-01
1.868077928228838169e-01
1.868077928228838169e-01
1.868077928228838169e-01
1.793929212396549455e-01
1.793929212396549455e-01
1.759496290913368233e-01
1.715728325393164611e-01
1.694520381597427738e-01
1.694520381597427738e-01
1.694520381597427738e-01
1.694520381597427738e-01
1.694520381597427738e-01
1.694520381597427738e-01
1.614350071626569350e-01
1.607287137859302606e-01
1.607092951105714984e-01
1.607092951105714984e-01
1.606116129349748622e-01
1.605956320937155513e-01
1.605956320937155513e-01
1.605956320937155513e-01
1.605956320937155513e-01
1.605956320937155513e-01
1.533139588679638121e-01
1.533139588679638121e-01
1.533139588679638121e-01
1.518184779772781545e-01
1.516560541949206198e-01
1.516560541949206198e-01
1.516458384995885145e-01
1.516458384995885145e-01
1.513976791631141405e-01
1.508573193335985829e-01
1.507695839167756680e-01
1.507695839167756680e-01
1.507695839167756680e-01
1.507609173473039854e-01
1.507162623305899063e-01
1.506877466118006492e-01
1.506861943836448892e-01
1.500585557888684529e-01
1.492277229346417322e-01
1.472561541189561507e-01
1.464527663790524681e-01
1.460207821944903284e-01
1.455980157917739770e-01
1.455646827809825850e-01
1.454678237968649868e-01
1.453973932906460764e-01
1.452840211924994462e-01
1.452807399459773718e-01
1.452207174105778487e-01
