8.786725419227443012e+01
6.027485823483626604e+01
4.868251164590479618e+01
3.755430148457820394e+01
3.083190560675550529e+01
1.397380390320719634e+01
1.397380390320719634e+01
1.169614600164100437e+01
1.169614600164100437e+01
1.169614600164100437e+01
6.107599300928388431e+00
6.107599300928388431e+00
6.107599300928388431e+00
6.107599300928388431e+00
6.107599300928388431e+00
6.107599300928388431e+00
6.107599300928388431e+00
6.107599300928388431e+00
6.018797015861789390e+00
6.018797015861789390e+00
2.670664388410457502e+00
2.670664388410457502e+00
2.670664388410457502e+00
2.670664388410457502e+00
2.670664388410457502e+00
2.670664388410457502e+00
2.670664388410457502e+00
2.670664388410457502e+00
2.670664388410457502e+00
2.670664388410457502e+00
2.670664388410457502e+00
2.670664388410457502e+00
2.670664388410457502e+00
2.670664388410457502e+00
2.670664388410457502e+00
2.670664388410457502e+00
2.670664388410457502e+00
2.670664388410457502e+00
2.670664388410457502e+00
2.670664388410457502e+00
2.670664388410457502e+00
1.862191549914816946e+00
1.862191549914816946e+00
1.862191549914816946e+00
1.862191549914816946e+00
1.862191549914816946e+00
1.862191549914816946e+00
1.862191549914816946e+00
1.862191549914816946e+00
1.862191549914816946e+00
1.862191549914816946e+00
1.862191549914816946e+00
1.862191549914816946e+00
1.862191549914816946e+00
1.862191549914816946e+00
1.862191549914816946e+00
1.862191549914816946e+00
1.862191549914816946e+00
1.862191549914816946e+00
1.862191549914816946e+00
1.862191549914816946e+00
1.862191549914816946e+00
1.862191549914816946e+00
1.862191549914816946e+00
1.862191549914816946e+00
1.793216628791870937e+00
1.793216628791870937e+00
1.793216628791870937e+00
1.793216628791870937e+00
1.793216628791870937e+00
1.793216628791870937e+00
1.793216628791870937e+00
1.793216628791870937e+00
1.793216628791870937e+00
1.793216628791870937e+00
1.793216628791870937e+00
1.793216628791870937e+00
1.793216628791870937e+00
1.460987970216627962e+00
1.460987970216627962e+00
1.460987970216627962e+00
1.460987970216627962e+00
1.181667071708902839e+00
1.181667071708902839e+00
1.181667071708902839e+00
1.181667071708902839e+00
1.181667071708902839e+00
1.181667071708902839e+00
1.181667071708902839e+00
1.181667071708902839e+00
1.181667071708902839e+00
1.181667071708902839e+00
1.159710850852152308e+00
1.159710850852152308e+00
1.159710850852152308e+00
1.159710850852152308e+00
1.159710850852152308e+00
1.159710850852152308e+00
1.159710850852152308e+00
1.158282072837488075e+00
1.158282072837488075e+00
1.158282072837488075e+00
1.158282072837488075e+00
1.158282072837488075e+00
1.158282072837488075e+00
1.158282072837488075e+00
1.029146370574640867e+00
1.029146370574640867e+00
1.029146370574640867e+00
1.029146370574640867e+00
1.029146370574640867e+00
1.029146370574640867e+00
1.029146370574640867e+00
1.029146370574640867e+00
8.295308994357710741e-01
8.295308994357710741e-01
8.295308994357710741e-01
8.295308994357710741e-01
8.111864753862065847e-01
8.111864753862065847e-01
8.111864753862065847e-01
8.111864753862065847e-01
8.111864753862065847e-01
8.111864753862065847e-01
8.111864753862065847e-01
8.111864753862065847e-01
8.111864753862065847e-01
8.111864753862065847e-01
8.111864753862065847e-01
8.111864753862065847e-01
8.111864753862065847e-01
8.111864753862065847e-01
8.111864753862065847e-01
8.111864753862065847e-01
8.111864753862065847e-01
8.111864753862065847e-01
8.111864753862065847e-01
8.106609076508114464e-01
8.106609076508114464e-01
8.010357284784319631e-01
8.010357284784319631e-01
8.010357284784319631e-01
8.010357284784319631e-01
8.010357284784319631e-01
8.005305385528326267e-01
8.002151841309936842e-01
8.002151841309936842e-01
8.001965520242235730e-01
8.001964963218536342e-01
8.001960499903895130e-01
8.001954210853413629e-01
8.001954210853413629e-01
8.001954210853413629e-01
7.866799063841002360e-01
7.866799063841002360e-01
7.866799063841002360e-01
7.866799063841002360e-01
7.866799063841002360e-01
7.866799063841002360e-01
7.866799063841002360e-01
7.866799063841002360e-01
7.866799063841002360e-01
7.676344354745571197e-01
7.657297036095747078e-01
7.657297036095747078e-01
7.652790220942217170e-01
7.652790220942217170e-01
7.651531893443869192e-01
7.650751612841591998e-01
7.650641481592295179e-01
7.650615747770765918e-01
7.650615651049279542e-01
7.650615651049279542e-01
7.650614966458092470e-01
7.650614966458092470e-01
7.650614966458092470e-01
7.650614231557392175e-01
7.650614231557392175e-01
7.650614231557392175e-01
7.650614231557392175e-01
7.650614231557392175e-01
7.650614231557392175e-01
7.650614231557392175e-01
7.650614231557392175e-01
7.601187619131398732e-01
7.601187619131398732e-01
7.455722575089440696e-01
7.443838852009022622e-01
7.443838852009022622e-01
7.443838852009022622e-01
7.443838852009022622e-01
7.443838852009022622e-01
7.443669270304402730e-01
7.442397736558059584e-01
7.442339668077233572e-01
7.442330650969893879e-01
7.442330146198438134e-01
7.442330146198438134e-01
7.442323519743926363e-01
7.442323519743926363e-01
