7.582170290486300246e+01
7.582170290486300246e+01
2.093267176526200046e+01
2.093267176526200046e+01
1.286579692717645607e+01
1.286579692717645607e+01
1.286579692717645607e+01
1.286579692717645607e+01
1.286579692717645607e+01
7.796198964897432582e+00
7.796198964897432582e+00
7.796198964897432582e+00
7.796198964897432582e+00
7.796198964897432582e+00
7.796198964897432582e+00
7.796198964897432582e+00
7.342666033364561251e+00
7.342666033364561251e+00
6.449448280361294472e+00
6.002699241028642163e+00
4.671861325161398959e+00
4.671861325161398959e+00
2.363839671006951360e+00
2.363839671006951360e+00
2.363839671006951360e+00
2.363839671006951360e+00
2.363839671006951360e+00
2.363839671006951360e+00
2.363839671006951360e+00
2.363839671006951360e+00
1.899513559052343981e+00
1.899513559052343981e+00
1.899513559052343981e+00
1.899513559052343981e+00
1.899513559052343981e+00
1.899513559052343981e+00
1.388409228311285881e+00
1.388409228311285881e+00
1.388409228311285881e+00
1.388409228311285881e+00
1.388409228311285881e+00
1.388409228311285881e+00
1.242325621866214425e+00
1.242325621866214425e+00
1.030631898831684490e+00
1.030631898831684490e+00
1.030631898831684490e+00
1.030631898831684490e+00
1.030631898831684490e+00
1.030631898831684490e+00
1.030631898831684490e+00
1.030631898831684490e+00
1.030631898831684490e+00
1.030631898831684490e+00
1.030631898831684490e+00
1.030631898831684490e+00
8.267412996346704679e-01
8.267412996346704679e-01
8.267412996346704679e-01
8.267412996346704679e-01
8.267412996346704679e-01
8.267412996346704679e-01
8.267412996346704679e-01
8.267412996346704679e-01
8.267412996346704679e-01
8.267412996346704679e-01
8.267412996346704679e-01
8.267412996346704679e-01
8.267412996346704679e-01
8.267412996346704679e-01
8.267412996346704679e-01
8.267412996346704679e-01
8.267412996346704679e-01
8.267412996346704679e-01
8.267412996346704679e-01
8.267412996346704679e-01
8.267412996346704679e-01
8.267412996346704679e-01
8.267412996346704679e-01
8.267412996346704679e-01
8.267412996346704679e-01
8.267412996346704679e-01
8.267412996346704679e-01
8.267412996346704679e-01
8.267412996346704679e-01
8.267412996346704679e-01
8.267412996346704679e-01
8.267412996346704679e-01
8.267412996346704679e-01
8.267412996346704679e-01
6.202724137925917924e-01
6.202724137925917924e-01
6.202724137925917924e-01
6.202724137925917924e-01
6.202724137925917924e-01
6.202724137925917924e-01
6.202724137925917924e-01
6.202724137925917924e-01
6.202724137925917924e-01
6.025695002920931076e-01
6.025695002920931076e-01
6.025695002920931076e-01
5.919073259987530644e-01
5.911468742021734890e-01
5.911468742021734890e-01
5.862598114030508345e-01
5.862598114030508345e-01
5.862598114030508345e-01
5.862598114030508345e-01
5.836746762696836122e-01
5.826057404669069406e-01
5.822325147845592852e-01
5.820915080233070027e-01
5.820345923045424641e-01
5.820108813554139005e-01
5.820008406879497720e-01
5.819965743086541465e-01
5.559254903152354155e-01
5.559254903152354155e-01
5.559254903152354155e-01
5.559254903152354155e-01
5.559254903152354155e-01
5.530108762905588948e-01
5.249445553122901176e-01
5.197599110222150820e-01
5.191404119687756946e-01
5.184317872369902380e-01
5.181721762709746715e-01
5.181178598443909600e-01
5.181047901645732257e-01
5.181014284632411426e-01
5.181000892971993066e-01
5.180996271388031982e-01
5.180994913809900959e-01
5.180993335938158806e-01
5.180988364693188686e-01
5.180988364693188686e-01
5.180988364693188686e-01
5.180988364693188686e-01
5.180988364693188686e-01
5.180988364693188686e-01
5.180988364693188686e-01
5.180987610015735934e-01
5.180987610015735934e-01
5.180987610015735934e-01
5.180987610015735934e-01
5.180987610015735934e-01
5.180987610015735934e-01
4.554504512701518792e-01
4.554504512701518792e-01
4.551581862134377321e-01
4.551581862134377321e-01
3.792616254586269608e-01
3.792616254586269608e-01
3.792616254586269608e-01
3.792616254586269608e-01
3.792616254586269608e-01
3.792616254586269608e-01
3.792616254586269608e-01
3.792616254586269608e-01
3.780090259870408365e-01
3.780090259870408365e-01
3.715374580463421395e-01
3.703161240854372371e-01
3.700950580638341370e-01
3.563229164688208606e-01
3.563229164688208606e-01
3.563229164688208606e-01
3.534588789087192984e-01
3.522816205953744340e-01
3.522816205953744340e-01
3.520670397856304201e-01
3.519817040478758208e-01
3.519712385488778517e-01
3.519277194774642070e-01
3.516889097691828225e-01
3.516727228919344084e-01
3.516698291364311335e-01
3.513364661288659319e-01
3.511887081466174010e-01
3.511732417367277592e-01
3.509728726390596298e-01
3.509464168070455803e-01
3.509103736895334835e-01
3.507887038720545192e-01
3.507740845773094085e-01
3.507608270741743306e-01
3.507591959223283484e-01
3.507591959223283484e-01
3.507549735359218879e-01
3.507539153358805173e-01
3.507530175618646662e-01
3.507530175618646662e-01
3.507530175618646662e-01
3.507530175618646662e-01
3.210775355950588050e-01
3.208364508556638683e-01
3.208344037071794719e-01
3.208343336400669710e-01
3.208343336400669710e-01
