-6.408786451739275414e+00
-2.675311740077273015e+00
-5.289355390703351922e+00
-6.121014918090918577e+00
-2.440317024850539251e+00
4.573437682991998710e-01
-6.320951556045856456e+00
-4.268827005145205078e+00
1.911061724673374096e-02
-5.860397661458553564e+00
-1.898786789551450305e+00
-5.971066805787974552e+00
-2.618666653920106668e+00
-1.010259151279694789e+00
-3.745615855934551597e+00
-1.054832697232147343e+00
-1.564728986515356191e+00
-8.301029995663981254e+00
-2.954613659650037416e+00
-1.223593338678231612e+00
-7.414972845091101661e+00
-3.870241976243990578e+00
-7.011359982964714632e+00
-2.045749306493166220e+00
7.338759100973200056e-01
-6.992354870944526901e+00
-1.000000000000000000e+00
-5.552597363225442173e+00
-3.469670462882516571e+00
-7.798932262780464697e+00
-4.329468824086422529e+00
3.614622613892385372e-01
-7.698970004336018746e+00
-4.566423286297300876e+00
-1.372000693935292226e+00
-5.832213866672233848e+00
-3.013858222580801272e+00
-5.508897186342494035e-01
-5.497668608409671975e+00
-2.162255846384379065e+00
4.901753239576792098e-01
-7.664760833580520405e+00
-3.029609074867707363e+00
4.665469616402323494e-01
-6.610382565935449817e-01
-2.640407896895052176e+00
-6.660738283242507052e+00
-2.187329260713200885e+00
-5.568444068465568941e-01
-8.813668937785225310e+00
-3.341042480729289998e+00
8.362871494258644622e-01
-7.954137622908401539e+00
-3.043127026855667161e+00
-3.951073309079962403e-02
-5.486853656662456835e+00
-3.816594605632963599e+00
-7.850455794116562025e-01
-7.878262461434423436e+00
-3.915970005178210034e+00
-2.843130155797656267e-01
-6.753405493630060263e+00
-1.687169425018607005e-01
-4.922553934883159066e+00
-3.154022384011972768e+00
-6.009358442915221588e+00
-8.296291509473353587e-01
-6.879569145206114733e+00
-3.206312975026132328e+00
-6.184284815496595478e+00
-2.552439385952767203e+00
-5.462510803036032314e+00
-9.691561424588535090e-01
-7.408116363421861195e+00
-1.958448884118785482e+00
-6.296468437606803192e+00
-2.282479916969614830e+00
-7.204312645288645456e+00
-1.770628761888863201e+00
-5.633943818827792605e+00
-2.296058039291589026e+00
-5.288637410787582205e+00
-2.273609154154141443e+00
-3.142153703700508949e+00
-3.076854388438760690e+00
-2.562815544839564197e+00
-2.487484774392029419e+00
-2.868414214974589260e+00
-3.430926552231170934e+00
-3.454610168428933203e+00
-3.148197455660873167e+00
-2.951274954526240002e+00
-1.477551225339667207e+00
-4.473261891067064511e+00
-3.953914683446028810e+00
1.295822960675461433e+00
-3.639893992389580557e+00
-2.979357489710750873e+00
1.611758207307351753e+00
-5.160700837350638004e+00
-2.330844400521894233e+00
-2.693250389254254196e-01
-4.414147959986040703e+00
-2.908094913829036177e+00
-2.662840637497148610e-01
