1.878915479392046395e+00 1.878915479392046395e+00 1.878915479392046395e+00
1.900095807570392648e+00 1.900095807570392648e+00 1.900095807570392648e+00
1.812642814101488753e+00 1.812642814101488753e+00 1.812642814101488753e+00
1.563399391135086969e+00 1.563399391135086969e+00 1.563399391135086969e+00
1.840380179194317511e+00 1.840380179194317511e+00 1.840380179194317511e+00
1.597669867200905092e+00 1.597669867200905092e+00 1.597669867200905092e+00
1.700141363575190079e+00 1.700141363575190079e+00 1.700141363575190079e+00
1.873567117381421232e+00 1.873567117381421232e+00 1.873567117381421232e+00
1.622338288104625992e+00 1.622338288104625992e+00 1.622338288104625992e+00
1.770848536020932951e+00 1.770848536020932951e+00 1.770848536020932951e+00
1.823048260631112027e+00 1.823048260631112027e+00 1.823048260631112027e+00
1.828691995394026826e+00 1.828691995394026826e+00 1.828691995394026826e+00
1.837997214169289961e+00 1.837997214169289961e+00 1.837997214169289961e+00
1.726932291351668258e+00 1.726932291351668258e+00 1.726932291351668258e+00
1.679298956524508668e+00 1.679298956524508668e+00 1.679298956524508668e+00
1.719399788713352972e+00 1.719399788713352972e+00 1.719399788713352972e+00
1.569213178786794893e+00 1.569213178786794893e+00 1.569213178786794893e+00
1.530222217681868502e+00 1.530222217681868502e+00 1.530222217681868502e+00
1.802933058377196529e+00 1.802933058377196529e+00 1.802933058377196529e+00
1.883335638382257038e+00 1.883335638382257038e+00 1.883335638382257038e+00
1.693219888696590569e+00 1.693219888696590569e+00 1.693219888696590569e+00
1.855984595581107843e+00 1.855984595581107843e+00 1.855984595581107843e+00
1.810833123297352021e+00 1.810833123297352021e+00 1.810833123297352021e+00
1.569546710808185974e+00 1.569546710808185974e+00 1.569546710808185974e+00
1.783515576180338069e+00 1.783515576180338069e+00 1.783515576180338069e+00
