-7.319267622227561887e+00
-3.352637314039675687e+00
-5.316139248626869040e+00
-5.387126095178331298e+00
-4.252251497812675751e+00
-6.785217203479270154e-01
-6.595405513480264048e+00
-1.789737550499517438e+00
9.719289919484884743e-01
-8.000000000000000000e+00
-1.394668816945652923e+00
-6.011021656131606328e+00
-3.738530442650995766e+00
-5.395227583389328174e-01
-4.000000000000000000e+00
-1.852811786780496961e+00
-8.596107525514855574e-01
-7.402736356836915554e+00
-1.461511294463227584e+00
1.031888040640807747e+00
-5.971134465208733033e+00
-3.799411128008169047e+00
-9.011079631910986265e+00
-3.405896115022824411e+00
-4.322043767654205615e-01
-5.070731216649525308e+00
-4.748595462356581365e+00
-6.627191125201286503e+00
-2.382801138072073499e+00
-8.744587928244374808e+00
-1.923834575472170405e+00
-2.375003738800922082e-01
-7.388463706080589333e+00
-3.678389856693201843e+00
-1.234014067740026643e+00
-4.726982517870078837e+00
-6.957226410278833928e-01
1.026391681982302462e+00
-5.047746884491234987e+00
-2.826868342861694305e+00
-1.426400538837436782e-01
-6.880293012030676891e+00
-4.404592415027116736e+00
-1.534147985729522601e-02
-8.329273522675680885e-01
-4.430714516809435288e+00
-8.415949349547561908e+00
-2.860270176202770909e+00
-2.000000000000000000e+00
-6.931439905559760639e+00
-1.709882066540238332e+00
-1.481209213304085059e+00
-7.393982072551534834e+00
-2.802335534482098378e+00
-1.214661596858907622e+00
-5.761278107558887918e+00
-2.585463149381015846e+00
-7.257136060620837936e-01
-6.364987772226735174e+00
-1.850254547242286662e+00
-1.923541018840130290e+00
-6.920248654842676928e+00
-2.210247414425444923e+00
-6.437773312188273422e+00
-2.426316161453472731e+00
-8.000000000000000000e+00
-2.990175391915956382e+00
-5.534196093548751527e+00
-2.827862504174816216e+00
-8.000000000000000000e+00
-8.276991049224541319e-02
-7.416845923150467534e+00
-7.787527907193900756e-01
-7.592401182667257942e+00
-8.259059443317714466e-01
-4.736506074187587956e+00
-1.584254008142669479e+00
-6.862198227439616716e+00
-1.481278957996062129e+00
-6.863361061097643656e+00
-1.576534977511135027e+00
-2.922551818700201753e+00
-2.924132802455829516e+00
-3.683666664850967720e+00
-1.960220045327702332e+00
-4.297925807859821923e+00
-2.226371924338080621e+00
-3.415106750751766285e+00
-4.262356858239445323e+00
-4.884917705692655154e+00
-2.359889376266165240e+00
-3.171630254561825790e+00
-4.493134819649525546e+00
-5.843961464565361474e+00
-3.926425149588371966e+00
1.338346063734711544e+00
-4.376224031987252516e+00
-2.738428495831485510e+00
1.121069094598742488e+00
-2.544068022635552317e+00
-3.951999593080205209e+00
-1.830542885088763949e-01
-4.505669813296908188e+00
-2.941381731059029114e+00
2.923527295652523783e-01
