1.538009853969544150e+00 1.538009853969544150e+00 1.538009853969544150e+00
1.434069134413749946e+00 1.434069134413749946e+00 1.434069134413749946e+00
1.473939876764162493e+00 1.473939876764162493e+00 1.473939876764162493e+00
1.463100676043044501e+00 1.463100676043044501e+00 1.463100676043044501e+00
1.589922591219546710e+00 1.589922591219546710e+00 1.589922591219546710e+00
1.395755003640880343e+00 1.395755003640880343e+00 1.395755003640880343e+00
1.547552604593042558e+00 1.547552604593042558e+00 1.547552604593042558e+00
1.366735666339325528e+00 1.366735666339325528e+00 1.366735666339325528e+00
1.441770718644750371e+00 1.441770718644750371e+00 1.441770718644750371e+00
1.352047789833322966e+00 1.352047789833322966e+00 1.352047789833322966e+00
1.394503334701729269e+00 1.394503334701729269e+00 1.394503334701729269e+00
1.442689939427123536e+00 1.442689939427123536e+00 1.442689939427123536e+00
1.581025686738629865e+00 1.581025686738629865e+00 1.581025686738629865e+00
1.503374805212857268e+00 1.503374805212857268e+00 1.503374805212857268e+00
1.495059147709843383e+00 1.495059147709843383e+00 1.495059147709843383e+00
1.371143777049489421e+00 1.371143777049489421e+00 1.371143777049489421e+00
1.496065946749486564e+00 1.496065946749486564e+00 1.496065946749486564e+00
1.434085788277615237e+00 1.434085788277615237e+00 1.434085788277615237e+00
1.461648806841490789e+00 1.461648806841490789e+00 1.461648806841490789e+00
1.487419758818741222e+00 1.487419758818741222e+00 1.487419758818741222e+00
1.510749786253312799e+00 1.510749786253312799e+00 1.510749786253312799e+00
1.408391926461467936e+00 1.408391926461467936e+00 1.408391926461467936e+00
1.421947561634721469e+00 1.421947561634721469e+00 1.421947561634721469e+00
1.441700580927170794e+00 1.441700580927170794e+00 1.441700580927170794e+00
1.409194320470112505e+00 1.409194320470112505e+00 1.409194320470112505e+00
