-7.295121844704932634e+00
-4.478759166288186933e+00
-6.295360630038647543e+00
-5.664620967433270593e+00
-3.716928048773074256e+00
5.519648093435631786e-01
-5.072481660329348330e+00
-2.894312118195797368e+00
2.856281696616357058e-02
-5.758532898977898995e+00
-2.910165232944565528e+00
-6.972978184062228912e+00
-1.115321405208472783e+00
0.000000000000000000e+00
-3.101240276911452209e+00
-1.220750440551226834e+00
-3.271948885500012061e+00
-5.208676107187399928e+00
-4.359852673077577734e+00
-2.752585014973778499e-01
-8.523159721762141317e+00
-3.270555562277883244e+00
-8.225063659823485196e+00
-4.097427947337404674e+00
-3.975430202738912122e-01
-5.087589815837500140e+00
-2.371942306671795730e+00
-5.900663221439207184e+00
-4.021088889871309746e+00
-5.561176465182482431e+00
-3.817938494510661140e+00
-2.000000000000000000e+00
-6.067914293645073620e+00
-3.137586176746638866e+00
-1.014466907071548407e-02
-5.031577701449004181e+00
-2.682092946232370156e+00
2.000000000000000000e+00
-6.823853529178156130e+00
-4.124866600390618032e+00
2.863654506588179105e-01
-7.041361015859044947e+00
-3.232054851739300627e+00
1.779411098829229543e+00
-1.233174857388868340e+00
-3.733182038683752868e+00
-6.884320361142626687e+00
-1.531131308539281699e+00
-2.469300815344686040e-01
-6.601353719512037088e+00
-3.273646497629910446e+00
6.469000897957233320e-02
-7.663638664796279087e+00
-3.043279952497438767e+00
6.515769470024992405e-01
-5.797609882205707166e+00
-3.841701822557864077e+00
-5.192234154088141151e-01
-8.085150585449904170e+00
-2.744057131113983417e+00
1.822255548228281619e+00
-5.997280911180994600e+00
-2.651355223772559611e-01
-6.185183065291197657e+00
-7.683281376302755206e-01
-4.403229029645680193e+00
-3.257932562448731417e+00
-5.078835917183877058e+00
-1.551463646252650319e+00
-7.111336566281354798e+00
-9.780799764510934580e-01
-6.983379966083188783e+00
-6.841448922703032842e-01
-7.329452940217159984e+00
-1.775493937884435658e+00
-6.169085948987621748e+00
-1.542185902209560311e+00
-5.680831835979310185e+00
-4.000000000000000000e+00
-6.862162101643460410e+00
-7.685151691664899865e-01
-3.211674679210572592e+00
-2.185406687644316559e+00
-2.855538487965845196e+00
-2.836336937891922538e+00
-3.768897001837773431e+00
-1.189889344765163504e+00
-2.695303146591432775e+00
-2.659715897986723920e+00
-1.690196149515636570e+00
-1.830998910375422506e+00
-4.340041107260528719e+00
-1.700847855047157520e+00
-4.968785599330371561e+00
-3.910384005377721905e+00
9.254615968436719076e-01
-2.769149724353435538e+00
-3.646599808835531586e+00
2.471477745386382985e+00
-4.097574442920357107e+00
-3.702382680275296600e+00
-3.514206362781082671e-01
-3.346707968765829655e+00
-2.417290634919863734e+00
2.197933146919604841e+00
