-6.302275076742985149e+00
-4.154750055098660688e+00
-5.439874127961201289e+00
-5.195793691697040195e+00
-2.532835806007192936e+00
1.234343597913827306e+00
-6.611685020594348927e+00
-2.232887780870248751e+00
3.663021452984652759e-01
-5.850184624263027544e+00
-2.712128620056730721e+00
-4.000000000000000000e+00
-4.691702470454888640e+00
0.000000000000000000e+00
-2.177507564867152912e+00
-2.986399758427735751e+00
-2.353146116372186736e+00
-4.301029995663981254e+00
-2.774552586810409061e+00
9.607530775534682821e-01
-6.821706799670837817e+00
-3.699791805172990333e+00
-7.378652988388677336e+00
-2.945381701558125620e+00
6.917248850634168944e-01
-5.367818471609894004e+00
-2.196992813690981983e+00
-3.332988775567294226e+00
-3.428873021431151358e+00
-7.842998831867017628e+00
-4.097045217084929192e+00
-1.507761674966818122e+00
-4.668489719034033314e+00
-2.592498195455821275e+00
-2.148780685360178300e+00
-6.029805878807107611e+00
-5.228710658796952293e-01
2.627890056280779985e-01
-5.603503451729355156e+00
-1.809221249147582977e+00
1.503787280718571040e+00
-8.426180838058622058e+00
-3.067254637175045762e+00
4.828300464583434870e-01
-1.081957632314227036e+00
-3.147479367227009384e+00
-5.495169527136625653e+00
-1.776876254780292319e+00
1.716327206940652661e-01
-6.253080837402402281e+00
-1.716983819226298280e+00
-2.376301837129810579e-01
-6.186689193384553143e+00
-3.758183902546274879e+00
-1.391901143661189666e+00
-6.521353352315840013e+00
-3.462885684280081033e+00
2.769276450451100824e-01
-6.512138738444639863e+00
-1.062905028679317798e+00
1.489897770434677637e+00
-4.886027808312086940e+00
-2.266009612985880661e+00
-5.569681336003340810e+00
-2.060260907417382548e+00
-4.677139759416740539e+00
-2.691934966441116739e+00
-5.771249465590179817e+00
-2.656116920263436043e+00
-6.510939458983727945e+00
-4.959502516870559208e-01
-4.381407747714556322e+00
-2.725447814196389817e+00
-5.217332964225549929e+00
-3.535783054590578178e+00
-6.297128356731233723e+00
-4.419115910672303804e-01
-5.114116414789208420e+00
-1.370300455247526195e+00
-7.340266952080587437e+00
-2.311921004598197271e+00
-2.354885553572162671e+00
-4.137357349978601384e+00
-2.314982276668529071e+00
-2.569409378808667377e+00
-3.523127955048379611e+00
-5.000000000000000000e+00
-5.054191109619922351e+00
-4.419572554623957039e+00
-3.811680224766533787e+00
-2.281232053450973130e+00
-4.591039095458758545e+00
-4.732261312532259900e+00
-3.142831593052216821e+00
-2.525156159792993016e+00
8.216897680306572971e-02
-4.261924474580155220e+00
-1.000000000000000000e+00
1.517128376989252958e+00
-4.552758188268072104e+00
-4.186787113727232779e+00
6.609887349199325968e-01
-6.137811237704113410e+00
-2.271623687281633774e+00
-7.572634122215240460e-01
