2.180230946812243831e-01 2.180230946812243831e-01 2.180230946812243831e-01
1.153900522833913589e-01 1.153900522833913589e-01 1.153900522833913589e-01
1.610640034632096762e-01 1.610640034632096762e-01 1.610640034632096762e-01
1.203961903408966166e-01 1.203961903408966166e-01 1.203961903408966166e-01
9.243049373118439327e-02 9.243049373118439327e-02 9.243049373118439327e-02
1.533553387470258655e-01 1.533553387470258655e-01 1.533553387470258655e-01
1.492690635346844152e-01 1.492690635346844152e-01 1.492690635346844152e-01
1.407876031284594487e-01 1.407876031284594487e-01 1.407876031284594487e-01
1.979683338995240627e-01 1.979683338995240627e-01 1.979683338995240627e-01
1.485074629489058773e-01 1.485074629489058773e-01 1.485074629489058773e-01
1.509799291296313184e-01 1.509799291296313184e-01 1.509799291296313184e-01
1.727619298742953946e-01 1.727619298742953946e-01 1.727619298742953946e-01
1.139006235598649941e-01 1.139006235598649941e-01 1.139006235598649941e-01
1.363276196705365817e-01 1.363276196705365817e-01 1.363276196705365817e-01
1.994526686900714441e-01 1.994526686900714441e-01 1.994526686900714441e-01
1.345103608359941583e-01 1.345103608359941583e-01 1.345103608359941583e-01
1.389468306718428803e-01 1.389468306718428803e-01 1.389468306718428803e-01
1.056039403596042425e-01 1.056039403596042425e-01 1.056039403596042425e-01
1.917884493783365285e-01 1.917884493783365285e-01 1.917884493783365285e-01
1.241505047696919856e-01 1.241505047696919856e-01 1.241505047696919856e-01
1.579819388916288425e-01 1.579819388916288425e-01 1.579819388916288425e-01
9.603274205697343024e-02 9.603274205697343024e-02 9.603274205697343024e-02
7.446031349233243890e-02 7.446031349233243890e-02 7.446031349233243890e-02
1.199759955860185967e-01 1.199759955860185967e-01 1.199759955860185967e-01
1.736821466781692525e-01 1.736821466781692525e-01 1.736821466781692525e-01
