-6.658416381255258365e+00
-1.692118126670072886e+00
-5.946260583888014928e+00
-7.999091010396348622e+00
-3.351313100919386390e+00
-2.651286921132408603e-01
-6.876080945982503856e+00
-1.604671247140980084e+00
1.160623719081156802e+00
-6.345760366083636583e+00
-1.744355265346233530e+00
-5.170159752495472105e+00
-2.501090796075932321e+00
-1.234370960886761237e+00
-3.353419729759862911e+00
-1.787760214470970555e+00
-2.270702857610241487e+00
-5.553859785886823275e+00
-2.228368964221626669e+00
-3.393962526136357072e-02
-6.520733791391385203e+00
-3.724771916629872948e+00
-8.443841637502028874e+00
-3.711681427843838144e+00
-5.494723880831176022e-01
-5.967372324498009917e+00
-2.416501872548760144e+00
-3.154901959985743076e+00
-3.223080102783663303e+00
-6.948601275681308920e+00
-2.286798647379423066e+00
-5.738990067259637229e-01
-6.951679404696885278e+00
-4.043665849687896774e+00
-3.903497155711175282e-01
-6.556174101767086704e+00
-1.985457682806402557e+00
1.450025494927380532e-01
-4.540247476913088498e+00
-3.164991937539509248e+00
-9.736589449886495773e-01
-7.582229387673929288e+00
-2.546549817960306328e+00
7.355286611873921299e-01
-7.211355956140736989e-01
-2.206738046342037407e+00
-6.966269694413997016e+00
-3.372141957082033681e+00
-3.949112048702693722e-01
-6.771015539709936526e+00
-3.915513956795289907e+00
-3.156988081006223412e-01
-6.723336482541555803e+00
-2.443346739288420277e+00
-1.064866531219104684e-01
-6.937050747074463786e+00
-1.332566065936009903e+00
6.666038281933470699e-01
-7.849906671004279524e+00
-3.259970323496803601e+00
4.599997309258600509e-01
-6.358655186667321324e+00
-3.147048430737748870e-01
-6.575414342624186226e+00
-1.689830452806239336e+00
-6.231883134896986753e+00
-2.405724672570359601e+00
-6.690317817598330663e+00
-2.262152113161693290e+00
-4.634715279556055556e+00
-1.953659770125697692e+00
-6.238086181550318798e+00
-1.363820760659686826e+00
-5.655443637189562445e+00
-2.372750474458213965e+00
-6.831614723574983117e+00
-1.630821991879393140e+00
-6.549369382014025298e+00
-1.920908858885106874e+00
-5.214157441696388950e+00
-1.455536310684379275e+00
-4.174064904643568497e+00
-2.383066021477106666e+00
-3.136068384353740690e+00
-2.170004637916516987e+00
-3.245070207996287426e+00
-3.326659640297397136e+00
-4.484874524142201224e+00
-2.684374732349678716e+00
-2.378763203041739160e+00
-3.634403029395793627e+00
-4.153076583962353574e+00
-2.567379034356035206e+00
-4.245208946511959347e+00
-3.192051145146020286e+00
1.260894358345044930e+00
-4.611001422980351094e+00
-2.511564069538278154e+00
5.486415378387997643e-01
-3.122501481477402585e+00
-2.672354913382979369e+00
4.025863901206648832e-01
-4.717844904220289237e+00
-1.759389904009860395e+00
7.749017175570312999e-01
