2.552333198016057958e-01 2.552333198016057958e-01 2.552333198016057958e-01
3.400969811196873360e-01 3.400969811196873360e-01 3.400969811196873360e-01
2.044727180721789828e-01 2.044727180721789828e-01 2.044727180721789828e-01
2.713350450597692420e-01 2.713350450597692420e-01 2.713350450597692420e-01
2.325547733416251650e-01 2.325547733416251650e-01 2.325547733416251650e-01
2.189693014068522237e-01 2.189693014068522237e-01 2.189693014068522237e-01
3.163956892506035179e-01 3.163956892506035179e-01 3.163956892506035179e-01
2.594202593947868563e-01 2.594202593947868563e-01 2.594202593947868563e-01
2.875174246286671398e-01 2.875174246286671398e-01 2.875174246286671398e-01
1.896911499643637866e-01 1.896911499643637866e-01 1.896911499643637866e-01
4.645132346233111220e-01 4.645132346233111220e-01 4.645132346233111220e-01
3.355515506569310968e-01 3.355515506569310968e-01 3.355515506569310968e-01
3.301873565597702176e-01 3.301873565597702176e-01 3.301873565597702176e-01
3.283185076293394511e-01 3.283185076293394511e-01 3.283185076293394511e-01
3.326675823820997024e-01 3.326675823820997024e-01 3.326675823820997024e-01
4.209742361538878486e-01 4.209742361538878486e-01 4.209742361538878486e-01
2.433733204030468222e-01 2.433733204030468222e-01 2.433733204030468222e-01
1.829946589832087411e-01 1.829946589832087411e-01 1.829946589832087411e-01
3.782676744205679675e-01 3.782676744205679675e-01 3.782676744205679675e-01
3.545476408444516725e-01 3.545476408444516725e-01 3.545476408444516725e-01
3.430780856629874753e-01 3.430780856629874753e-01 3.430780856629874753e-01
5.368309526438048707e-01 5.368309526438048707e-01 5.368309526438048707e-01
1.924152638180834374e-01 1.924152638180834374e-01 1.924152638180834374e-01
2.642301651829043752e-01 2.642301651829043752e-01 2.642301651829043752e-01
3.160836203971203462e-01 3.160836203971203462e-01 3.160836203971203462e-01
