3.101864624241951751e-01 3.101864624241951751e-01 3.101864624241951751e-01
7.258734844129154595e+00 7.258734844129154595e+00 7.258734844129154595e+00
2.911295384470644620e-01 2.911295384470644620e-01 2.911295384470644620e-01
4.018051173351641081e-01 4.018051173351641081e-01 4.018051173351641081e-01
2.245197449747492513e+01 2.245197449747492513e+01 2.245197449747492513e+01
3.933764250196700174e-01 3.933764250196700174e-01 3.933764250196700174e-01
3.057530879401636481e-01 3.057530879401636481e-01 3.057530879401636481e-01
3.889849571491224567e-01 3.889849571491224567e-01 3.889849571491224567e-01
3.481234809639285332e-01 3.481234809639285332e-01 3.481234809639285332e-01
4.176265817549532078e-01 4.176265817549532078e-01 4.176265817549532078e-01
1.964001487962473647e+01 1.964001487962473647e+01 1.964001487962473647e+01
3.655092455494776127e-01 3.655092455494776127e-01 3.655092455494776127e-01
4.323762251476699903e-01 4.323762251476699903e-01 4.323762251476699903e-01
3.695960000497661158e-01 3.695960000497661158e-01 3.695960000497661158e-01
2.970118313795045428e-01 2.970118313795045428e-01 2.970118313795045428e-01
4.807241203819356823e-01 4.807241203819356823e-01 4.807241203819356823e-01
2.410143014723003674e+01 2.410143014723003674e+01 2.410143014723003674e+01
3.539070567588871730e-01 3.539070567588871730e-01 3.539070567588871730e-01
1.740976394751879042e+01 1.740976394751879042e+01 1.740976394751879042e+01
2.730784410683501084e-01 2.730784410683501084e-01 2.730784410683501084e-01
3.811896440875130465e-01 3.811896440875130465e-01 3.811896440875130465e-01
3.163627261675651114e-01 3.163627261675651114e-01 3.163627261675651114e-01
2.984648038692936378e-01 2.984648038692936378e-01 2.984648038692936378e-01
3.882169357814768684e-01 3.882169357814768684e-01 3.882169357814768684e-01
3.740529608989560106e-01 3.740529608989560106e-01 3.740529608989560106e-01
