3.583055607074466797e-01 3.583055607074466797e-01 3.583055607074466797e-01
3.394257436189074828e-01 3.394257436189074828e-01 3.394257436189074828e-01
3.747102684105029224e-01 3.747102684105029224e-01 3.747102684105029224e-01
4.087499511525660711e-01 4.087499511525660711e-01 4.087499511525660711e-01
5.520368273883627941e-01 5.520368273883627941e-01 5.520368273883627941e-01
4.400061778474826935e-01 4.400061778474826935e-01 4.400061778474826935e-01
4.381165628393088873e-01 4.381165628393088873e-01 4.381165628393088873e-01
4.110514817044688685e-01 4.110514817044688685e-01 4.110514817044688685e-01
5.377296755792451144e-01 5.377296755792451144e-01 5.377296755792451144e-01
4.529644766320867211e-01 4.529644766320867211e-01 4.529644766320867211e-01
5.512348955749198920e-01 5.512348955749198920e-01 5.512348955749198920e-01
3.677487842810749363e-01 3.677487842810749363e-01 3.677487842810749363e-01
5.065440272903860564e-01 5.065440272903860564e-01 5.065440272903860564e-01
4.835363211207617251e-01 4.835363211207617251e-01 4.835363211207617251e-01
4.559067735157397161e-01 4.559067735157397161e-01 4.559067735157397161e-01
2.809510797483793509e-01 2.809510797483793509e-01 2.809510797483793509e-01
5.229936739698379800e-01 5.229936739698379800e-01 5.229936739698379800e-01
3.326115377022660358e-01 3.326115377022660358e-01 3.326115377022660358e-01
4.660911167399624522e-01 4.660911167399624522e-01 4.660911167399624522e-01
6.122641063740110745e-01 6.122641063740110745e-01 6.122641063740110745e-01
5.351355433976494602e-01 5.351355433976494602e-01 5.351355433976494602e-01
2.357649602592024052e-01 2.357649602592024052e-01 2.357649602592024052e-01
4.937896055279749064e-01 4.937896055279749064e-01 4.937896055279749064e-01
4.700195113010041115e-01 4.700195113010041115e-01 4.700195113010041115e-01
4.854816462500559093e-01 4.854816462500559093e-01 4.854816462500559093e-01
