1.477064985453249435e-01 1.477064985453249435e-01 1.477064985453249435e-01
1.408104843152846730e-01 1.408104843152846730e-01 1.408104843152846730e-01
2.481392226132111134e-01 2.481392226132111134e-01 2.481392226132111134e-01
1.863036242945478316e-01 1.863036242945478316e-01 1.863036242945478316e-01
2.537818290922475573e-01 2.537818290922475573e-01 2.537818290922475573e-01
1.532574590337383857e-01 1.532574590337383857e-01 1.532574590337383857e-01
2.768447478680081120e-01 2.768447478680081120e-01 2.768447478680081120e-01
1.793199266298751426e-01 1.793199266298751426e-01 1.793199266298751426e-01
1.285847125565205140e-01 1.285847125565205140e-01 1.285847125565205140e-01
1.866957748988823940e-01 1.866957748988823940e-01 1.866957748988823940e-01
1.886998821630906931e-01 1.886998821630906931e-01 1.886998821630906931e-01
1.512722896235592918e-01 1.512722896235592918e-01 1.512722896235592918e-01
1.408244887443374227e-01 1.408244887443374227e-01 1.408244887443374227e-01
2.022385110757566884e-01 2.022385110757566884e-01 2.022385110757566884e-01
2.220332894658247624e-01 2.220332894658247624e-01 2.220332894658247624e-01
1.879478392447949675e-01 1.879478392447949675e-01 1.879478392447949675e-01
1.899101826542184956e-01 1.899101826542184956e-01 1.899101826542184956e-01
1.714562420403037690e-01 1.714562420403037690e-01 1.714562420403037690e-01
1.608411073521291978e-01 1.608411073521291978e-01 1.608411073521291978e-01
2.319262053770861920e-01 2.319262053770861920e-01 2.319262053770861920e-01
2.077981744163391320e-01 2.077981744163391320e-01 2.077981744163391320e-01
1.916667062929426624e-01 1.916667062929426624e-01 1.916667062929426624e-01
1.935017423963178163e-01 1.935017423963178163e-01 1.935017423963178163e-01
2.535852577286576981e-01 2.535852577286576981e-01 2.535852577286576981e-01
1.673772439580661353e-01 1.673772439580661353e-01 1.673772439580661353e-01
