-5.980508956006788779e+00
-3.931176944448342425e+00
-4.760346664058024757e+00
-5.914617968453304897e+00
-1.242226691698478991e+00
-5.531827854861454119e-02
-6.669673780258881024e+00
-3.209093551662533184e+00
9.458747945055600015e-01
-5.990247564317841444e+00
-2.862233720253862135e+00
-4.605832686639985241e+00
-4.208128201701047288e+00
-2.424709207812923983e-01
-4.000000000000000000e+00
-2.564475982855179303e+00
-1.683630144352124880e+00
-7.008557166741455902e+00
-1.583138524254779078e+00
-7.366997042149819874e-01
-8.022919999874345010e+00
-3.190709979280879516e+00
-6.560225591725411753e+00
-2.186088642475583210e+00
1.054753661350259053e+00
-5.667119004894234813e+00
-3.902450630440646773e+00
-6.168006152655353347e+00
-4.352238643095081017e+00
-7.324653825467065893e+00
-3.513255870906429656e+00
3.884945936003973976e-01
-5.290368443971622980e+00
-3.250722995108520585e+00
-1.357543722258654606e+00
-6.181555698968939083e+00
-2.461168583033467971e+00
-8.595680524734354844e-01
-5.836735431791145068e+00
-3.853601397353046742e+00
-4.076282629143380132e-01
-7.627735858746919284e+00
-2.217477793659898833e+00
-2.162311816531277964e-01
1.287376879632815274e-01
-2.494730990711077290e+00
-6.234236779506145076e+00
-3.253143903303352680e+00
4.203303225223380957e-01
-5.503465102725191294e+00
-1.000000000000000000e+00
-3.964274023652268886e-01
-8.311155957799259753e+00
-2.063576159345771099e+00
-7.851203013281421450e-01
-9.000000000000000000e+00
-3.214391714861839944e+00
-5.617710439466394590e-02
-6.378254098142318362e+00
-2.582233094459624567e+00
4.046374932417532433e-01
-6.818164973424925002e+00
-2.057848587587011835e+00
-7.324763515804341374e+00
-1.719240104619193188e+00
-4.598776133557434420e+00
-2.190978966419328877e+00
-4.387480675809442232e+00
-8.005803046220332231e-01
-6.206840263317289441e+00
-2.012098223512083006e+00
-5.828355899707024612e+00
-1.346173754608351647e+00
-5.649897804846486515e+00
-1.800473094367230242e+00
-5.860325283008529951e+00
-2.379501688604146903e+00
-6.474471397438277265e+00
-2.548991954519558067e+00
-5.319759274757132061e+00
-8.166265307608725488e-01
-3.845267029364119349e+00
-3.352790978317566672e+00
-3.053174892600020396e+00
-4.405661909942774734e+00
-5.362653007304597708e+00
-3.065465699454750226e+00
-3.718458746304917906e+00
-3.505341874727528229e+00
-5.375902994147905289e+00
-2.627996904809843493e+00
-4.517346548282596075e+00
-2.569674501265380329e+00
-3.154161759155182487e+00
-3.120928109495440417e+00
4.520729778874382210e-01
-4.536866706920801739e+00
-3.516547994165257762e+00
1.376836553755190984e+00
-3.567297739620071795e+00
-3.270357228210635014e+00
7.933852313659562894e-01
-4.499563228534260162e+00
-3.312652939055117152e+00
6.062598151065166086e-01
