-6.271621991231673299e+00
-2.185110644973101035e+00
-5.470723049262680604e+00
-7.531034946181672574e+00
-2.696146894953064255e+00
-1.088337284897354929e+00
-5.361496349970759745e+00
-3.765162348886796906e+00
1.941164619520991064e+00
-5.216858063322634464e+00
-4.559582392661944539e+00
-7.308632330474182481e+00
-3.335327126722411162e+00
-2.061018573487474193e-01
-3.429576524254172920e+00
-3.309604847990381238e+00
-3.596038356880775666e+00
-7.711153380354555331e+00
-2.358747027543108832e+00
1.641264982996705646e+00
-6.086246849588250463e+00
-1.323480165660366970e+00
-9.184037463936524759e+00
-4.737240780103272542e+00
1.338594422514929105e+00
-4.743529583908347114e+00
-4.417014638879053656e+00
-6.636843751357749177e+00
-4.473244185074493728e+00
-6.029355829155877089e+00
-2.478595679217296954e+00
1.681922288908679120e+00
-7.146222672071933069e+00
-3.602006041546348403e+00
-2.580327908512324075e+00
-5.736923478700729717e+00
-1.510538232519478496e+00
9.773871726680856131e-01
-6.160194230261722304e+00
-4.995398768911160303e+00
-7.959487773212921002e-01
-8.217096341612959876e+00
-3.730741404014649376e+00
-1.217972472297498721e+00
-1.450641573684926799e-01
-2.576593877548611466e+00
-8.695198799449499916e+00
-4.335138662402179044e+00
-4.817867906959760749e-01
-7.797622030939420412e+00
-2.990049841902201244e+00
-1.050145528655140215e+00
-6.532265318378288832e+00
-4.004584320896750427e+00
5.783683654477972391e-02
-6.789668703813840800e+00
-3.964968907839087287e+00
-2.110954222174580286e-01
-5.374583454622573697e+00
-1.368300125464245509e+00
8.480725177739145693e-01
-6.581173207955391291e+00
-6.597963730117795134e-01
-6.095792708774248503e+00
-3.237734951443803855e+00
-5.159800323594274651e+00
-2.956857100274187911e+00
-6.200281486231650874e+00
-4.000000000000000000e+00
-4.820046416233126685e+00
-1.267012307461730547e+00
-4.365486220572192266e+00
-3.066140552496022131e+00
-7.771719213012802996e+00
-2.796564212721302844e+00
-7.537048321593846190e+00
-2.566749414691368303e-01
-5.430057087482378364e+00
-3.771637480568086787e+00
-6.887850252769334602e+00
-1.835680525113600359e+00
-4.664998201988119320e+00
-3.088911764548429861e+00
-2.629527883322366311e+00
-4.095039472002190095e+00
-5.170251089678268741e+00
-3.452780452030871583e+00
-5.146247126657715221e+00
-3.739848772035927915e+00
-3.287102452804933961e+00
-1.726493645268749599e+00
-4.071239568118123486e+00
-4.168078939613518052e+00
-4.579459658756348972e+00
-4.271213293252424492e+00
3.028914139449677134e-01
-5.956543086083607719e+00
-4.574178390994284804e+00
2.404604129073917296e+00
-4.012003968115355867e+00
-1.000000000000000000e+00
2.185722701083760988e+00
-3.960937599964785338e+00
-2.886673751624964090e+00
1.454119638285168659e+00
