4.725176070950715679e-01 4.725176070950715679e-01 4.725176070950715679e-01
3.532107417349827361e-01 3.532107417349827361e-01 3.532107417349827361e-01
3.407631862500752895e-01 3.407631862500752895e-01 3.407631862500752895e-01
5.393371984491311943e-01 5.393371984491311943e-01 5.393371984491311943e-01
5.020308286188062130e-01 5.020308286188062130e-01 5.020308286188062130e-01
4.653583268603336265e-01 4.653583268603336265e-01 4.653583268603336265e-01
4.232277366529071938e-01 4.232277366529071938e-01 4.232277366529071938e-01
5.241614661205424852e-01 5.241614661205424852e-01 5.241614661205424852e-01
5.143527063097987906e-01 5.143527063097987906e-01 5.143527063097987906e-01
5.152556466208919606e-01 5.152556466208919606e-01 5.152556466208919606e-01
4.682146099028417496e-01 4.682146099028417496e-01 4.682146099028417496e-01
4.724256534448801892e-01 4.724256534448801892e-01 4.724256534448801892e-01
6.334259461142275338e-01 6.334259461142275338e-01 6.334259461142275338e-01
3.997101244000332287e-01 3.997101244000332287e-01 3.997101244000332287e-01
4.165547938271507711e-01 4.165547938271507711e-01 4.165547938271507711e-01
5.638126026411275360e-01 5.638126026411275360e-01 5.638126026411275360e-01
5.046569400289994123e-01 5.046569400289994123e-01 5.046569400289994123e-01
5.578368901036291350e-01 5.578368901036291350e-01 5.578368901036291350e-01
4.615081639020484627e-01 4.615081639020484627e-01 4.615081639020484627e-01
4.608565836205043009e-01 4.608565836205043009e-01 4.608565836205043009e-01
5.665241058002863372e-01 5.665241058002863372e-01 5.665241058002863372e-01
4.914315623905669561e-01 4.914315623905669561e-01 4.914315623905669561e-01
4.807650694884114673e-01 4.807650694884114673e-01 4.807650694884114673e-01
4.803018683941948086e-01 4.803018683941948086e-01 4.803018683941948086e-01
5.843969916202763626e-01 5.843969916202763626e-01 5.843969916202763626e-01
