1.427445225092085213e-01 1.427445225092085213e-01 1.427445225092085213e-01
2.985940905300538684e-01 2.985940905300538684e-01 2.985940905300538684e-01
1.259154155745384751e-01 1.259154155745384751e-01 1.259154155745384751e-01
2.312280277274176288e-01 2.312280277274176288e-01 2.312280277274176288e-01
1.124307761857232385e-01 1.124307761857232385e-01 1.124307761857232385e-01
2.216037086178005433e-01 2.216037086178005433e-01 2.216037086178005433e-01
1.832444935430773691e-01 1.832444935430773691e-01 1.832444935430773691e-01
2.384129866764230776e-01 2.384129866764230776e-01 2.384129866764230776e-01
1.697093024493000757e-01 1.697093024493000757e-01 1.697093024493000757e-01
1.915145936195176424e-01 1.915145936195176424e-01 1.915145936195176424e-01
1.790590697893939542e-01 1.790590697893939542e-01 1.790590697893939542e-01
1.629066649214441775e-01 1.629066649214441775e-01 1.629066649214441775e-01
1.648687655154961740e-01 1.648687655154961740e-01 1.648687655154961740e-01
2.128940814511095514e-01 2.128940814511095514e-01 2.128940814511095514e-01
1.770937754179172097e-01 1.770937754179172097e-01 1.770937754179172097e-01
2.102319640533923950e-01 2.102319640533923950e-01 2.102319640533923950e-01
2.306779277038602527e-01 2.306779277038602527e-01 2.306779277038602527e-01
1.434700570799969654e-01 1.434700570799969654e-01 1.434700570799969654e-01
1.266459495651627853e-01 1.266459495651627853e-01 1.266459495651627853e-01
1.311987017578388204e-01 1.311987017578388204e-01 1.311987017578388204e-01
1.428643783635886177e-01 1.428643783635886177e-01 1.428643783635886177e-01
1.738775018066527622e-01 1.738775018066527622e-01 1.738775018066527622e-01
2.397725521583489450e-01 2.397725521583489450e-01 2.397725521583489450e-01
1.939008595115763178e-01 1.939008595115763178e-01 1.939008595115763178e-01
1.655571402829896510e-01 1.655571402829896510e-01 1.655571402829896510e-01
