-5.478720799766322536e+00
-4.443593569105729557e+00
-5.479128102145504720e+00
-6.942984318105966501e+00
-3.085927816889715736e+00
-1.129740071560712877e+00
-5.105357987006320819e+00
-2.094044179186795862e+00
-6.618958864273385423e-01
-5.682067427960234340e+00
-3.485445660491675923e+00
-6.468953818807350764e+00
-2.515840544558851644e+00
-9.180160930824826648e-01
-3.465296284321237597e+00
-2.512011287548251204e+00
-2.618751397527652180e+00
-5.714878613861746004e+00
-1.054380663589467249e+00
-6.069085831530101061e-01
-8.292667999454968353e+00
-2.928647620820465924e+00
-7.508260297027335106e+00
-1.906731246655054557e+00
-1.087647406035403108e+00
-5.762826299281191389e+00
-3.569451898028245473e+00
-4.587021910588675588e+00
-4.689182967153175952e+00
-7.072554772710703652e+00
-3.325807854060768065e+00
-3.760436875826595471e-01
-6.817704159193961999e+00
-3.089832832703882204e+00
7.752577759716589023e-02
-6.131748359477793286e+00
-1.592115350549029529e+00
-3.551090713509378882e-01
-5.952270821973352000e+00
-2.625140059501780865e+00
4.618873167511894362e-01
-8.446495718754578164e+00
-3.135643520262873185e+00
3.225230615135413204e-01
8.628568774405320774e-03
-1.391697129347567063e+00
-7.777962523562569785e+00
-3.143691880689271745e+00
1.568537120652040429e-01
-7.751057450779888391e+00
-1.137339281915079381e+00
-1.519890268407092238e-01
-7.596739985442713561e+00
-4.526860105693132574e+00
-1.144287603411145104e+00
-7.325286204136815194e+00
-5.000000000000000000e+00
-7.391016023302462989e-02
-5.000000000000000000e+00
-2.921961072467358367e+00
-2.329579954828136790e-01
-8.000000000000000000e+00
-2.923256479843606925e+00
-6.813262601099860483e+00
-1.754306666654150915e+00
-4.740890709774874701e+00
-1.749761036030378136e+00
-6.811852765534795573e+00
-2.263811064931081862e+00
-7.195207249235350488e+00
-1.949491326595110152e+00
-7.295146576167347519e+00
-9.154339651875473827e-01
-4.000000000000000000e+00
-2.522018944863171352e+00
-4.727951299559584264e+00
-2.280535216870352322e+00
-5.344776103112748089e+00
-6.160367955084481428e-01
-5.741782579519169261e+00
-1.747411032066942482e+00
-2.688722622884788471e+00
-2.385917257712329320e+00
-3.682459599696509489e+00
-2.086600402745627747e+00
-1.987887694202191025e+00
-2.203805906968086425e+00
-4.530509599136795629e+00
-1.000000000000000000e+00
-3.179943669467724554e+00
-2.514368819573757907e+00
-4.001927652679185599e+00
-2.488013999641070839e+00
-5.795065058779585776e+00
-2.268090123027939775e+00
-6.613920449556778824e-02
-4.884389642784228158e+00
-3.477060433520641425e+00
1.308554841523857482e+00
-4.922205588935922194e+00
-3.591937041170082612e+00
1.307273554040048635e+00
-3.354680041543291136e+00
-1.119947793254102208e+00
1.242053996172006070e+00
