2.337311816523811869e-01 2.337311816523811869e-01 2.337311816523811869e-01
4.416512036001167818e-01 4.416512036001167818e-01 4.416512036001167818e-01
3.323233045530734064e-01 3.323233045530734064e-01 3.323233045530734064e-01
2.758054880304537937e-01 2.758054880304537937e-01 2.758054880304537937e-01
2.719023198981757594e-01 2.719023198981757594e-01 2.719023198981757594e-01
2.753131003267896837e-01 2.753131003267896837e-01 2.753131003267896837e-01
1.527867186986055503e-01 1.527867186986055503e-01 1.527867186986055503e-01
1.463040180127168632e-01 1.463040180127168632e-01 1.463040180127168632e-01
3.359905984321378547e-01 3.359905984321378547e-01 3.359905984321378547e-01
2.542131166244577800e-01 2.542131166244577800e-01 2.542131166244577800e-01
3.668062297028875651e-01 3.668062297028875651e-01 3.668062297028875651e-01
3.170106590518737000e-01 3.170106590518737000e-01 3.170106590518737000e-01
3.771187421674768725e-01 3.771187421674768725e-01 3.771187421674768725e-01
3.422577413132028568e-01 3.422577413132028568e-01 3.422577413132028568e-01
2.651605284385057937e-01 2.651605284385057937e-01 2.651605284385057937e-01
1.733095920139714752e-01 1.733095920139714752e-01 1.733095920139714752e-01
4.339624216721567618e-01 4.339624216721567618e-01 4.339624216721567618e-01
3.018907432477176966e-01 3.018907432477176966e-01 3.018907432477176966e-01
1.966667906332525972e-01 1.966667906332525972e-01 1.966667906332525972e-01
2.974778072114711014e-01 2.974778072114711014e-01 2.974778072114711014e-01
4.485234505925765891e-01 4.485234505925765891e-01 4.485234505925765891e-01
3.388054217401254564e-01 3.388054217401254564e-01 3.388054217401254564e-01
2.114025848033389277e-01 2.114025848033389277e-01 2.114025848033389277e-01
2.889360912981192020e-01 2.889360912981192020e-01 2.889360912981192020e-01
3.423152474790939204e-01 3.423152474790939204e-01 3.423152474790939204e-01
