-6.520516035422041945e+00
-2.116791318826291679e+00
-5.603145551749118880e+00
-5.507977900366956447e+00
-2.895483051412391706e+00
1.153915452154027577e+00
-5.817531987510237812e+00
-1.869131700059045276e+00
-1.161082878240671912e+00
-5.495791104778006364e+00
-4.405608318934406853e+00
-5.329916845606542886e+00
-2.288269838004783896e+00
-5.059522644703665084e-02
-3.412088095475601879e+00
-1.941592588123625340e+00
-2.138979129649186461e+00
-6.816562315933555993e+00
-3.931872086773783970e+00
3.004853177839810763e-01
-6.130780823860979112e+00
-3.682467806065645277e+00
-1.030102999566398125e+01
-3.128685692471828705e+00
4.227644190034719474e-01
-6.181353109262877510e+00
-2.940990179713908859e+00
-3.739819891233465921e+00
-2.318742140125156226e+00
-7.431512296769480663e+00
-3.400412218084225113e+00
-6.171911713313299463e-02
-6.931603959634029977e+00
-2.582973142501272523e+00
-1.256726368058500132e+00
-4.807390165341081989e+00
-2.658147796111636652e+00
5.146354710267980748e-02
-5.741380004394404324e+00
-3.126473500458746280e+00
3.636487891546167917e-01
-7.053271859572100233e+00
-2.043115266414114561e+00
-1.016443015175464648e+00
-1.559173598948522921e+00
-3.227896223381244933e+00
-5.682187494065390254e+00
-3.093280425877071416e+00
-8.104573682736497808e-01
-8.608819985022385879e+00
-3.478327763001444861e+00
2.323813993297127733e-01
-6.506013458974037711e+00
-3.340156340428531045e+00
-2.170125062408034822e-02
-7.855449968529779170e+00
-4.592438989974067631e+00
-1.495690654480764659e-01
-7.186526773298009374e+00
-3.107742194018365378e+00
3.414958896832193114e-02
-5.777267441822494298e+00
-1.339003608431471370e+00
-4.663744254488083385e+00
-1.533381390508139486e+00
-5.925160536165408942e+00
-4.000000000000000000e+00
-5.203183247634952657e+00
-1.378040160507553846e+00
-7.123159178215503928e+00
-2.958753753689634447e+00
-7.178920510489695594e+00
-2.857049324782340305e-02
-6.767545632657467891e+00
-1.682388009290075370e+00
-6.663384839053028585e+00
-2.032672603310414328e+00
-4.000000000000000000e+00
-1.978219119555236549e+00
-5.841675084728331413e+00
-1.552845698337098179e+00
-4.372586714609046687e+00
-3.747662580059162085e+00
-4.372325383786766828e+00
-1.254792233135536561e+00
-4.233098116881008899e+00
-2.408682934551413357e+00
-3.706009775762583836e+00
-2.625149351597197978e+00
-3.439509625641760771e+00
-3.282940051126212566e+00
-3.071324816932949453e+00
-2.966192723146775734e+00
-6.042370553793128707e+00
-1.909988919634589388e+00
2.705758690963063207e-01
-5.313030243307939493e+00
-3.091313526743988405e+00
1.095658040808311640e+00
-2.544068022635552317e+00
-4.137786169261798541e+00
-2.810894820989170428e-01
-4.112709518469071845e+00
-2.895300207182144980e+00
1.165393514881031267e-01
