-5.683179905359498463e+00
-2.846751723291418568e+00
-5.072899216828794522e+00
-6.258897923946720177e+00
-3.272790452821959128e+00
-3.810721742845459281e-01
-6.424965250365300307e+00
-2.891061325140459548e+00
4.532936313002297046e-01
-5.024889963738678134e+00
-3.464740954319713850e+00
-6.395211590625484277e+00
-1.710492109444284203e+00
-2.258123357151241017e-01
-1.999567277317928715e+00
-1.939283949285754094e+00
-2.199330215803599220e+00
-7.130491165836684964e+00
-2.910199658152825108e+00
-1.599697117743657859e+00
-9.301029995663981254e+00
-3.527628705065684045e+00
-1.030102999566398125e+01
-1.974566717795795734e+00
3.823081941695438690e-02
-6.462488268833419980e+00
-2.582172973350240319e+00
-4.460299118574507560e+00
-3.508048375028522514e+00
-6.965758504623938308e+00
-2.530936013252581329e+00
2.418030223182875693e-01
-5.425886859956539077e+00
-4.648056507695123685e+00
-1.717565628972660408e+00
-5.402751136102207141e+00
-3.066594279627342434e+00
1.682845320036942205e+00
-5.898657929975442471e+00
-2.024316552094134192e+00
-1.862137870589866684e-02
-6.723689875448576103e+00
-2.978340159424786915e+00
5.928052332573863215e-01
-1.375080751550872504e+00
-3.068368154730771291e+00
-7.385103876597977290e+00
-4.469540948228048372e+00
-1.162145521162951001e+00
-6.031179965561863199e+00
-2.653417594191404216e+00
7.327040736020631329e-01
-8.516125351135730881e+00
-3.197090889886383458e+00
8.969973445350205576e-01
-7.313974299838687188e+00
-2.089503424244206098e+00
-1.025439776000307557e+00
-5.000000000000000000e+00
-3.570486805939605546e+00
-1.529561840101695713e+00
-5.848289209459528237e+00
-1.522253225598932946e+00
-6.107463723677825307e+00
-2.489905574424029044e+00
-4.590496760259354048e+00
-3.067161760014763594e+00
-5.898139562778495382e+00
-1.469022945528396740e+00
-5.889255018125203023e+00
-2.000000000000000111e-01
-5.703788498655565142e+00
-1.235677187861192960e+00
-4.578315151596333621e+00
-2.762661471382304335e+00
-5.979154652144457849e+00
-1.158586380889478518e+00
-7.420288679451755520e+00
-2.496126591664483918e+00
-5.990028277960013803e+00
-8.277408439078094426e-01
-4.346660822814587988e+00
-1.000000000000000000e+00
-3.316223265888937455e+00
-2.936681984259388312e+00
-4.061589508328382614e+00
-1.659978069719329818e+00
-3.786439607951650022e+00
-5.000000000000000000e+00
-2.703152655258433068e+00
-3.393947874083033334e+00
-4.918780622126468494e+00
-3.367560551890300236e+00
-5.299138789187135323e+00
-2.922932901074697387e+00
2.885367760977757823e-01
-3.492265431386079033e+00
-2.324763513263819803e+00
3.561437522874675854e-01
-3.641056722846422566e+00
-2.945227742255861703e+00
6.645267503662054542e-01
-4.596742256686065176e+00
-2.976329018246589797e+00
1.224846196535864795e+00
