1.227531205663755953e+00 1.227531205663755953e+00 1.227531205663755953e+00
1.236804694891969980e+00 1.236804694891969980e+00 1.236804694891969980e+00
1.137605613384338188e+00 1.137605613384338188e+00 1.137605613384338188e+00
1.120330578583833780e+00 1.120330578583833780e+00 1.120330578583833780e+00
1.205581663078077792e+00 1.205581663078077792e+00 1.205581663078077792e+00
1.259938992734657592e+00 1.259938992734657592e+00 1.259938992734657592e+00
1.193201119131949373e+00 1.193201119131949373e+00 1.193201119131949373e+00
1.155250155504992104e+00 1.155250155504992104e+00 1.155250155504992104e+00
1.134483434306370331e+00 1.134483434306370331e+00 1.134483434306370331e+00
1.215871447900917390e+00 1.215871447900917390e+00 1.215871447900917390e+00
1.130870288278502223e+00 1.130870288278502223e+00 1.130870288278502223e+00
1.257188546018000785e+00 1.257188546018000785e+00 1.257188546018000785e+00
1.148182411187245622e+00 1.148182411187245622e+00 1.148182411187245622e+00
1.192542339294592635e+00 1.192542339294592635e+00 1.192542339294592635e+00
1.237605596939948871e+00 1.237605596939948871e+00 1.237605596939948871e+00
1.210559354999929615e+00 1.210559354999929615e+00 1.210559354999929615e+00
1.169777608685182990e+00 1.169777608685182990e+00 1.169777608685182990e+00
1.133013722588139371e+00 1.133013722588139371e+00 1.133013722588139371e+00
1.164107277669309770e+00 1.164107277669309770e+00 1.164107277669309770e+00
1.363530469981175663e+00 1.363530469981175663e+00 1.363530469981175663e+00
1.168357030376753425e+00 1.168357030376753425e+00 1.168357030376753425e+00
1.240774465278267957e+00 1.240774465278267957e+00 1.240774465278267957e+00
1.140556311768015529e+00 1.140556311768015529e+00 1.140556311768015529e+00
1.114389891630651164e+00 1.114389891630651164e+00 1.114389891630651164e+00
1.111546143848806789e+00 1.111546143848806789e+00 1.111546143848806789e+00
