-6.901722030125096552e+00
-4.411248051064414533e+00
-5.917642109083764090e+00
-6.356882593871190146e+00
-3.459925800314826105e+00
1.342469009342488029e+00
-6.940115474769223525e+00
-3.329430418472638209e+00
-1.374935315474352882e+00
-4.679731325360330985e+00
-2.170123776654288683e+00
-5.755235987623682270e+00
-2.461245985986346252e+00
-3.662453150489727305e-01
-2.536591218128843472e+00
-3.031139130865011744e+00
-2.393976707112766000e+00
-4.575726059471473484e+00
-2.887970412745780369e+00
2.912495632482699215e-02
-7.825164794738838303e+00
-2.939083714028588368e+00
-8.580195565197772822e+00
-1.771614054393710891e+00
1.014072292750045623e-01
-5.748425709953939311e+00
-1.897984115611002220e+00
-5.312416335841012582e+00
-4.074034485495081626e+00
-7.016958305879403390e+00
-1.646231935393185353e+00
5.088475343058636025e-01
-5.698585481231635441e+00
-4.248780121407787824e+00
-1.321850102024772378e+00
-4.938613885471149878e+00
-9.107789695721071332e-01
6.601158916996507919e-01
-5.000594720961828443e+00
-2.226142607507817228e+00
3.374673832233702764e-01
-6.489668460884912449e+00
-1.481277661810503909e+00
-1.042120506267496527e+00
-7.336945746729892637e-01
-3.359632878504217324e+00
-7.125686044322259605e+00
-3.831490134710930917e+00
-5.921284842254891378e-01
-5.382505571278807466e+00
-3.731972015553834510e+00
-7.734847229375265698e-01
-7.275600354119029056e+00
-3.089430793736591685e+00
-4.756076595531144591e-01
-7.183463971469593368e+00
-3.610358857445345571e+00
6.551681467387838742e-01
-6.598289218968518277e+00
-3.304395766662405087e+00
-9.911108021905910004e-01
-4.135535639221664006e+00
-2.282495479209144529e-01
-4.359193026675140636e+00
-2.411539626833241634e+00
-5.869738006680602638e+00
-4.441025899411737976e-01
-5.216059370275654139e+00
-2.257265589480327961e+00
-5.357638000254843824e+00
-2.082436464136172560e+00
-6.843043031899603612e+00
-1.941659622557397435e+00
-6.126840651469786181e+00
-2.583478790261069857e+00
-6.116644638654830324e+00
-2.399736063421518573e+00
-5.876149838505962286e+00
-3.187155907980529612e+00
-7.225845215121626808e+00
-3.143573497856553267e+00
-4.056795658762015755e+00
-2.713292054330234571e+00
-4.113212404592196947e+00
-1.548251758383031973e+00
-3.654890641946870744e+00
-2.269420172662667934e+00
-2.357890958730944231e+00
-2.473309062056137542e+00
-4.025442775128103889e+00
-2.551955373316091791e+00
-4.605354016918764337e+00
-3.904528558832456753e+00
-4.345614078986058004e+00
-4.608955094589597401e+00
8.267672169214439482e-01
-2.903418171819127203e+00
-1.820359302835086179e+00
7.300857576543697824e-01
-5.852337716822319180e+00
-3.555505551010544885e+00
1.212316599185028765e-01
-5.666857448814214493e+00
-3.878588152566002645e+00
1.030189306355828949e+00
