1.373067728692623779e-01 1.373067728692623779e-01 1.373067728692623779e-01
1.303625603596304527e-01 1.303625603596304527e-01 1.303625603596304527e-01
2.372762965964438642e-01 2.372762965964438642e-01 2.372762965964438642e-01
9.829236205589116093e-02 9.829236205589116093e-02 9.829236205589116093e-02
8.477129927481462379e-02 8.477129927481462379e-02 8.477129927481462379e-02
1.112925400626533778e-01 1.112925400626533778e-01 1.112925400626533778e-01
9.296611959935054126e-02 9.296611959935054126e-02 9.296611959935054126e-02
1.675168402493625308e-01 1.675168402493625308e-01 1.675168402493625308e-01
1.007994729189465033e-01 1.007994729189465033e-01 1.007994729189465033e-01
2.101765039033990368e-01 2.101765039033990368e-01 2.101765039033990368e-01
1.795923583721752981e-01 1.795923583721752981e-01 1.795923583721752981e-01
1.838397574587305461e-01 1.838397574587305461e-01 1.838397574587305461e-01
1.145288521980329793e-01 1.145288521980329793e-01 1.145288521980329793e-01
1.325860363932265529e-01 1.325860363932265529e-01 1.325860363932265529e-01
1.669900635074904605e-01 1.669900635074904605e-01 1.669900635074904605e-01
1.268924537110920625e-01 1.268924537110920625e-01 1.268924537110920625e-01
1.787161282169584253e-01 1.787161282169584253e-01 1.787161282169584253e-01
1.017968995909805663e-01 1.017968995909805663e-01 1.017968995909805663e-01
1.020071869882293591e-01 1.020071869882293591e-01 1.020071869882293591e-01
1.688200029952093006e-01 1.688200029952093006e-01 1.688200029952093006e-01
1.935244467177988648e-01 1.935244467177988648e-01 1.935244467177988648e-01
1.349785667821757074e-01 1.349785667821757074e-01 1.349785667821757074e-01
1.667163347897483439e-01 1.667163347897483439e-01 1.667163347897483439e-01
1.210850170080423893e-01 1.210850170080423893e-01 1.210850170080423893e-01
9.854412655715379110e-02 9.854412655715379110e-02 9.854412655715379110e-02
