-6.475757947579253937e+00
-2.264051682429763179e+00
-5.754765989287070838e+00
-5.372390554652743511e+00
-4.103274151370793099e+00
-9.321850057522336197e-01
-5.485166814351120301e+00
-3.200054305932014564e+00
-1.216673089615062819e+00
-5.299204047417838126e+00
-3.440286846413445954e+00
-6.510051303417806245e+00
-3.773861073285102119e+00
0.000000000000000000e+00
-3.201766224276224815e+00
-2.414707786515956300e+00
-1.422134785254902223e+00
-6.035722618365747749e+00
-2.755217244135939048e+00
2.686994032899001073e-02
-6.999691761329676964e+00
-2.306323756849003814e+00
-9.615000507903548765e+00
-2.082783480178088453e+00
-1.357543993104714852e+00
-5.181117335663498302e+00
-4.039870365517569617e+00
-4.595164787120271654e+00
-2.743866895744766499e+00
-6.545080030675514138e+00
-2.595915829275897035e+00
-2.536213041458111328e-01
-5.935990598047711231e+00
-3.341928168570058588e+00
-8.726917420198394559e-01
-4.281593326984543424e+00
-1.924411232593138621e+00
-1.966374664492482882e-01
-4.874739397709182853e+00
-2.161315515250665342e+00
4.580198934199554150e-01
-7.860940960968602731e+00
-2.581662098451158016e+00
8.105742496781481732e-02
1.000000000000000000e+00
-2.031949242068907147e+00
-7.370438561860258808e+00
-3.437178677159975937e+00
-1.401242571317460106e+00
-6.609463250706435922e+00
-3.646299940545640439e+00
2.801097078516050498e-01
-8.298827613917231005e+00
-1.827668021313556768e+00
4.997020621455657841e-01
-7.671580941639148499e+00
-2.938910203917235897e+00
3.262903156165047336e-01
-5.984052572388195657e+00
-2.783302804194722313e+00
-2.644654210269100636e-01
-6.611184861295686055e+00
-1.580915024013259007e+00
-5.314058265187454388e+00
-1.945722588253428587e+00
-6.024398942719767724e+00
-1.263551191603469626e+00
-6.650537493660893418e+00
-1.753642360576573411e+00
-5.650989504124097174e+00
-1.793578816476224080e+00
-6.493379997689791239e+00
-1.806758932812307927e-01
-4.586659788341811428e+00
-2.519598055927297686e+00
-6.693481227441171910e+00
-2.037680473370680811e+00
-7.196956598134880423e+00
-2.603178509782621219e+00
-5.479754829925632897e+00
-7.235988494025442641e-01
-3.996454584783441177e+00
-1.960631876219029790e+00
-2.669920799146015877e+00
-3.862949077617864990e+00
-1.690196149515636570e+00
-2.825006779849627669e+00
-4.042083785546708441e+00
-3.335406962593722824e+00
-3.485208334135554420e+00
-3.179911577449358262e+00
-1.690196149515636570e+00
-2.392349946882208922e+00
-3.543098184742498269e+00
-2.298387762319544336e+00
-6.233239741317956328e-01
-4.837288008170633091e+00
-2.342711492703044129e+00
9.493352261185383778e-01
-3.101604339556104151e+00
-2.809025144505835847e+00
1.920682879407483057e+00
-5.232919388081659129e+00
-3.569314397463860811e+00
1.156207630337195313e+00
