2.018448474946860360e-01 2.018448474946860360e-01 2.018448474946860360e-01
2.108548722656878316e-01 2.108548722656878316e-01 2.108548722656878316e-01
1.493822250715217959e-01 1.493822250715217959e-01 1.493822250715217959e-01
1.117384257842199136e-01 1.117384257842199136e-01 1.117384257842199136e-01
1.041495022949028848e-01 1.041495022949028848e-01 1.041495022949028848e-01
1.641145630305911318e-01 1.641145630305911318e-01 1.641145630305911318e-01
1.368317736186889788e-01 1.368317736186889788e-01 1.368317736186889788e-01
1.494690464432329446e-01 1.494690464432329446e-01 1.494690464432329446e-01
1.316748510469524513e-01 1.316748510469524513e-01 1.316748510469524513e-01
1.961337558772847933e-01 1.961337558772847933e-01 1.961337558772847933e-01
1.686046904327840879e-01 1.686046904327840879e-01 1.686046904327840879e-01
1.493233850548297270e-01 1.493233850548297270e-01 1.493233850548297270e-01
1.136570322607492467e-01 1.136570322607492467e-01 1.136570322607492467e-01
1.213108803259668189e-01 1.213108803259668189e-01 1.213108803259668189e-01
9.876173458437283170e-02 9.876173458437283170e-02 9.876173458437283170e-02
1.616536458552780831e-01 1.616536458552780831e-01 1.616536458552780831e-01
1.042869842975980704e-01 1.042869842975980704e-01 1.042869842975980704e-01
1.835309741020041963e-01 1.835309741020041963e-01 1.835309741020041963e-01
1.184211153285950613e-01 1.184211153285950613e-01 1.184211153285950613e-01
1.734324719492663369e-01 1.734324719492663369e-01 1.734324719492663369e-01
1.011620908154626380e-01 1.011620908154626380e-01 1.011620908154626380e-01
1.349745313343884701e-01 1.349745313343884701e-01 1.349745313343884701e-01
1.183543026363819139e-01 1.183543026363819139e-01 1.183543026363819139e-01
1.390213009426702895e-01 1.390213009426702895e-01 1.390213009426702895e-01
9.610660462001048565e-02 9.610660462001048565e-02 9.610660462001048565e-02
