2.909038361507891302e-01 2.909038361507891302e-01 2.909038361507891302e-01
2.620221749594475180e-01 2.620221749594475180e-01 2.620221749594475180e-01
3.058195309812182239e-01 3.058195309812182239e-01 3.058195309812182239e-01
2.858001466418816916e-01 2.858001466418816916e-01 2.858001466418816916e-01
2.740165034573550651e-01 2.740165034573550651e-01 2.740165034573550651e-01
3.251928127148791536e-01 3.251928127148791536e-01 3.251928127148791536e-01
2.532458114876650068e-01 2.532458114876650068e-01 2.532458114876650068e-01
4.001721564043507762e-01 4.001721564043507762e-01 4.001721564043507762e-01
2.074606402130693972e-01 2.074606402130693972e-01 2.074606402130693972e-01
2.167119671877556775e-01 2.167119671877556775e-01 2.167119671877556775e-01
2.853677033108932282e-01 2.853677033108932282e-01 2.853677033108932282e-01
2.922274426581005224e-01 2.922274426581005224e-01 2.922274426581005224e-01
2.863144325810372259e-01 2.863144325810372259e-01 2.863144325810372259e-01
2.407478112343083010e-01 2.407478112343083010e-01 2.407478112343083010e-01
2.168113587510952511e-01 2.168113587510952511e-01 2.168113587510952511e-01
2.383487064776883824e-01 2.383487064776883824e-01 2.383487064776883824e-01
2.121600224093449227e-01 2.121600224093449227e-01 2.121600224093449227e-01
3.130622738554304507e-01 3.130622738554304507e-01 3.130622738554304507e-01
2.384009308651474923e-01 2.384009308651474923e-01 2.384009308651474923e-01
2.238521838591979729e-01 2.238521838591979729e-01 2.238521838591979729e-01
2.237296281590941127e-01 2.237296281590941127e-01 2.237296281590941127e-01
2.451458286306755774e-01 2.451458286306755774e-01 2.451458286306755774e-01
2.806877765594914531e-01 2.806877765594914531e-01 2.806877765594914531e-01
2.085900632966672108e-01 2.085900632966672108e-01 2.085900632966672108e-01
2.531427879315018004e-01 2.531427879315018004e-01 2.531427879315018004e-01
