1.277781260437704791e-01 1.277781260437704791e-01 1.277781260437704791e-01
1.176703376882850260e-01 1.176703376882850260e-01 1.176703376882850260e-01
1.198196540352436668e-01 1.198196540352436668e-01 1.198196540352436668e-01
1.270600451667965314e-01 1.270600451667965314e-01 1.270600451667965314e-01
1.124597039676260013e-01 1.124597039676260013e-01 1.124597039676260013e-01
9.706352179927693613e-02 9.706352179927693613e-02 9.706352179927693613e-02
1.074476742210785235e-01 1.074476742210785235e-01 1.074476742210785235e-01
1.065558757113208022e-01 1.065558757113208022e-01 1.065558757113208022e-01
1.244482696019160589e-01 1.244482696019160589e-01 1.244482696019160589e-01
2.485947935160118805e-01 2.485947935160118805e-01 2.485947935160118805e-01
1.510528729850320606e-01 1.510528729850320606e-01 1.510528729850320606e-01
1.432126818078177100e-01 1.432126818078177100e-01 1.432126818078177100e-01
1.317181720355083963e-01 1.317181720355083963e-01 1.317181720355083963e-01
1.003893296210023461e-01 1.003893296210023461e-01 1.003893296210023461e-01
1.167094741564289606e-01 1.167094741564289606e-01 1.167094741564289606e-01
1.562694913708145006e-01 1.562694913708145006e-01 1.562694913708145006e-01
1.629294997120828703e-01 1.629294997120828703e-01 1.629294997120828703e-01
1.735228827432411247e-01 1.735228827432411247e-01 1.735228827432411247e-01
1.187342758646219576e-01 1.187342758646219576e-01 1.187342758646219576e-01
1.101518453454055912e-01 1.101518453454055912e-01 1.101518453454055912e-01
9.923385609018450793e-02 9.923385609018450793e-02 9.923385609018450793e-02
1.609181446648444980e-01 1.609181446648444980e-01 1.609181446648444980e-01
1.227490436080470315e-01 1.227490436080470315e-01 1.227490436080470315e-01
9.345235978228359774e-02 9.345235978228359774e-02 9.345235978228359774e-02
1.059377979890531729e-01 1.059377979890531729e-01 1.059377979890531729e-01
