-5.135919942501083746e+00
-3.934872056456153899e+00
-6.412314626263643902e+00
-5.816265103794506786e+00
-1.932824988128478916e+00
-1.529467374069732877e+00
-5.366936038421737720e+00
-4.182466071525933415e+00
-3.983696835526464586e-01
-6.225641567325063797e+00
-3.080475124007202581e+00
-5.353710347110923529e+00
-5.000000000000000000e+00
-1.250002253799188390e+00
-2.625997747730953069e+00
-2.359834973288520654e+00
-3.136961011304329805e+00
-5.876395180935223728e+00
-3.540643346126018720e+00
7.557314866360802519e-01
-7.823989661920405680e+00
-1.332340735578311453e+00
-7.675612240000913467e+00
-1.000000000000000000e+00
-6.815156219670042148e-01
-4.573694401455783876e+00
-3.242778553679259268e+00
-3.154901959985743076e+00
-3.696764946463990675e+00
-8.609825935100182903e+00
-1.000000000000000000e+00
9.544149098687877419e-01
-3.698970004336018746e+00
-1.205598018671617311e+00
-5.854878537016211526e-01
-4.388404703783455041e+00
-2.670137948087742075e+00
-1.348351124480090757e+00
-4.842991375665197218e+00
-3.163025314311620040e+00
-9.338078665815069401e-03
-8.238303370731005160e+00
-1.940733861685455919e+00
3.071353344913383410e-01
-2.592320046806165568e+00
-4.274806984690895817e+00
-8.146395241509276630e+00
-3.087839009726701889e+00
6.227278957707064189e-01
-6.249939799710618971e+00
-1.743178541694001549e+00
-1.541615065042586163e+00
-6.419383970484143553e+00
-1.554832340758386611e+00
-5.182490492468287968e-01
-6.995663962025126636e+00
-4.486382677909177552e+00
8.161839983910641472e-01
-6.013657869953849655e+00
-2.151550541761448887e+00
1.923297856990930921e-01
-8.000000000000000000e+00
-2.878978811230677781e+00
-5.115904569650834510e+00
-3.351133187014290193e+00
-5.778666070452180392e+00
-3.109241717370973213e+00
-4.000000000000000000e+00
-1.747760686529486573e+00
-6.636820630433819979e+00
-3.004804248889420659e+00
-7.845314549876714061e+00
-2.430362017352420967e+00
-7.754586187148019505e+00
-4.948861037422013776e-01
-5.052543924075372672e+00
-1.593567560966337560e+00
-7.414968799828942636e+00
-3.237924867096924508e+00
-7.150482762567414774e+00
5.887498953342079622e-02
-2.495067587680261489e+00
-1.745836864754003459e+00
-5.550853321120852613e+00
-3.532321440241994459e+00
-4.263082363948320186e+00
-1.905895911752617744e+00
-4.246067239422596451e+00
-2.886046707558924229e+00
-4.174388440146433510e+00
-3.218285869643330965e+00
-1.850153016769077174e+00
-4.060149533308194059e+00
-6.055193054134206498e+00
-3.130814298839619703e+00
1.620708705786488624e+00
-6.544068022635552317e+00
-4.098505727561954970e+00
5.920972142914897596e-01
-6.402592318905163005e+00
-2.194700728935786493e+00
2.319125171233897387e+00
-3.656726316265756616e+00
-2.770682044536854072e+00
2.069601890525809118e+00
