-5.599413075651719751e+00
-2.687443446531118330e+00
-4.751425785784111788e+00
-7.876154473924390942e+00
-4.177359975272262993e+00
-8.028235160962517991e-01
-5.411909431426309425e+00
-2.908059168836546693e+00
-7.641310250284185646e-01
-6.260402072225365266e+00
-2.781321518166372186e+00
-6.097285049932393619e+00
-2.071076085489880203e+00
-1.842955190566774454e-03
-3.349058380409478008e+00
-3.494932340153974692e+00
-2.289561409273310311e+00
-7.009139007275074107e+00
-3.245530674328041876e+00
1.115137728460753985e+00
-6.057022566467947122e+00
-2.178307875405563809e+00
-9.194990764179181042e+00
-3.233503117002820115e+00
-6.696684557905165924e-01
-6.847824012933504179e+00
-4.074318826296902785e+00
-6.271556747294440903e+00
-2.288081737932051496e+00
-6.430570405493372554e+00
-4.879214361650292986e+00
1.485349567338395405e-01
-6.163352873239984930e+00
-4.064799360835448461e+00
-3.000000000000000000e+00
-4.945339317891800590e+00
-1.193893677011320875e+00
-2.748417585870862601e-01
-4.312254944572039506e+00
-2.524712501455420366e+00
1.476300270508038359e+00
-8.706934755757112399e+00
-1.303023165805521355e+00
-1.111873879975024071e+00
-1.793499573803074343e+00
-2.171013816455316547e+00
-6.055032579480953636e+00
-4.603957306893927459e+00
1.551043542490469829e+00
-6.481751718336856705e+00
-3.202407226751789793e+00
-1.520125594221544585e+00
-5.419885743423463964e+00
-3.005810405776097927e+00
-3.857417964144875810e-01
-7.798865617817585694e+00
-3.164220495202961558e+00
1.291651843404925115e+00
-6.653761765339594625e+00
-3.176266942861707854e+00
5.526855694189601875e-01
-4.948524451798226309e+00
-6.209469370421232259e-01
-4.682468144394208664e+00
-2.795994913411330440e+00
-5.487453627488852348e+00
-3.252679838155257297e+00
-5.445099691300972822e+00
-1.040342515581076155e+00
-4.854012125982178461e+00
-2.386588274202720572e-01
-7.193756945993007967e+00
-8.561556627280690890e-01
-5.602805586124785187e+00
-5.626556638590792803e-01
-6.786071626417767177e+00
-1.772677200546164178e+00
-4.164252776247137078e+00
-2.631818054340191448e+00
-6.012046659610399857e+00
-2.447235732101887606e+00
-4.522280565099992877e+00
-2.722636090743477233e+00
-2.384232521503369284e+00
-1.013915645410926381e+00
-2.588304616542552061e+00
-1.591531454655104039e+00
-3.823660329294626514e+00
-1.664330866842381296e+00
-3.101612090546318257e+00
-4.476363669962291070e+00
-4.638541850119681342e+00
-3.628824266893070583e+00
-4.764163297562745925e+00
-1.337783807158570593e+00
3.000000000000000000e+00
-5.636634420965553893e+00
-1.191356660200128204e+00
1.502799649735212517e+00
-3.019144778567109721e+00
-3.230973660986470541e+00
-1.000000000000000000e+00
-4.879689515014910661e+00
-5.000000000000000000e+00
4.160663563583399949e-01
