2.044063380938047902e-01 2.044063380938047902e-01 2.044063380938047902e-01
2.451633229254659985e-01 2.451633229254659985e-01 2.451633229254659985e-01
2.173682368319441449e-01 2.173682368319441449e-01 2.173682368319441449e-01
3.029098263943347247e-01 3.029098263943347247e-01 3.029098263943347247e-01
2.349857100459478987e-01 2.349857100459478987e-01 2.349857100459478987e-01
2.069810315257349098e-01 2.069810315257349098e-01 2.069810315257349098e-01
4.222212033874465642e-01 4.222212033874465642e-01 4.222212033874465642e-01
4.637657589393384128e-01 4.637657589393384128e-01 4.637657589393384128e-01
3.041040940081081723e-01 3.041040940081081723e-01 3.041040940081081723e-01
3.707924817011263308e-01 3.707924817011263308e-01 3.707924817011263308e-01
3.646645847150848940e-01 3.646645847150848940e-01 3.646645847150848940e-01
3.116743966136627519e-01 3.116743966136627519e-01 3.116743966136627519e-01
2.403506848205548552e-01 2.403506848205548552e-01 2.403506848205548552e-01
2.747060867387811633e-01 2.747060867387811633e-01 2.747060867387811633e-01
2.300514599631536816e-01 2.300514599631536816e-01 2.300514599631536816e-01
2.631875172286958220e-01 2.631875172286958220e-01 2.631875172286958220e-01
2.968364644920649664e-01 2.968364644920649664e-01 2.968364644920649664e-01
2.756778970549422225e-01 2.756778970549422225e-01 2.756778970549422225e-01
1.917099626303155890e-01 1.917099626303155890e-01 1.917099626303155890e-01
2.112111943845800532e-01 2.112111943845800532e-01 2.112111943845800532e-01
2.064939581067287422e-01 2.064939581067287422e-01 2.064939581067287422e-01
3.155040036505234458e-01 3.155040036505234458e-01 3.155040036505234458e-01
2.475031945143738865e-01 2.475031945143738865e-01 2.475031945143738865e-01
2.414773959100522671e-01 2.414773959100522671e-01 2.414773959100522671e-01
3.059618905435058656e-01 3.059618905435058656e-01 3.059618905435058656e-01
