1.603266444106140054e-01 1.603266444106140054e-01 1.603266444106140054e-01
2.853753581464318345e-01 2.853753581464318345e-01 2.853753581464318345e-01
1.990365650277990950e-01 1.990365650277990950e-01 1.990365650277990950e-01
2.098659753601625766e-01 2.098659753601625766e-01 2.098659753601625766e-01
3.172496917018849394e-01 3.172496917018849394e-01 3.172496917018849394e-01
1.651310495343704665e-01 1.651310495343704665e-01 1.651310495343704665e-01
2.388442422680055466e-01 2.388442422680055466e-01 2.388442422680055466e-01
1.500376753643656025e-01 1.500376753643656025e-01 1.500376753643656025e-01
1.580222618303267768e-01 1.580222618303267768e-01 1.580222618303267768e-01
3.221874942456773305e-01 3.221874942456773305e-01 3.221874942456773305e-01
1.345742526911563874e-01 1.345742526911563874e-01 1.345742526911563874e-01
2.645394036261332626e-01 2.645394036261332626e-01 2.645394036261332626e-01
2.107916063505859694e-01 2.107916063505859694e-01 2.107916063505859694e-01
1.724377797320811312e-01 1.724377797320811312e-01 1.724377797320811312e-01
1.580538778276389389e-01 1.580538778276389389e-01 1.580538778276389389e-01
2.531806059841875678e-01 2.531806059841875678e-01 2.531806059841875678e-01
2.105774421886157655e-01 2.105774421886157655e-01 2.105774421886157655e-01
1.611453567690989408e-01 1.611453567690989408e-01 1.611453567690989408e-01
1.309887146190885365e-01 1.309887146190885365e-01 1.309887146190885365e-01
2.153146983472230269e-01 2.153146983472230269e-01 2.153146983472230269e-01
1.992795777212822139e-01 1.992795777212822139e-01 1.992795777212822139e-01
2.393630732412746209e-01 2.393630732412746209e-01 2.393630732412746209e-01
3.264853870248109469e-01 3.264853870248109469e-01 3.264853870248109469e-01
1.343242487302456767e-01 1.343242487302456767e-01 1.343242487302456767e-01
2.056172164570914118e-01 2.056172164570914118e-01 2.056172164570914118e-01
