-6.908304852290807929e+00
-2.931554567521195143e+00
-5.039081257613709397e+00
-6.698541650472795261e+00
-3.787800076025702012e+00
-1.645124126219247307e-01
-6.106508064728084939e+00
-3.300510206907904198e+00
4.239004890487515498e-01
-5.743989903623178073e+00
-1.562337642778676372e+00
-5.952715999251745771e+00
-1.929194542287663960e+00
-1.369216890612993343e+00
-3.941237332928940518e+00
-1.440479516101128787e+00
-1.649906602303589542e+00
-7.219933227989820068e+00
-2.410396880178310663e+00
-1.240647618121585527e+00
-8.143970027500280651e+00
-1.848067538673721533e+00
-7.751089788090897770e+00
-4.266946421611792495e+00
8.090594760640313909e-01
-6.250950872777747414e+00
-3.798828591058491799e+00
-4.926492646709997203e+00
-4.110550323351890079e+00
-6.652012907360457916e+00
-3.246821210148334025e+00
-2.007508737530144804e-01
-4.736136186502068135e+00
-1.193860942421942184e+00
-8.749462649126544811e-01
-4.918375195828393664e+00
-1.872800588445562964e+00
2.867505122405982765e-01
-6.304339849729895029e+00
-2.300678459048937974e+00
3.703854512026315549e-01
-5.522878745280337398e+00
-3.359550804259389789e+00
-6.331095933075200910e-02
-1.231999849311436357e+00
-2.574848253565609646e+00
-6.345863334490925212e+00
-2.550818687598343182e+00
-2.430328253921543724e-01
-5.000000000000000000e+00
-2.871149797287924965e+00
-4.054877499310963751e-01
-7.972761440974348801e+00
-2.994919292164757607e+00
3.032038821716951937e-01
-6.525521198337250084e+00
-2.127066432644735716e+00
-8.568345100586154395e-01
-6.623477761458227420e+00
-3.763167458900676721e+00
-9.749166199301536606e-01
-6.690332275535734396e+00
-6.849312770835169761e-01
-4.321748162023912876e+00
-3.344817789004686404e+00
-6.622116411056798491e+00
-1.699354045149283454e+00
-6.811511906180503395e+00
-2.557463523124591465e+00
-5.817746411131792250e+00
-2.301013979298681900e+00
-5.913698372632335776e+00
-2.520719292870089445e-01
-4.965725589020809849e+00
-2.579745206020536585e+00
-5.453587692711899138e+00
-2.127799034613410356e+00
-5.959743219526765223e+00
-7.338283719095328728e-01
-6.607175482489317631e+00
-1.634111980451284252e+00
-4.489091489504918542e+00
-2.460696304859132155e+00
-5.021787572805057387e+00
-2.682922359467726281e+00
-3.867694024815623965e+00
-2.319458862137526722e+00
-4.392040470685047104e+00
-3.163542089272239011e+00
-5.043464370844995770e+00
-3.766414160938611921e+00
-3.958075237897785925e+00
-3.668654676801035741e+00
-3.711304016638600434e+00
-2.273019060941988023e+00
7.709869342379584989e-01
-5.037960057678462888e+00
-3.597529653880150668e+00
7.237338471134633355e-01
-4.765581362441659863e+00
-2.288836400294310458e+00
1.633567606804579464e+00
-3.686089853340559941e+00
-1.967164990856641538e+00
9.501660818057042768e-01
