1.734231197337580688e-01 1.734231197337580688e-01 1.734231197337580688e-01
1.579240494406721762e-01 1.579240494406721762e-01 1.579240494406721762e-01
1.847190960419138883e-01 1.847190960419138883e-01 1.847190960419138883e-01
1.347717598834904384e-01 1.347717598834904384e-01 1.347717598834904384e-01
2.387983145177852151e-01 2.387983145177852151e-01 2.387983145177852151e-01
1.637856801641004445e-01 1.637856801641004445e-01 1.637856801641004445e-01
1.373583897478800053e-01 1.373583897478800053e-01 1.373583897478800053e-01
1.378928252172285374e-01 1.378928252172285374e-01 1.378928252172285374e-01
1.154653359278988711e-01 1.154653359278988711e-01 1.154653359278988711e-01
2.071233583791003974e-01 2.071233583791003974e-01 2.071233583791003974e-01
1.783559455243076686e-01 1.783559455243076686e-01 1.783559455243076686e-01
1.454988495904928070e-01 1.454988495904928070e-01 1.454988495904928070e-01
2.387566066080256955e-01 2.387566066080256955e-01 2.387566066080256955e-01
1.386957536008753267e-01 1.386957536008753267e-01 1.386957536008753267e-01
1.912273727727510919e-01 1.912273727727510919e-01 1.912273727727510919e-01
1.973666548354171824e-01 1.973666548354171824e-01 1.973666548354171824e-01
1.436660626660177797e-01 1.436660626660177797e-01 1.436660626660177797e-01
9.697790870091479998e-02 9.697790870091479998e-02 9.697790870091479998e-02
2.346497096921245085e-01 2.346497096921245085e-01 2.346497096921245085e-01
1.526846971345726389e-01 1.526846971345726389e-01 1.526846971345726389e-01
1.535060803353871517e-01 1.535060803353871517e-01 1.535060803353871517e-01
1.973226175418990591e-01 1.973226175418990591e-01 1.973226175418990591e-01
2.125444175779793721e-01 2.125444175779793721e-01 2.125444175779793721e-01
2.401592910499704969e-01 2.401592910499704969e-01 2.401592910499704969e-01
2.414468773819194447e-01 2.414468773819194447e-01 2.414468773819194447e-01
