5.781976480958748166e-01 5.781976480958748166e-01 5.781976480958748166e-01
6.773576340745787183e-01 6.773576340745787183e-01 6.773576340745787183e-01
5.894154204549603149e-01 5.894154204549603149e-01 5.894154204549603149e-01
7.117860638356947600e-01 7.117860638356947600e-01 7.117860638356947600e-01
6.026838446530435878e-01 6.026838446530435878e-01 6.026838446530435878e-01
5.780716840489007469e-01 5.780716840489007469e-01 5.780716840489007469e-01
5.989961638200367311e-01 5.989961638200367311e-01 5.989961638200367311e-01
4.761250332582331324e-01 4.761250332582331324e-01 4.761250332582331324e-01
4.651735103418945250e-01 4.651735103418945250e-01 4.651735103418945250e-01
6.061099260550811829e-01 6.061099260550811829e-01 6.061099260550811829e-01
5.940774823451704378e-01 5.940774823451704378e-01 5.940774823451704378e-01
5.461816255499444273e-01 5.461816255499444273e-01 5.461816255499444273e-01
5.457953805754331977e-01 5.457953805754331977e-01 5.457953805754331977e-01
5.121620862258630114e-01 5.121620862258630114e-01 5.121620862258630114e-01
7.385975501997411596e-01 7.385975501997411596e-01 7.385975501997411596e-01
6.325077559244385306e-01 6.325077559244385306e-01 6.325077559244385306e-01
5.325218402313414146e-01 5.325218402313414146e-01 5.325218402313414146e-01
5.251752975164440951e-01 5.251752975164440951e-01 5.251752975164440951e-01
6.701718702028257590e-01 6.701718702028257590e-01 6.701718702028257590e-01
5.144882840800674151e-01 5.144882840800674151e-01 5.144882840800674151e-01
5.484922623456741642e-01 5.484922623456741642e-01 5.484922623456741642e-01
6.540842743072554644e-01 6.540842743072554644e-01 6.540842743072554644e-01
5.816619600489810749e-01 5.816619600489810749e-01 5.816619600489810749e-01
6.537529324488587923e-01 6.537529324488587923e-01 6.537529324488587923e-01
5.193360343148401004e-01 5.193360343148401004e-01 5.193360343148401004e-01
