-7.225329023145247831e+00
-1.340486849645343259e+00
-4.966029348585597525e+00
-7.301741279850007871e+00
-3.766834955620244951e+00
3.918653476368394450e-01
-5.976477900061856197e+00
-2.747008873555087494e+00
5.476913503673319639e-02
-4.433471212346896451e+00
-3.073555370941265519e+00
-5.763264639246783005e+00
-1.929878946437902920e+00
-5.649988771106522201e-01
-2.965764169619351076e+00
-5.964378175512774494e-01
-2.364268396096888214e+00
-5.971101469560979425e+00
-2.450222699635643320e+00
1.453755446288357067e+00
-5.981631874670276794e+00
-1.597953500149618788e+00
-1.030102999566398125e+01
-3.326912035861493866e+00
1.501045668398838462e+00
-6.849988398636432940e+00
-2.083298965576836359e+00
-6.302864070858759327e+00
-5.000000000000000000e+00
-6.539441396301407750e+00
-3.811628894790896283e+00
2.653526477851899656e-01
-6.828664993675173989e+00
-2.659283186427501722e+00
-1.618115639823173080e+00
-6.737936530876909025e+00
-2.443519376950626487e+00
7.906202457108624237e-01
-6.972497377930196194e+00
-1.189529265280104831e+00
-3.171885899265168840e-01
-7.830524877904549541e+00
-1.127810656358441133e+00
1.300101049561424915e+00
-2.127533144661327036e+00
-3.376864537621683038e+00
-6.050554561330161896e+00
-4.505402591898331366e+00
1.018330777293841471e+00
-5.000000000000000000e+00
-1.658374288883451397e+00
8.917488638322829120e-01
-6.257454903356856946e+00
-3.262049748839921381e+00
1.050788701536643943e+00
-6.038230751769608773e+00
-1.774696506513511851e+00
9.361249615356207476e-01
-6.011843059031149572e+00
-1.306136285292542887e+00
3.584077272882048026e-01
-6.152411164179945935e+00
-3.180456064458131227e+00
-8.000000000000000000e+00
-1.676554197638110422e+00
-4.000000000000000000e+00
-1.717940707839253234e+00
-7.934174720982596796e+00
-2.047332753729192323e+00
-4.292288769848238594e+00
-3.095740333474280792e+00
-8.000000000000000000e+00
-2.297334851449673199e+00
-5.567870780023759458e+00
-1.604870950458794354e+00
-7.845108823934432429e+00
-1.349157521300406115e+00
-5.601830780378294072e+00
-3.430085723622496197e+00
-5.909748196888141791e+00
-2.720014537839433810e+00
-3.106556912285359573e+00
-4.318073660308546557e+00
-4.207813402940940861e+00
-2.858465185272372810e+00
-3.527585106004563542e+00
-1.175702538035058531e+00
-5.256814286334294373e+00
-3.463007166454838082e+00
-1.999387482943783878e+00
-2.853828652961824197e+00
-2.740390373690695824e+00
-2.875796857252912897e+00
-3.904007827475449943e+00
-2.374479155547255083e+00
7.378476939206168872e-01
-4.627703179554041313e+00
-3.900027701517326140e+00
6.729725101907579887e-02
-6.038426144726645184e+00
-2.868393598372479758e+00
1.820042238697990200e+00
-3.234763695563318109e+00
-3.381912563987058196e+00
2.066129450551449143e+00
