3.947868173784759849e-01 3.947868173784759849e-01 3.947868173784759849e-01
4.035579760592536425e-01 4.035579760592536425e-01 4.035579760592536425e-01
2.566383534737651240e-01 2.566383534737651240e-01 2.566383534737651240e-01
2.957600789451109158e-01 2.957600789451109158e-01 2.957600789451109158e-01
3.908372839798424092e-01 3.908372839798424092e-01 3.908372839798424092e-01
4.524790651682254472e-01 4.524790651682254472e-01 4.524790651682254472e-01
2.776132980218474766e-01 2.776132980218474766e-01 2.776132980218474766e-01
2.933252807890713854e-01 2.933252807890713854e-01 2.933252807890713854e-01
3.744387921076666736e-01 3.744387921076666736e-01 3.744387921076666736e-01
2.235436217468246556e-01 2.235436217468246556e-01 2.235436217468246556e-01
4.098628561148551785e-01 4.098628561148551785e-01 4.098628561148551785e-01
3.175628833834812093e-01 3.175628833834812093e-01 3.175628833834812093e-01
2.974529561092205121e-01 2.974529561092205121e-01 2.974529561092205121e-01
4.142210735790638476e-01 4.142210735790638476e-01 4.142210735790638476e-01
2.723116699890473225e-01 2.723116699890473225e-01 2.723116699890473225e-01
3.651668344862115112e-01 3.651668344862115112e-01 3.651668344862115112e-01
3.496187881901562378e-01 3.496187881901562378e-01 3.496187881901562378e-01
2.835355693264423049e-01 2.835355693264423049e-01 2.835355693264423049e-01
2.490261500381402704e-01 2.490261500381402704e-01 2.490261500381402704e-01
5.016896597100665156e-01 5.016896597100665156e-01 5.016896597100665156e-01
4.006758101900200764e-01 4.006758101900200764e-01 4.006758101900200764e-01
3.975167926748931491e-01 3.975167926748931491e-01 3.975167926748931491e-01
3.199330230060174474e-01 3.199330230060174474e-01 3.199330230060174474e-01
3.872405519545590868e-01 3.872405519545590868e-01 3.872405519545590868e-01
4.316319312961122701e-01 4.316319312961122701e-01 4.316319312961122701e-01
