-6.789639330916339865e+00
-2.834797482497926957e+00
-5.070070643967046209e+00
-6.426486336480010664e+00
-4.290047722966080279e+00
-3.625697321682403995e-01
-5.533193218632226795e+00
-3.106017207848258632e+00
3.279073053542066463e-01
-5.537651735309820467e+00
-2.750898609499558667e+00
-6.001446717770739347e+00
-3.240785389460011157e+00
0.000000000000000000e+00
-2.798156782473460780e+00
-2.329197402095567249e+00
-1.219407463434038164e+00
-6.557420894537448142e+00
-1.855886442528835722e+00
-6.991390068107606881e-01
-6.117909015436043596e+00
-3.981135507170581178e+00
-6.393354094148211431e+00
-2.820910980088411346e+00
2.379110413102444033e-01
-5.855560898171927597e+00
-2.807870672220510677e+00
-4.981612404134319938e+00
-4.440776142520993730e+00
-7.585435275397390598e+00
-3.211843858945516939e+00
-1.504154966681670924e+00
-6.630234856416802991e+00
-4.293996583134846112e+00
-4.868073846968672957e-01
-5.709806071839143904e+00
-6.806895729014310614e-01
-1.971021959907574006e-01
-6.389942449616786035e+00
-3.084439377974987906e+00
1.066000541395512313e-01
-7.753265308662658839e+00
-3.020921854702709908e+00
-1.617416668976394245e+00
-1.223496849044876100e+00
-2.221429959519347186e+00
-6.409061338836853139e+00
-3.263740026378552539e+00
1.244683711700952100e-01
-6.037810866584145231e+00
-2.641786074425982900e+00
-3.870139488438176789e-01
-6.747390586227013820e+00
-1.741434598225318764e+00
-2.001118788830160145e-01
-8.040133402285315256e+00
-3.933077062612039043e+00
-4.653239378616177979e-01
-7.112043725984705134e+00
-2.650874201238492045e+00
-1.032919957210847450e-01
-7.240197767358868219e+00
5.260470029105919210e-01
-4.692765977008032330e+00
-1.141729518621032113e+00
-4.000000000000000000e+00
-3.256168743177076497e+00
-5.446578617101498487e+00
-1.042555572412240839e+00
-6.527442397389307871e+00
-2.014974414383546186e+00
-6.177172915895900118e+00
-1.036424112724709357e+00
-6.149845109077172189e+00
-1.677068740721836981e+00
-6.014976732059701625e+00
-3.923045102088860148e-01
-7.007467396341390931e+00
-1.751952528283349464e+00
-5.480437848226603847e+00
-6.523932075223810578e-01
-5.289930234016645194e+00
-1.845837012119728060e+00
-3.266272388505325086e+00
-2.317034793144501226e+00
-4.408405869865335447e+00
-5.000000000000000000e+00
-2.131276541065858066e+00
-3.333537959281223984e+00
-3.879506114834826214e+00
-3.750784270417979460e+00
-4.019995251560433580e+00
-2.545479452574987533e+00
-5.114959137130908218e+00
-1.689913191845878737e+00
2.116154845784024463e+00
-3.268686463494348438e+00
-3.728491512634457550e+00
1.629429829403911345e+00
-3.594886062040556940e+00
-2.932095269109519009e+00
1.121903591114246757e+00
-5.384427470290330753e+00
-3.816620933834645069e+00
8.327590263732771447e-01
