-5.527731735707618554e+00
-3.014487045848505797e+00
-5.590052683779441978e+00
-4.729202571117678389e+00
-2.156187961929249219e+00
-1.310140273590941540e+00
-6.753783516785069274e+00
-3.469106474108639038e+00
7.688368274093697607e-01
-8.000000000000000000e+00
-2.495137928285707130e+00
-7.138526443926528131e+00
-3.310688906136752596e+00
-1.675875622034292967e-01
-2.552575777760825559e+00
-2.924835164856686376e+00
-2.953963730980158076e+00
-6.712848498889861126e+00
-2.849809952519241296e+00
-1.945161113767108985e+00
-5.985665169928174656e+00
-3.464247992115819574e+00
-7.401004317773833385e+00
-2.886359528339908387e+00
-4.480079686561925234e-01
-6.929030537592738348e+00
-3.099361453022214441e+00
-3.422939374795656242e+00
-2.707456619990876057e+00
-7.935475331317565661e+00
-1.961840271726771112e+00
-7.741876706761703364e-01
-5.392658723076753091e+00
-2.621009832531824291e+00
-8.415589129168730143e-01
-5.506904286002434645e+00
-2.769714180550427951e+00
1.088788410295369324e+00
-5.756061457413871985e+00
-2.400843308345362193e+00
1.019233717000579631e+00
-6.630907426059509113e+00
-3.072399043292030729e+00
-1.254253050486147547e+00
-1.311588140897197441e+00
-3.314704822882073465e+00
-5.729306709354586857e+00
-3.563738639100316075e+00
3.769503285721982344e-01
-5.668184521751729044e+00
-2.089084024677001050e+00
6.659763583568237832e-01
-6.590202668972993116e+00
-4.757584313281411070e+00
2.034145763456693956e-01
-6.481457853116554979e+00
-1.710962891268541286e+00
-9.260911304959345003e-01
-8.620261205823855022e+00
-3.661460269015260671e+00
8.969716225021473477e-02
-6.702589576225659762e+00
-1.691237260107988805e+00
-6.189282326492780761e+00
-1.666532197451171093e+00
-4.581935039331096249e+00
-3.894637092894878361e+00
-5.070789200448264644e+00
-3.680613548421789449e+00
-6.083529954893617919e+00
-1.010356172246371198e+00
-6.360275303545189551e+00
-1.397150812819517807e+00
-5.474617319181499298e+00
0.000000000000000000e+00
-4.574416438941327101e+00
-1.969196213948198881e+00
-5.482339230798990215e+00
-1.889347289863919865e+00
-5.130542302146256617e+00
-9.075322944551852400e-01
-4.030351996321616781e+00
-2.954178875358567158e+00
-3.272729501470698743e+00
-3.254683783805005781e+00
-3.449095549624570101e+00
-3.878122816206627466e+00
-4.354889923282763142e+00
-1.521406194631403697e+00
-3.854462429853696470e+00
-2.752799305683243603e+00
-3.068985818097328622e+00
-1.418616887304170016e+00
-4.054740746358182157e+00
-3.668141160359299491e+00
6.671349212460936373e-01
-4.689559563826712463e+00
-1.925148053216145128e+00
8.120574749663651559e-01
-3.954292249612497034e+00
-2.432037868636082845e+00
-2.092043543320172283e-01
-4.522565864555956772e+00
-2.696906473483093869e+00
7.234227729388511552e-01
