3.534352539930663561e-01 3.534352539930663561e-01 3.534352539930663561e-01
5.025035440453577973e-01 5.025035440453577973e-01 5.025035440453577973e-01
4.468183693231894127e-01 4.468183693231894127e-01 4.468183693231894127e-01
5.151683185725759451e-01 5.151683185725759451e-01 5.151683185725759451e-01
4.300921040835783415e-01 4.300921040835783415e-01 4.300921040835783415e-01
3.240405356477362719e-01 3.240405356477362719e-01 3.240405356477362719e-01
3.954627105443904167e-01 3.954627105443904167e-01 3.954627105443904167e-01
3.754151591343173888e-01 3.754151591343173888e-01 3.754151591343173888e-01
3.752461843093151117e-01 3.752461843093151117e-01 3.752461843093151117e-01
6.845922201321923417e-01 6.845922201321923417e-01 6.845922201321923417e-01
4.916736091828109445e-01 4.916736091828109445e-01 4.916736091828109445e-01
3.554635671615479220e-01 3.554635671615479220e-01 3.554635671615479220e-01
9.576794180769191200e+01 9.576794180769191200e+01 9.576794180769191200e+01
6.015491733905895533e-01 6.015491733905895533e-01 6.015491733905895533e-01
4.095643146032060811e-01 4.095643146032060811e-01 4.095643146032060811e-01
3.211262241527118033e-01 3.211262241527118033e-01 3.211262241527118033e-01
3.170653417645210581e-01 3.170653417645210581e-01 3.170653417645210581e-01
5.605749990150263873e-01 5.605749990150263873e-01 5.605749990150263873e-01
4.852057935668820932e-01 4.852057935668820932e-01 4.852057935668820932e-01
3.620407998778611969e-01 3.620407998778611969e-01 3.620407998778611969e-01
5.294970711415774023e-01 5.294970711415774023e-01 5.294970711415774023e-01
4.679198080710063046e-01 4.679198080710063046e-01 4.679198080710063046e-01
4.680888505197399740e-01 4.680888505197399740e-01 4.680888505197399740e-01
2.912616542478579928e-01 2.912616542478579928e-01 2.912616542478579928e-01
4.961161964810059111e-01 4.961161964810059111e-01 4.961161964810059111e-01
