-6.773450215188332457e+00
-4.763560062888007707e+00
-3.671760460900240997e+00
-6.544880292880081107e+00
-1.270289980617048009e+00
-1.071802876905918467e+00
-6.467369309456588056e+00
-3.870324167158806450e+00
1.800632630615379037e+00
-4.469447651341936556e+00
-4.829344538929764674e+00
-5.828372935775323782e+00
-4.996660543606905591e+00
0.000000000000000000e+00
-3.364577693163581351e+00
-4.000000000000000000e+00
-1.800238603752961408e+00
-7.407026042097990981e+00
-1.000000000000000000e+00
-2.000000000000000000e+00
-8.125736278141857838e+00
-3.123040873104367510e+00
-1.028121641226446314e+01
-1.000000000000000000e+00
-1.944268185619505873e+00
-6.881929593240207588e+00
-1.582576992604004085e+00
-7.139438998431890226e+00
-5.000000000000000000e+00
-6.529029752180496970e+00
-3.077924323291411746e+00
-1.999757125150723125e+00
-6.703060226071157146e+00
-2.065413975915768585e+00
-5.781336823427364324e-01
-4.935487748463160074e+00
-3.255214608294497047e+00
-1.296767393977318550e+00
-5.066040676227133055e+00
-3.251801264954702120e+00
1.984391748455706317e+00
-7.476607610079940791e+00
-1.192100666010325272e+00
3.931024876667838508e-01
7.414811022998843981e-01
-1.179117185468917528e+00
-5.000000000000000000e+00
-1.825416797207708219e+00
-2.000000000000000000e+00
-8.133254219671698593e+00
-3.900687404433826888e+00
3.585267127309683111e-01
-5.000000000000000000e+00
-3.155194546620474938e+00
1.965398571051065746e+00
-5.162530693005948912e+00
-4.999517043576577002e+00
-1.263273165298867351e+00
-6.536068935760720677e+00
-4.285787874159185051e+00
2.000000000000000000e+00
-6.942787531598785478e+00
-1.378731208458310764e+00
-8.000000000000000000e+00
-3.378934488367199229e+00
-7.808667947784270424e+00
-3.390124273211860828e+00
-6.135602341136617177e+00
-8.696058433069041582e-01
-8.000000000000000000e+00
0.000000000000000000e+00
-8.000000000000000000e+00
-2.999715160015978377e+00
-7.999946668054675136e+00
-1.786628374256325591e+00
-4.000000040938973989e+00
-1.089854429378158462e+00
-4.421871555679802945e+00
-3.572552727068640799e+00
-7.149818556604952136e+00
-3.721246399047171138e+00
-5.690196149515636570e+00
-1.000000000000000000e+00
-3.426896726393028114e+00
-3.217185630389050477e+00
-1.690196149515636570e+00
-3.382415481421352066e+00
-5.690196149515636570e+00
-4.825615572113239438e+00
-5.667153075274596219e+00
-3.837127874273715378e+00
-3.648028186138164930e+00
-2.237900188113302491e+00
-4.653199215735124739e+00
-4.985856796135241353e+00
-1.000000000000000000e+00
-2.731039474452775728e+00
-1.000000000000000000e+00
-1.000000000000000000e+00
-5.707885813619740567e+00
-3.788787440055991773e+00
1.290405727784619927e+00
-2.717736870017164019e+00
-2.951589886658826600e+00
2.785811843264256016e+00
