-8.397940008672037493e+00
-2.772019751407670984e+00
-3.000000000000000000e+00
-8.000000000000000000e+00
-1.000000000000000000e+00
1.136184539551845729e+00
-4.869293794588488211e+00
-2.758684717251489005e+00
2.000000000000000000e+00
-4.117480456625369989e+00
-4.622857446975364937e+00
-6.060407427202585851e+00
-3.899191412790426359e+00
0.000000000000000000e+00
-3.437126075613281095e+00
-4.000000000000000000e+00
-6.670297092659044358e-01
-5.807013124443508367e+00
-5.000000000000000000e+00
-7.463228601059416212e-01
-5.301029995663981254e+00
-1.000612480441442242e+00
-8.488639318148313961e+00
-3.216004628889866712e+00
-7.543330469245477232e-01
-4.122156909964203031e+00
-2.917288326233363094e+00
-5.490354713606266479e+00
-5.000000000000000000e+00
-5.602099416608799842e+00
-4.989800738492812471e+00
1.999874128758931668e+00
-6.111926142895677039e+00
-2.589339877029238401e+00
9.928868942833257716e-01
-5.837132377034762065e+00
-1.327811695748623677e+00
2.000000000000000000e+00
-4.000000000000000000e+00
-2.789722746660176167e+00
2.000000000000000000e+00
-9.522878745280337398e+00
-3.300428159772281322e+00
-1.207070082447831982e+00
9.142215953506717396e-02
-2.423330752778619424e+00
-5.000000000000000000e+00
-4.366522564971554665e+00
-2.000000000000000000e+00
-7.280740855683565549e+00
-1.503226287135101646e+00
-4.571611886516024348e-01
-8.518662577849198669e+00
-1.000000000000000000e+00
2.000000000000000000e+00
-6.531350481173755718e+00
-1.918566558816439338e+00
-1.677698946130586677e+00
-6.905888982668151321e+00
-3.784268895413717360e+00
1.511262128302317542e+00
-4.187070058906111392e+00
-1.117561240545106749e+00
-5.552984813281446108e+00
7.918124604762488694e-02
-6.646885833783936270e+00
-2.222660769796146685e+00
-4.098722039613407198e+00
-2.407268510870896439e+00
-6.743811430488365843e+00
-1.128155587746671351e+00
-5.489521429542009834e+00
4.560079462227210612e-01
-6.528159778666247526e+00
0.000000000000000000e+00
-4.000000000000000000e+00
-3.693246073264457419e+00
-6.457481187972215153e+00
-1.379846025936929399e+00
-6.185513603039861863e+00
-2.083612737831848527e+00
-4.247338197623180100e+00
-2.569653311977217136e+00
-3.165407457220347887e+00
-4.916958381608220741e+00
-4.217743741383163325e+00
-3.138967784679437933e+00
-3.930160898398797009e+00
-3.738483166354923171e+00
-4.189377954351706457e+00
-3.187329441588696355e+00
-2.980007741516960795e+00
-1.623095171056327501e+00
-5.715436031841017339e+00
-3.377904362533081795e+00
5.850426303526128774e-02
-2.544068022635552317e+00
-5.000000000000000000e+00
1.371309754506507828e+00
-5.538401238506685864e+00
-3.148611336531273786e+00
2.900376761652009971e+00
-5.896185441281564188e+00
-4.446491975292660825e+00
2.999997385897339441e+00
