-8.397940008672037493e+00
-1.006047207845651936e+00
-5.604369239330153185e+00
-4.000000000000000000e+00
-2.486539439944497332e+00
3.210960693628552298e-01
-4.015580313144487157e+00
-4.365193722079913741e+00
4.975971994028876577e-01
-5.665937223847520521e+00
-3.488090248539622795e+00
-5.045341250952619205e+00
-1.000002479273573552e+00
0.000000000000000000e+00
-3.999676682801247107e+00
-4.000000000000000000e+00
0.000000000000000000e+00
-6.051889871931631859e+00
-5.000000000000000000e+00
1.052965471941372938e-01
-8.861602419972401279e+00
-3.157200066172506148e+00
-6.301029995663981254e+00
-4.999929807095146117e+00
2.000000000000000000e+00
-3.698970004336018746e+00
-5.000000000000000000e+00
-3.453614263371828752e+00
-3.129483679230281368e+00
-9.000000000000000000e+00
-5.000000000000000000e+00
-2.000000000000000000e+00
-3.698970004336018746e+00
-3.823652834271155321e+00
9.605909206215381690e-01
-4.000000000000000000e+00
0.000000000000000000e+00
2.000000000000000000e+00
-6.940919001741917782e+00
-1.000000000000000000e+00
-2.000000000000000000e+00
-5.937481014661595502e+00
-1.077850601684783083e+00
-7.068601830722269774e-01
9.059837922925964016e-01
-2.496330211822043843e+00
-5.000000000000000000e+00
-4.346166498627147767e+00
1.839271832714854948e+00
-7.058112179156340815e+00
-1.575812311832231805e+00
-8.012560585301677918e-01
-9.000000000000000000e+00
-4.907176317452850434e+00
9.218309032571059269e-02
-6.143840918111107996e+00
-1.000000000000000000e+00
1.801061907404547746e+00
-5.000000000000000000e+00
-2.182819429679379031e+00
-2.000000000000000000e+00
-5.676218835010723218e+00
4.843490785236224672e-01
-4.000000000000000000e+00
3.158816169319648287e-02
-4.021630206587505363e+00
-3.467985674213395875e+00
-7.638832262580342203e+00
0.000000000000000000e+00
-8.000000000000000000e+00
0.000000000000000000e+00
-6.231601302648632768e+00
-5.448044361022786886e-01
-8.000000000000000000e+00
-1.849326756904741964e-01
-4.037790878283803231e+00
-2.712611420761976255e+00
-4.000000000000000000e+00
-1.304154422811139913e+00
-6.321124639234098730e+00
-1.360092792821416818e+00
-3.879624232355453728e+00
-1.832086256344178876e+00
-5.682954965752071708e+00
-1.462432461320656740e+00
-5.690196149515636570e+00
-1.000000000000000000e+00
-1.690196149515636570e+00
-1.000000000000000000e+00
-1.690196149515636570e+00
-3.616256171218986015e+00
-2.368746587132743553e+00
-5.000000000000000000e+00
-6.188958803871479120e+00
-4.585390704539407558e+00
-1.000000000000000000e+00
-2.548321882374260383e+00
-2.260041830711677413e+00
1.812142741094955989e+00
-6.544068022635552317e+00
-1.000000000000000000e+00
1.575616624078296057e+00
-2.544068022635552317e+00
-4.677682348811693203e+00
3.000000000000000000e+00
