-4.407683112099737066e+00
-1.000000000000000000e+00
-5.526757153221255159e+00
-4.003464080992464424e+00
-1.000000000000000000e+00
-2.000000000000000000e+00
-5.971556136473129328e+00
-3.134768282893862335e+00
-7.673469311852899599e-01
-7.900577968313320376e+00
-2.755339843891607465e+00
-8.000000000000000000e+00
-1.306539365531403263e+00
0.000000000000000000e+00
-1.323872658431817451e+00
-2.728729937201665123e+00
-1.192339405971943045e-01
-4.301029995663981254e+00
-1.803089168620511273e+00
-1.981360665176665092e+00
-8.053332314522245738e+00
-1.301815272285851588e+00
-1.030102999566398125e+01
-4.945786777013559288e+00
2.729287359284971598e-02
-7.682478140035830627e+00
-4.732865512601586389e+00
-3.154939638702456861e+00
-5.000000000000000000e+00
-6.760682862606505417e+00
-2.153356454734224101e+00
-1.164086590498403656e-01
-5.115695087721690015e+00
-1.000000000000000000e+00
-5.393211639142023728e-01
-5.116471695926115615e+00
-1.955478110376606543e-02
1.994989650063632824e+00
-5.581749981643552516e+00
-1.177918391714248170e+00
1.982752584061216350e+00
-7.170759905633796727e+00
-3.119375583328669599e+00
1.550317514879388625e+00
4.367956421110080201e-01
-1.504042154814007048e+00
-6.002291414113125612e+00
-3.674818282805440539e+00
-1.732908390263048881e+00
-5.000766335349384306e+00
-2.981815837820067649e+00
-5.066023517773239337e-01
-8.011211021374480268e+00
-4.743949857525822544e+00
2.000000000000000000e+00
-6.253444075051005413e+00
-3.362991418403452837e+00
1.471625912332996222e+00
-9.000000000000000000e+00
-1.645253819721719024e+00
9.930032361952563225e-01
-4.243655295257860338e+00
-2.705796425767796887e+00
-8.000000000000000000e+00
-8.536339802378493102e-01
-8.000000000000000000e+00
-2.387060603153134952e+00
-4.000000000000000000e+00
-3.997163874248563786e+00
-5.162963371262742740e+00
-1.135299224101933957e+00
-7.984045196042195869e+00
-4.738459078383782108e-01
-7.137859566832178260e+00
-4.000000000000000000e+00
-5.447786830231090782e+00
-3.429586423945209628e+00
-6.235934499820221966e+00
-2.986744532179722356e+00
-6.015287222198943518e+00
-2.884853695723033518e+00
-3.797472739431760225e+00
-1.227823895789820208e+00
-4.975308743461321015e+00
-2.061489703821657304e+00
-3.227546489574125932e+00
-1.000000000000000000e+00
-4.240403567323577150e+00
-5.000000000000000000e+00
-5.074195116886355272e+00
-2.336787988652738957e+00
-4.611852953336364358e+00
-5.000000000000000000e+00
-4.226764036351229770e+00
-3.777622014185330279e+00
1.322223232037473273e-01
-4.528552849969440963e+00
-1.019555107190525778e+00
6.671708166571682641e-01
-2.913931912896974286e+00
-2.852779502625199193e+00
2.626132248794240898e+00
-4.293821248574832161e+00
-4.501997572966178751e+00
-9.961136169546889185e-01
