-8.374541241494272370e+00
-3.840339633059924651e+00
-3.914906713170158703e+00
-6.472970618594990455e+00
-3.807553580689320150e+00
1.267282229709323582e+00
-5.991648234369162829e+00
-2.504650341996240481e+00
-4.433337371567106500e-01
-4.187805539911105157e+00
-2.409990120120635737e+00
-7.276761683545695192e+00
-5.000000000000000000e+00
-2.569298877136579340e-01
-3.297525686065647221e+00
-1.155812398343051273e+00
-2.779789388729076105e+00
-8.300455431644197191e+00
-3.679066827096793446e+00
-1.080295735607710306e+00
-8.885622288361345156e+00
-2.427249289974358959e+00
-1.022401950137247617e+01
-3.745785422916893648e+00
-1.991032756406080351e+00
-6.984461409965650347e+00
-1.356962581697380710e+00
-3.930234037535694558e+00
-5.000000000000000000e+00
-5.916949615282236508e+00
-1.638830043852356866e+00
-1.958960694389655810e+00
-7.698970004336018746e+00
-2.858418428755604701e+00
-5.267723633590706278e-01
-4.000000013268635080e+00
-1.164349079761101580e+00
-9.708846242176740748e-01
-5.955815500511086213e+00
-2.449894241111490789e+00
-3.705503364601520633e-01
-6.312060885992806902e+00
-2.398526921516221933e+00
1.239778204040107301e+00
-3.025180979993687957e-01
-2.211019825787102988e+00
-9.000000000000000000e+00
-1.673926978716263170e+00
-1.088938715170792770e+00
-7.137180328788129025e+00
-2.684107100839512761e+00
-1.164743695718685190e+00
-9.000000000000000000e+00
-2.380229988550621290e+00
2.000000000000000000e+00
-8.030572155329997130e+00
-1.003391629351231051e+00
5.319949140197409720e-01
-5.412613573398542322e+00
-5.000000000000000000e+00
-2.000000000000000000e+00
-4.000000000000000000e+00
-5.811279941054531273e-01
-8.000000000000000000e+00
-8.012574277636871356e-01
-4.072335551041576629e+00
-3.993529697292970138e+00
-6.466518641167571246e+00
-4.000000000000000000e+00
-7.999983524439997495e+00
-3.277844442802186009e+00
-4.984135840730256284e+00
-1.598743637257886929e+00
-6.644166832500379094e+00
-1.292526183674550300e+00
-5.862780443876671299e+00
-2.610506434512017915e+00
-6.161216404374974864e+00
-3.206862465389693106e+00
-6.297814742664785470e+00
-4.157928541261435296e-01
-5.433443809250796619e+00
-2.033395056257939704e+00
-4.237965625458043561e+00
-1.356785007201139592e+00
-4.029384777506747284e+00
-1.869483320854532504e+00
-5.631452220689571853e+00
-3.439498719090622547e+00
-5.690196149515636570e+00
-4.785082439828597600e+00
-3.727467083717290297e+00
-1.000000000000000000e+00
-2.564292143878029950e+00
-3.092442274240120526e+00
1.378333094993087871e+00
-2.565428254559778409e+00
-3.527454219314995587e+00
2.812351864714343730e+00
-5.365657379044020736e+00
-3.516982497773698313e+00
8.135708472380774881e-01
-3.465438634416859731e+00
-3.717569539404861345e+00
1.609291052942395828e+00
