-6.991015908490142650e+00
-5.000000000000000000e+00
-5.651848787592217427e+00
-5.488438852233897158e+00
-3.426596352881851271e+00
1.951374925029486951e+00
-6.171513293519623744e+00
-3.840594471660496723e+00
-2.000000000000000000e+00
-5.921813429839916765e+00
-1.000000000000000000e+00
-5.359651636587230428e+00
-1.000000000000000000e+00
0.000000000000000000e+00
-4.000000000000000000e+00
0.000000000000000000e+00
-1.685963106544982049e+00
-7.450666680830770439e+00
-3.528773949839492552e+00
-6.826318046483271784e-01
-9.301029995663981254e+00
-1.000000000000000000e+00
-6.301029995663981254e+00
-3.398205012532914626e+00
1.781900437001645299e-01
-5.609373915074979955e+00
-4.916399465638933819e+00
-3.154901959985743076e+00
-1.003762559889896044e+00
-6.797478237485008457e+00
-1.000000000000000000e+00
2.000000000000000000e+00
-3.699141204881758682e+00
-1.000000000000000000e+00
-3.000000000000000000e+00
-4.775294951048882020e+00
-2.535037977105868201e+00
3.532985455001200759e-01
-4.000000000000000000e+00
-3.540646609372453568e+00
-2.000000000000000000e+00
-7.848839528519196307e+00
-2.319665303739839146e+00
-2.000000000000000000e+00
1.000000000000000000e+00
-1.534907939837416135e+00
-8.999629438634444867e+00
-4.991220887021874830e+00
1.331290648082023909e+00
-5.005790945946447579e+00
-4.406724022490709380e+00
-2.000000000000000000e+00
-8.990146289845617034e+00
-5.000000000000000000e+00
2.000000000000000000e+00
-5.000000000000000000e+00
-1.000000000000000000e+00
7.178662593538245318e-01
-5.000000000000000000e+00
-5.000000000000000000e+00
-2.000000000000000000e+00
-8.000000000000000000e+00
-6.657359205138878577e-01
-4.000000000000000000e+00
-3.524298815792784367e+00
-5.644956720801116212e+00
-1.916577782077052428e+00
-6.115068712326812594e+00
-3.350325072018055295e+00
-6.190624606574395727e+00
-1.901239845274863116e+00
-6.086872574044200235e+00
6.116084383999252916e-01
-4.000000000000000000e+00
-1.445619830227422353e+00
-4.546132263350636471e+00
-3.958607314841775082e+00
-4.000000000000000000e+00
0.000000000000000000e+00
-5.303875113299822530e+00
-1.713293544234633980e+00
-3.124671037410347907e+00
-2.486421377910355446e+00
-1.690196149515636570e+00
-1.828176707035067405e+00
-3.739253883910809595e+00
-4.811811343445231870e+00
-5.690196149515636570e+00
-5.000000000000000000e+00
-5.690196149515636570e+00
-1.778357456839554596e+00
-4.930849895150095641e+00
-3.123950526781075432e+00
-6.544068022635552317e+00
-2.702449529205425360e+00
-1.000000000000000000e+00
-2.544068022635552317e+00
-2.819271637599297442e+00
-1.000000000000000000e+00
-4.095014840682188684e+00
-2.212495361504501101e+00
2.100434367353758880e+00
-2.544068022635552317e+00
-1.000000000000000000e+00
1.175853723011955454e+00
