-6.756754982264759235e+00
-3.829459635238673165e+00
-5.398286894007387815e+00
-7.930253990618054694e+00
-3.639976642727759337e+00
-1.598364582952789048e+00
-4.400375046926029654e+00
-2.556077110464675783e+00
8.646137944885169679e-02
-8.000000000000000000e+00
-4.551423086849969657e+00
-7.881689291463759517e+00
-1.991991719322852683e+00
0.000000000000000000e+00
-2.478369550221732442e+00
-9.497202837144642640e-01
-3.242333537862537529e+00
-5.513020248678671464e+00
-4.088010659536682745e+00
-2.000000000000000000e+00
-8.152975924418722542e+00
-3.144450093495116505e+00
-7.021205637901701380e+00
-5.000000000000000000e+00
1.582880598865263666e+00
-7.698970004336018746e+00
-3.102185523505852416e+00
-3.637675092929322229e+00
-4.999993886890223393e+00
-5.745431670148227532e+00
-2.976260263349121082e+00
1.113902792947236486e+00
-6.435166986786554411e+00
-3.332500561408665796e+00
-1.629700532003649061e+00
-4.018214729332785673e+00
-1.134200154686822337e+00
-1.819403483834041158e-01
-4.697406593994259083e+00
-1.652271372643636882e+00
-3.784847187916283162e-01
-8.929717354562363596e+00
-3.004830305120276268e+00
1.144902470807661610e+00
-1.444932361683815003e+00
-2.832367925661688712e+00
-6.698225892877908372e+00
-3.248451395001187514e+00
8.383583418598201664e-01
-5.054184790851029341e+00
-2.315560652340550085e+00
2.000000000000000000e+00
-5.511670118309715427e+00
-3.784799669627398444e+00
-1.556992563462306967e+00
-6.913647357999727738e+00
-4.108116835486191221e+00
-7.489646806269889545e-01
-6.082992742497468797e+00
-3.875634899656187127e+00
-1.384493752098737290e-02
-5.108967802766602340e+00
-2.900256865797223860e+00
-4.000000000000000000e+00
-2.953391809411763713e+00
-5.653557870968377586e+00
-1.261614681994442932e+00
-5.232500183097028135e+00
0.000000000000000000e+00
-7.663048986230720061e+00
-3.571959128244349913e+00
-4.000000000000000000e+00
-3.022165821199953140e+00
-7.525338904567375309e+00
-3.281229579254922868e+00
-4.000000000000000000e+00
4.007930243977637919e-02
-7.057409323851881133e+00
-1.808465113702657057e+00
-4.076701378881483429e+00
2.787536009528290837e-01
-3.772570403810073802e+00
-4.249900937544532020e+00
-3.592388882324236477e+00
-1.007324090200637290e+00
-5.660895268807662362e+00
-4.068652230278225979e+00
-4.482134244028550540e+00
-4.994143684185692322e+00
-3.168112471368127903e+00
-3.994169299921526584e+00
-4.207816071215873421e+00
-1.194991686943770448e+00
-3.471403644788503051e+00
-4.834138674688198023e+00
-9.999566764176115452e-01
-2.728811327610481730e+00
-4.331882669076700942e+00
-9.083818290375746951e-01
-3.687853772460065294e+00
-4.110048928836522286e+00
1.845633656854376081e+00
-2.544068022635552317e+00
-1.008318560666964236e+00
2.180743688788413071e+00
