-7.139502105437721013e+00
-1.000000000000000000e+00
-6.166287642234221877e+00
-7.971205043719575833e+00
-1.938241138270035968e+00
1.998896698684207607e+00
-6.800772062935874551e+00
-2.893312617047030244e+00
2.000000000000000000e+00
-4.000000000000000000e+00
-5.000000000000000000e+00
-8.000000000000000000e+00
-4.401362858506535858e+00
0.000000000000000000e+00
-4.000000000000000000e+00
-2.524880577206483831e-02
-3.927773016506700188e+00
-4.449568712464247788e+00
-1.818265518442599316e+00
2.000000000000000000e+00
-7.225699140898821149e+00
-1.915904571671888545e+00
-1.030102999566398125e+01
-5.000000000000000000e+00
1.303100761241757999e+00
-5.636325601436486643e+00
-1.000000000000000000e+00
-5.165616021770752297e+00
-1.009173777481378709e+00
-8.911293727171171852e+00
-5.000000000000000000e+00
-2.411086199144675257e-01
-7.698970004336018746e+00
-1.063882183239407420e+00
-3.000000000000000000e+00
-4.995412180434907867e+00
-2.057241012758901810e+00
2.240804478257371612e-01
-5.585806768626918384e+00
-2.330892824433087096e+00
5.870987411620761653e-01
-5.522956636116496121e+00
-1.516202573430930789e+00
1.995219771486166360e+00
-2.997107041232002000e+00
-5.000000000000000000e+00
-8.495458076027908589e+00
-1.000000000000000000e+00
-8.279204076617624475e-01
-7.257474071176418740e+00
-3.525843198001951784e+00
-2.000000000000000000e+00
-9.000000000000000000e+00
-3.299121346871844995e+00
7.391945957501970810e-01
-6.298133571626387095e+00
-4.998412283023562885e+00
-1.170982078114699343e+00
-6.327885784911559952e+00
-5.000000000000000000e+00
1.931607521859314724e+00
-4.988821046106115098e+00
-4.693535271952975485e-01
-4.005225140910761539e+00
-3.920807269503381765e+00
-6.673164267179102715e+00
0.000000000000000000e+00
-8.000000000000000000e+00
-4.000000000000000000e+00
-6.807799938791430527e+00
-6.833467521575107284e-01
-6.243285484439381250e+00
-1.865094009644542528e+00
-5.030523803737552591e+00
0.000000000000000000e+00
-4.890603823652478255e+00
-6.131364700864362360e-01
-7.469988124448016187e+00
-4.000000000000000000e+00
-5.706128524041108818e+00
-2.380715698830560889e+00
-4.074283470026506038e+00
-1.000000000000000000e+00
-4.556043632957942791e+00
-1.000000000000000000e+00
-3.813147033961304277e+00
-2.409067481809060940e+00
-5.690196149515636570e+00
-5.000000000000000000e+00
-5.101742101831137077e+00
-4.826717253753591841e+00
-1.690196149515636570e+00
-1.032308757914459640e+00
-2.544068022635552317e+00
-2.794189168644168220e+00
2.838298014136757974e+00
-6.544068022635552317e+00
-5.000000000000000000e+00
3.000000000000000000e+00
-2.552204661023163901e+00
-4.503053639341768388e+00
1.992382419851164377e+00
-2.544068022635552317e+00
-5.000000000000000000e+00
3.000000000000000000e+00
