2.860046950159190615e+01
2.860046950159190615e+01
4.702980094863494998e+00
4.702980094863494998e+00
4.702980094863494998e+00
3.214420717695621210e+00
3.214420717695621210e+00
2.877725538492939883e+00
2.679087095131933438e+00
1.460057509825277711e+00
7.270040716105062861e-01
4.664959243294131142e-01
4.664959243294131142e-01
4.664959243294131142e-01
4.664959243294131142e-01
4.664959243294131142e-01
4.664959243294131142e-01
4.664959243294131142e-01
4.664959243294131142e-01
4.664959243294131142e-01
4.664959243294131142e-01
4.114334048529071364e-01
4.114334048529071364e-01
4.114334048529071364e-01
4.114334048529071364e-01
4.114334048529071364e-01
4.114334048529071364e-01
4.114334048529071364e-01
4.114334048529071364e-01
4.114334048529071364e-01
4.114334048529071364e-01
4.114334048529071364e-01
4.114334048529071364e-01
4.114334048529071364e-01
4.114334048529071364e-01
4.114334048529071364e-01
4.114334048529071364e-01
4.074436807327133092e-01
4.074436807327133092e-01
4.029215110701566127e-01
4.029215110701566127e-01
4.029215110701566127e-01
4.029215110701566127e-01
4.029215110701566127e-01
4.029215110701566127e-01
4.029215110701566127e-01
4.029215110701566127e-01
4.029215110701566127e-01
4.029215110701566127e-01
4.029215110701566127e-01
4.029215110701566127e-01
4.029215110701566127e-01
4.029215110701566127e-01
4.029215110701566127e-01
3.281499821779326753e-01
3.281499821779326753e-01
3.281499821779326753e-01
3.281499821779326753e-01
3.281499821779326753e-01
3.281499821779326753e-01
3.281499821779326753e-01
3.281499821779326753e-01
3.281499821779326753e-01
3.202162601594902291e-01
3.202162601594902291e-01
3.202162601594902291e-01
3.202162601594902291e-01
3.202162601594902291e-01
3.202162601594902291e-01
3.202162601594902291e-01
3.202162601594902291e-01
3.202162601594902291e-01
3.202162601594902291e-01
3.202162601594902291e-01
3.202162601594902291e-01
3.202162601594902291e-01
3.202162601594902291e-01
3.202162601594902291e-01
2.972776827161180413e-01
2.972776827161180413e-01
2.972776827161180413e-01
2.972776827161180413e-01
2.972776827161180413e-01
2.972776827161180413e-01
2.972776827161180413e-01
2.972776827161180413e-01
2.972776827161180413e-01
2.972776827161180413e-01
2.972776827161180413e-01
2.972776827161180413e-01
2.972776827161180413e-01
2.972776827161180413e-01
2.972776827161180413e-01
2.972776827161180413e-01
2.972776827161180413e-01
2.972776827161180413e-01
2.972776827161180413e-01
2.972776827161180413e-01
2.972776827161180413e-01
2.801168758623312494e-01
2.801168758623312494e-01
2.801168758623312494e-01
2.702054450891805404e-01
2.579392419966700656e-01
2.579392419966700656e-01
2.579392419966700656e-01
2.579392419966700656e-01
2.579392419966700656e-01
2.579392419966700656e-01
2.574780322537455479e-01
2.574780322537455479e-01
2.574780322537455479e-01
2.461447268698915558e-01
2.461447268698915558e-01
2.266697423281819612e-01
2.266697423281819612e-01
2.266697423281819612e-01
2.266697423281819612e-01
2.266697423281819612e-01
2.266697423281819612e-01
2.266697423281819612e-01
2.266697423281819612e-01
2.266697423281819612e-01
2.266697423281819612e-01
2.266697423281819612e-01
2.266697423281819612e-01
2.266697423281819612e-01
2.242025661652683466e-01
2.242025661652683466e-01
2.242025661652683466e-01
2.242025661652683466e-01
2.163754343002427249e-01
2.163754343002427249e-01
2.163754343002427249e-01
2.163754343002427249e-01
2.163754343002427249e-01
2.163754343002427249e-01
2.122875125222231651e-01
2.122875125222231651e-01
2.094853963518587270e-01
2.050664223062326763e-01
2.050664223062326763e-01
2.050664223062326763e-01
2.045150677376940118e-01
2.045150677376940118e-01
2.042037519020309111e-01
2.042037519020309111e-01
2.042037519020309111e-01
2.042037519020309111e-01
2.042037519020309111e-01
2.041254888988717486e-01
2.041008078432151873e-01
2.040944224732400281e-01
2.040928772535830493e-01
2.040928503306582986e-01
2.040926699361625962e-01
2.040926699361625962e-01
2.040926699361625962e-01
2.040926699361625962e-01
2.040926699361625962e-01
2.010056897868188197e-01
2.010056897868188197e-01
2.010056897868188197e-01
2.010056897868188197e-01
2.010056897868188197e-01
2.010056897868188197e-01
2.010056897868188197e-01
2.010056897868188197e-01
2.009769646210261551e-01
2.009769646210261551e-01
2.001859350753467381e-01
2.001859350753467381e-01
2.001859350753467381e-01
2.001859350753467381e-01
2.001859350753467381e-01
2.001859350753467381e-01
2.001859350753467381e-01
2.001859350753467381e-01
1.999549899243368567e-01
1.999204140364778670e-01
1.999170198445866520e-01
1.999166678591404733e-01
1.999166458028276139e-01
1.987048937249938640e-01
1.987048937249938640e-01
1.985899348060668201e-01
1.985671005886598117e-01
1.982811199507379385e-01
1.962747962314692896e-01
1.962747962314692896e-01
1.955678182442280033e-01
1.955678182442280033e-01
1.955678182442280033e-01
1.955449285028805217e-01
1.955449285028805217e-01
1.955449285028805217e-01
1.955449285028805217e-01
1.955449285028805217e-01
1.955346329917984349e-01
1.955345021884573320e-01
