9.261068282481424774e+00
9.261068282481424774e+00
9.261068282481424774e+00
4.958680533451805594e+00
4.958680533451805594e+00
4.958680533451805594e+00
4.958680533451805594e+00
3.804794774620244180e+00
3.518275406109474979e+00
2.916223686877088106e+00
2.916223686877088106e+00
2.916223686877088106e+00
2.916223686877088106e+00
2.813980697376732287e+00
2.813980697376732287e+00
2.775128665294970265e+00
2.775128665294970265e+00
2.775128665294970265e+00
2.542214481340137944e+00
2.542214481340137944e+00
2.534476049146789922e+00
2.534476049146789922e+00
2.534476049146789922e+00
2.206009473044230340e+00
2.206009473044230340e+00
2.206009473044230340e+00
2.206009473044230340e+00
2.206009473044230340e+00
2.206009473044230340e+00
2.204218848657403917e+00
2.204218848657403917e+00
2.204218848657403917e+00
2.172122379285986060e+00
2.172122379285986060e+00
2.172122379285986060e+00
2.172122379285986060e+00
2.170625676026393336e+00
2.170625676026393336e+00
2.170625676026393336e+00
2.170625676026393336e+00
2.170625676026393336e+00
2.170625676026393336e+00
2.170625676026393336e+00
2.170625676026393336e+00
2.170625676026393336e+00
2.170625676026393336e+00
2.170625676026393336e+00
2.170625676026393336e+00
2.170625676026393336e+00
2.170625676026393336e+00
1.998693327484396098e+00
1.576938427576132007e+00
1.576938427576132007e+00
1.576938427576132007e+00
1.576938427576132007e+00
1.576938427576132007e+00
1.576938427576132007e+00
1.576938427576132007e+00
1.576938427576132007e+00
1.576938427576132007e+00
1.576938427576132007e+00
1.576938427576132007e+00
1.576938427576132007e+00
1.576938427576132007e+00
1.576938427576132007e+00
1.576938427576132007e+00
1.563964799819669516e+00
1.416638067769882880e+00
1.416638067769882880e+00
1.416638067769882880e+00
1.416638067769882880e+00
1.416638067769882880e+00
1.416638067769882880e+00
1.416638067769882880e+00
1.416638067769882880e+00
1.416638067769882880e+00
1.416638067769882880e+00
1.416638067769882880e+00
1.343184223501860286e+00
1.306303197456953225e+00
1.236594835998049868e+00
1.236594835998049868e+00
1.152006072827970851e+00
1.152006072827970851e+00
1.152006072827970851e+00
1.152006072827970851e+00
1.152006072827970851e+00
1.152006072827970851e+00
1.152006072827970851e+00
1.152006072827970851e+00
1.152006072827970851e+00
1.152006072827970851e+00
1.152006072827970851e+00
1.152006072827970851e+00
1.152006072827970851e+00
1.122004578056181368e+00
1.122004578056181368e+00
1.122004578056181368e+00
1.091282259401799459e+00
1.091282259401799459e+00
1.091282259401799459e+00
1.091282259401799459e+00
1.091282259401799459e+00
1.083495413330752610e+00
1.071223859587279614e+00
1.000389242342322182e+00
9.853870304871028551e-01
9.853870304871028551e-01
9.853870304871028551e-01
9.800206333244891876e-01
9.800206333244891876e-01
9.765187927638048215e-01
9.765187927638048215e-01
9.689391408212518764e-01
9.658895456076621588e-01
9.658895456076621588e-01
9.658895456076621588e-01
9.658895456076621588e-01
9.658895456076621588e-01
9.453049038163190421e-01
9.453049038163190421e-01
9.453049038163190421e-01
9.453049038163190421e-01
9.453049038163190421e-01
9.453049038163190421e-01
9.285331663435167915e-01
9.285331663435167915e-01
9.267152033190325655e-01
9.251079556162256079e-01
9.249646579934855950e-01
9.249541507035882182e-01
9.223720864776331352e-01
9.030571775714733018e-01
8.908632179332978129e-01
8.858527950868950729e-01
8.858527950868950729e-01
8.858527950868950729e-01
8.858527950868950729e-01
8.785934164634192634e-01
8.785934164634192634e-01
8.769613430647857921e-01
8.769613430647857921e-01
8.583056261610908511e-01
8.559363998507991678e-01
8.559363998507991678e-01
8.547488712127364607e-01
8.547488712127364607e-01
8.485789185341792162e-01
8.474122162348081133e-01
8.427156650914655600e-01
8.427156650914655600e-01
8.427156650914655600e-01
8.427156650914655600e-01
8.427156650914655600e-01
8.427156650914655600e-01
8.423004228861563636e-01
8.423004228861563636e-01
8.418868352371833286e-01
8.416235188735059491e-01
8.416001613457355646e-01
8.415968480040774136e-01
8.415959944762155809e-01
8.415959944762155809e-01
8.406634127046512805e-01
8.406634127046512805e-01
8.406634127046512805e-01
8.406634127046512805e-01
8.405825688917055727e-01
8.405006375484671555e-01
8.404897593507896225e-01
8.404879849609905307e-01
8.404874409937972413e-01
8.404874409937972413e-01
8.404874409937972413e-01
8.404874409937972413e-01
8.402482820608023761e-01
8.386324025259643822e-01
8.386324025259643822e-01
8.384846867029310813e-01
8.384388997619873773e-01
8.384388997619873773e-01
8.383427521574313701e-01
8.383427521574313701e-01
8.379106022907096829e-01
8.378772567122563242e-01
8.378753311344272481e-01
8.378753311344272481e-01
8.378746939975705299e-01
8.378746939975705299e-01
8.378156610368134860e-01
8.377745845984376771e-01
8.375553164063744838e-01
8.339312807659817750e-01
8.338908369410999999e-01
8.338893758895506991e-01
8.337841466591124906e-01
8.337811320621489886e-01
8.337795976785651320e-01
8.337795976785651320e-01
8.337637417386432048e-01
