5.605494654275393884e+01
1.604441086994562227e+01
4.296363205081394021e+00
4.296363205081394021e+00
2.276492919984574037e+00
2.276492919984574037e+00
2.011630830261025960e+00
2.011630830261025960e+00
2.011630830261025960e+00
1.858666364913755586e+00
1.679984106765345375e+00
1.679984106765345375e+00
1.679984106765345375e+00
1.679984106765345375e+00
1.679984106765345375e+00
1.679984106765345375e+00
1.679984106765345375e+00
1.679984106765345375e+00
1.643775893515495135e+00
1.514492856641209473e+00
1.514492856641209473e+00
1.514492856641209473e+00
1.514492856641209473e+00
1.514492856641209473e+00
1.514492856641209473e+00
1.514492856641209473e+00
1.514492856641209473e+00
8.098137374107386988e-01
8.098137374107386988e-01
8.098137374107386988e-01
8.098137374107386988e-01
8.098137374107386988e-01
3.948048772664393136e-01
3.948048772664393136e-01
3.948048772664393136e-01
3.948048772664393136e-01
3.948048772664393136e-01
3.948048772664393136e-01
3.948048772664393136e-01
3.948048772664393136e-01
3.948048772664393136e-01
3.702474601271398269e-01
3.702474601271398269e-01
3.702474601271398269e-01
3.702474601271398269e-01
3.702474601271398269e-01
3.702474601271398269e-01
3.702474601271398269e-01
3.702474601271398269e-01
3.702474601271398269e-01
3.702474601271398269e-01
3.702474601271398269e-01
3.702474601271398269e-01
3.702474601271398269e-01
3.702474601271398269e-01
3.702474601271398269e-01
3.702474601271398269e-01
3.702474601271398269e-01
3.702474601271398269e-01
3.702474601271398269e-01
3.702474601271398269e-01
3.702474601271398269e-01
2.632519220642646207e-01
2.632519220642646207e-01
2.632519220642646207e-01
2.632519220642646207e-01
2.632519220642646207e-01
2.632519220642646207e-01
2.632519220642646207e-01
2.632519220642646207e-01
2.632519220642646207e-01
2.632519220642646207e-01
2.632519220642646207e-01
2.557587091099854382e-01
2.557587091099854382e-01
2.557587091099854382e-01
2.328771726132513598e-01
2.133535372939217578e-01
2.133535372939217578e-01
1.976825461283686913e-01
1.976825461283686913e-01
1.976825461283686913e-01
1.976825461283686913e-01
1.976825461283686913e-01
1.976825461283686913e-01
1.976825461283686913e-01
1.794629353502191493e-01
1.794629353502191493e-01
1.746790045987495765e-01
1.746790045987495765e-01
1.746790045987495765e-01
1.746790045987495765e-01
1.719699054210732103e-01
1.392235379810703444e-01
1.392235379810703444e-01
1.392235379810703444e-01
1.392235379810703444e-01
1.392235379810703444e-01
1.392235379810703444e-01
1.392235379810703444e-01
1.392235379810703444e-01
1.392235379810703444e-01
1.392235379810703444e-01
1.392235379810703444e-01
1.392235379810703444e-01
1.392235379810703444e-01
1.392235379810703444e-01
1.392235379810703444e-01
1.392235379810703444e-01
1.392235379810703444e-01
1.392235379810703444e-01
1.376290267023660141e-01
1.376290267023660141e-01
1.376290267023660141e-01
1.376290267023660141e-01
1.376290267023660141e-01
1.371916008076429772e-01
1.371916008076429772e-01
1.371916008076429772e-01
1.371916008076429772e-01
1.369539630126467844e-01
1.368573868662313897e-01
1.368573868662313897e-01
1.367372165403262230e-01
1.367372165403262230e-01
1.367372165403262230e-01
1.367217490340690011e-01
1.367166289196569684e-01
1.367166289196569684e-01
1.327470573323832337e-01
1.327470573323832337e-01
1.315978226731385203e-01
1.290507424002801384e-01
1.283598168920456750e-01
1.283209459099043381e-01
1.283134770680178505e-01
1.283127318186157717e-01
1.283126152613096038e-01
1.283125579184035692e-01
1.283124822509419116e-01
1.283124822509419116e-01
1.283123718908362465e-01
1.283123718908362465e-01
1.283122552435964903e-01
1.283122552435964903e-01
1.283122552435964903e-01
1.283122552435964903e-01
1.283122552435964903e-01
1.283121418560903837e-01
1.283121418560903837e-01
1.283121418560903837e-01
1.283121418560903837e-01
1.283121418560903837e-01
1.283121418560903837e-01
1.278839752792051421e-01
1.278839752792051421e-01
1.278839752792051421e-01
1.277826771208358247e-01
1.276237199982866999e-01
1.276237199982866999e-01
1.276237199982866999e-01
1.276237199982866999e-01
1.276132423987432207e-01
1.276058182577177735e-01
1.276046674525060376e-01
1.276044241297242254e-01
1.276044139095861008e-01
1.276042156364543545e-01
1.276042156364543545e-01
1.276042156364543545e-01
1.276042156364543545e-01
1.274383633632448221e-01
1.273587593896477743e-01
1.273587593896477743e-01
1.273587593896477743e-01
1.273587593896477743e-01
1.273062377701552061e-01
1.273062377701552061e-01
1.272874781855160287e-01
1.272857096061617843e-01
1.272855416306141740e-01
1.272855416306141740e-01
1.272855416306141740e-01
1.272855416306141740e-01
1.272855240550158640e-01
1.272855240550158640e-01
1.272352715281283853e-01
1.272352715281283853e-01
1.271951646803049785e-01
1.271923820469384736e-01
1.271922173082685459e-01
1.271922011918533990e-01
1.271921150093221209e-01
1.271921150093221209e-01
1.271921150093221209e-01
1.271921150093221209e-01
1.271388772120932154e-01
1.271388772120932154e-01
1.271368412031531336e-01
1.271368412031531336e-01
