7.785879564893855687e+00
7.785879564893855687e+00
6.535563324824457787e+00
5.849593039995692578e+00
1.530928222464447375e+00
1.530928222464447375e+00
1.530928222464447375e+00
1.530928222464447375e+00
8.395290164144164624e-01
6.630551975553259370e-01
6.630551975553259370e-01
6.630551975553259370e-01
6.630551975553259370e-01
6.630551975553259370e-01
5.274351794007411387e-01
5.274351794007411387e-01
5.274351794007411387e-01
5.274351794007411387e-01
5.274351794007411387e-01
5.274351794007411387e-01
5.274351794007411387e-01
5.274351794007411387e-01
5.274351794007411387e-01
5.274351794007411387e-01
5.274351794007411387e-01
5.274351794007411387e-01
5.274351794007411387e-01
5.274351794007411387e-01
4.814355862420524601e-01
4.814355862420524601e-01
4.814355862420524601e-01
4.814355862420524601e-01
4.814355862420524601e-01
4.814355862420524601e-01
4.814355862420524601e-01
4.814355862420524601e-01
4.814355862420524601e-01
4.814355862420524601e-01
4.814355862420524601e-01
4.814355862420524601e-01
4.814355862420524601e-01
4.814355862420524601e-01
4.814355862420524601e-01
4.814355862420524601e-01
4.814355862420524601e-01
4.814355862420524601e-01
4.353004294981350220e-01
4.353004294981350220e-01
4.353004294981350220e-01
4.353004294981350220e-01
4.353004294981350220e-01
4.353004294981350220e-01
4.353004294981350220e-01
4.353004294981350220e-01
4.353004294981350220e-01
4.353004294981350220e-01
4.353004294981350220e-01
4.353004294981350220e-01
4.353004294981350220e-01
4.353004294981350220e-01
4.353004294981350220e-01
4.353004294981350220e-01
4.353004294981350220e-01
4.353004294981350220e-01
4.353004294981350220e-01
4.353004294981350220e-01
4.353004294981350220e-01
4.353004294981350220e-01
4.353004294981350220e-01
4.353004294981350220e-01
4.353004294981350220e-01
4.353004294981350220e-01
4.353004294981350220e-01
4.353004294981350220e-01
4.353004294981350220e-01
4.353004294981350220e-01
4.353004294981350220e-01
3.853402780304435171e-01
3.853402780304435171e-01
3.619680461114231917e-01
3.425782991835130131e-01
3.216880216680332860e-01
3.100815479581681688e-01
3.050229707743355445e-01
3.030316641976360525e-01
3.022392303759570131e-01
3.019529057373654402e-01
3.018136086642474458e-01
3.010479594753765475e-01
3.004461358395891790e-01
3.001181129407894388e-01
2.999398816715688754e-01
2.998432876910461786e-01
2.997942884402275410e-01
2.997636463809075780e-01
2.997482593349068414e-01
2.997418623792472703e-01
2.997368003283263360e-01
2.997348503247103113e-01
2.997339552623750070e-01
2.997331526364749310e-01
2.997331526364749310e-01
2.997324842299413095e-01
2.582103855031023798e-01
2.582103855031023798e-01
2.582103855031023798e-01
2.582103855031023798e-01
2.582103855031023798e-01
2.582103855031023798e-01
2.582103855031023798e-01
2.582103855031023798e-01
2.582103855031023798e-01
2.405127222385640140e-01
2.405127222385640140e-01
2.405127222385640140e-01
2.224836764154398405e-01
2.170457800013721461e-01
2.170457800013721461e-01
2.170457800013721461e-01
2.170457800013721461e-01
2.170457800013721461e-01
2.170457800013721461e-01
2.170457800013721461e-01
2.170457800013721461e-01
2.170457800013721461e-01
2.170457800013721461e-01
2.170457800013721461e-01
2.170457800013721461e-01
2.170457800013721461e-01
2.170457800013721461e-01
2.170457800013721461e-01
2.170457800013721461e-01
2.087140175236360529e-01
2.087140175236360529e-01
2.087140175236360529e-01
2.087140175236360529e-01
2.087140175236360529e-01
2.087140175236360529e-01
2.073783679548492631e-01
2.073783679548492631e-01
2.073783679548492631e-01
2.073783679548492631e-01
2.073783679548492631e-01
2.071965888926458055e-01
2.071965888926458055e-01
2.071965888926458055e-01
2.071965888926458055e-01
2.070678033879581881e-01
2.070379613859644197e-01
2.070327211640260456e-01
2.070316022392480193e-01
2.070313377677014399e-01
2.070312773538130480e-01
2.070312191223752929e-01
2.070312191223752929e-01
2.070312191223752929e-01
2.070312191223752929e-01
2.070312191223752929e-01
2.070312191223752929e-01
2.070312191223752929e-01
2.070312191223752929e-01
2.070312191223752929e-01
2.070312191223752929e-01
2.070312191223752929e-01
2.070312191223752929e-01
2.070312092360445666e-01
2.070312092360445666e-01
2.070312092360445666e-01
2.070312092360445666e-01
2.070312092360445666e-01
2.070312092360445666e-01
2.070312092360445666e-01
2.070312092360445666e-01
2.070312092360445666e-01
2.070312092360445666e-01
2.070312092360445666e-01
2.045561120271627564e-01
2.036993800047355307e-01
2.036066891263786094e-01
2.035965487191372381e-01
2.035963643116612265e-01
2.035958009189454132e-01
2.035958009189454132e-01
2.035958009189454132e-01
2.035958009189454132e-01
2.035954508803662910e-01
2.035929497934627075e-01
2.033035723158586050e-01
2.032885018224979690e-01
2.032878177761770766e-01
2.032875502838272508e-01
2.032875274898541806e-01
2.032874523350148843e-01
2.026344958471806290e-01
2.026344958471806290e-01
2.026344958471806290e-01
2.024240796377605178e-01
2.024156901945159404e-01
2.024155690596114443e-01
2.024155690596114443e-01
