1.770274697915151663e+01
9.896179616909897447e+00
3.253312331081744890e+00
3.253312331081744890e+00
3.253312331081744890e+00
3.253312331081744890e+00
2.422302654641132591e+00
2.422302654641132591e+00
2.422302654641132591e+00
2.422302654641132591e+00
1.773954022111561724e+00
1.773954022111561724e+00
1.773954022111561724e+00
1.773954022111561724e+00
1.773954022111561724e+00
1.773954022111561724e+00
1.773954022111561724e+00
1.773954022111561724e+00
1.773954022111561724e+00
1.618797681543017397e+00
1.618797681543017397e+00
1.618797681543017397e+00
1.618797681543017397e+00
1.618797681543017397e+00
1.618797681543017397e+00
1.618797681543017397e+00
1.618797681543017397e+00
1.618797681543017397e+00
1.618797681543017397e+00
1.618797681543017397e+00
1.618797681543017397e+00
1.618797681543017397e+00
1.618797681543017397e+00
1.618797681543017397e+00
1.428458372165742674e+00
1.428458372165742674e+00
1.428458372165742674e+00
1.428458372165742674e+00
1.428458372165742674e+00
7.177994098102793430e-01
7.177994098102793430e-01
7.177994098102793430e-01
6.492764300257453103e-01
6.492764300257453103e-01
6.492764300257453103e-01
6.492764300257453103e-01
6.492764300257453103e-01
6.492764300257453103e-01
6.492764300257453103e-01
6.492764300257453103e-01
6.492764300257453103e-01
6.492764300257453103e-01
6.492764300257453103e-01
6.492764300257453103e-01
6.492764300257453103e-01
6.492764300257453103e-01
6.492764300257453103e-01
6.492764300257453103e-01
6.492764300257453103e-01
6.492764300257453103e-01
6.492764300257453103e-01
6.492764300257453103e-01
6.492764300257453103e-01
6.492764300257453103e-01
6.492764300257453103e-01
6.492764300257453103e-01
5.028835917473915007e-01
5.028835917473915007e-01
5.028835917473915007e-01
5.028835917473915007e-01
5.028835917473915007e-01
5.028835917473915007e-01
5.028835917473915007e-01
5.028835917473915007e-01
5.028835917473915007e-01
5.028835917473915007e-01
5.028835917473915007e-01
5.028835917473915007e-01
5.028835917473915007e-01
5.028835917473915007e-01
5.028835917473915007e-01
5.028835917473915007e-01
5.028835917473915007e-01
5.028835917473915007e-01
5.028835917473915007e-01
5.028835917473915007e-01
5.028835917473915007e-01
5.028835917473915007e-01
4.992931279904973541e-01
4.992931279904973541e-01
4.992931279904973541e-01
4.361947421764858501e-01
4.361947421764858501e-01
4.361947421764858501e-01
4.085378027147963942e-01
2.683642634301359742e-01
2.683642634301359742e-01
2.683642634301359742e-01
2.683642634301359742e-01
2.683642634301359742e-01
2.683642634301359742e-01
2.683642634301359742e-01
2.683642634301359742e-01
2.662632236174793943e-01
2.662632236174793943e-01
2.662632236174793943e-01
2.662632236174793943e-01
2.662632236174793943e-01
2.662632236174793943e-01
2.579418860205385799e-01
2.579418860205385799e-01
2.569995624313032856e-01
2.569995624313032856e-01
2.563997648976150123e-01
2.563997648976150123e-01
2.563997648976150123e-01
2.555455846888750604e-01
2.551363555004578787e-01
2.545364898290695677e-01
2.545364898290695677e-01
2.545364898290695677e-01
2.544868632216754079e-01
2.502922036854005050e-01
2.502922036854005050e-01
2.402615325588317030e-01
2.376014692567514353e-01
2.369664000710624552e-01
2.369664000710624552e-01
2.369664000710624552e-01
2.363344962074369338e-01
2.363344962074369338e-01
2.363344962074369338e-01
2.358201821565920064e-01
2.358201821565920064e-01
2.354238746574673358e-01
2.354238746574673358e-01
2.354238746574673358e-01
2.354238746574673358e-01
2.354238746574673358e-01
2.238269605067263468e-01
2.238269605067263468e-01
2.238269605067263468e-01
2.238269605067263468e-01
2.238269605067263468e-01
2.227580469982271827e-01
2.227580469982271827e-01
2.219847562211380854e-01
2.219847562211380854e-01
2.213848572277618554e-01
2.212723937925152040e-01
2.212723937925152040e-01
2.212723937925152040e-01
2.212723937925152040e-01
2.212723937925152040e-01
2.212723937925152040e-01
2.211848862787283154e-01
2.211671732104423249e-01
2.211635895572645061e-01
2.211635895572645061e-01
2.211635895572645061e-01
2.211635895572645061e-01
2.211611508797612369e-01
2.211598757449666219e-01
2.211597341249819382e-01
2.211590624126176796e-01
2.211590624126176796e-01
2.211590624126176796e-01
2.211590624126176796e-01
2.211590624126176796e-01
2.211590624126176796e-01
2.197683169732868314e-01
2.185621829474352629e-01
2.183481896691495117e-01
2.183195827222258467e-01
2.183160416131221804e-01
2.183154253632368647e-01
2.183153679062423969e-01
2.183117245989780741e-01
2.183117245989780741e-01
2.183117245989780741e-01
2.183117245989780741e-01
2.183117245989780741e-01
2.183117245989780741e-01
2.183117245989780741e-01
2.183117245989780741e-01
2.183117245989780741e-01
2.183117245989780741e-01
2.063799000271880624e-01
2.041224885089252816e-01
2.039780903990691674e-01
2.039700945597510140e-01
2.026900487758188374e-01
2.022151105033970220e-01
2.021984801003508525e-01
1.963400405623472733e-01
1.960443412590470724e-01
1.948552728361054864e-01
1.948164899880289458e-01
1.946661642440716822e-01
1.946621605105925412e-01
