7.836920939381241169e+01
1.434944475278454945e+01
1.138208544542506218e+01
1.138208544542506218e+01
6.057569413502482014e+00
6.057569413502482014e+00
6.057569413502482014e+00
4.331822253563815117e+00
4.331822253563815117e+00
2.623551653739045531e+00
2.623551653739045531e+00
2.623551653739045531e+00
2.623551653739045531e+00
2.623551653739045531e+00
2.623551653739045531e+00
2.508090440763100393e+00
2.508090440763100393e+00
2.154200210297731566e+00
2.154200210297731566e+00
1.954170232476920788e+00
1.954170232476920788e+00
1.619177584254783309e+00
1.619177584254783309e+00
1.619177584254783309e+00
1.619177584254783309e+00
1.619177584254783309e+00
1.619177584254783309e+00
1.619177584254783309e+00
1.619177584254783309e+00
1.619177584254783309e+00
1.383325428435459248e+00
1.383325428435459248e+00
1.383325428435459248e+00
9.979852451154498372e-01
9.979852451154498372e-01
9.979852451154498372e-01
9.979852451154498372e-01
9.979852451154498372e-01
9.979852451154498372e-01
9.979852451154498372e-01
9.979852451154498372e-01
9.979852451154498372e-01
9.979852451154498372e-01
9.979852451154498372e-01
9.979852451154498372e-01
9.979852451154498372e-01
9.979852451154498372e-01
9.979852451154498372e-01
9.979852451154498372e-01
9.979852451154498372e-01
9.979852451154498372e-01
9.979852451154498372e-01
9.979852451154498372e-01
9.979852451154498372e-01
9.979852451154498372e-01
9.979852451154498372e-01
9.979852451154498372e-01
9.979852451154498372e-01
9.979852451154498372e-01
9.979852451154498372e-01
9.979852451154498372e-01
9.979852451154498372e-01
9.979852451154498372e-01
9.979852451154498372e-01
9.979852451154498372e-01
9.979852451154498372e-01
9.979852451154498372e-01
9.979852451154498372e-01
9.350791150607988822e-01
9.350791150607988822e-01
9.350791150607988822e-01
9.350791150607988822e-01
9.350791150607988822e-01
9.350791150607988822e-01
9.350791150607988822e-01
9.350791150607988822e-01
9.350791150607988822e-01
9.350791150607988822e-01
9.350791150607988822e-01
9.350791150607988822e-01
9.350791150607988822e-01
9.350791150607988822e-01
9.350791150607988822e-01
9.350791150607988822e-01
9.350791150607988822e-01
9.299913266267463285e-01
9.299913266267463285e-01
9.299913266267463285e-01
9.299913266267463285e-01
9.299913266267463285e-01
9.249190374274806059e-01
9.249190374274806059e-01
9.249190374274806059e-01
9.249190374274806059e-01
9.249190374274806059e-01
9.249190374274806059e-01
9.249190374274806059e-01
9.249190374274806059e-01
9.249190374274806059e-01
9.249190374274806059e-01
9.249190374274806059e-01
9.249190374274806059e-01
9.249190374274806059e-01
9.249190374274806059e-01
9.249190374274806059e-01
9.249190374274806059e-01
9.249190374274806059e-01
9.249190374274806059e-01
9.249190374274806059e-01
9.236073305882348539e-01
9.236073305882348539e-01
9.236073305882348539e-01
9.140197639290019715e-01
9.140197639290019715e-01
9.140197639290019715e-01
9.140197639290019715e-01
9.140197639290019715e-01
9.130760866898330885e-01
9.052955035375158666e-01
9.043714573204122420e-01
9.043714573204122420e-01
9.042796672221486975e-01
8.990581160082320444e-01
8.990581160082320444e-01
8.990581160082320444e-01
8.990581160082320444e-01
8.990581160082320444e-01
8.961217005670363278e-01
8.961217005670363278e-01
8.961217005670363278e-01
8.960608631364928023e-01
8.960608631364928023e-01
8.943224867580068516e-01
8.936209697442547562e-01
8.936209697442547562e-01
8.936209697442547562e-01
8.930158317870773299e-01
8.922659920349611529e-01
8.921462679235223625e-01
8.921169324062921957e-01
8.921107636364626892e-01
8.921094568178999928e-01
8.921063310947410230e-01
8.921063310947410230e-01
8.921063310947410230e-01
8.921063310947410230e-01
8.921063310947410230e-01
8.877411203789267180e-01
8.877411203789267180e-01
8.873707855352055418e-01
8.872737974637721070e-01
8.872737974637721070e-01
8.872737974637721070e-01
8.871897511103208345e-01
8.870581877180720998e-01
8.861720478586521121e-01
8.858914332907104061e-01
8.858510210378510719e-01
8.858437815975761520e-01
8.858420834873266259e-01
8.858420834873266259e-01
8.858420834873266259e-01
8.858420834873266259e-01
8.858420834873266259e-01
8.858420834873266259e-01
8.858401117820259296e-01
8.858401117820259296e-01
8.858401117820259296e-01
8.832759132811107694e-01
8.804359706157938170e-01
8.804237913871493237e-01
8.804237913871493237e-01
8.804237913871493237e-01
8.800842807807147672e-01
8.796537288746870686e-01
8.791420964639651281e-01
8.790451086197590413e-01
8.786886660146733252e-01
8.785682307847685335e-01
8.785579287571183560e-01
8.777725132934732777e-01
8.777725132934732777e-01
8.762674191602968232e-01
8.753562849164361337e-01
8.732560767473982466e-01
8.722573007254514899e-01
8.720462863375539886e-01
8.717952019718466783e-01
8.713920755402175811e-01
8.713721047671845188e-01
8.709019417316787859e-01
8.705620567435465862e-01
8.704972394446960360e-01
8.704490233483650474e-01
8.703234697902832995e-01
8.703234697902832995e-01
8.702896269456430467e-01
8.702600292118309877e-01
8.702372177722386137e-01
8.702090203911014843e-01
