9.242036742548120287e+01
3.764691955925574973e+01
1.483096687647028844e+01
7.853193366761431093e+00
6.758407662636479074e+00
4.752981096553989815e+00
4.752981096553989815e+00
4.752981096553989815e+00
4.752981096553989815e+00
3.734900360949515274e+00
2.858760011228409503e+00
2.858760011228409503e+00
2.858760011228409503e+00
2.858760011228409503e+00
2.858760011228409503e+00
2.858760011228409503e+00
2.858760011228409503e+00
2.858760011228409503e+00
2.858760011228409503e+00
2.858760011228409503e+00
2.650957196365007817e+00
2.650957196365007817e+00
2.650957196365007817e+00
2.650957196365007817e+00
2.650957196365007817e+00
2.650957196365007817e+00
2.650957196365007817e+00
2.650957196365007817e+00
2.650957196365007817e+00
2.650957196365007817e+00
2.650957196365007817e+00
2.650957196365007817e+00
2.650957196365007817e+00
2.650957196365007817e+00
2.650957196365007817e+00
2.650957196365007817e+00
2.650957196365007817e+00
2.650957196365007817e+00
2.650957196365007817e+00
2.650957196365007817e+00
2.650957196365007817e+00
2.650957196365007817e+00
2.650957196365007817e+00
2.600918250784615360e+00
2.600918250784615360e+00
2.600918250784615360e+00
2.600918250784615360e+00
2.600918250784615360e+00
2.600918250784615360e+00
2.600918250784615360e+00
2.600918250784615360e+00
2.600918250784615360e+00
2.600918250784615360e+00
2.600918250784615360e+00
2.590484485640993206e+00
2.590484485640993206e+00
2.590484485640993206e+00
2.590484485640993206e+00
2.590484485640993206e+00
2.590484485640993206e+00
2.590484485640993206e+00
2.590484485640993206e+00
2.590484485640993206e+00
2.590484485640993206e+00
2.590484485640993206e+00
2.577341116239516339e+00
2.577341116239516339e+00
2.369588053704934083e+00
2.369588053704934083e+00
2.369588053704934083e+00
2.369588053704934083e+00
2.309858230317345384e+00
2.309858230317345384e+00
2.309858230317345384e+00
2.309858230317345384e+00
2.309858230317345384e+00
2.309858230317345384e+00
2.309858230317345384e+00
2.309858230317345384e+00
2.309858230317345384e+00
2.253483328735398583e+00
2.253483328735398583e+00
2.253483328735398583e+00
2.253483328735398583e+00
2.246657142533622142e+00
2.246657142533622142e+00
2.239497338517637548e+00
2.239497338517637548e+00
2.239497338517637548e+00
2.239497338517637548e+00
2.239497338517637548e+00
2.239497338517637548e+00
2.234277348561531706e+00
2.234277348561531706e+00
2.234277348561531706e+00
2.234277348561531706e+00
2.234277348561531706e+00
2.234277348561531706e+00
2.230546025848798575e+00
2.230546025848798575e+00
2.229036244777360398e+00
2.229036244777360398e+00
2.225370227320886851e+00
2.221103805333919379e+00
2.218643874545687567e+00
2.217805247712504979e+00
2.217122354949407903e+00
2.216830103940352625e+00
2.216685592462515952e+00
2.216617016701472487e+00
2.216585008312271565e+00
2.216570982200180673e+00
2.216564723164470063e+00
2.216561592582531937e+00
2.216560670130694799e+00
2.216559722637830188e+00
2.216559381309076926e+00
2.216559381309076926e+00
2.216559381309076926e+00
2.216559381309076926e+00
2.216559305267293389e+00
2.208782921992070492e+00
2.199347032793756984e+00
2.192603296261112611e+00
2.186394222706978585e+00
2.175950359404893231e+00
2.175950359404893231e+00
2.175950359404893231e+00
2.153913680526766683e+00
2.140395421755740823e+00
2.138909261293527209e+00
2.073793555224500373e+00
1.985151891246246025e+00
1.937957117627882475e+00
1.832084795984254999e+00
1.772102706815827489e+00
1.717425614939287470e+00
1.602876528318828875e+00
1.602876528318828875e+00
1.602876528318828875e+00
1.602876528318828875e+00
1.494823844355975595e+00
1.405028032146169448e+00
1.386454597322362092e+00
1.381822321715342028e+00
1.380580297549898194e+00
1.380242020851614848e+00
1.361765282074646644e+00
1.361765282074646644e+00
1.352213394626342158e+00
1.248692066300979731e+00
1.227068471977073472e+00
1.223394305611466004e+00
1.220599732853735464e+00
1.220599732853735464e+00
1.220599732853735464e+00
1.220599732853735464e+00
1.156590371442073106e+00
1.108906492007760480e+00
1.108906492007760480e+00
1.108906492007760480e+00
1.108906492007760480e+00
1.072371914255606073e+00
1.022130945399450042e+00
1.022130945399450042e+00
9.875964979141875766e-01
9.802185098257610862e-01
9.802185098257610862e-01
9.086220475473221203e-01
9.068263426199569821e-01
8.581323501017532607e-01
8.393849455126041192e-01
8.360669248657695007e-01
8.313526605337642206e-01
8.307621734314789563e-01
8.306298530094302635e-01
8.306142008251663489e-01
8.251244994635789087e-01
8.245501815860555306e-01
8.245501815860555306e-01
7.698034625929032204e-01
7.284596177635318526e-01
7.197239818832961156e-01
7.056812763542471556e-01
7.056812763542471556e-01
6.960955188095595547e-01
6.913397727304295692e-01
6.875664731313398947e-01
6.615945768554399864e-01
6.571605407644128816e-01
6.471687126638635545e-01
6.464467677362661924e-01
6.367465361917115096e-01
6.314796512058009625e-01
3.254612964185455426e-01
3.200144731631237582e-01
3.200144731631237582e-01
2.882365543322595869e-01
2.870365040016328306e-01
2.838285835613371666e-01
