4.653554672074105980e+01
4.653554672074105980e+01
2.025411087715978908e+01
1.738876120106592538e+01
1.583449645527466387e+01
8.734966842648372420e+00
8.734966842648372420e+00
7.912001582595859617e+00
6.886235435430052121e+00
6.886235435430052121e+00
6.886235435430052121e+00
6.886235435430052121e+00
6.886235435430052121e+00
6.886235435430052121e+00
6.886235435430052121e+00
6.161723561394534698e+00
5.557900879713088216e+00
5.557900879713088216e+00
5.557900879713088216e+00
5.012161441740666135e+00
5.012161441740666135e+00
5.012161441740666135e+00
5.012161441740666135e+00
4.912677526803195249e+00
4.912677526803195249e+00
4.912677526803195249e+00
4.912677526803195249e+00
4.912677526803195249e+00
4.912677526803195249e+00
4.912677526803195249e+00
4.296006470574257108e+00
4.020875151411388515e+00
4.020875151411388515e+00
4.020875151411388515e+00
4.020875151411388515e+00
4.020875151411388515e+00
4.020875151411388515e+00
3.782163987847884545e+00
3.782163987847884545e+00
3.782163987847884545e+00
3.782163987847884545e+00
3.782163987847884545e+00
3.782163987847884545e+00
3.782163987847884545e+00
3.782163987847884545e+00
3.782163987847884545e+00
3.782163987847884545e+00
3.782163987847884545e+00
3.782163987847884545e+00
3.782163987847884545e+00
3.782163987847884545e+00
3.782163987847884545e+00
3.782163987847884545e+00
3.782163987847884545e+00
3.782163987847884545e+00
3.408005331674515137e+00
3.408005331674515137e+00
3.408005331674515137e+00
3.408005331674515137e+00
3.408005331674515137e+00
3.408005331674515137e+00
3.408005331674515137e+00
3.308726083311770871e+00
3.308726083311770871e+00
3.308726083311770871e+00
3.308726083311770871e+00
3.308726083311770871e+00
3.308726083311770871e+00
3.308726083311770871e+00
3.308726083311770871e+00
3.308726083311770871e+00
3.308726083311770871e+00
3.308726083311770871e+00
3.308726083311770871e+00
3.308726083311770871e+00
3.308726083311770871e+00
3.308726083311770871e+00
3.308726083311770871e+00
3.058903368814859913e+00
3.005360274199458281e+00
3.005360274199458281e+00
2.942976712291746288e+00
2.942976712291746288e+00
2.942976712291746288e+00
2.942976712291746288e+00
2.942976712291746288e+00
2.942976712291746288e+00
2.942976712291746288e+00
2.942976712291746288e+00
2.942976712291746288e+00
2.792547026100704599e+00
2.792547026100704599e+00
2.792547026100704599e+00
2.792547026100704599e+00
2.792547026100704599e+00
2.785200070305188902e+00
2.785200070305188902e+00
2.773188056466295848e+00
2.773188056466295848e+00
2.773188056466295848e+00
2.773188056466295848e+00
2.768628383744124122e+00
2.768628383744124122e+00
2.751148148500545787e+00
2.734159834620970564e+00
2.729314102166667588e+00
2.729314102166667588e+00
2.701322804870468719e+00
2.701322804870468719e+00
2.701322804870468719e+00
2.701322804870468719e+00
2.701322804870468719e+00
2.701322804870468719e+00
2.649646440716935114e+00
2.649646440716935114e+00
2.649646440716935114e+00
2.558655101366570594e+00
2.558655101366570594e+00
2.558655101366570594e+00
2.538716912477450904e+00
2.538716912477450904e+00
2.538716912477450904e+00
2.538716912477450904e+00
2.538716912477450904e+00
2.538716912477450904e+00
2.518330496951133757e+00
2.518330496951133757e+00
2.518330496951133757e+00
2.518330496951133757e+00
2.518330496951133757e+00
2.518330496951133757e+00
2.515325347426437208e+00
2.515325347426437208e+00
2.515325347426437208e+00
2.515325347426437208e+00
2.515325347426437208e+00
2.513359496482290290e+00
2.513359496482290290e+00
2.511238146798061788e+00
2.510497204543349792e+00
2.510375851256158253e+00
2.496115703866846225e+00
2.494506851171225392e+00
2.494506851171225392e+00
2.494506851171225392e+00
2.494506851171225392e+00
2.494506851171225392e+00
2.494506851171225392e+00
2.491140516776944480e+00
2.477449920363783864e+00
2.477449920363783864e+00
2.472081448821644933e+00
2.472081448821644933e+00
2.472081448821644933e+00
2.470110529217251827e+00
2.470110529217251827e+00
2.464626683391953677e+00
2.463398053786517661e+00
2.463199178913231702e+00
2.463131087021528831e+00
2.463128127455485039e+00
2.462910222116968306e+00
2.462910222116968306e+00
2.462057595506793373e+00
2.461986841210763277e+00
2.461425938945507319e+00
2.460009936876564218e+00
2.456979198808257880e+00
2.455958876522333689e+00
2.455596314189573359e+00
2.454796033380595599e+00
2.454597530340787426e+00
2.454380522318330815e+00
2.453944811152190209e+00
2.453007511062654800e+00
2.451651000914915279e+00
2.451262531983287474e+00
2.449746051660556034e+00
2.448288390295283001e+00
2.447618221022492602e+00
2.446443878613193679e+00
2.445885254134093856e+00
2.445380532416241870e+00
2.444543961614651373e+00
2.443410242185082737e+00
2.443135005244140956e+00
2.442354813932307245e+00
2.441697889541186939e+00
2.440884387493288177e+00
2.440573506659379444e+00
2.439844051700508665e+00
2.439151651991819048e+00
2.439151651991819048e+00
2.438858038539839956e+00
2.438835203256660034e+00
2.438685228632364144e+00
2.438382153221452242e+00
2.438058051153404904e+00
2.437887452525639098e+00
2.435654848590893984e+00
