7.531169280731293725e+01
1.410687521027530522e+01
1.330115214029087944e+01
6.960501152853592721e+00
3.605615883498884955e+00
4.345220917421150353e-01
4.345220917421150353e-01
4.345220917421150353e-01
4.345220917421150353e-01
4.345220917421150353e-01
4.345220917421150353e-01
4.345220917421150353e-01
4.345220917421150353e-01
4.345220917421150353e-01
4.345220917421150353e-01
4.345220917421150353e-01
4.345220917421150353e-01
4.345220917421150353e-01
4.345220917421150353e-01
4.345220917421150353e-01
3.766674774755230382e-01
3.766674774755230382e-01
3.766674774755230382e-01
3.288574545406721117e-01
3.288574545406721117e-01
3.288574545406721117e-01
3.288574545406721117e-01
3.288574545406721117e-01
3.288574545406721117e-01
3.288574545406721117e-01
3.288574545406721117e-01
3.288574545406721117e-01
3.085101932403640501e-01
3.085101932403640501e-01
3.085101932403640501e-01
3.085101932403640501e-01
2.712925365793670274e-01
2.712925365793670274e-01
2.027738363086274698e-01
2.027738363086274698e-01
2.027738363086274698e-01
2.027738363086274698e-01
2.027738363086274698e-01
2.027738363086274698e-01
2.027738363086274698e-01
2.027738363086274698e-01
2.027738363086274698e-01
2.027738363086274698e-01
2.027738363086274698e-01
2.027738363086274698e-01
2.027738363086274698e-01
2.027738363086274698e-01
2.027738363086274698e-01
2.027738363086274698e-01
2.027738363086274698e-01
1.954948624544938507e-01
1.954948624544938507e-01
1.954948624544938507e-01
1.949615209548566097e-01
1.949615209548566097e-01
1.949615209548566097e-01
1.949615209548566097e-01
1.949615209548566097e-01
1.949615209548566097e-01
1.949615209548566097e-01
1.949615209548566097e-01
1.949615209548566097e-01
1.949615209548566097e-01
1.949615209548566097e-01
1.949615209548566097e-01
1.949615209548566097e-01
1.949615209548566097e-01
1.949615209548566097e-01
1.949615209548566097e-01
1.949615209548566097e-01
1.949615209548566097e-01
1.949615209548566097e-01
1.949615209548566097e-01
1.949615209548566097e-01
1.921226454745396939e-01
1.921226454745396939e-01
1.921226454745396939e-01
1.921226454745396939e-01
1.921226454745396939e-01
1.921226454745396939e-01
1.821921342372186670e-01
1.821921342372186670e-01
1.618016114393392435e-01
1.444211794813430039e-01
1.444211794813430039e-01
1.444211794813430039e-01
1.444211794813430039e-01
1.444211794813430039e-01
1.444211794813430039e-01
1.444211794813430039e-01
1.444211794813430039e-01
1.444211794813430039e-01
1.444211794813430039e-01
1.444211794813430039e-01
1.444211794813430039e-01
1.444211794813430039e-01
1.444211794813430039e-01
1.444211794813430039e-01
1.444211794813430039e-01
1.444211794813430039e-01
1.444211794813430039e-01
1.444211794813430039e-01
1.444211794813430039e-01
1.444211794813430039e-01
1.444211794813430039e-01
1.444211794813430039e-01
1.444211794813430039e-01
1.444211794813430039e-01
1.444211794813430039e-01
1.444211794813430039e-01
1.444211794813430039e-01
1.444211794813430039e-01
1.444211794813430039e-01
1.444211794813430039e-01
1.419404371019336586e-01
1.388750920430679991e-01
1.380393995694703113e-01
1.377738457645894532e-01
1.376800088706369163e-01
1.376452544681821266e-01
1.376319723916679394e-01
1.376273031591682683e-01
1.376252163981799559e-01
1.373114125057849633e-01
1.373114125057849633e-01
1.373114125057849633e-01
1.159297272916627319e-01
1.136952619785516067e-01
1.136952619785516067e-01
1.136952619785516067e-01
1.136952619785516067e-01
1.136952619785516067e-01
1.136952619785516067e-01
1.130738636030964306e-01
1.130738636030964306e-01
1.130738636030964306e-01
1.130738636030964306e-01
1.130738636030964306e-01
1.130738636030964306e-01
1.130738636030964306e-01
1.122854277953468649e-01
1.122854277953468649e-01
1.122854277953468649e-01
1.122469943182082541e-01
1.122414624644910430e-01
1.122414624644910430e-01
1.122332205574158304e-01
1.122324878223033562e-01
1.122324831260105849e-01
1.022351297543192816e-01
9.970467209231115291e-02
9.949801046517077474e-02
9.947222255713676631e-02
9.946754567627272281e-02
9.946667648665664940e-02
9.946648695038447230e-02
9.946644665722345624e-02
9.946641446757745197e-02
9.913317334865501262e-02
9.338562831151991928e-02
9.338562831151991928e-02
9.338562831151991928e-02
9.338562831151991928e-02
9.338562831151991928e-02
9.338562831151991928e-02
9.338562831151991928e-02
9.338562831151991928e-02
9.338562831151991928e-02
9.338562831151991928e-02
9.338562831151991928e-02
9.338562831151991928e-02
9.338562831151991928e-02
9.338562831151991928e-02
9.338562831151991928e-02
9.338562831151991928e-02
9.338562831151991928e-02
8.857065144645401289e-02
8.713939394513821324e-02
8.704723635613219324e-02
8.703944099387757316e-02
8.703898747007192405e-02
8.703863142825470078e-02
8.703863142825470078e-02
8.703863142825470078e-02
8.703863142825470078e-02
8.703863142825470078e-02
8.703863142825470078e-02
8.703863142825470078e-02
8.703863142825470078e-02
8.703863142825470078e-02
8.703863142825470078e-02
8.703863142825470078e-02
8.703863142825470078e-02
8.703863142825470078e-02
8.703863142825470078e-02
