5.321975416268278991e+01
3.225257287412664198e+01
1.280235123125794772e+01
5.379170762754119650e+00
5.379170762754119650e+00
4.936043785733627232e+00
4.936043785733627232e+00
4.022648686589774591e+00
4.022648686589774591e+00
4.022648686589774591e+00
3.220220454834148427e+00
3.220220454834148427e+00
2.208797183351587812e+00
2.208797183351587812e+00
5.447782908941467550e-01
5.447782908941467550e-01
5.447782908941467550e-01
5.447782908941467550e-01
5.447782908941467550e-01
5.447782908941467550e-01
5.447782908941467550e-01
5.447782908941467550e-01
5.447782908941467550e-01
4.312600393907944363e-01
4.312600393907944363e-01
4.312600393907944363e-01
4.312600393907944363e-01
4.312600393907944363e-01
4.312600393907944363e-01
4.312600393907944363e-01
4.312600393907944363e-01
4.312600393907944363e-01
4.312600393907944363e-01
4.312600393907944363e-01
4.312600393907944363e-01
3.895195093528877051e-01
3.895195093528877051e-01
3.895195093528877051e-01
3.895195093528877051e-01
3.895195093528877051e-01
3.895195093528877051e-01
3.895195093528877051e-01
3.895195093528877051e-01
3.895195093528877051e-01
3.895195093528877051e-01
3.895195093528877051e-01
3.895195093528877051e-01
3.895195093528877051e-01
3.235443613754570014e-01
3.235443613754570014e-01
3.235443613754570014e-01
3.235443613754570014e-01
3.235443613754570014e-01
3.235443613754570014e-01
3.235443613754570014e-01
2.857073477348906487e-01
2.857073477348906487e-01
2.857073477348906487e-01
2.857073477348906487e-01
2.857073477348906487e-01
2.857073477348906487e-01
2.857073477348906487e-01
2.857073477348906487e-01
2.857073477348906487e-01
2.857073477348906487e-01
2.763737645586064051e-01
2.763737645586064051e-01
2.763737645586064051e-01
2.763737645586064051e-01
2.763737645586064051e-01
2.566666604856052691e-01
2.566666604856052691e-01
2.566666604856052691e-01
2.566666604856052691e-01
2.566666604856052691e-01
2.566666604856052691e-01
2.566666604856052691e-01
2.566666604856052691e-01
2.566666604856052691e-01
2.566666604856052691e-01
2.566666604856052691e-01
2.566666604856052691e-01
2.566666604856052691e-01
2.566666604856052691e-01
2.566666604856052691e-01
2.404762322408194319e-01
2.391696174606516845e-01
2.391696174606516845e-01
2.391696174606516845e-01
2.391696174606516845e-01
2.391696174606516845e-01
2.391696174606516845e-01
2.391696174606516845e-01
2.309841164406111758e-01
2.309841164406111758e-01
2.309841164406111758e-01
2.309841164406111758e-01
2.309841164406111758e-01
2.309841164406111758e-01
2.309841164406111758e-01
2.309841164406111758e-01
2.309841164406111758e-01
1.504586701332351062e-01
1.504586701332351062e-01
1.504586701332351062e-01
1.504586701332351062e-01
1.504586701332351062e-01
1.504586701332351062e-01
1.504586701332351062e-01
1.504586701332351062e-01
1.504586701332351062e-01
1.504586701332351062e-01
1.504586701332351062e-01
1.487734990665495749e-01
1.487734990665495749e-01
1.487734990665495749e-01
1.487734990665495749e-01
1.256162684649796135e-01
1.256162684649796135e-01
1.256162684649796135e-01
1.256162684649796135e-01
1.256162684649796135e-01
1.256162684649796135e-01
1.256162684649796135e-01
1.256162684649796135e-01
1.256162684649796135e-01
1.256162684649796135e-01
1.256162684649796135e-01
1.256162684649796135e-01
1.256162684649796135e-01
1.256162684649796135e-01
1.256162684649796135e-01
1.256162684649796135e-01
1.243043060589089227e-01
1.243043060589089227e-01
1.243043060589089227e-01
1.226167417593603953e-01
1.224561892407218938e-01
1.224561892407218938e-01
1.224561892407218938e-01
1.222345657036124772e-01
1.093729518553473445e-01
1.093729518553473445e-01
1.093729518553473445e-01
1.093729518553473445e-01
1.003698925645913065e-01
1.003698925645913065e-01
1.003698925645913065e-01
1.003698925645913065e-01
1.003698925645913065e-01
1.003698925645913065e-01
1.003698925645913065e-01
1.003698925645913065e-01
1.003698925645913065e-01
1.003698925645913065e-01
1.003698925645913065e-01
1.003698925645913065e-01
1.003698925645913065e-01
1.003698925645913065e-01
9.791721533429363633e-02
9.791721533429363633e-02
9.782743439312097111e-02
9.779236599708267252e-02
9.778665077689212282e-02
9.778665077689212282e-02
9.778665077689212282e-02
9.777412501242949139e-02
9.776883377424488986e-02
9.776710160726007071e-02
9.776710160726007071e-02
9.776710160726007071e-02
9.776699243793675331e-02
9.776699243793675331e-02
9.776699243793675331e-02
9.776696632117735930e-02
9.776696632117735930e-02
9.776696632117735930e-02
9.776696632117735930e-02
9.776696632117735930e-02
9.776696632117735930e-02
9.776696632117735930e-02
9.776696632117735930e-02
9.776690242972488343e-02
9.776690242972488343e-02
9.776690242972488343e-02
9.776690242972488343e-02
9.776690242972488343e-02
9.776687878467062165e-02
9.776684256801719541e-02
9.776684256801719541e-02
9.776684256801719541e-02
9.776684256801719541e-02
9.776645645975107213e-02
9.776645645975107213e-02
9.776645645975107213e-02
9.776645645975107213e-02
9.776645645975107213e-02
9.776645645975107213e-02
9.776645645975107213e-02
9.776645645975107213e-02
