3.045149053535854833e+01
3.045149053535854833e+01
4.083578836226464226e+00
4.083578836226464226e+00
4.083578836226464226e+00
2.656106016769208544e+00
2.656106016769208544e+00
2.656106016769208544e+00
2.656106016769208544e+00
2.656106016769208544e+00
2.656106016769208544e+00
2.656106016769208544e+00
2.656106016769208544e+00
2.656106016769208544e+00
2.656106016769208544e+00
2.656106016769208544e+00
2.656106016769208544e+00
2.127554620011720132e+00
2.040764209452726075e+00
1.938158410492830885e+00
1.367547739766280745e+00
1.367547739766280745e+00
1.367547739766280745e+00
1.367547739766280745e+00
1.367547739766280745e+00
1.367547739766280745e+00
1.367547739766280745e+00
1.367547739766280745e+00
1.367547739766280745e+00
1.367547739766280745e+00
1.367547739766280745e+00
1.367547739766280745e+00
1.367547739766280745e+00
1.367547739766280745e+00
1.367547739766280745e+00
1.367547739766280745e+00
1.367547739766280745e+00
1.367547739766280745e+00
1.367547739766280745e+00
1.367547739766280745e+00
1.165299157751237935e+00
1.165299157751237935e+00
1.165299157751237935e+00
1.165299157751237935e+00
1.165299157751237935e+00
1.165299157751237935e+00
1.165299157751237935e+00
1.165299157751237935e+00
1.165299157751237935e+00
1.077622091679811156e+00
1.077622091679811156e+00
1.077622091679811156e+00
1.077622091679811156e+00
1.077622091679811156e+00
1.077622091679811156e+00
1.077622091679811156e+00
1.077622091679811156e+00
1.077622091679811156e+00
1.077622091679811156e+00
9.465283366855424818e-01
9.465283366855424818e-01
9.465283366855424818e-01
9.465283366855424818e-01
9.465283366855424818e-01
9.465283366855424818e-01
9.465283366855424818e-01
9.465283366855424818e-01
9.465283366855424818e-01
9.465283366855424818e-01
9.331513903106148922e-01
9.331513903106148922e-01
9.331513903106148922e-01
7.902586753773134243e-01
7.902586753773134243e-01
7.902586753773134243e-01
7.902586753773134243e-01
7.902586753773134243e-01
7.902586753773134243e-01
7.902586753773134243e-01
5.854302531618083005e-01
5.854302531618083005e-01
5.854302531618083005e-01
5.854302531618083005e-01
5.854302531618083005e-01
5.854302531618083005e-01
5.854302531618083005e-01
5.854302531618083005e-01
5.854302531618083005e-01
5.854302531618083005e-01
5.854302531618083005e-01
5.854302531618083005e-01
5.854302531618083005e-01
5.854302531618083005e-01
5.854302531618083005e-01
5.854302531618083005e-01
5.854302531618083005e-01
5.854302531618083005e-01
5.854302531618083005e-01
5.290770604430938828e-01
5.290770604430938828e-01
5.290770604430938828e-01
5.290770604430938828e-01
5.290770604430938828e-01
5.290770604430938828e-01
5.290770604430938828e-01
5.290770604430938828e-01
5.290770604430938828e-01
5.269422299576619340e-01
5.269422299576619340e-01
4.656548043446775975e-01
4.656548043446775975e-01
4.656548043446775975e-01
4.656548043446775975e-01
4.656548043446775975e-01
4.638511074625369934e-01
4.638511074625369934e-01
4.638511074625369934e-01
4.608841146932465271e-01
4.588712176660383335e-01
4.576698231828681962e-01
4.569873376123967379e-01
4.568519043492161313e-01
4.568200284377126330e-01
4.568112138288536461e-01
4.568092902638431485e-01
4.568081090197632088e-01
4.568066429427894426e-01
4.568066429427894426e-01
4.568066429427894426e-01
4.568066429427894426e-01
4.568050214337687764e-01
4.568050214337687764e-01
4.568050214337687764e-01
4.568047970873643226e-01
4.568040523642683537e-01
4.568036408002046356e-01
4.568036408002046356e-01
4.568036408002046356e-01
4.568036408002046356e-01
4.568036408002046356e-01
4.568036408002046356e-01
4.568036408002046356e-01
4.568036408002046356e-01
4.568036408002046356e-01
4.568036408002046356e-01
4.568036408002046356e-01
4.568036408002046356e-01
4.568036408002046356e-01
4.568036408002046356e-01
4.568036408002046356e-01
4.568036408002046356e-01
4.447027220924358315e-01
4.424521613228328265e-01
4.418076804117169187e-01
4.412523009005897001e-01
4.408188926721505752e-01
4.407741205457368361e-01
4.406766361265792575e-01
4.404079513577609517e-01
4.402147685661388365e-01
4.401676170760624451e-01
4.401371813702976699e-01
4.401301428432910501e-01
4.359359857084348366e-01
4.335471937399129061e-01
4.335471937399129061e-01
4.335471937399129061e-01
4.235616835670042990e-01
4.235616835670042990e-01
4.235616835670042990e-01
4.189543546991700285e-01
4.173712232117501864e-01
4.171466431117976659e-01
4.171158912789997286e-01
4.171117401990425133e-01
4.171111881107749109e-01
4.171111881107749109e-01
4.171111881107749109e-01
4.171110123839673056e-01
4.140138940734454098e-01
4.133665015827743261e-01
4.132513165730010707e-01
4.132513165730010707e-01
4.130963310865107818e-01
4.130932312455881106e-01
4.130931233025387228e-01
4.130930914116523467e-01
4.130930914116523467e-01
4.130930914116523467e-01
4.130930914116523467e-01
4.127089152599928146e-01
4.126027483104252602e-01
4.125954197592064387e-01
4.125954197592064387e-01
4.125940767274690057e-01
4.125940767274690057e-01
4.125940767274690057e-01
4.125939954223777351e-01
4.125939708459614996e-01
4.125939708459614996e-01
