4.588933285582046295e+01
3.487345138462747229e+01
3.303888637336164891e+01
1.996388439285159322e+01
1.846331002186306591e+01
4.310486857856620446e+00
4.310486857856620446e+00
2.132299186663578983e+00
2.132299186663578983e+00
2.132299186663578983e+00
1.508526238459990232e+00
6.485816070779809595e-01
6.485816070779809595e-01
6.485816070779809595e-01
2.886901493274626196e-01
2.886901493274626196e-01
2.886901493274626196e-01
2.886901493274626196e-01
2.886901493274626196e-01
2.886901493274626196e-01
2.886901493274626196e-01
2.886901493274626196e-01
2.886901493274626196e-01
2.886901493274626196e-01
2.886901493274626196e-01
2.886901493274626196e-01
2.886901493274626196e-01
2.886901493274626196e-01
2.886901493274626196e-01
2.886901493274626196e-01
2.886901493274626196e-01
2.886901493274626196e-01
2.886901493274626196e-01
2.886901493274626196e-01
2.886901493274626196e-01
2.886901493274626196e-01
2.886901493274626196e-01
2.886901493274626196e-01
2.886901493274626196e-01
2.886901493274626196e-01
2.886901493274626196e-01
2.886901493274626196e-01
2.886901493274626196e-01
2.886901493274626196e-01
2.886901493274626196e-01
2.886901493274626196e-01
2.886901493274626196e-01
2.886901493274626196e-01
2.886901493274626196e-01
2.886901493274626196e-01
2.886901493274626196e-01
2.886901493274626196e-01
2.886901493274626196e-01
2.886901493274626196e-01
2.886901493274626196e-01
2.886901493274626196e-01
2.886901493274626196e-01
2.886901493274626196e-01
2.519839865981081672e-01
2.519839865981081672e-01
2.519839865981081672e-01
2.519839865981081672e-01
2.519839865981081672e-01
2.519839865981081672e-01
2.519839865981081672e-01
2.519839865981081672e-01
2.519839865981081672e-01
2.519839865981081672e-01
2.519839865981081672e-01
2.519839865981081672e-01
2.519839865981081672e-01
2.519839865981081672e-01
2.519839865981081672e-01
2.519839865981081672e-01
2.519839865981081672e-01
2.519839865981081672e-01
1.525060551302860889e-01
1.525060551302860889e-01
1.525060551302860889e-01
1.525060551302860889e-01
1.525060551302860889e-01
1.525060551302860889e-01
1.525060551302860889e-01
1.525060551302860889e-01
1.525060551302860889e-01
1.525060551302860889e-01
1.525060551302860889e-01
1.525060551302860889e-01
1.477857176201019251e-01
1.477857176201019251e-01
1.477857176201019251e-01
1.477857176201019251e-01
1.477857176201019251e-01
1.477857176201019251e-01
1.351119250104425573e-01
1.351119250104425573e-01
1.351119250104425573e-01
1.351119250104425573e-01
1.351119250104425573e-01
1.351119250104425573e-01
1.351119250104425573e-01
1.351119250104425573e-01
1.351119250104425573e-01
1.351119250104425573e-01
1.322708248517444063e-01
1.115124914824205532e-01
1.115124914824205532e-01
1.115124914824205532e-01
1.115124914824205532e-01
1.115124914824205532e-01
1.115124914824205532e-01
1.115124914824205532e-01
1.092583621434284058e-01
1.092583621434284058e-01
1.092583621434284058e-01
1.092583621434284058e-01
1.092583621434284058e-01
1.050863646119330752e-01
1.050863646119330752e-01
1.001153241903888630e-01
1.001153241903888630e-01
1.001153241903888630e-01
1.001153241903888630e-01
1.001153241903888630e-01
1.001153241903888630e-01
1.001153241903888630e-01
1.001153241903888630e-01
8.341608549220559665e-02
8.341608549220559665e-02
8.341608549220559665e-02
8.341608549220559665e-02
8.341608549220559665e-02
8.341608549220559665e-02
8.341608549220559665e-02
8.341608549220559665e-02
8.341608549220559665e-02
8.341608549220559665e-02
8.341608549220559665e-02
8.341608549220559665e-02
8.341608549220559665e-02
8.341608549220559665e-02
8.148856987314787026e-02
8.148856987314787026e-02
8.148856987314787026e-02
8.148856987314787026e-02
8.148856987314787026e-02
8.148856987314787026e-02
8.148856987314787026e-02
8.148856987314787026e-02
8.148856987314787026e-02
7.850298274910691432e-02
6.455808422735177798e-02
6.455808422735177798e-02
6.455808422735177798e-02
6.455808422735177798e-02
6.455808422735177798e-02
6.455808422735177798e-02
6.455808422735177798e-02
6.455808422735177798e-02
6.455808422735177798e-02
6.455808422735177798e-02
6.452702589303904723e-02
6.452702589303904723e-02
6.451549736696939041e-02
6.451549736696939041e-02
6.433385127683083349e-02
6.427665824302673803e-02
6.426839254426554293e-02
6.413293105553516393e-02
6.413293105553516393e-02
6.413293105553516393e-02
6.413293105553516393e-02
6.413293105553516393e-02
6.413293105553516393e-02
6.413293105553516393e-02
6.225037763369094257e-02
6.225037763369094257e-02
6.225037763369094257e-02
6.225037763369094257e-02
6.199509916256134429e-02
6.198855098362349852e-02
6.198855098362349852e-02
6.198855098362349852e-02
6.013195996770345775e-02
5.887038529341812737e-02
5.877614441582606347e-02
5.876992690592762469e-02
5.674628387441370270e-02
5.152832110526112119e-02
5.127627199570918698e-02
5.127627199570918698e-02
5.126812929499942328e-02
5.126507140889696723e-02
5.126503146416228063e-02
5.126502915575643221e-02
5.126502915575643221e-02
5.126502885672100385e-02
5.126502885672100385e-02
5.126502885672100385e-02
5.126488602471164502e-02
