5.641969942649053849e+01
3.654819500335337068e+01
2.253566859515774468e+01
9.114314873198134492e+00
6.785627524079371753e+00
3.672882669737444594e+00
3.672882669737444594e+00
3.672882669737444594e+00
3.672882669737444594e+00
3.672882669737444594e+00
1.067758872216981958e+00
1.067758872216981958e+00
1.067758872216981958e+00
1.067758872216981958e+00
1.067758872216981958e+00
1.067758872216981958e+00
1.067758872216981958e+00
1.067758872216981958e+00
9.995350249869594528e-01
9.995350249869594528e-01
9.995350249869594528e-01
9.995350249869594528e-01
4.015369001332522725e-01
4.015369001332522725e-01
4.015369001332522725e-01
4.015369001332522725e-01
4.015369001332522725e-01
4.015369001332522725e-01
4.015369001332522725e-01
4.015369001332522725e-01
4.015369001332522725e-01
4.015369001332522725e-01
4.015369001332522725e-01
4.015369001332522725e-01
4.015369001332522725e-01
4.015369001332522725e-01
4.015369001332522725e-01
4.015369001332522725e-01
4.015369001332522725e-01
4.015369001332522725e-01
4.015369001332522725e-01
4.015369001332522725e-01
3.814774907853912822e-01
3.814774907853912822e-01
3.814774907853912822e-01
3.814774907853912822e-01
3.814774907853912822e-01
3.814774907853912822e-01
3.814774907853912822e-01
3.814774907853912822e-01
3.814774907853912822e-01
3.814774907853912822e-01
3.814774907853912822e-01
2.437987064381426372e-01
2.437987064381426372e-01
2.437987064381426372e-01
2.437987064381426372e-01
2.437987064381426372e-01
2.437987064381426372e-01
2.437987064381426372e-01
2.437987064381426372e-01
2.437987064381426372e-01
2.437987064381426372e-01
2.437987064381426372e-01
2.437987064381426372e-01
2.437987064381426372e-01
2.437987064381426372e-01
2.437987064381426372e-01
2.437987064381426372e-01
2.437987064381426372e-01
2.437987064381426372e-01
2.437987064381426372e-01
2.437987064381426372e-01
2.437987064381426372e-01
2.437987064381426372e-01
2.437987064381426372e-01
2.437987064381426372e-01
2.437987064381426372e-01
2.437987064381426372e-01
2.437987064381426372e-01
2.437987064381426372e-01
2.418791890680119239e-01
2.418791890680119239e-01
2.418791890680119239e-01
2.418791890680119239e-01
2.418791890680119239e-01
2.418791890680119239e-01
2.418791890680119239e-01
2.418791890680119239e-01
2.418791890680119239e-01
2.418791890680119239e-01
2.418791890680119239e-01
2.259436498206144617e-01
2.259436498206144617e-01
2.259436498206144617e-01
2.259436498206144617e-01
2.259436498206144617e-01
2.259436498206144617e-01
2.259436498206144617e-01
2.259436498206144617e-01
2.259436498206144617e-01
2.135198776435838497e-01
2.124051899724862247e-01
2.096679820992185805e-01
2.096679820992185805e-01
2.096679820992185805e-01
2.096679820992185805e-01
2.096679820992185805e-01
2.096679820992185805e-01
2.096679820992185805e-01
2.096679820992185805e-01
2.096679820992185805e-01
2.096679820992185805e-01
2.096679820992185805e-01
2.096679820992185805e-01
2.096679820992185805e-01
2.096679820992185805e-01
1.963227754179813489e-01
1.963227754179813489e-01
1.963227754179813489e-01
1.852878074771323325e-01
1.852878074771323325e-01
1.852878074771323325e-01
1.852878074771323325e-01
1.852878074771323325e-01
1.852878074771323325e-01
1.852878074771323325e-01
1.832529524932780263e-01
1.832529524932780263e-01
1.832529524932780263e-01
1.832529524932780263e-01
1.832529524932780263e-01
1.832529524932780263e-01
1.832529524932780263e-01
1.832529524932780263e-01
1.832529524932780263e-01
1.832529524932780263e-01
1.832529524932780263e-01
1.832529524932780263e-01
1.831133279005541514e-01
1.831133279005541514e-01
1.831133279005541514e-01
1.756045294645873223e-01
1.756045294645873223e-01
1.756045294645873223e-01
1.756045294645873223e-01
1.756045294645873223e-01
1.756045294645873223e-01
1.756045294645873223e-01
1.756045294645873223e-01
1.723208471988879054e-01
1.723208471988879054e-01
1.723208471988879054e-01
1.723208471988879054e-01
1.723208471988879054e-01
1.723208471988879054e-01
1.723208471988879054e-01
1.723208471988879054e-01
1.723208471988879054e-01
1.723208471988879054e-01
1.723208471988879054e-01
1.723208471988879054e-01
1.723208471988879054e-01
1.723208471988879054e-01
1.679671062453957919e-01
1.679671062453957919e-01
1.675529717665414642e-01
1.670184079723336101e-01
1.669322101771414935e-01
1.669189935570113692e-01
1.669175573910119670e-01
1.669173034963602476e-01
1.663053308103325245e-01
1.663053308103325245e-01
1.663053308103325245e-01
1.663053308103325245e-01
1.663053308103325245e-01
1.658113537393854642e-01
1.657212610597570690e-01
1.657117898184634897e-01
1.657106218591317681e-01
1.655805904539177920e-01
1.655805904539177920e-01
1.655131494734699560e-01
1.655080515718401757e-01
1.655069518120027561e-01
1.655069518120027561e-01
1.655069518120027561e-01
1.655069134250026774e-01
1.655068224050016690e-01
1.655064763188933419e-01
1.655057095803380285e-01
1.655057095803380285e-01
1.655057095803380285e-01
1.655057095803380285e-01
1.655056750102186502e-01
1.655055707431657974e-01
1.655055707431657974e-01
1.655055707431657974e-01
1.655055707431657974e-01
