3.648919896541985253e+01
3.648919896541985253e+01
3.648919896541985253e+01
3.648919896541985253e+01
3.648919896541985253e+01
6.667326077118516992e+00
6.667326077118516992e+00
6.667326077118516992e+00
6.667326077118516992e+00
6.667326077118516992e+00
3.013385223485674835e+00
1.519248792546411320e+00
1.519248792546411320e+00
1.519248792546411320e+00
1.519248792546411320e+00
1.519248792546411320e+00
1.519248792546411320e+00
1.519248792546411320e+00
1.519248792546411320e+00
1.519248792546411320e+00
1.519248792546411320e+00
1.519248792546411320e+00
1.519248792546411320e+00
1.519248792546411320e+00
9.354342030375408790e-01
9.354342030375408790e-01
9.354342030375408790e-01
4.430124790044147609e-01
4.430124790044147609e-01
4.430124790044147609e-01
4.430124790044147609e-01
4.430124790044147609e-01
4.430124790044147609e-01
4.430124790044147609e-01
4.430124790044147609e-01
4.430124790044147609e-01
4.430124790044147609e-01
4.430124790044147609e-01
4.430124790044147609e-01
4.430124790044147609e-01
4.430124790044147609e-01
4.430124790044147609e-01
4.430124790044147609e-01
4.430124790044147609e-01
4.430124790044147609e-01
4.430124790044147609e-01
3.984436689418875410e-01
3.984436689418875410e-01
3.984436689418875410e-01
3.060412446630541572e-01
3.060412446630541572e-01
3.060412446630541572e-01
3.060412446630541572e-01
3.060412446630541572e-01
3.060412446630541572e-01
3.060412446630541572e-01
3.060412446630541572e-01
3.060412446630541572e-01
3.060412446630541572e-01
3.060412446630541572e-01
3.060412446630541572e-01
3.060412446630541572e-01
3.060412446630541572e-01
3.060412446630541572e-01
3.060412446630541572e-01
3.060412446630541572e-01
3.060412446630541572e-01
3.060412446630541572e-01
3.060412446630541572e-01
3.060412446630541572e-01
3.060412446630541572e-01
3.060412446630541572e-01
3.060412446630541572e-01
3.060412446630541572e-01
3.060412446630541572e-01
3.060412446630541572e-01
3.060412446630541572e-01
3.060412446630541572e-01
3.060412446630541572e-01
3.060412446630541572e-01
3.060412446630541572e-01
3.060412446630541572e-01
3.029530206263197911e-01
3.029530206263197911e-01
3.029530206263197911e-01
3.029530206263197911e-01
3.029530206263197911e-01
3.029530206263197911e-01
3.029530206263197911e-01
3.029530206263197911e-01
2.996805561836264342e-01
2.996805561836264342e-01
2.955510466715159379e-01
2.942304230977726975e-01
2.942304230977726975e-01
2.942304230977726975e-01
2.942304230977726975e-01
2.942304230977726975e-01
2.942304230977726975e-01
2.942304230977726975e-01
2.839178234747799512e-01
2.839178234747799512e-01
2.839178234747799512e-01
2.798162775726047991e-01
2.798162775726047991e-01
2.798162775726047991e-01
2.771744145695787531e-01
2.771744145695787531e-01
2.771744145695787531e-01
2.767952948617973252e-01
2.767952948617973252e-01
2.767952948617973252e-01
2.722476312428280809e-01
2.722476312428280809e-01
2.722476312428280809e-01
2.722476312428280809e-01
2.722476312428280809e-01
2.722476312428280809e-01
2.722476312428280809e-01
2.722476312428280809e-01
2.683319969573823016e-01
2.491562688382130686e-01
2.321854729475345824e-01
2.321854729475345824e-01
2.321854729475345824e-01
2.321854729475345824e-01
2.310685008368057458e-01
2.310685008368057458e-01
2.299206821384413013e-01
2.265111390577023431e-01
2.156719615484409547e-01
2.024154933782921217e-01
2.000227662899154435e-01
1.997606664098444118e-01
1.971348136870469947e-01
1.971348136870469947e-01
1.971348136870469947e-01
1.971348136870469947e-01
1.971348136870469947e-01
1.844717239037574896e-01
1.807586505690033929e-01
1.807586505690033929e-01
1.739311139421278185e-01
1.684529545635167769e-01
1.684529545635167769e-01
1.684529545635167769e-01
1.684529545635167769e-01
1.613531099327655816e-01
1.559837705966242438e-01
1.559837705966242438e-01
1.483334330311613103e-01
1.483334330311613103e-01
1.483334330311613103e-01
1.483334330311613103e-01
1.483334330311613103e-01
1.483334330311613103e-01
1.463929735732575343e-01
1.460292990914114353e-01
1.459753000659396449e-01
1.459646012057154441e-01
1.459627965532957761e-01
1.459622560842006034e-01
1.459619481755013992e-01
1.459619481755013992e-01
1.429809170900670223e-01
1.411001698716256303e-01
1.403173788199531813e-01
1.401873400322490304e-01
1.389377091197387948e-01
1.329637813208665864e-01
1.324429769065883777e-01
1.323446075675095146e-01
1.321973800700914081e-01
1.321973800700914081e-01
1.318537153376693194e-01
1.318537153376693194e-01
1.297386364490647759e-01
1.294813654052508201e-01
1.293493335002954547e-01
1.292625278932109378e-01
1.292535143748172743e-01
1.292528944742606933e-01
1.279956837866160768e-01
1.276275506823786876e-01
1.271115296153596252e-01
1.271115296153596252e-01
1.244022335781723998e-01
1.242782943041628868e-01
1.242713069681861404e-01
1.242707364795253705e-01
1.242361658169117283e-01
1.241883225672608948e-01
1.232669922901564047e-01
1.232669922901564047e-01
1.232669922901564047e-01
1.232669922901564047e-01
1.215606061371248131e-01
1.215384662847043412e-01
1.210360844013302073e-01
1.210250934374029336e-01
