-4.397940008672037493e+00
-5.000000000000000000e+00
-5.190412773239028610e+00
-6.650992638098613519e+00
-4.352511714739204507e+00
-5.066808376155943483e-01
-6.494339715694476212e+00
-2.815479694149935153e+00
-6.820480456442059580e-01
-5.327037012769405777e+00
-3.782878454888256137e+00
-6.765975425171832036e+00
-3.133613656103294787e+00
0.000000000000000000e+00
-1.404913349531119238e+00
-3.994293552388294533e+00
0.000000000000000000e+00
-5.211227248541624668e+00
-1.000000000000000000e+00
8.168769536323982061e-01
-7.346629848568972498e+00
-1.126376515366326769e+00
-9.248671064782254092e+00
-3.378364810542794583e+00
8.421045344887172490e-01
-4.739881178121189365e+00
-1.000000000000000000e+00
-3.432845890343430462e+00
-4.435397383702376573e+00
-7.349423446602130205e+00
-1.335950867591823688e+00
-9.663543902691555942e-01
-7.698970004336018746e+00
-2.343263993301556880e+00
-9.708876927015892555e-01
-4.968151318439278263e+00
-2.340367762722743716e+00
3.915277745225480971e-02
-4.000000000000000000e+00
-4.996857319380283435e+00
-2.000000000000000000e+00
-8.050586974264133389e+00
-3.171266271088972299e+00
-2.000000000000000000e+00
-8.739830038281118929e-01
-3.024189838755988902e+00
-9.000000000000000000e+00
-1.962310884808667222e+00
1.346073309523929007e+00
-8.614476941146687494e+00
-5.000000000000000000e+00
7.948335563225955580e-01
-6.305197498596203154e+00
-5.000000000000000000e+00
1.665342923619504312e+00
-6.745689737029259447e+00
-2.508059407402768670e+00
3.311804421861695436e-01
-9.000000000000000000e+00
-2.973608403711057502e+00
1.347044704908792134e+00
-6.462438762109160351e+00
-2.121752681672616880e+00
-4.148188991185906893e+00
-3.920813888147680171e+00
-4.921752388188643579e+00
-1.046399212564492753e+00
-4.000000000000000000e+00
-1.484374803831729039e+00
-8.000000000000000000e+00
-2.061150614847092832e+00
-4.000000000000000000e+00
-2.181625183096837617e+00
-4.000000000000000000e+00
-1.320890320593614664e+00
-7.571268979524607978e+00
-2.581116473865025185e+00
-6.257184857699720659e+00
-2.814012696614197839e+00
-5.915177912955400075e+00
-3.706564934150744506e+00
-3.551255161396785098e+00
-5.000000000000000000e+00
-3.630130270004375603e+00
-3.111757798504730665e+00
-4.497156529084553434e+00
-2.451301404376542870e+00
-3.212842931038878636e+00
-2.437129742699078783e+00
-4.459459599773604843e+00
-1.793092179348039217e+00
-2.755466675052016257e+00
-3.101772707339740087e+00
-6.544068022635552317e+00
-4.283091915502530433e+00
6.591172266144628145e-01
-2.637090053095452635e+00
-3.932975078540781766e+00
3.310020935194858960e-01
-5.314116052038262872e+00
-2.481780404997236733e+00
3.000000000000000000e+00
-2.717450824908341112e+00
-1.517688236904210397e+00
1.956017242255030375e+00
