-6.438878486564900250e+00
-2.289353032318047543e+00
-4.838216100375266393e+00
-6.215256218998019833e+00
-2.930321174475985835e+00
3.354231987407995108e-01
-5.709920148536153484e+00
-3.185273687527121034e+00
-6.749958939512645806e-02
-4.717602319326159588e+00
-4.123927439896881708e+00
-6.179741225319965281e+00
-3.962547607501094582e+00
-3.513223491698141410e-01
-3.954934479019164506e+00
-1.561832864965003287e+00
-1.387300101144883113e+00
-5.525680477433754234e+00
-3.537470400555363437e+00
1.543994702376870753e-01
-6.787092005082150159e+00
-2.966541815084574374e+00
-8.563001089362385798e+00
-2.879572929455223917e+00
-2.050720670456241679e-01
-5.324377975177426947e+00
-3.124110742020150155e+00
-3.916693705681089099e+00
-2.470620979864850852e+00
-7.436113175470077330e+00
-3.419610259436291599e+00
-2.253875774616939665e-01
-5.162530205971902930e+00
-3.507274606604480205e+00
-1.715614482258121409e+00
-4.724183722476460012e+00
-2.837319444533993984e+00
-2.206310964682173803e-01
-6.434199645060053818e+00
-1.692428097870570136e+00
-3.650662382584412557e-01
-6.537248973951478526e+00
-2.833953648581800877e+00
1.268862960272395812e-01
-8.132353829317933158e-01
-2.923093028370802315e+00
-6.798782724619543139e+00
-2.573184160941478726e+00
-7.959123446589426720e-01
-7.598814286395496609e+00
-1.986147203631342117e+00
5.234158261660804001e-01
-6.645043693002437024e+00
-3.488556641688649762e+00
-9.328725783399675064e-01
-6.313649843401266004e+00
-3.504025774032804907e+00
-7.745595292882762051e-01
-6.392365288550118763e+00
-2.544603773604435570e+00
1.570338651005181163e-01
-5.668596844174867755e+00
-1.802094244786453414e+00
-5.540778842332807486e+00
-2.695886058445499778e+00
-7.874069812435686266e+00
-1.634751230493631358e+00
-5.075473971796764516e+00
-1.511735030981564698e+00
-5.446752643296351337e+00
-2.941613662400146101e+00
-5.720983563227201252e+00
-1.350259949048657981e+00
-7.138317330107217806e+00
-9.846658944719534068e-01
-6.584928085926486041e+00
-2.439110693459642931e+00
-5.249918155301742217e+00
-2.419546653035482553e+00
-7.865047392731786324e+00
-2.413165892509039345e+00
-3.813964778532779043e+00
-3.865770812955581892e+00
-3.898428659615134517e+00
-3.888606424411381379e+00
-3.969173012876892059e+00
-2.327396952671193286e+00
-3.201366831666531798e+00
-3.431556815637862190e+00
-3.296151044768417027e+00
-2.136424163610446847e+00
-5.416192334414655640e+00
-3.275337304675534078e+00
-5.365562950331802305e+00
-2.637004350801225527e+00
1.958487768323079026e+00
-3.753688593913897087e+00
-2.753689071360044149e+00
9.381983563713875984e-01
-2.544068022635552317e+00
-2.191537276667715695e+00
1.768430717710515743e-01
-4.333287419858066869e+00
-4.474754773204407954e+00
1.281049482401108275e+00
