-6.900695427441227103e+00
-1.815133034697774317e+00
-4.113444608422260451e+00
-6.543424699338777906e+00
-4.443768227988214470e+00
-5.094526615795358371e-01
-7.027689954286714169e+00
-3.560148929681176799e+00
3.099724258494491180e-01
-4.464456383630845515e+00
-2.382648094336136779e+00
-4.000000000000000000e+00
-2.706002419441615015e+00
-3.890077490099391050e-02
-4.000000000000000000e+00
-1.101600392506437487e+00
-1.964893806814123511e+00
-5.438670813701291351e+00
-2.447963568222563779e+00
1.496304285845817539e+00
-8.587479774255269760e+00
-4.089118420878087967e+00
-9.271431050772333649e+00
-3.452830781100300062e+00
1.337496494418650705e+00
-6.682723004718574167e+00
-1.007710457774327661e+00
-4.889565860127430774e+00
-4.981074784802424382e+00
-7.826290810306468337e+00
-3.012909982140872689e+00
9.901953666462166570e-01
-6.346020537826421837e+00
-3.333956497384217510e+00
-1.560878939185724512e+00
-5.560507486065190186e+00
-3.235512300580886791e+00
-5.501383113857925000e-01
-4.000000000000000000e+00
-3.107881212856300035e+00
1.208145549075243519e-01
-7.744941395289870023e+00
-3.108528663597823538e+00
1.058836679189904872e+00
-1.440599681406162791e+00
-4.995778173421120627e+00
-6.426766491360377032e+00
-4.671829886919249830e+00
-2.000000000000000000e+00
-6.531020032317353063e+00
-3.862858790265791153e+00
1.338579038490579576e+00
-6.988332635545746463e+00
-4.433794194463362537e+00
-9.213126846047454688e-01
-9.000000000000000000e+00
-3.261438161747851172e+00
-3.470236046048773004e-01
-6.792141246239849828e+00
-3.485828122211745317e+00
1.101383713745921478e+00
-4.988482854016664803e+00
-1.223898079549029239e-01
-6.753798833276126068e+00
-2.554199936937697757e+00
-6.291621380016856335e+00
-2.325885565552337386e+00
-7.647868345278939550e+00
0.000000000000000000e+00
-6.747115001705227044e+00
-2.665974132439118183e+00
-6.538595823854441491e+00
4.724763067753770529e-01
-7.606504020006584987e+00
-3.997200736171463653e+00
-5.860972908949245053e+00
-2.168210942546050291e+00
-6.707621022068143368e+00
-3.167046739016844414e-01
-5.735606238683024216e+00
-1.540532935920943425e+00
-5.690028468253219174e+00
-3.044066057513686197e+00
-5.253759354797800540e+00
-3.955350551571078732e+00
-5.118180951542732338e+00
-2.621082563346320615e+00
-4.556699217686683845e+00
-3.533408016271343044e+00
-2.285309221117580503e+00
-4.256231807606181583e+00
-2.717005298622031884e+00
-1.300422337421267338e+00
-5.036560308486471627e+00
-3.509451132720202704e+00
3.000000000000000000e+00
-2.544068022635552317e+00
-1.598935243506969917e+00
1.704217886468655019e+00
-3.487459211653780589e+00
-4.051540397734448185e+00
-3.059710869819405321e-01
-5.717633435151595833e+00
-3.633779460782777360e+00
2.067764455957594727e-01
