-7.355486905209557946e+00
-3.523293498405072555e+00
-5.061113880663625331e+00
-6.685428964707814004e+00
-3.151219098239250727e+00
1.112944168866752959e+00
-5.685630276083219137e+00
-2.333568934149460095e+00
1.588469946293233237e+00
-6.395244923394897363e+00
-2.282834914105111856e+00
-6.389795012537532237e+00
-2.686243206973549569e+00
-8.786962933642218365e-01
-2.704274075280014955e+00
-1.541386760992758287e+00
-2.655613642641171612e+00
-6.597392142439584717e+00
-2.400940249533456861e+00
6.217226777762493439e-01
-9.031358546000067378e+00
-2.219971232746222878e+00
-7.149060519737080455e+00
-2.292327114259395948e+00
6.699468757234363636e-01
-5.425039837267967791e+00
-1.741763219255097361e+00
-5.334855741152588315e+00
-4.999456963423869915e+00
-5.914639415394870703e+00
-1.716344023260665042e+00
4.453675536792457978e-01
-6.271981857618563971e+00
-2.444554717339436856e+00
-1.316886713510104112e+00
-6.007543135631800979e+00
-1.558546112581354448e+00
1.278100425661018447e+00
-6.591943569121719193e+00
-2.955732175760287461e+00
6.188290382027131775e-01
-7.662602151461924471e+00
-3.054209448005424488e+00
3.783712850216413015e-01
-1.104828078993640661e+00
-3.185708525084495424e+00
-5.494804959277649559e+00
-2.559841139873944904e+00
-5.458019280481287705e-01
-6.696913776035295918e+00
-1.812668418446567342e+00
4.686535307382657667e-01
-8.161687751556817361e+00
-1.838188848684460641e+00
-6.764412359994663726e-01
-6.426027726392645967e+00
-1.923032298824397301e+00
-6.186914461638771678e-01
-7.968499520682855497e+00
-3.599048521265030942e+00
-4.350105666405941207e-01
-6.091187901707629138e+00
-9.965612073051720587e-01
-6.762370604606008584e+00
-3.395342901157332616e+00
-5.057609275564515450e+00
-3.030348249362564417e+00
-5.480022596996279027e+00
-3.305603906998796582e+00
-4.661781986831781133e+00
-2.236932237106979304e+00
-5.608683059433451135e+00
-1.867015466735117535e+00
-7.951818384305188836e+00
-2.226478849418534800e+00
-5.741389256191772539e+00
-2.890255992558014242e+00
-4.922653192944103751e+00
-2.122098328822628055e+00
-7.314023322262944937e+00
-2.234459589898212806e-01
-3.204680454741717810e+00
-2.359555816097355319e+00
-2.734305502603628035e+00
-2.933458184524706969e+00
-3.691935739329712085e+00
-3.285333234140852099e+00
-2.913381135879805406e+00
-4.331323100192138398e+00
-3.078756728887322325e+00
-3.646177445986800159e+00
-4.968573256588809883e+00
-3.226649108740933691e+00
-2.648901474399301126e+00
-3.482801822836235406e+00
1.051891309848567824e+00
-3.941205318970812943e+00
-2.290256418393901594e+00
9.824373316531596068e-01
-4.625070597416926610e+00
-3.170238605377564856e+00
3.778645890070784219e-01
-5.361895092052516354e+00
-2.783641636074368098e+00
2.015223380527003894e+00
