-7.229642159479251262e+00
-2.868922903863807328e+00
-4.535673867844953300e+00
-6.191363357445308857e+00
-3.197704950772365162e+00
-4.835930105555600877e-01
-6.585018085446282754e+00
-3.192500933902638227e+00
6.804311215294965853e-01
-7.726304990225448144e+00
-2.784141751674672260e+00
-6.309806689175987415e+00
-1.897632612725447476e+00
-1.646966477411561658e-01
-2.925713274559216703e+00
-3.381005269130959778e+00
-2.650842175216071794e+00
-6.584805041262407954e+00
-4.529978748256400678e+00
6.441332683316400853e-01
-7.473678622554406736e+00
-1.812536379167168699e+00
-6.748198700238580372e+00
-1.663353721425601561e+00
-1.107138465955088469e+00
-6.232789978354349891e+00
-2.391850802838259682e+00
-3.154901959985743076e+00
-3.912764413441204070e+00
-6.818458088014537566e+00
-2.825695282596011548e+00
7.212369693846505392e-01
-6.001133930298871100e+00
-2.367640952466915749e+00
-1.678737007186670072e+00
-5.717358727898328219e+00
-2.000171614540123155e+00
-7.030303704167192302e-01
-6.005701261302180072e+00
-4.268598690860839540e+00
-1.409587908338280515e+00
-7.068874733706460134e+00
-1.966593813768788168e+00
9.617633768954609863e-01
-7.426708920243564327e-01
-3.738972964673631161e+00
-5.728692231936043378e+00
-1.000000000000000000e+00
2.124901193554305512e-01
-7.906831390035421236e+00
-2.293369796164573149e+00
7.971612266756680776e-02
-7.433990806034981524e+00
-2.034883996066635170e+00
-9.244004815625814775e-01
-9.000000000000000000e+00
-3.962684947929564938e+00
2.257668653709233031e-01
-5.408988458886459405e+00
-4.536185737833744014e+00
5.765487014092474105e-01
-7.028333035180194699e+00
-3.745424873208130223e-01
-5.734494106082261844e+00
-1.784862210471921673e-01
-4.969478423659823285e+00
-2.539879193442133420e+00
-6.751645287013739782e+00
-2.028149176096986306e+00
-6.170616827228043277e+00
-1.831643284829135521e+00
-5.976926165140805658e+00
-1.551045251461115715e+00
-4.001021835742082366e+00
-2.004945386105259963e+00
-7.780051510653811064e+00
-7.955423314767150478e-01
-5.773335534741540265e+00
-7.814895749407396730e-02
-5.292684537080742047e+00
-2.081914761812480474e+00
-3.710418061153994085e+00
-3.706743674690159196e+00
-3.072065202047296939e+00
-3.452611445574010673e+00
-2.115421239381713114e+00
-4.087563964924280313e+00
-4.296304246820382033e+00
-2.282528363730397913e+00
-5.164488606553227612e+00
-3.826502124109000036e+00
-4.532987753852523838e+00
-3.927125221893192464e+00
-4.624194639085301262e+00
-1.711933763380584228e+00
1.535789894150224599e-01
-5.713921497261837068e+00
-1.322839541656293472e+00
1.235738633981430468e+00
-4.857835468849296845e+00
-3.978803344444631129e+00
9.331320417281352420e-01
-3.528810001494498305e+00
-3.695487047493156041e+00
2.506056423228303909e-01
