-5.743206874079112900e+00
-3.525979498765512865e+00
-6.055912373572670759e+00
-4.692998399820444533e+00
-4.435039495325733938e+00
-6.199021022560859961e-01
-6.390889330105301802e+00
-2.848263589303410281e+00
1.223115923571717278e+00
-5.362211320385450009e+00
-2.472402466093332141e+00
-5.060513093289338293e+00
-2.757143760034581170e+00
-8.980910740078258403e-01
-3.712197281781731029e+00
-1.962274093406520814e+00
-1.238754062740944129e+00
-6.356011139160124834e+00
-2.730853341728353367e+00
1.198534925831691966e+00
-8.272290838357974962e+00
-2.235232197912991658e+00
-7.177238500586144099e+00
-3.351983756892572330e+00
-2.174750010206437933e-01
-4.347098278334831534e+00
-2.011600942393332758e+00
-4.402310393033314284e+00
-3.026544712730818265e+00
-7.058707791694092570e+00
-1.587375805737291534e+00
-1.017496117765821495e+00
-6.900977281143803488e+00
-1.113652683826645173e+00
-3.756319762459197076e-01
-5.881490724415117555e+00
-3.091322416782568805e+00
-6.156916419105386007e-01
-6.324255011364301460e+00
-2.617318301799429037e+00
-6.508249295972716730e-01
-7.204738418462868665e+00
-3.457411551415392914e+00
-7.876630644846165374e-01
-1.476252331421338271e+00
-3.405681148024479299e+00
-7.135028257671685914e+00
-4.187101629940714886e+00
-3.327007751452460971e-01
-7.396171531104097419e+00
-3.944141385839680325e+00
-7.746039975811636058e-01
-6.894479250393009906e+00
-1.681740738263726387e+00
3.114761824879219709e-01
-6.634616407599332355e+00
-2.831931544716840499e+00
-1.427505923650028707e-01
-7.383896939345938826e+00
-3.768502667270735795e+00
-1.848165523882570049e-01
-7.352740427845243509e+00
-1.400716020182166455e+00
-7.797681827369001617e+00
-1.802644501021572587e+00
-4.477650922895286101e+00
-2.326156369642470079e+00
-6.311915534295469143e+00
-1.291542953002714711e+00
-7.107083352178483970e+00
-2.778457907341686628e+00
-5.899460471519838656e+00
-2.800890669350973639e+00
-5.761544198273102602e+00
-1.155014748789856327e+00
-6.427137884947481616e+00
-2.705474943963522616e+00
-5.666953570295012454e+00
-2.671428526197931141e+00
-7.348195190614151606e+00
-1.884712604783642886e+00
-4.757901767375738444e+00
-2.932812452498911426e+00
-1.863282797253888567e+00
-3.664394973081899209e+00
-3.914356664360230109e+00
-2.424662428476374920e+00
-4.169679972479465313e+00
-3.863418375648500547e+00
-3.432011991084553237e+00
-3.249344243113684083e+00
-2.673210603684527786e+00
-2.171675831020672298e+00
-4.783502353995123357e+00
-3.497697544341576315e+00
1.120126069851662631e+00
-4.918022941519002877e+00
-2.034094985649792076e+00
2.402675044832485618e+00
-2.631348993672255165e+00
-3.012648461389650922e+00
5.079293478745698920e-01
-4.180008601592793305e+00
-3.556670013918476592e+00
1.108604285032844805e+00
