-8.141629864824031060e+00
-2.645218982216628767e+00
-3.821643358828468617e+00
-6.298244947419807893e+00
-2.549871499692820009e+00
-1.058719328700160389e+00
-6.062485478892160273e+00
-2.193008145482607141e+00
8.744075073051700564e-02
-6.973127226890617258e+00
-4.243307297328946959e+00
-7.814330807894276809e+00
-3.984488900374177245e+00
-1.992378568903093450e-01
-2.172539757071979771e+00
-3.078031355827429483e+00
-6.733102636442805933e-03
-5.432300057603302257e+00
-2.378320916077707903e+00
4.118656486793997873e-01
-7.639601992625700611e+00
-4.539105391828435643e+00
-7.761633904437606368e+00
-2.931231618694156271e+00
2.917397291958825356e-01
-6.284455700263006150e+00
-2.881926197641924148e+00
-3.154901959985743076e+00
-4.030897601395722951e+00
-6.682002735162367202e+00
-3.899736976329919447e+00
-1.101111674704702503e+00
-6.631876971125149289e+00
-3.132325693835703806e+00
-8.918965523287142316e-01
-5.826448397944534285e+00
-2.999664447725151284e+00
-5.914094709801834826e-01
-5.845762988598384169e+00
-4.234821715675217924e+00
1.425756514786715723e+00
-7.864890247310037275e+00
-3.098809964279223284e+00
-1.180197442752539683e+00
-1.037734221753156660e+00
-3.433623756648277681e+00
-5.784578630336742577e+00
-2.162571035750932236e+00
-1.723581693238076529e+00
-7.364294663962987819e+00
-4.043668165305230211e+00
7.111300224493447564e-01
-6.047725375795047320e+00
-1.703038628440489477e+00
-6.856061463609109952e-01
-5.848033291529174171e+00
-3.835443688651728689e+00
3.559498417554379790e-01
-6.490288615588518439e+00
-2.002763244562471456e+00
-3.938221119488821698e-01
-7.990322594734845296e+00
-1.877931324986378270e+00
-5.621659482106217354e+00
-3.920818753952374891e+00
-5.168131945398630300e+00
-2.216456973757842785e+00
-7.620903132368725963e+00
-1.635905744619113422e+00
-5.571245580972960632e+00
-1.120856404289473751e+00
-5.917658091646386787e+00
-3.386342336758361715e-01
-5.600973095835765747e+00
-2.899332063996088671e+00
-7.311569708742053919e+00
-1.385646792518788306e+00
-6.765441080014578112e+00
-1.996574306838009516e+00
-4.624150737025921387e+00
-3.492241531971975288e+00
-2.399248012913230532e+00
-3.531822820447063194e+00
-2.114499256940672645e+00
-3.220470597036661164e+00
-3.706862653675093267e+00
-4.096688259400047549e+00
-5.506579313235545392e+00
-4.008498303078937397e+00
-4.572339669346604296e+00
-3.188198936553596319e+00
-3.242916410100710856e+00
-2.808680701301274674e+00
-3.884406469132688500e+00
-3.794535079016390977e+00
3.091732224411648522e-01
-5.105399803466865727e+00
-4.502887682956787430e+00
5.378032421472964675e-01
-2.544659869664564589e+00
-3.643443361954506354e+00
1.522766705379945684e-01
-4.603946262730228334e+00
-2.365932658976539038e+00
2.580098932287452129e+00
