-6.625719712573751252e+00
-5.000000000000000000e+00
-6.238405150583385961e+00
-7.599151016616368715e+00
-2.958009573550721694e+00
1.438143661168232335e+00
-4.000000000000000000e+00
-2.614435381824491866e+00
1.999037329881099945e+00
-6.433967381541383368e+00
-3.001311643146070907e+00
-7.599991464454237899e+00
-4.242657363742238452e+00
-9.673714504434507977e-02
-3.983905260861427600e+00
-2.023103913721414848e+00
-2.039824559199653109e+00
-4.843839968777294835e+00
-2.380787144550406076e+00
-3.246690487778884360e-01
-5.322091832990585303e+00
-1.611833627300431893e+00
-8.632233438862304098e+00
-3.365772565978587760e+00
-1.087911148652974447e+00
-6.253377167239213996e+00
-1.000009412268974884e+00
-6.237505145339090618e+00
-2.201907838376366833e+00
-7.151033949123638322e+00
-2.849427428158498810e+00
3.928974508170170465e-01
-6.389984303346314398e+00
-3.026799552716112451e+00
1.252535278870798297e-01
-4.721788187699114125e+00
-1.633511028716810642e+00
6.908465637840527362e-01
-7.656539039553129200e+00
-3.113301330515851006e+00
-1.539647617160710302e+00
-6.916414283448670375e+00
-2.795898006008502357e+00
1.742529410142329427e+00
-8.103855828212240819e-01
-3.254577973747888375e+00
-6.370811313031150114e+00
-3.840585073324707110e+00
1.694109494551074291e-01
-5.785189549636150730e+00
-1.369246894433305828e+00
4.712900899190110016e-01
-7.201525375260853679e+00
-1.993897618863388788e+00
7.677005491085793221e-01
-7.309678153869056949e+00
-1.783961445792040967e+00
1.999624143125638742e+00
-6.199861571589884157e+00
-1.330259013612145935e+00
-1.808928828861737781e+00
-6.339212307827589044e+00
-1.103503734042173390e+00
-4.653753659209291627e+00
-2.310282778124721048e+00
-5.892759127099449046e+00
-1.692001334747201602e+00
-4.000000000000000000e+00
-3.651822721781354808e+00
-7.520571926720080569e+00
-2.226871301618167376e+00
-6.971449731054827126e+00
-1.468581494149577282e-01
-4.275126022657475211e+00
-1.961281922379941589e+00
-5.741976497929982770e+00
-2.508719645065094372e+00
-4.422103298491767198e+00
-1.484427941267035145e+00
-6.216260312301439050e+00
-1.840847561750841299e+00
-4.280574904593597019e+00
-1.172905369264202635e+00
-4.200345421239642718e+00
-4.206640147959002540e+00
-1.696812363587705264e+00
-3.316237613794982941e+00
-4.094504097400513132e+00
-3.951278790453232048e+00
-2.897337206546055199e+00
-4.077708474119916104e+00
-3.902446689806018831e+00
-4.747751583953624177e+00
-3.659088951675968815e+00
-3.001915132241360418e+00
1.708927197934011488e+00
-5.045545625949495516e+00
-3.402805986632218449e+00
2.178822936208561600e+00
-4.857588905429302883e+00
-3.081817586169047996e+00
1.507498423396280263e+00
-4.224997585710634773e+00
-1.004159483309465362e+00
-8.253944463208280347e-01
