-5.745146777109487957e+00
-3.837520083416384953e+00
-3.841040470549404784e+00
-6.896095325375214635e+00
-3.182941863044053132e+00
-1.156790468044889719e+00
-6.719353882125348676e+00
-2.930586234806062063e+00
8.776570421093368157e-01
-7.679290444246020364e+00
-1.003238703609742544e+00
-5.284470642815557895e+00
-3.456928499926251952e+00
-1.512301128718300351e-02
-3.316802803598452254e+00
-2.176172747914669969e+00
-1.248806686602728977e+00
-7.778608648890457111e+00
-1.961435494284582859e+00
-5.934104159539140833e-01
-5.992430182488745594e+00
-3.039490012667666718e+00
-7.832401462587629482e+00
-2.131389705907883680e+00
-5.821829801765561196e-01
-5.774980790111878370e+00
-1.370645629901342311e+00
-6.444851767626751382e+00
-3.987209517543071957e+00
-7.911213021253352018e+00
-1.897822889878804764e+00
-6.762837413029423317e-01
-6.523676204811129864e+00
-1.803816733065355393e+00
-2.374400048519136774e+00
-5.799202405354519918e+00
-1.391628850262447425e+00
-5.058399162864878340e-01
-6.389343928803319805e+00
-2.123671417280538876e+00
8.804253592627717673e-01
-6.726291749703441347e+00
-4.538920634339490334e+00
1.607859726264039280e+00
-1.736238441544773581e+00
-3.730971515135744543e+00
-5.710882096356407978e+00
-2.231116436984195150e+00
3.913503224949385628e-01
-7.021765375490791605e+00
-2.863551135936749592e+00
1.969200933104233719e-01
-6.549368088674595967e+00
-1.690127046297315250e+00
-7.175274292361479012e-02
-7.866173747200681632e+00
-4.114735984699399829e+00
9.813125494730231546e-01
-6.558171733198460807e+00
-3.359513602552528511e+00
5.838970888148676402e-02
-6.985612537087284579e+00
-1.180036628449111280e+00
-5.516601761197946985e+00
-1.163787510611271614e+00
-5.349395606468246633e+00
-3.109684658712396743e+00
-4.332672820792064172e+00
-3.070428305132778757e+00
-4.752892244593754256e+00
-1.118596288935784999e+00
-4.211908697370474464e+00
-1.294578519913351933e+00
-6.628182928278173236e+00
-3.683836812043503439e+00
-5.456102651864083164e+00
-1.978333202725703899e+00
-7.355505525948189849e+00
-2.349215299942617019e+00
-5.333095884084128713e+00
-2.485818144016150200e+00
-4.148998160812527480e+00
-3.403816459080558854e+00
-4.316813899926629894e+00
-2.547848735984498791e+00
-3.809570279224179234e+00
-3.434046244216951038e+00
-3.896790258978027666e+00
-1.459583064672914654e+00
-3.891785193451438918e+00
-4.105352936354005777e+00
-2.854517189755358064e+00
-2.509256323747562245e+00
-5.228206792932547309e+00
-3.205196917825800629e+00
2.251702451890535972e+00
-3.490506256171092225e+00
-4.221910432691828419e+00
9.418377444758730954e-01
-2.544068022635552317e+00
-2.452903947173978416e+00
1.294947177358332924e-01
-4.596744930724268485e+00
-2.810661949279045224e+00
3.412964692743176709e-01
