-7.613556300978125080e+00
-4.204181115075234842e+00
-3.843528151606466992e+00
-6.366411477551848108e+00
-3.036317675820285000e+00
-1.068839908972766040e+00
-5.818688053164607688e+00
-1.549113509438309499e+00
-2.492583372472834680e-01
-6.568193401221227745e+00
-2.889046425635175108e+00
-4.497409837137499977e+00
-2.962309047133680373e+00
0.000000000000000000e+00
-1.638260902491207816e+00
-1.505741006100329571e+00
-4.077413625597876567e-01
-5.109575821441238119e+00
-2.546189739749004755e+00
1.220693560785891751e+00
-9.301029995663981254e+00
-1.000000000000000000e+00
-9.594917558804164415e+00
-2.379677274581337709e+00
9.069811021660136030e-02
-5.519717487993089478e+00
-3.095137955898690674e+00
-4.142806197972473292e+00
-4.514763644791613295e+00
-5.639499249112649437e+00
-1.000000000000000000e+00
-1.396821879971759772e+00
-3.698970004336018746e+00
-4.137179712626188000e+00
-2.406540938792171846e-01
-4.017242262880381887e+00
-2.808137094958285118e+00
-8.159762492677382628e-01
-6.390523641840867519e+00
-2.725763193289529873e+00
-5.760529815007907617e-01
-6.150048634409287729e+00
-3.554968857184243269e+00
-5.085927462886220551e-01
-5.322825599280253117e-01
-2.702120574972449063e+00
-5.000045038812086950e+00
-3.587959499383553297e+00
-2.000000000000000000e+00
-5.000000000000000000e+00
-1.001559387796005396e+00
2.387632078907349631e-01
-7.087725950958044585e+00
-3.348231169265130980e+00
-4.762367210913921456e-01
-8.577872953974024384e+00
-2.935376652246952656e+00
2.332421786058089253e-02
-7.384317895216510941e+00
-2.604025208726882479e+00
1.073363980675316881e-01
-5.185843513923094505e+00
2.470965539501004393e-01
-6.742504181087319637e+00
7.877962412139298543e-02
-5.838022336053581007e+00
-1.320436938906029534e+00
-4.591844129927368456e+00
-2.636132343088259056e+00
-7.539115981942047462e+00
-3.731118073577668337e+00
-8.000000000000000000e+00
-8.134801710321912793e-01
-5.573193038239374175e+00
-1.373015890639595504e+00
-4.660988688600242291e+00
-2.770137356186433752e+00
-5.912084966747412018e+00
-7.382337517449799602e-01
-7.416996954925161312e+00
-3.721246399047171138e+00
-5.393504614458546342e+00
-4.863580613872590774e+00
-2.248380595288421713e+00
-3.138115596902300908e+00
-5.690196149515636570e+00
-3.306543688625993571e+00
-4.143635667217417051e+00
-3.539361182639485737e+00
-4.396806813501637379e+00
-3.428027784948348256e+00
-4.832094883244424821e+00
-1.774878676085229312e+00
-5.961662591590442872e+00
-3.915669439702917476e+00
-7.696825290887637783e-01
-2.544068022635552317e+00
-3.407416288434421681e+00
5.369178144120312357e-01
-5.983757233154261002e+00
-2.451390795487555785e+00
1.998338342261506417e+00
-4.608072043793080219e+00
-2.175650883700147808e+00
6.207418858004424278e-01
