-7.307075818168629056e+00
-3.882780805713373695e+00
-5.702839514217718175e+00
-5.404447073490206144e+00
-2.909111414254619721e+00
1.803251359528377451e+00
-6.042947154768027573e+00
-4.033568174975217246e+00
1.074794294469971101e+00
-5.613988720460788784e+00
-3.450351349002600099e+00
-5.837268491498797118e+00
-3.466493892542080069e+00
-6.490747123910417526e-01
-3.747853383987286957e+00
-2.991381432627171932e+00
-1.212777155800296214e+00
-7.001266712559981897e+00
-1.920460438102538303e+00
-9.924055053875461274e-01
-6.492357664358881841e+00
-3.420453355502796722e+00
-6.700359848845962141e+00
-3.166187961494795644e+00
-6.825992239662500571e-01
-6.782759327832048157e+00
-1.950104822634035839e+00
-5.800373143887027183e+00
-2.686881751657820949e+00
-6.606591678968714021e+00
-2.842223493147051805e+00
-5.874384916241643939e-01
-6.143356633816776657e+00
-3.300152970073794378e+00
-2.846961193530550105e+00
-5.238546683047327512e+00
-1.515255975124695897e+00
-9.533003524971781495e-01
-5.234939008786106740e+00
-4.098218786433752925e+00
-3.415089197635924889e-01
-7.789289006277016369e+00
-3.261045577318963051e+00
8.004368916613274765e-01
-1.184234474083370792e+00
-3.233522404706503650e+00
-6.766377717009531167e+00
-3.940507935504304005e+00
-1.469895200621390563e+00
-6.615628273416185756e+00
-1.273849904595656390e+00
1.184608874961710967e+00
-7.880538014228130272e+00
-1.889405788221154792e+00
3.758414870057040225e-01
-6.474134836990999453e+00
-3.178470696027393405e+00
2.000000000000000000e+00
-7.383787570699813507e+00
-3.371892288873722610e+00
-1.749591486639383575e+00
-4.738306270422527611e+00
-1.149174999597447844e+00
-4.437679841669977421e+00
-5.425279170923451577e-01
-6.872895633713723029e+00
-5.700182920307316214e-01
-4.000000000000000000e+00
-3.787685104165120276e+00
-6.778828594479607617e+00
-1.844114916535722903e+00
-7.764335458625798658e+00
-1.041383446437648796e+00
-5.135872946734089339e+00
-3.555366487653524477e+00
-4.631325300841314885e+00
-4.754978292441613408e-01
-6.082822952340787737e+00
-8.688506892021511385e-01
-6.215564759827818087e+00
-4.285230910850089669e-01
-4.648450818335974510e+00
-3.029944101197364681e+00
-3.902297482258471728e+00
-3.009012957654042975e+00
-2.576945550382647276e+00
-2.018947759265174557e+00
-2.677734778759382817e+00
-2.660574244615221851e+00
-3.252553686330981630e+00
-4.948881732566573710e+00
-4.766925351495506114e+00
-2.059144456117041777e+00
-4.198410377064642596e+00
-1.000000000000000000e+00
-4.892634375302022665e-02
-4.970436649167791821e+00
-4.117752444324139560e+00
1.546636835405061028e+00
-3.622714881539675247e+00
-2.189618810238818103e+00
3.869854588138246787e-01
-4.178889574891774039e+00
-3.619832226848934464e+00
1.530059663499650779e-01
