-6.639844327320559181e+00
-3.483769468818738613e+00
-4.488950440095040406e+00
-6.549684458075618387e+00
-2.232114066885630965e+00
7.214320409153793801e-01
-5.367653446341136281e+00
-3.210056066863111734e+00
1.207779671015863920e+00
-6.526279160892373810e+00
-1.468771249040826232e+00
-4.519071289115118795e+00
-3.304277872648786474e+00
-6.724785936017337873e-01
-3.196554535188394830e+00
-2.023944880485902154e+00
-1.903226277510684739e+00
-6.014470629391975187e+00
-3.283003045933036823e+00
-1.028247252971402181e+00
-7.921211955160029738e+00
-3.305611603140902410e+00
-8.574681266554401660e+00
-4.564646026056243144e+00
4.075043395683018987e-01
-6.569076006616769270e+00
-3.163007710205957945e+00
-4.958931924813244407e+00
-5.000000000000000000e+00
-6.164134589222901361e+00
-1.833531215086385835e+00
1.118515012050731450e+00
-6.191368684095851727e+00
-3.177791651521949756e+00
-1.758900978818588090e+00
-5.186748346197626702e+00
-2.736010394461044548e+00
-2.308293321622139141e-02
-6.642434907623893103e+00
-2.471535824621147626e+00
2.440448166718630144e-02
-7.310921067289166686e+00
-2.721373972539894215e+00
9.558277011660026856e-01
-8.652569894705426368e-01
-2.599098847535418422e+00
-8.720894335042885359e+00
-4.572391263677876516e+00
-2.671056106992428236e-01
-8.324501436074992711e+00
-2.684028308379212024e+00
-1.999999378178711762e+00
-5.616079661485082752e+00
-4.494738301899531940e+00
1.146143439537106179e+00
-8.214562604801228574e+00
-2.357906160149277675e+00
6.796520034590156634e-01
-6.276089404352736878e+00
-3.059001082487701861e+00
2.046055108262475331e-01
-4.725982712774210448e+00
-4.276861777781937324e-01
-6.561088556498823721e+00
-3.190607042783610847e+00
-4.643835745855397157e+00
-2.304243723235436470e+00
-5.972474069116169737e+00
-1.750656156045925282e+00
-6.545199709294063695e+00
-1.512608914725880993e+00
-5.766985300588276075e+00
-2.582637390322775506e+00
-4.704299610838680756e+00
-3.301343530105972590e+00
-4.818375122504619412e+00
-1.275862772666961131e+00
-4.407336853302705748e+00
-1.374291320450784504e+00
-6.783348581745523020e+00
-8.077564361202693721e-01
-3.576222392896947877e+00
-2.603222721715080290e+00
-3.689607964002699081e+00
-2.505086057444068093e+00
-3.823784891996655944e+00
-2.832391862509759495e+00
-3.747512558974001262e+00
-3.550120138681934989e+00
-4.952036255521065300e+00
-3.658181130699741157e+00
-3.563595146168782257e+00
-2.924443377929379473e+00
-2.544068022635552317e+00
-5.000000000000000000e+00
1.522904632578432560e+00
-3.850822217931684666e+00
-1.315682756923683305e+00
1.153034428691795510e+00
-2.862476072782537795e+00
-3.270614018331964967e+00
-4.359572725381974934e-01
-5.162351913758753241e+00
-2.374432430204844291e+00
2.137682823806217325e+00
