1.700806610248590545e+01
1.069364444506556566e+01
2.386448933845100040e+00
2.386448933845100040e+00
1.827750307530184637e+00
1.827750307530184637e+00
7.876938958373459476e-01
7.876938958373459476e-01
7.876938958373459476e-01
7.876938958373459476e-01
7.876938958373459476e-01
7.876938958373459476e-01
7.238713479366871706e-01
6.859793011153141329e-01
5.272831316269627200e-01
5.272831316269627200e-01
5.272831316269627200e-01
4.463520030469718680e-01
4.302466641489252064e-01
4.302466641489252064e-01
3.547826860343716304e-01
3.291137783961345376e-01
3.291137783961345376e-01
2.771560901814818512e-01
2.771560901814818512e-01
2.771560901814818512e-01
1.962179746698394789e-01
1.893702588802805564e-01
1.893702588802805564e-01
1.091894121662769640e-01
1.091894121662769640e-01
9.026185517038363970e-02
9.026185517038363970e-02
9.026185517038363970e-02
9.026185517038363970e-02
9.026185517038363970e-02
9.026185517038363970e-02
9.026185517038363970e-02
9.026185517038363970e-02
9.026185517038363970e-02
9.026185517038363970e-02
9.026185517038363970e-02
9.026185517038363970e-02
9.026185517038363970e-02
9.026185517038363970e-02
9.026185517038363970e-02
9.026185517038363970e-02
9.026185517038363970e-02
9.026185517038363970e-02
9.026185517038363970e-02
9.026185517038363970e-02
9.026185517038363970e-02
9.026185517038363970e-02
9.026185517038363970e-02
9.026185517038363970e-02
9.026185517038363970e-02
9.026185517038363970e-02
9.026185517038363970e-02
9.026185517038363970e-02
9.026185517038363970e-02
9.026185517038363970e-02
9.026185517038363970e-02
9.026185517038363970e-02
9.026185517038363970e-02
9.026185517038363970e-02
9.026185517038363970e-02
9.026185517038363970e-02
9.026185517038363970e-02
8.475740566902870143e-02
8.140260548016658992e-02
8.140260548016658992e-02
8.085024784879089876e-02
8.085024784879089876e-02
8.085024784879089876e-02
8.085024784879089876e-02
8.085024784879089876e-02
8.085024784879089876e-02
8.085024784879089876e-02
8.085024784879089876e-02
8.085024784879089876e-02
7.597082125862210378e-02
7.597082125862210378e-02
7.490326442063964529e-02
7.490326442063964529e-02
7.467664077252392230e-02
7.467664077252392230e-02
7.412895224341041478e-02
7.412895224341041478e-02
7.005333386259041117e-02
7.005333386259041117e-02
7.005333386259041117e-02
7.005333386259041117e-02
7.005333386259041117e-02
7.005333386259041117e-02
7.005333386259041117e-02
7.005333386259041117e-02
6.014797019660349936e-02
6.014797019660349936e-02
6.014797019660349936e-02
6.014797019660349936e-02
6.014797019660349936e-02
6.014797019660349936e-02
6.014797019660349936e-02
6.014797019660349936e-02
6.014797019660349936e-02
6.014797019660349936e-02
6.014797019660349936e-02
6.014797019660349936e-02
6.014797019660349936e-02
6.014797019660349936e-02
6.014797019660349936e-02
6.014797019660349936e-02
5.602124897549147498e-02
5.602124897549147498e-02
5.602124897549147498e-02
5.602124897549147498e-02
5.602124897549147498e-02
5.602124897549147498e-02
5.602124897549147498e-02
5.423616103967304758e-02
5.423616103967304758e-02
5.423616103967304758e-02
5.423616103967304758e-02
5.423616103967304758e-02
5.423616103967304758e-02
5.423616103967304758e-02
5.423616103967304758e-02
5.423616103967304758e-02
5.423616103967304758e-02
5.423616103967304758e-02
5.423616103967304758e-02
5.423616103967304758e-02
5.423616103967304758e-02
5.423616103967304758e-02
5.268778228133320918e-02
5.268778228133320918e-02
5.268778228133320918e-02
5.268778228133320918e-02
5.052686720261440750e-02
4.997315332987585512e-02
4.997315332987585512e-02
4.994386176012749479e-02
4.992418111160119160e-02
4.992009055350742769e-02
4.991911508362719546e-02
4.991885760847891707e-02
4.991871276933811802e-02
4.991867455436848483e-02
4.991867455436848483e-02
4.991867233104219786e-02
4.991867233104219786e-02
4.991860400987947061e-02
4.970626562337445570e-02
4.964381893176357530e-02
4.964381893176357530e-02
4.964381893176357530e-02
4.964381893176357530e-02
4.964381893176357530e-02
4.964381893176357530e-02
4.964381893176357530e-02
4.964381893176357530e-02
4.964381893176357530e-02
4.964381893176357530e-02
4.964381893176357530e-02
4.964381893176357530e-02
4.964381893176357530e-02
4.964381893176357530e-02
4.964381893176357530e-02
4.964381893176357530e-02
4.834009569409715434e-02
4.834009569409715434e-02
4.834009569409715434e-02
4.834009569409715434e-02
4.834009569409715434e-02
4.834009569409715434e-02
4.834009569409715434e-02
4.834009569409715434e-02
4.834009569409715434e-02
4.834009569409715434e-02
4.834009569409715434e-02
4.738703580405487920e-02
4.738703580405487920e-02
4.738703580405487920e-02
4.737462505988673800e-02
4.737462505988673800e-02
4.737056411612341339e-02
4.730150893422430114e-02
4.729036928223556008e-02
4.727835539341414262e-02
4.725242220534788679e-02
4.724457321295091883e-02
4.724457321295091883e-02
4.724395723466683072e-02
4.722234880188626999e-02
4.722164771313180909e-02
4.721750552172116616e-02
4.721709671800627950e-02
4.721514244264929383e-02
4.721453097362754425e-02
4.721453097362754425e-02
