2.725007432041345723e+01
2.619018680527603138e+01
1.385001931052878810e+01
4.965957093494566266e+00
4.965957093494566266e+00
4.965957093494566266e+00
4.965957093494566266e+00
4.965957093494566266e+00
4.478445646062705343e+00
2.746353341604421239e+00
1.474028339152693601e+00
9.257541567234163216e-01
9.242317221858818987e-01
6.771914301838342087e-01
6.378301644453008290e-01
4.620594250159402172e-01
4.614242004272898212e-01
4.614242004272898212e-01
2.660223880373971395e-01
2.660223880373971395e-01
2.660223880373971395e-01
2.660223880373971395e-01
2.660223880373971395e-01
2.194274148714930317e-01
2.194274148714930317e-01
1.976302364186541816e-01
1.976302364186541816e-01
1.603072583609408408e-01
1.603072583609408408e-01
1.603072583609408408e-01
1.355060363560065539e-01
1.355060363560065539e-01
1.355060363560065539e-01
1.355060363560065539e-01
1.355060363560065539e-01
1.355060363560065539e-01
1.355060363560065539e-01
1.355060363560065539e-01
1.355060363560065539e-01
1.355060363560065539e-01
1.355060363560065539e-01
1.355060363560065539e-01
1.355060363560065539e-01
1.355060363560065539e-01
1.213602137858218744e-01
1.213602137858218744e-01
1.157603745303524556e-01
1.157603745303524556e-01
1.157603745303524556e-01
1.157603745303524556e-01
1.157603745303524556e-01
1.157603745303524556e-01
1.157603745303524556e-01
1.157603745303524556e-01
1.157603745303524556e-01
1.157603745303524556e-01
1.157603745303524556e-01
1.133634802613704279e-01
1.133634802613704279e-01
1.033008941116770885e-01
1.033008941116770885e-01
1.033008941116770885e-01
1.033008941116770885e-01
1.033008941116770885e-01
1.033008941116770885e-01
1.033008941116770885e-01
1.033008941116770885e-01
1.033008941116770885e-01
1.033008941116770885e-01
9.915660135007109410e-02
9.915660135007109410e-02
9.727821475595899159e-02
9.727821475595899159e-02
9.727821475595899159e-02
9.727821475595899159e-02
9.727821475595899159e-02
9.727821475595899159e-02
9.727821475595899159e-02
9.727821475595899159e-02
9.697093981498815241e-02
9.697093981498815241e-02
9.629239319134871855e-02
9.629239319134871855e-02
9.629239319134871855e-02
9.629239319134871855e-02
9.629239319134871855e-02
9.629239319134871855e-02
9.629239319134871855e-02
9.629239319134871855e-02
9.629239319134871855e-02
9.629239319134871855e-02
9.617000130476514863e-02
9.617000130476514863e-02
8.787475458087704028e-02
8.787475458087704028e-02
8.787475458087704028e-02
8.787475458087704028e-02
8.787475458087704028e-02
8.787475458087704028e-02
8.787475458087704028e-02
8.776409769538059957e-02
8.776409769538059957e-02
8.776409769538059957e-02
8.776409769538059957e-02
8.776409769538059957e-02
8.776409769538059957e-02
8.776409769538059957e-02
8.776409769538059957e-02
8.776409769538059957e-02
8.776409769538059957e-02
8.776409769538059957e-02
8.776409769538059957e-02
8.776409769538059957e-02
8.776409769538059957e-02
8.094472384273775079e-02
8.094472384273775079e-02
8.094472384273775079e-02
8.094472384273775079e-02
8.094472384273775079e-02
7.994500201917685567e-02
7.994500201917685567e-02
7.994500201917685567e-02
7.994500201917685567e-02
7.994500201917685567e-02
7.969198180772728290e-02
7.952074785994213413e-02
7.948342939446646771e-02
7.947347611488531083e-02
7.947041878877443566e-02
7.946931358329645256e-02
7.946888526005857489e-02
7.946888526005857489e-02
7.946887295172264110e-02
7.946887295172264110e-02
7.946887295172264110e-02
7.946860725875658227e-02
7.946853579071064266e-02
7.946853579071064266e-02
7.946853579071064266e-02
7.946852560899875240e-02
7.946852560899875240e-02
7.946848194269018339e-02
7.946848194269018339e-02
7.946848194269018339e-02
7.931822626992345027e-02
7.931822626992345027e-02
7.931822626992345027e-02
7.931822626992345027e-02
7.931822626992345027e-02
7.850206359060635242e-02
7.850206359060635242e-02
7.850206359060635242e-02
7.819611898518412374e-02
7.819611898518412374e-02
7.819611898518412374e-02
7.819611898518412374e-02
7.804020547396510465e-02
7.801006745144208054e-02
7.800605940331835353e-02
7.800497678883284991e-02
7.800470874058859638e-02
7.800468682588856950e-02
7.789125868408923459e-02
7.787871727280756828e-02
7.785291957348468295e-02
7.783044566097059580e-02
7.782735495112670654e-02
7.782671346858587025e-02
7.782661382824881957e-02
7.782661382824881957e-02
7.782651913147262124e-02
7.782651913147262124e-02
7.782651913147262124e-02
7.782651913147262124e-02
7.782651913147262124e-02
7.782651913147262124e-02
7.782651913147262124e-02
7.772221980188515067e-02
7.770803133207115909e-02
7.765817193672039376e-02
7.764658175748176405e-02
7.760701477404792492e-02
7.760701477404792492e-02
7.753851371104354684e-02
7.753851371104354684e-02
7.744331922249636513e-02
7.737066796364638899e-02
7.733092062114789444e-02
7.725812194777359476e-02
7.725812194777359476e-02
7.725454860097376308e-02
7.725436814001630792e-02
7.723240475103575198e-02
7.723240475103575198e-02
7.723216392975242039e-02
7.723216392975242039e-02
7.723154441268079151e-02
7.723153172085620022e-02
7.723153172085620022e-02
7.723149062252654407e-02
