2.100825288438193894e+01
4.684319512309645717e+00
2.645153439837053089e+00
2.645153439837053089e+00
2.573639284266236338e+00
2.573639284266236338e+00
1.472510841300080253e+00
1.472510841300080253e+00
1.472510841300080253e+00
1.472510841300080253e+00
9.400907933714064413e-01
7.727367276821460740e-01
6.992967316920085663e-01
6.197976396206887895e-01
4.048852853911866223e-01
3.496939555668013289e-01
3.496939555668013289e-01
1.903379442586886072e-01
1.903379442586886072e-01
1.903379442586886072e-01
1.903379442586886072e-01
1.903379442586886072e-01
1.903379442586886072e-01
1.903379442586886072e-01
1.903379442586886072e-01
1.903379442586886072e-01
1.454946694316197331e-01
1.322554435896352576e-01
1.322554435896352576e-01
1.322554435896352576e-01
1.322554435896352576e-01
1.322554435896352576e-01
1.322554435896352576e-01
1.322554435896352576e-01
1.322554435896352576e-01
1.322554435896352576e-01
1.322554435896352576e-01
1.311953671103373575e-01
1.311953671103373575e-01
1.311953671103373575e-01
1.208727884852821566e-01
1.208727884852821566e-01
1.208727884852821566e-01
1.208727884852821566e-01
1.208727884852821566e-01
1.208727884852821566e-01
1.208727884852821566e-01
1.128650616787830602e-01
1.009384965158240111e-01
1.009384965158240111e-01
1.009384965158240111e-01
1.009384965158240111e-01
1.009384965158240111e-01
1.009384965158240111e-01
1.009384965158240111e-01
1.009384965158240111e-01
1.009384965158240111e-01
1.009384965158240111e-01
1.009384965158240111e-01
1.009384965158240111e-01
1.009384965158240111e-01
1.009384965158240111e-01
8.763059885067731036e-02
8.252348015624882960e-02
8.252348015624882960e-02
8.235303506069098500e-02
8.235303506069098500e-02
8.235303506069098500e-02
8.235303506069098500e-02
8.235303506069098500e-02
8.235303506069098500e-02
8.235303506069098500e-02
8.235303506069098500e-02
7.818141247252236026e-02
7.818141247252236026e-02
7.818141247252236026e-02
7.818141247252236026e-02
7.818141247252236026e-02
7.818141247252236026e-02
7.818141247252236026e-02
7.818141247252236026e-02
7.818141247252236026e-02
7.818141247252236026e-02
7.818141247252236026e-02
7.818141247252236026e-02
7.818141247252236026e-02
7.818141247252236026e-02
7.818141247252236026e-02
7.818141247252236026e-02
7.818141247252236026e-02
7.818141247252236026e-02
7.818141247252236026e-02
7.818141247252236026e-02
7.818141247252236026e-02
7.818141247252236026e-02
7.818141247252236026e-02
7.818141247252236026e-02
7.818141247252236026e-02
7.601623526207972048e-02
7.601623526207972048e-02
7.601623526207972048e-02
7.601623526207972048e-02
7.601623526207972048e-02
7.601623526207972048e-02
7.601623526207972048e-02
7.601623526207972048e-02
7.601623526207972048e-02
7.601623526207972048e-02
7.601623526207972048e-02
7.506527205164711947e-02
7.506527205164711947e-02
7.506527205164711947e-02
7.506527205164711947e-02
7.506527205164711947e-02
7.506527205164711947e-02
7.506527205164711947e-02
7.506527205164711947e-02
7.506527205164711947e-02
7.506527205164711947e-02
7.506527205164711947e-02
7.506527205164711947e-02
6.793007925847727169e-02
6.793007925847727169e-02
6.793007925847727169e-02
6.793007925847727169e-02
6.793007925847727169e-02
6.793007925847727169e-02
6.793007925847727169e-02
6.793007925847727169e-02
6.784788911957113922e-02
6.784788911957113922e-02
6.784788911957113922e-02
6.784788911957113922e-02
6.784788911957113922e-02
6.784788911957113922e-02
6.784788911957113922e-02
6.750947478726698758e-02
6.622241632352890428e-02
6.622241632352890428e-02
6.622241632352890428e-02
6.622241632352890428e-02
6.622241632352890428e-02
6.622241632352890428e-02
6.622241632352890428e-02
6.622241632352890428e-02
6.622241632352890428e-02
6.622241632352890428e-02
6.622241632352890428e-02
6.622241632352890428e-02
6.622241632352890428e-02
6.622241632352890428e-02
6.592643627263974904e-02
6.592643627263974904e-02
6.573902019569234645e-02
6.573902019569234645e-02
6.573902019569234645e-02
6.554610249591917570e-02
6.548092524373111400e-02
6.547004244749626833e-02
6.546781989927732970e-02
6.546733362308615467e-02
6.546726431828084336e-02
6.546720353677092097e-02
6.546720353677092097e-02
6.546720353677092097e-02
6.546720353677092097e-02
6.546720353677092097e-02
6.546720353677092097e-02
6.546720353677092097e-02
6.546720353677092097e-02
6.546720353677092097e-02
6.546720353677092097e-02
6.546720353677092097e-02
6.546720353677092097e-02
6.546720353677092097e-02
6.546720353677092097e-02
6.546720353677092097e-02
6.546720353677092097e-02
6.546720353677092097e-02
6.546720353677092097e-02
6.546720353677092097e-02
6.546720353677092097e-02
6.546720353677092097e-02
6.546720353677092097e-02
6.369075910887762870e-02
6.366362677349576837e-02
6.366362677349576837e-02
6.366362677349576837e-02
6.359221247522528486e-02
6.358478195680225542e-02
6.358438109543577965e-02
6.358435996733127760e-02
6.358435722999188078e-02
6.358435650310904907e-02
6.358434738373125450e-02
6.358434738373125450e-02
6.358434738373125450e-02
6.358434738373125450e-02
6.358434738373125450e-02
6.358434738373125450e-02
