1.719465662607839462e+01
6.392505219083290058e+00
1.777302197617570245e+00
1.777302197617570245e+00
1.777302197617570245e+00
1.777302197617570245e+00
1.777302197617570245e+00
1.777302197617570245e+00
1.777302197617570245e+00
1.306471360042850582e+00
1.306471360042850582e+00
9.928080468881815834e-01
9.023744124661856603e-01
9.023744124661856603e-01
8.743205496333449345e-01
7.630280807907082741e-01
7.630280807907082741e-01
7.041420778284463999e-01
7.041420778284463999e-01
6.680909812851496543e-01
6.680909812851496543e-01
6.680909812851496543e-01
6.176183479908974316e-01
4.794865939880785244e-01
3.645943345995489859e-01
2.167663304401537538e-01
2.167663304401537538e-01
2.167663304401537538e-01
2.167663304401537538e-01
2.167663304401537538e-01
2.167663304401537538e-01
1.669345480838878293e-01
1.375004184931984952e-01
1.375004184931984952e-01
1.375004184931984952e-01
1.375004184931984952e-01
1.375004184931984952e-01
1.375004184931984952e-01
1.375004184931984952e-01
1.132067977376140372e-01
1.132067977376140372e-01
1.132067977376140372e-01
1.132067977376140372e-01
1.014273640931693532e-01
1.014273640931693532e-01
7.486841004716202064e-02
7.486841004716202064e-02
7.486841004716202064e-02
7.486841004716202064e-02
7.486841004716202064e-02
6.047523838545985214e-02
6.047523838545985214e-02
6.047523838545985214e-02
6.047523838545985214e-02
6.047523838545985214e-02
6.047523838545985214e-02
6.047523838545985214e-02
6.047523838545985214e-02
6.047523838545985214e-02
6.047523838545985214e-02
6.047523838545985214e-02
6.047523838545985214e-02
6.047523838545985214e-02
6.047523838545985214e-02
6.047523838545985214e-02
5.878845388045277759e-02
5.878845388045277759e-02
5.878845388045277759e-02
5.878845388045277759e-02
5.878845388045277759e-02
5.878845388045277759e-02
5.878845388045277759e-02
5.878845388045277759e-02
5.878845388045277759e-02
5.878845388045277759e-02
5.878845388045277759e-02
5.878845388045277759e-02
5.878845388045277759e-02
5.687441522495917390e-02
5.687441522495917390e-02
5.328063053975690827e-02
5.328063053975690827e-02
5.328063053975690827e-02
5.328063053975690827e-02
5.328063053975690827e-02
5.328063053975690827e-02
5.328063053975690827e-02
5.328063053975690827e-02
5.328063053975690827e-02
5.328063053975690827e-02
5.328063053975690827e-02
5.328063053975690827e-02
5.328063053975690827e-02
5.328063053975690827e-02
5.328063053975690827e-02
5.328063053975690827e-02
5.328063053975690827e-02
5.021181651706708299e-02
5.021181651706708299e-02
5.021181651706708299e-02
5.021181651706708299e-02
5.021181651706708299e-02
4.883551271870728572e-02
4.883551271870728572e-02
4.883551271870728572e-02
4.883551271870728572e-02
4.883551271870728572e-02
4.883551271870728572e-02
4.883551271870728572e-02
4.883551271870728572e-02
4.883551271870728572e-02
4.883551271870728572e-02
4.883551271870728572e-02
4.883551271870728572e-02
4.883551271870728572e-02
4.883551271870728572e-02
4.883551271870728572e-02
4.883551271870728572e-02
4.883551271870728572e-02
4.883551271870728572e-02
4.883551271870728572e-02
4.883551271870728572e-02
4.883551271870728572e-02
4.883551271870728572e-02
4.883551271870728572e-02
4.883551271870728572e-02
4.883551271870728572e-02
4.883551271870728572e-02
4.883551271870728572e-02
4.883551271870728572e-02
4.831935080445346614e-02
4.811179434873356225e-02
4.806995820244382156e-02
4.805936681785902970e-02
4.805624967957029814e-02
4.805507727618556213e-02
4.805498380458051583e-02
4.805466298003809728e-02
4.805466298003809728e-02
4.805466298003809728e-02
4.805466298003809728e-02
4.805464200571197414e-02
4.805464200571197414e-02
4.805461293531834710e-02
4.805461293531834710e-02
4.805461293531834710e-02
4.805461293531834710e-02
4.805461293531834710e-02
4.805461293531834710e-02
4.805461293531834710e-02
4.805461293531834710e-02
4.805461293531834710e-02
4.805461293531834710e-02
4.805461293531834710e-02
4.805461293531834710e-02
4.805461293531834710e-02
4.805461293531834710e-02
4.805461293531834710e-02
4.805461293531834710e-02
4.805461293531834710e-02
4.805461293531834710e-02
4.805461293531834710e-02
4.805461293531834710e-02
4.805461293531834710e-02
4.805461293531834710e-02
4.805461293531834710e-02
4.805461293531834710e-02
4.805461293531834710e-02
4.805461293531834710e-02
4.805461293531834710e-02
4.805461293531834710e-02
4.805461293531834710e-02
4.805461293531834710e-02
4.803076067267132016e-02
4.802723986926388244e-02
4.802723986926388244e-02
4.801892204049046375e-02
4.801819664184797665e-02
4.801819664184797665e-02
4.801819664184797665e-02
4.801795421656243623e-02
4.801789109997253030e-02
4.801789109997253030e-02
4.737570215427650000e-02
4.737570215427650000e-02
4.737570215427650000e-02
4.699134935452131678e-02
4.697835250734335583e-02
4.697725444197883155e-02
4.697725444197883155e-02
4.697725444197883155e-02
4.697662201089156803e-02
4.697650612471817450e-02
4.697640317978391683e-02
4.697640317978391683e-02
4.697640317978391683e-02
4.697638287048511163e-02
4.697633444584801282e-02
4.697633444584801282e-02
4.697633444584801282e-02
