2.996341453672137334e+01
1.903788063437457367e+01
9.718993101234000065e+00
3.821372747410192616e+00
3.821372747410192616e+00
3.821372747410192616e+00
3.358450296753670461e+00
2.249420816069037432e+00
1.987617937693836989e+00
1.591061148881620202e+00
1.260699137754655252e+00
9.280385751654769422e-01
6.376440553335398498e-01
6.376440553335398498e-01
6.376440553335398498e-01
5.464007588048699349e-01
5.464007588048699349e-01
4.388852720501609239e-01
4.376668821759973627e-01
4.031225092321923942e-01
3.806575275566434491e-01
3.806575275566434491e-01
3.806575275566434491e-01
3.706501644268355711e-01
3.272772052753455396e-01
2.919841683222105799e-01
2.267075526922998074e-01
2.267075526922998074e-01
2.267075526922998074e-01
2.267075526922998074e-01
2.267075526922998074e-01
2.267075526922998074e-01
2.076807902313049514e-01
2.076807902313049514e-01
1.947723516593058424e-01
1.947723516593058424e-01
1.947723516593058424e-01
1.947723516593058424e-01
1.819899175003327763e-01
1.663575705858761078e-01
1.206437963628607529e-01
9.315954316558475168e-02
9.315954316558475168e-02
9.315954316558475168e-02
9.315954316558475168e-02
9.315954316558475168e-02
8.373347673517306244e-02
8.373347673517306244e-02
8.373347673517306244e-02
8.373347673517306244e-02
8.373347673517306244e-02
7.841705430868009530e-02
7.745649423145734014e-02
7.182828015647768627e-02
7.182828015647768627e-02
7.182828015647768627e-02
7.182828015647768627e-02
7.182828015647768627e-02
7.182828015647768627e-02
7.182828015647768627e-02
6.654434138848530633e-02
6.654434138848530633e-02
6.654434138848530633e-02
6.654434138848530633e-02
6.654434138848530633e-02
6.654434138848530633e-02
6.654434138848530633e-02
6.654434138848530633e-02
6.654434138848530633e-02
6.654434138848530633e-02
6.654434138848530633e-02
6.654434138848530633e-02
6.654434138848530633e-02
6.654434138848530633e-02
6.654434138848530633e-02
6.372198895523234485e-02
6.372198895523234485e-02
6.372198895523234485e-02
6.372198895523234485e-02
6.372198895523234485e-02
6.299059910652925198e-02
6.299059910652925198e-02
6.067441248139717608e-02
6.001297855790210800e-02
6.001297855790210800e-02
6.001297855790210800e-02
6.001297855790210800e-02
6.001297855790210800e-02
6.001297855790210800e-02
6.001297855790210800e-02
6.001297855790210800e-02
6.001297855790210800e-02
6.001297855790210800e-02
5.980503911131569705e-02
5.980503911131569705e-02
5.980503911131569705e-02
5.980503911131569705e-02
5.980503911131569705e-02
5.980503911131569705e-02
5.980503911131569705e-02
5.980503911131569705e-02
5.980503911131569705e-02
5.980503911131569705e-02
5.519536976935568440e-02
5.519536976935568440e-02
5.519536976935568440e-02
5.519536976935568440e-02
5.519536976935568440e-02
5.519536976935568440e-02
5.519536976935568440e-02
5.519536976935568440e-02
5.519536976935568440e-02
5.519536976935568440e-02
5.519536976935568440e-02
5.519536976935568440e-02
5.519536976935568440e-02
5.519536976935568440e-02
5.519536976935568440e-02
5.519536976935568440e-02
5.475208537357037497e-02
5.475208537357037497e-02
5.475208537357037497e-02
5.475208537357037497e-02
5.462679293598208391e-02
5.462679293598208391e-02
5.462679293598208391e-02
5.462679293598208391e-02
5.462679293598208391e-02
5.462679293598208391e-02
5.460496505965361375e-02
5.459653441115650679e-02
5.459494140248843941e-02
5.459426565979482587e-02
5.459423213349882953e-02
5.459411229949587968e-02
5.459411229949587968e-02
5.459411229949587968e-02
5.459382621173481526e-02
5.459365496944604962e-02
5.459365496944604962e-02
5.459365496944604962e-02
5.338621034874252436e-02
5.315492678050514480e-02
5.315492678050514480e-02
5.315492678050514480e-02
5.315492678050514480e-02
5.315492678050514480e-02
5.078339256547451802e-02
5.078339256547451802e-02
5.078339256547451802e-02
5.078339256547451802e-02
5.078339256547451802e-02
5.078339256547451802e-02
5.078339256547451802e-02
5.078339256547451802e-02
5.078339256547451802e-02
5.062756221472652224e-02
5.062756221472652224e-02
4.982491722538467949e-02
4.982491722538467949e-02
4.982491722538467949e-02
4.977000624097523834e-02
4.977000624097523834e-02
4.977000624097523834e-02
4.977000624097523834e-02
4.977000624097523834e-02
4.977000624097523834e-02
4.977000624097523834e-02
4.977000624097523834e-02
4.977000624097523834e-02
4.977000624097523834e-02
4.977000624097523834e-02
4.977000624097523834e-02
4.977000624097523834e-02
4.977000624097523834e-02
4.977000624097523834e-02
4.977000624097523834e-02
4.977000624097523834e-02
4.977000624097523834e-02
4.977000624097523834e-02
4.977000624097523834e-02
4.977000624097523834e-02
4.977000624097523834e-02
4.977000624097523834e-02
4.977000624097523834e-02
4.977000624097523834e-02
4.977000624097523834e-02
4.932020210957316353e-02
4.928864691303858764e-02
4.928708976334507386e-02
4.928707125146071510e-02
4.928702652558461517e-02
4.928702652558461517e-02
4.927933416346608198e-02
4.927825795572862710e-02
4.927793009578647354e-02
4.927793009578647354e-02
4.927793009578647354e-02
4.927793009578647354e-02
4.924268013454712045e-02
