6.609407344655127581e+00
6.609407344655127581e+00
6.609407344655127581e+00
4.586197630097188060e+00
3.877275046588388285e+00
3.877275046588388285e+00
3.877275046588388285e+00
3.877275046588388285e+00
2.842939646696143630e+00
2.179557234685861822e+00
2.179557234685861822e+00
2.179557234685861822e+00
1.998605593119975321e+00
1.972046894634503555e+00
1.528488776744089339e+00
1.219204772848218488e+00
1.219204772848218488e+00
1.132256483415026160e+00
1.122576911784306741e+00
1.122576911784306741e+00
1.122576911784306741e+00
1.084768323586171812e+00
1.084768323586171812e+00
1.030915041079041750e+00
1.030915041079041750e+00
1.030915041079041750e+00
1.030915041079041750e+00
9.821887379369471649e-01
9.821887379369471649e-01
9.392977145012544327e-01
9.392977145012544327e-01
9.392977145012544327e-01
9.392977145012544327e-01
9.392977145012544327e-01
9.392977145012544327e-01
9.392977145012544327e-01
9.392977145012544327e-01
9.392977145012544327e-01
9.383438510230078800e-01
9.240722310481612745e-01
9.193119647855110266e-01
9.007019040560517720e-01
9.007019040560517720e-01
9.007019040560517720e-01
9.007019040560517720e-01
9.007019040560517720e-01
9.007019040560517720e-01
9.007019040560517720e-01
9.007019040560517720e-01
9.007019040560517720e-01
8.981814287811532571e-01
8.944251949970299931e-01
8.873968097723067272e-01
8.873968097723067272e-01
8.857261490637051704e-01
8.857261490637051704e-01
8.718659912584967309e-01
8.718659912584967309e-01
8.718659912584967309e-01
8.718659912584967309e-01
8.718659912584967309e-01
8.718659912584967309e-01
8.668009315158206052e-01
8.668009315158206052e-01
8.668009315158206052e-01
8.647082238684168365e-01
8.548255031506478696e-01
8.498626127059255575e-01
8.267863066058206423e-01
8.256097402658594264e-01
7.932868532450045862e-01
7.685650856987131796e-01
7.440424018802913597e-01
7.207264734372894610e-01
7.207264734372894610e-01
6.882086601879813248e-01
6.318670766460120491e-01
6.281099294661637300e-01
6.281099294661637300e-01
6.012717940586254084e-01
5.879393895169682249e-01
5.879393895169682249e-01
5.879393895169682249e-01
5.879393895169682249e-01
5.876901001558452187e-01
5.800460591972973479e-01
5.612167042404090367e-01
5.414578415355143504e-01
5.414578415355143504e-01
5.359811157298186579e-01
5.359811157298186579e-01
5.359811157298186579e-01
5.353830368598074818e-01
5.353830368598074818e-01
5.353830368598074818e-01
5.262606995500972440e-01
4.961316037068894680e-01
4.421027262209999420e-01
4.246175685190652915e-01
4.153502658589441898e-01
4.153502658589441898e-01
4.153502658589441898e-01
4.153502658589441898e-01
4.100949546870650830e-01
4.100949546870650830e-01
4.100949546870650830e-01
3.795837576917636125e-01
3.795837576917636125e-01
3.570678802087317028e-01
3.570678802087317028e-01
3.570678802087317028e-01
3.406314704533864313e-01
3.406314704533864313e-01
3.406314704533864313e-01
3.406314704533864313e-01
3.406314704533864313e-01
3.406314704533864313e-01
3.241437038642170365e-01
3.227754320549808265e-01
3.227754320549808265e-01
3.227754320549808265e-01
3.227754320549808265e-01
3.197497926629490617e-01
3.197497926629490617e-01
3.197497926629490617e-01
3.197497926629490617e-01
3.196920909509808895e-01
3.158778230147571420e-01
3.148390830236418303e-01
3.094016370649346204e-01
3.094016370649346204e-01
3.076741403997823032e-01
3.049993511955815251e-01
3.049993511955815251e-01
2.983418305193600295e-01
2.983418305193600295e-01
2.983418305193600295e-01
2.980417599365589587e-01
2.972629589927441307e-01
2.972629589927441307e-01
2.950818093053760860e-01
2.950818093053760860e-01
2.950818093053760860e-01
2.950818093053760860e-01
2.929343524765937179e-01
2.908915087164358204e-01
2.897253482021681648e-01
2.867161076506659079e-01
2.866119448720286234e-01
2.865694799639070811e-01
2.865694799639070811e-01
2.863531703053806554e-01
2.816815581673837721e-01
2.786107930928340970e-01
2.786107930928340970e-01
2.782204100820577786e-01
2.775767372527571109e-01
2.775151159821905855e-01
2.775022525016498931e-01
2.774994920766240547e-01
2.774990530739923633e-01
2.764655945574184259e-01
2.759276404665853555e-01
2.733837849247792717e-01
2.729981873070955745e-01
2.729981873070955745e-01
2.718232682889378249e-01
2.718232682889378249e-01
2.702988364530005128e-01
2.670654663455543920e-01
2.642986339373242233e-01
2.642062965491177029e-01
2.635201990377172288e-01
2.604706921981862489e-01
2.604706921981862489e-01
2.595506727100241329e-01
2.595506727100241329e-01
2.594673701676560862e-01
2.594673701676560862e-01
2.584337819580323492e-01
2.584337819580323492e-01
2.551063422989848783e-01
2.551063422989848783e-01
2.511661854582808995e-01
2.493183511634788629e-01
2.491739351346904940e-01
2.491630170687032242e-01
2.462596955307271296e-01
2.461853750836797972e-01
2.457002764554400420e-01
2.441296838880525066e-01
2.441296838880525066e-01
2.441296838880525066e-01
2.439811965585267084e-01
2.439811965585267084e-01
2.439811965585267084e-01
2.439811965585267084e-01
2.439811209005845749e-01
2.436047446274017259e-01
2.431949245586784991e-01
