3.442678503553688785e+01
2.948921812467109405e+01
2.948921812467109405e+01
2.948921812467109405e+01
2.267886232013469083e+01
1.891411464367940809e+01
1.329365152745836554e+01
1.137758123496106322e+01
7.975663670004966121e+00
7.536993341522845391e+00
5.486129084313726700e+00
4.096266383329862037e+00
3.164881098976706220e+00
2.587703223980857281e+00
2.101561077333371941e+00
1.804394606607180096e+00
1.629535663808271417e+00
1.450178377846496280e+00
1.388746585512945497e+00
1.138750273090469278e+00
1.138750273090469278e+00
1.138750273090469278e+00
1.138750273090469278e+00
1.121415790218694086e+00
1.075123850436016548e+00
9.688364595513803135e-01
9.688364595513803135e-01
9.409271257924555210e-01
8.911453272562872563e-01
8.911453272562872563e-01
7.856430257213755652e-01
7.465192477237184709e-01
6.110556779229940894e-01
5.310849128149789378e-01
5.310849128149789378e-01
5.305533623587375125e-01
5.305533623587375125e-01
5.019059283403241034e-01
5.019059283403241034e-01
5.019059283403241034e-01
5.019059283403241034e-01
4.499011506911457792e-01
4.499011506911457792e-01
4.499011506911457792e-01
4.499011506911457792e-01
4.499011506911457792e-01
4.499011506911457792e-01
4.449276827749268359e-01
4.087245436085880090e-01
3.827155308194151728e-01
3.827155308194151728e-01
3.827155308194151728e-01
3.617360256791817275e-01
3.345773547687025395e-01
2.701570677991858016e-01
2.701570677991858016e-01
2.374878629987903500e-01
1.892633187263113304e-01
1.892633187263113304e-01
1.892633187263113304e-01
1.892633187263113304e-01
1.892633187263113304e-01
1.892633187263113304e-01
1.670202617854614213e-01
1.670202617854614213e-01
1.670202617854614213e-01
1.670202617854614213e-01
1.670202617854614213e-01
1.670202617854614213e-01
1.670202617854614213e-01
1.670202617854614213e-01
1.670202617854614213e-01
1.670202617854614213e-01
1.670202617854614213e-01
1.670202617854614213e-01
1.670202617854614213e-01
1.670202617854614213e-01
1.602104216127021030e-01
1.602104216127021030e-01
1.602104216127021030e-01
1.580798837404348844e-01
1.356945040958766335e-01
1.356945040958766335e-01
1.356945040958766335e-01
1.356945040958766335e-01
1.356945040958766335e-01
1.356945040958766335e-01
1.356945040958766335e-01
1.356945040958766335e-01
1.279861095052503561e-01
1.130065421438852663e-01
1.077636019393705957e-01
9.567977547000501570e-02
9.567977547000501570e-02
9.567977547000501570e-02
9.567977547000501570e-02
9.567977547000501570e-02
8.710862375882987008e-02
7.542844161130174419e-02
7.542844161130174419e-02
7.542844161130174419e-02
7.542844161130174419e-02
7.542844161130174419e-02
7.542844161130174419e-02
7.542844161130174419e-02
7.542844161130174419e-02
7.542844161130174419e-02
7.542844161130174419e-02
7.542844161130174419e-02
7.542844161130174419e-02
7.542844161130174419e-02
7.542844161130174419e-02
7.542844161130174419e-02
7.542844161130174419e-02
6.809356087067801322e-02
6.809356087067801322e-02
6.809356087067801322e-02
6.809356087067801322e-02
6.651604648136505427e-02
6.651604648136505427e-02
6.283198293140428159e-02
6.283198293140428159e-02
6.016702121126652619e-02
6.016702121126652619e-02
6.016702121126652619e-02
6.016702121126652619e-02
6.016702121126652619e-02
6.016702121126652619e-02
5.657629365157364892e-02
5.657629365157364892e-02
5.556704464497633222e-02
5.517285709140857392e-02
5.517285709140857392e-02
5.517285709140857392e-02
5.238039397277324122e-02
5.238039397277324122e-02
5.238039397277324122e-02
5.238039397277324122e-02
5.238039397277324122e-02
5.238039397277324122e-02
5.238039397277324122e-02
5.238039397277324122e-02
5.238039397277324122e-02
5.238039397277324122e-02
5.238039397277324122e-02
5.221332587491397947e-02
5.221332587491397947e-02
5.221332587491397947e-02
5.221332587491397947e-02
5.201206062061718149e-02
5.195657476103962558e-02
5.194948952425099825e-02
5.194819277311371608e-02
5.194792380517189445e-02
5.194786433230758060e-02
5.194782846557706446e-02
5.194782846557706446e-02
5.194782846557706446e-02
5.041569594320601672e-02
5.041569594320601672e-02
5.041569594320601672e-02
4.999002125592465207e-02
4.978120383393454251e-02
4.978120383393454251e-02
4.938142959346233929e-02
4.802455827012870604e-02
4.707434539507897309e-02
4.707434539507897309e-02
4.707434539507897309e-02
4.707434539507897309e-02
4.707434539507897309e-02
4.707434539507897309e-02
4.707434539507897309e-02
4.707434539507897309e-02
4.707434539507897309e-02
4.707434539507897309e-02
4.707434539507897309e-02
4.707434539507897309e-02
4.707434539507897309e-02
4.707434539507897309e-02
4.707434539507897309e-02
4.691598466217657831e-02
4.684411377929802861e-02
4.683829139724636492e-02
4.683781064461479265e-02
4.683775717369113162e-02
4.683775717369113162e-02
4.683775717369113162e-02
4.683775717369113162e-02
4.683774748289806777e-02
4.683774748289806777e-02
4.683774748289806777e-02
4.683774748289806777e-02
4.683774748289806777e-02
4.662300971775655556e-02
4.660886212593959993e-02
4.660849075754262827e-02
4.660847852511315614e-02
4.660847852511315614e-02
4.660846635903179158e-02
