2.010532930099859783e+01
2.010532930099859783e+01
1.199616311264661839e+01
1.199616311264661839e+01
1.199616311264661839e+01
1.199616311264661839e+01
1.090690866894667366e+01
1.017379855000684330e+01
3.362809270495558778e+00
1.874278360847350555e+00
6.685537851679914656e-01
6.252976014489651790e-01
5.464588383411748129e-01
4.467882215265447932e-01
3.734364843902078235e-01
3.647111743165252773e-01
3.243228259206336617e-01
3.243228259206336617e-01
2.766674401299331620e-01
2.506140964078146793e-01
2.236959951298998217e-01
2.236959951298998217e-01
2.236959951298998217e-01
2.236959951298998217e-01
2.236959951298998217e-01
2.218090663607708846e-01
2.218090663607708846e-01
2.218090663607708846e-01
2.189822728304897659e-01
2.174045466931369686e-01
2.174045466931369686e-01
2.174045466931369686e-01
2.174045466931369686e-01
2.174045466931369686e-01
2.161409671230136442e-01
1.932023073570360294e-01
1.932023073570360294e-01
1.932023073570360294e-01
1.932023073570360294e-01
1.932023073570360294e-01
1.932023073570360294e-01
1.932023073570360294e-01
1.932023073570360294e-01
1.932023073570360294e-01
1.932023073570360294e-01
1.932023073570360294e-01
1.932023073570360294e-01
1.932023073570360294e-01
1.932023073570360294e-01
1.932023073570360294e-01
1.688499324199645157e-01
1.688499324199645157e-01
1.688499324199645157e-01
1.688499324199645157e-01
1.688499324199645157e-01
1.688499324199645157e-01
1.688499324199645157e-01
1.688499324199645157e-01
1.625164000733212433e-01
1.625164000733212433e-01
1.420536305073884231e-01
1.399084437870859177e-01
1.399084437870859177e-01
1.399084437870859177e-01
1.399084437870859177e-01
1.399084437870859177e-01
1.399084437870859177e-01
1.399084437870859177e-01
1.353028483480909205e-01
1.353028483480909205e-01
1.353028483480909205e-01
1.353028483480909205e-01
1.353028483480909205e-01
1.353028483480909205e-01
1.353028483480909205e-01
1.353028483480909205e-01
1.353028483480909205e-01
1.353028483480909205e-01
1.196569833985196563e-01
1.196569833985196563e-01
1.196569833985196563e-01
1.196569833985196563e-01
1.196569833985196563e-01
1.196569833985196563e-01
1.182607583684058550e-01
1.166221078602188016e-01
1.166221078602188016e-01
1.166221078602188016e-01
1.166221078602188016e-01
1.166221078602188016e-01
1.166221078602188016e-01
1.166221078602188016e-01
1.166221078602188016e-01
1.166221078602188016e-01
1.166221078602188016e-01
1.166221078602188016e-01
1.166221078602188016e-01
1.166221078602188016e-01
1.166221078602188016e-01
1.166221078602188016e-01
1.166221078602188016e-01
1.113786904772235686e-01
1.113786904772235686e-01
1.113786904772235686e-01
1.113786904772235686e-01
1.113786904772235686e-01
1.113786904772235686e-01
1.113786904772235686e-01
1.113786904772235686e-01
1.113786904772235686e-01
1.108462707844808243e-01
1.108462707844808243e-01
1.108462707844808243e-01
1.101230425816681763e-01
1.049072676398888349e-01
1.049072676398888349e-01
1.049072676398888349e-01
1.049072676398888349e-01
1.049072676398888349e-01
1.049072676398888349e-01
1.029159383837554287e-01
1.020597804369178796e-01
1.020597804369178796e-01
1.001060092908262061e-01
1.001060092908262061e-01
1.001060092908262061e-01
1.001060092908262061e-01
1.001060092908262061e-01
1.001060092908262061e-01
1.001060092908262061e-01
1.001060092908262061e-01
1.001060092908262061e-01
1.001060092908262061e-01
1.001060092908262061e-01
1.001060092908262061e-01
1.001060092908262061e-01
1.001060092908262061e-01
1.001060092908262061e-01
1.001060092908262061e-01
9.912028134400255319e-02
9.794286590684274374e-02
9.794286590684274374e-02
9.670428285816667913e-02
9.670428285816667913e-02
9.670428285816667913e-02
9.635097928610603102e-02
9.635097928610603102e-02
9.468452894295445454e-02
9.468452894295445454e-02
9.402542112465671342e-02
9.375211281828661758e-02
9.370074193060386192e-02
9.368908424813426894e-02
9.368635180318830857e-02
9.358061845089800379e-02
9.356970605758080373e-02
9.348281585265832971e-02
9.348281585265832971e-02
9.308397633210251099e-02
9.308397633210251099e-02
9.308397633210251099e-02
9.287865844171498686e-02
9.247900276713003076e-02
9.192984723858955987e-02
9.187883895081727648e-02
9.187883895081727648e-02
9.187883895081727648e-02
9.128568889421931343e-02
9.098689235361422101e-02
9.058465029168191740e-02
9.036428487040515378e-02
9.036182534957992729e-02
9.036182534957992729e-02
9.035625055988973087e-02
9.035534663200280037e-02
9.035526207754672467e-02
9.035526207754672467e-02
9.035526207754672467e-02
9.035526207754672467e-02
9.035519373093307827e-02
9.035519373093307827e-02
9.035519373093307827e-02
9.035519373093307827e-02
9.035516575449352439e-02
9.023355078065146972e-02
9.022122444859709267e-02
9.021526157628746712e-02
9.021363955789450662e-02
9.021260886730814166e-02
9.021194684758547522e-02
9.021155570147577907e-02
9.021088375048147423e-02
9.021088375048147423e-02
9.021086117115099945e-02
9.021086117115099945e-02
9.021086117115099945e-02
9.021082231752786118e-02
9.021076668000845011e-02
9.021067232710736072e-02
9.021067232710736072e-02
