1.615216982668360757e+01
1.416793933679839235e+01
1.334881808661895519e+01
1.139913822567151769e+01
8.287999248367398764e+00
7.059237608654489904e+00
5.505806751901952900e+00
5.113822844275905055e+00
2.637357324245414247e+00
1.676625712470793506e+00
1.632562304453803126e+00
1.091838102861483417e+00
1.091838102861483417e+00
8.289578309823600888e-01
8.104329016463082125e-01
7.131062061440348598e-01
7.131062061440348598e-01
7.131062061440348598e-01
7.131062061440348598e-01
4.894787959820671164e-01
4.804201790466576250e-01
3.642540009909848719e-01
3.642540009909848719e-01
3.642540009909848719e-01
3.642540009909848719e-01
2.828150181277343522e-01
2.531030306805504004e-01
2.531030306805504004e-01
2.531030306805504004e-01
2.531030306805504004e-01
2.437932301480784936e-01
1.843297121399033733e-01
1.843297121399033733e-01
1.797956310351148390e-01
1.797956310351148390e-01
1.797956310351148390e-01
1.797956310351148390e-01
1.596925635066926974e-01
1.596925635066926974e-01
1.596925635066926974e-01
1.596925635066926974e-01
1.596925635066926974e-01
1.596925635066926974e-01
1.596925635066926974e-01
1.596925635066926974e-01
1.596925635066926974e-01
1.596925635066926974e-01
1.596925635066926974e-01
1.596925635066926974e-01
1.596925635066926974e-01
1.596925635066926974e-01
1.596925635066926974e-01
1.596925635066926974e-01
1.596925635066926974e-01
1.596925635066926974e-01
1.596925635066926974e-01
1.596925635066926974e-01
1.596925635066926974e-01
1.596925635066926974e-01
1.596925635066926974e-01
1.528677242787691293e-01
1.528677242787691293e-01
1.528677242787691293e-01
1.528677242787691293e-01
1.528677242787691293e-01
1.528677242787691293e-01
1.528677242787691293e-01
1.528677242787691293e-01
1.524607853136555613e-01
1.524607853136555613e-01
1.524607853136555613e-01
1.476917715457825020e-01
1.476917715457825020e-01
1.476917715457825020e-01
1.398124959329946349e-01
1.398124959329946349e-01
1.398124959329946349e-01
1.398124959329946349e-01
1.398124959329946349e-01
1.398124959329946349e-01
1.372551940777155255e-01
1.234298381027671282e-01
1.234298381027671282e-01
1.234298381027671282e-01
1.234298381027671282e-01
1.234298381027671282e-01
1.234298381027671282e-01
1.229882415746509083e-01
1.229882415746509083e-01
1.229882415746509083e-01
1.229882415746509083e-01
1.229882415746509083e-01
1.229882415746509083e-01
1.229882415746509083e-01
1.229882415746509083e-01
1.229882415746509083e-01
1.215683363610471635e-01
1.215683363610471635e-01
1.215683363610471635e-01
1.215683363610471635e-01
1.215683363610471635e-01
1.215683363610471635e-01
1.199767033523676391e-01
1.199767033523676391e-01
1.199767033523676391e-01
1.199767033523676391e-01
1.199767033523676391e-01
1.199767033523676391e-01
1.199767033523676391e-01
1.199767033523676391e-01
1.199767033523676391e-01
1.199767033523676391e-01
1.199767033523676391e-01
1.199767033523676391e-01
1.199767033523676391e-01
1.199767033523676391e-01
1.199767033523676391e-01
1.199767033523676391e-01
1.191486553716462338e-01
1.191486553716462338e-01
1.190552312059193762e-01
1.190552312059193762e-01
1.190552312059193762e-01
1.183379755613006845e-01
1.183379755613006845e-01
1.183379755613006845e-01
1.183379755613006845e-01
1.140765687587960292e-01
1.140765687587960292e-01
1.140765687587960292e-01
1.140765687587960292e-01
1.140765687587960292e-01
1.140765687587960292e-01
1.140765687587960292e-01
1.140765687587960292e-01
1.140765687587960292e-01
1.140765687587960292e-01
1.140765687587960292e-01
1.123765455585370027e-01
1.123765455585370027e-01
1.123765455585370027e-01
1.123765455585370027e-01
1.123765455585370027e-01
1.123765455585370027e-01
1.123765455585370027e-01
1.109870100609960386e-01
1.109809958854111323e-01
1.088507473951649540e-01
1.072701204678295633e-01
1.071368945468843537e-01
1.071238480831160494e-01
1.071001087581108652e-01
1.053857118240998925e-01
1.049311167812424783e-01
1.045736391517525232e-01
1.022110465903679349e-01
1.022110465903679349e-01
1.022110465903679349e-01
1.022110465903679349e-01
1.022110465903679349e-01
1.022110465903679349e-01
1.022110465903679349e-01
1.022110465903679349e-01
1.022110465903679349e-01
1.014610656741233158e-01
1.014610656741233158e-01
1.014610656741233158e-01
1.014573922317416194e-01
1.014573922317416194e-01
1.014573922317416194e-01
1.012540765496000306e-01
1.012540765496000306e-01
1.012540765496000306e-01
1.012540765496000306e-01
1.012540765496000306e-01
1.012540765496000306e-01
1.012540765496000306e-01
1.012540765496000306e-01
1.012540765496000306e-01
1.012540765496000306e-01
1.012540765496000306e-01
1.012540765496000306e-01
1.012540765496000306e-01
9.955448253662162184e-02
9.955448253662162184e-02
9.955448253662162184e-02
9.955448253662162184e-02
9.955448253662162184e-02
9.955448253662162184e-02
9.955448253662162184e-02
9.955448253662162184e-02
9.955448253662162184e-02
9.955448253662162184e-02
9.955448253662162184e-02
9.955448253662162184e-02
9.955448253662162184e-02
9.955448253662162184e-02
9.955448253662162184e-02
9.955448253662162184e-02
9.955448253662162184e-02
