3.655243771606312464e+01
2.851013475423630794e+01
1.294470102432459235e+01
1.294470102432459235e+01
1.160522498236695021e+01
1.160522498236695021e+01
1.103074814670385173e+01
8.533658130743724257e+00
5.566025620455620881e+00
3.770410630538342023e+00
2.455658351212731905e+00
2.229548765305313207e+00
2.229548765305313207e+00
1.764172823857031336e+00
1.654726283194894343e+00
1.249962229438108530e+00
1.038673572502414988e+00
7.622828396780241267e-01
7.622828396780241267e-01
7.162243862955548490e-01
6.389382279780753127e-01
6.389382279780753127e-01
5.290475895693231845e-01
4.397452352909964057e-01
4.397452352909964057e-01
3.761342382762603576e-01
3.761342382762603576e-01
3.757025932416552250e-01
3.421685030986796328e-01
2.479031223662155337e-01
2.479031223662155337e-01
2.479031223662155337e-01
2.479031223662155337e-01
2.388019499997934836e-01
2.388019499997934836e-01
2.388019499997934836e-01
2.153070463630688547e-01
2.153070463630688547e-01
1.852417552748853724e-01
1.852417552748853724e-01
1.852417552748853724e-01
1.852417552748853724e-01
1.734746752536527048e-01
1.573061264788964131e-01
1.573061264788964131e-01
1.573061264788964131e-01
1.573061264788964131e-01
1.573061264788964131e-01
1.573061264788964131e-01
1.573061264788964131e-01
1.573061264788964131e-01
1.573061264788964131e-01
1.573061264788964131e-01
1.573061264788964131e-01
1.499538412644405849e-01
1.499538412644405849e-01
1.499538412644405849e-01
1.499538412644405849e-01
1.499538412644405849e-01
1.499538412644405849e-01
1.422190878553860616e-01
1.422190878553860616e-01
1.422190878553860616e-01
1.422190878553860616e-01
1.422190878553860616e-01
1.422190878553860616e-01
1.422190878553860616e-01
1.422190878553860616e-01
1.422190878553860616e-01
1.422190878553860616e-01
1.422190878553860616e-01
1.422190878553860616e-01
1.422190878553860616e-01
1.422190878553860616e-01
1.340663054727427306e-01
1.340663054727427306e-01
1.340663054727427306e-01
1.340663054727427306e-01
1.340663054727427306e-01
1.340663054727427306e-01
1.340663054727427306e-01
1.340663054727427306e-01
1.339409395573400441e-01
1.319643290120910140e-01
1.319643290120910140e-01
1.319643290120910140e-01
1.319643290120910140e-01
1.319643290120910140e-01
1.319643290120910140e-01
1.176720968149400082e-01
1.176720968149400082e-01
1.176720968149400082e-01
1.176720968149400082e-01
1.176720968149400082e-01
1.088956642751378323e-01
1.088956642751378323e-01
1.088956642751378323e-01
1.088956642751378323e-01
1.088956642751378323e-01
1.088956642751378323e-01
1.088956642751378323e-01
1.088956642751378323e-01
1.088956642751378323e-01
1.088956642751378323e-01
1.088956642751378323e-01
1.088956642751378323e-01
1.088956642751378323e-01
1.088956642751378323e-01
1.080798781478977399e-01
1.080798781478977399e-01
1.080798781478977399e-01
1.080798781478977399e-01
1.080798781478977399e-01
1.080798781478977399e-01
1.002721450430466704e-01
1.002721450430466704e-01
9.705959776324975252e-02
9.705959776324975252e-02
9.705959776324975252e-02
9.705959776324975252e-02
9.629826986631812025e-02
9.629826986631812025e-02
9.629826986631812025e-02
9.607521701505206124e-02
9.436256076735696774e-02
9.293469194927728161e-02
9.292199327450613444e-02
9.292199327450613444e-02
9.263372816184943515e-02
9.263372816184943515e-02
9.263372816184943515e-02
9.263372816184943515e-02
9.133948488941306953e-02
9.005691740858892680e-02
8.605503332501071578e-02
8.605503332501071578e-02
8.605503332501071578e-02
8.605503332501071578e-02
8.559477411511950962e-02
8.290049956315875823e-02
8.014355199570515065e-02
8.014355199570515065e-02
8.014355199570515065e-02
7.757758820229229690e-02
7.757758820229229690e-02
7.757758820229229690e-02
7.757758820229229690e-02
7.757758820229229690e-02
7.757758820229229690e-02
7.757758820229229690e-02
7.757758820229229690e-02
7.345299058719373386e-02
7.345299058719373386e-02
7.345299058719373386e-02
7.345299058719373386e-02
7.345299058719373386e-02
7.345299058719373386e-02
7.345299058719373386e-02
7.345299058719373386e-02
7.345299058719373386e-02
7.345299058719373386e-02
7.345299058719373386e-02
7.345299058719373386e-02
7.345299058719373386e-02
7.345299058719373386e-02
7.345299058719373386e-02
7.345299058719373386e-02
7.313883755429603784e-02
7.313883755429603784e-02
7.287872913011388121e-02
6.903782338003297547e-02
6.889111798230439232e-02
6.889111798230439232e-02
6.889111798230439232e-02
6.889111798230439232e-02
6.889111798230439232e-02
6.889111798230439232e-02
6.889111798230439232e-02
6.889111798230439232e-02
6.878442733024453526e-02
6.866527658650892207e-02
6.866203653362028259e-02
6.866077708191124784e-02
6.866077708191124784e-02
6.866077708191124784e-02
6.866077708191124784e-02
6.866077708191124784e-02
6.866077708191124784e-02
6.866077708191124784e-02
6.866077708191124784e-02
6.866077708191124784e-02
6.866026895304977451e-02
6.767645946374589716e-02
6.758849013090603708e-02
6.758849013090603708e-02
6.758849013090603708e-02
6.757086345129986737e-02
6.756943396665941737e-02
6.756943396665941737e-02
6.756943396665941737e-02
