9.280733801664570848e+00
9.280733801664570848e+00
8.182311717298613729e+00
8.182311717298613729e+00
8.182311717298613729e+00
8.099219331501316788e+00
8.099219331501316788e+00
4.083512588962017631e+00
3.186402144813968551e+00
2.094697093513397057e+00
2.094697093513397057e+00
1.497424034445317798e+00
9.808678873040304058e-01
9.808678873040304058e-01
6.959846114893418756e-01
6.350723846112246163e-01
5.514123905925357727e-01
5.155436506210164804e-01
5.155436506210164804e-01
5.155436506210164804e-01
5.155436506210164804e-01
4.929403007184015584e-01
4.929403007184015584e-01
4.929403007184015584e-01
4.929403007184015584e-01
4.909149918639395538e-01
4.870198296559452023e-01
4.738855323477174086e-01
4.117945251764460468e-01
4.117945251764460468e-01
4.117945251764460468e-01
3.919999555374903966e-01
3.919999555374903966e-01
3.919999555374903966e-01
3.919999555374903966e-01
3.919999555374903966e-01
3.919999555374903966e-01
3.919999555374903966e-01
3.899224384986291203e-01
3.617016994202894575e-01
3.601724691480058249e-01
3.092916052792855086e-01
2.868516030088043567e-01
2.868516030088043567e-01
2.037114991444332612e-01
1.675284828322296249e-01
1.675284828322296249e-01
1.675284828322296249e-01
1.675284828322296249e-01
1.675284828322296249e-01
1.675284828322296249e-01
1.675284828322296249e-01
1.675284828322296249e-01
1.675284828322296249e-01
1.675284828322296249e-01
1.675284828322296249e-01
1.380193562363314919e-01
1.379681831927993263e-01
1.379681831927993263e-01
1.379681831927993263e-01
1.379681831927993263e-01
1.379681831927993263e-01
1.379681831927993263e-01
1.368383933792156615e-01
1.218860137848682273e-01
1.211027068891391556e-01
1.211027068891391556e-01
1.211027068891391556e-01
1.211027068891391556e-01
9.807495289730119858e-02
9.807495289730119858e-02
9.807495289730119858e-02
9.807495289730119858e-02
9.807495289730119858e-02
8.527283988543996052e-02
8.527283988543996052e-02
8.527283988543996052e-02
7.443736721514891685e-02
7.443736721514891685e-02
7.443736721514891685e-02
7.443736721514891685e-02
7.443736721514891685e-02
7.443736721514891685e-02
7.443736721514891685e-02
7.443736721514891685e-02
7.443736721514891685e-02
6.927442401363154145e-02
6.927442401363154145e-02
6.927442401363154145e-02
6.927442401363154145e-02
6.490233021593999618e-02
6.490233021593999618e-02
6.490233021593999618e-02
6.490233021593999618e-02
6.490233021593999618e-02
6.490233021593999618e-02
6.490233021593999618e-02
6.490233021593999618e-02
6.490233021593999618e-02
6.490233021593999618e-02
6.458196749171579709e-02
6.458196749171579709e-02
6.458196749171579709e-02
6.458196749171579709e-02
6.458196749171579709e-02
6.458196749171579709e-02
6.458196749171579709e-02
6.248583840530629041e-02
6.248583840530629041e-02
5.852427037985440117e-02
5.852427037985440117e-02
5.852427037985440117e-02
5.852427037985440117e-02
5.852427037985440117e-02
5.852427037985440117e-02
5.832476635782817692e-02
5.832476635782817692e-02
5.577486701317659057e-02
5.577486701317659057e-02
5.577486701317659057e-02
5.577486701317659057e-02
5.577486701317659057e-02
5.418791094064509539e-02
5.418791094064509539e-02
5.418791094064509539e-02
5.418791094064509539e-02
5.418791094064509539e-02
5.418791094064509539e-02
5.418791094064509539e-02
5.418791094064509539e-02
5.418791094064509539e-02
5.418791094064509539e-02
5.418791094064509539e-02
5.418791094064509539e-02
5.418791094064509539e-02
5.402809000515992888e-02
5.402809000515992888e-02
5.402809000515992888e-02
5.402809000515992888e-02
5.402809000515992888e-02
5.290207197474951217e-02
5.290207197474951217e-02
5.290207197474951217e-02
5.290207197474951217e-02
5.290207197474951217e-02
5.290207197474951217e-02
5.290207197474951217e-02
5.290207197474951217e-02
5.290207197474951217e-02
5.290207197474951217e-02
5.290207197474951217e-02
5.290207197474951217e-02
5.245271363544549287e-02
5.245271363544549287e-02
5.245271363544549287e-02
5.150643706440970887e-02
5.150643706440970887e-02
5.081838916099205156e-02
5.081838916099205156e-02
5.081838916099205156e-02
5.081838916099205156e-02
5.081838916099205156e-02
5.081838916099205156e-02
5.081838916099205156e-02
4.967126152704608860e-02
4.944284890858604425e-02
4.944284890858604425e-02
4.944284890858604425e-02
4.944284890858604425e-02
4.944284890858604425e-02
4.944284890858604425e-02
4.944284890858604425e-02
4.943527597192962086e-02
4.943527597192962086e-02
4.939625061463952943e-02
4.939450974367261965e-02
4.939450974367261965e-02
4.939450974367261965e-02
4.939450974367261965e-02
4.939450974367261965e-02
4.939425444351797784e-02
4.939423848103795256e-02
4.935292001816642127e-02
4.889824074678437299e-02
4.889824074678437299e-02
4.889824074678437299e-02
4.889824074678437299e-02
4.889824074678437299e-02
4.889824074678437299e-02
4.837198667452044520e-02
4.836392490399252925e-02
4.836392490399252925e-02
4.835192085942895124e-02
4.814702622935533582e-02
4.814626414737130378e-02
4.814626012028726254e-02
4.814258572494267002e-02
4.814220743126472468e-02
4.814220743126472468e-02
4.813993843443941517e-02
