-6.354644962676337272e+00
-2.337280090340642769e+00
-4.871804632803984347e+00
-6.920495435665507955e+00
-3.422924518081602141e+00
-7.998654443074321163e-03
-5.731542033956459115e+00
-3.745003611624960538e+00
2.506616412534807825e-01
-5.570314489985439543e+00
-3.171212272997903536e+00
-5.948393974346823043e+00
-2.549936869335192924e+00
-1.452569487277463933e+00
-3.093731801042604257e+00
-1.637885591991168122e+00
-1.429789008342634338e+00
-4.301029995663981254e+00
-2.179215327176788453e+00
-8.597843980046120382e-01
-6.942104788305103469e+00
-2.652639590406371983e+00
-8.538163952396539358e+00
-4.468518107910229631e+00
-2.286970643204886411e-01
-5.868211513345984898e+00
-2.995774106162670147e+00
-5.106522441971758752e+00
-3.579976172045579830e+00
-5.733172711702893665e+00
-2.060430326333573703e+00
-9.451359852064377121e-01
-6.278021533563698853e+00
-3.119343131277004133e+00
-1.744398937907259750e+00
-5.792853878969777881e+00
-2.668760089278847669e+00
2.957283949451873228e-01
-6.303981580520152228e+00
-2.284888138657149792e+00
3.609499229270575205e-01
-7.757944447275230360e+00
-2.032690500654106280e+00
-5.094171968376990378e-01
-1.221778048839096797e+00
-3.870070687532572329e+00
-6.178315883936678077e+00
-3.294535016921090076e+00
1.260591227497558919e-01
-5.942880066557071572e+00
-4.802478398711388152e+00
-9.431940496009608710e-01
-7.728776596987096070e+00
-2.735085985529297048e+00
9.573184858653063234e-01
-5.230810850925074362e+00
9.519665430845297704e-02
-5.601543339932026910e+00
-8.531691446006959278e-01
-4.111907713234098871e+00
-3.884523147133775112e+00
-6.796844348405956637e+00
-1.866166529864192736e+00
-5.795297423916092150e+00
-1.108723829178272613e+00
-5.098796822613448576e+00
-3.099701945411004744e-01
-3.954871689753081565e+00
-2.765778462661251602e+00
-3.661585132335428483e+00
-2.844011564826001148e+00
-4.079955946303861047e+00
-2.810383705240524943e+00
-3.627208838515023182e+00
-3.793110097920323831e+00
-3.893015684597554760e+00
-3.609355035213929863e+00
-4.378192515180556299e+00
-3.438818108769118975e+00
-4.399170144278467198e+00
-2.572719966122933855e+00
1.543531948302825363e+00
-4.090031151607895765e+00
-2.128745206165432169e+00
3.502329805984952804e-01
-4.781727952811984927e+00
-1.945404162324096298e+00
8.849301094972109594e-01
-4.652862410840339358e+00
-2.807692720067410885e+00
1.043033942915200241e+00
