-7.224049356706577996e+00
-2.846033373998825500e+00
-4.813843576114610556e+00
-6.315771083720054691e+00
-3.122248957777105538e+00
9.509680604983464236e-02
-6.558898183486167710e+00
-2.956696822505619604e+00
-7.907855304964547249e-01
-5.268715426470940599e+00
-2.672762854527030552e+00
-6.031553047853439153e+00
-2.434641131844285766e+00
-7.846569106154011042e-01
-2.276880276101501455e+00
-2.723288834105079381e+00
-2.607329564113439524e+00
-6.129608086532189581e+00
-2.482989962378681970e+00
-5.148250422662010717e-01
-8.265099636917378589e+00
-2.208711333609776339e+00
-9.543495743787518748e+00
-3.024226481904031427e+00
5.737203662799016113e-02
-5.628269230684757929e+00
-4.246377706749120406e+00
-5.076594062116874362e+00
-2.960989110056634122e+00
-7.322763705273299450e+00
-3.053750549672550996e+00
1.649462752489908035e-01
-6.592447862467416542e+00
-3.942563810966201121e+00
-4.445440676043642680e-01
-5.630352998292400102e+00
-3.051679763881263163e+00
3.058604468608215887e-01
-4.875939024453249004e+00
-2.247181955819132604e+00
2.679526696570036504e-02
-7.703800482963938379e+00
-3.322862707042770314e+00
2.749273911972799356e-01
-1.678708322744500991e+00
-3.347344784095511283e+00
-6.288034596958995692e+00
-2.705593897243747659e+00
-3.262465148376781920e-01
-6.933926957744020569e+00
-3.228055419140948956e+00
1.046573047885569763e-01
-7.455970584161008219e+00
-3.111103020186047452e+00
-3.642405446869857455e-01
-5.604846837398166137e+00
-1.064376750371342079e-01
-5.010713584954618938e+00
-2.920164104404858296e+00
-5.549250120513687712e+00
-1.004366302094786390e+00
-6.474795900558000916e+00
-1.715256509413079611e+00
-7.333068544635687580e+00
-2.475371701739565999e+00
-6.292819556440020889e+00
-2.570918793689711102e+00
-2.265479092513234427e+00
-3.891940955123670332e+00
-4.415547942025175310e+00
-2.804966433524550773e+00
-3.113058583727567719e+00
-3.246008411435383767e+00
-3.150668214123702793e+00
-2.831397408314503483e+00
-4.431474163570002567e+00
-3.789241111107844784e+00
-3.753722298379823297e+00
-2.523641395489764960e+00
-4.443867581255434906e+00
-3.094996902073374745e+00
1.817636433363139237e-01
-4.187033328458743320e+00
-1.825996549904844279e+00
1.584226844111868093e+00
-3.685326667820793656e+00
-2.926308403180310602e+00
1.320899404349545891e+00
-5.476784050214065225e+00
-2.611025441209808839e+00
1.503696930904558915e+00
