-6.163307171019334341e+00
-2.825512908017906000e+00
-5.857638832003143392e+00
-6.176933713824219296e+00
-3.005708661157756811e+00
-3.754970943726745891e-01
-5.801891195097801379e+00
-3.382933482924016300e+00
-4.028707864137679451e-01
-5.949618255997036087e+00
-2.803432205577996772e+00
-6.657248949109518144e+00
-1.863791023951907544e+00
-9.269766338239258108e-01
-2.390701365767716524e+00
-2.575143245035374839e+00
-1.121581965606736064e+00
-6.454525146513453215e+00
-1.658754782716033382e+00
-3.114281204546164861e-01
-7.472614836443161046e+00
-3.492588742348154973e+00
-7.679786474678881092e+00
-2.838360730447640812e+00
4.867599634528524399e-01
-6.556972225676490851e+00
-2.876183436028517448e+00
-5.221918844605506038e+00
-1.974492214917140442e+00
-6.943647749077140219e+00
-1.530064303861143893e+00
1.092344269264176715e+00
-6.758487164430387217e+00
-1.998475650104379220e+00
-1.960867560640734863e+00
-6.041955310705488635e+00
-8.311237191111352507e-01
6.544312489369743524e-01
-6.408521427430248885e+00
-2.511354949231543454e+00
1.118980216678000517e+00
-7.793763959112276929e+00
-3.242276197835425311e+00
2.244426774876816244e-01
-1.130221822156199707e+00
-3.134946361453892827e+00
-6.267987536897503986e+00
-2.877403448782698270e+00
-5.625315263061959614e-01
-6.630700572056896114e+00
-2.750126942687348031e+00
-3.852883879233136577e-01
-8.449855494665143851e+00
-3.357004001697379003e+00
-1.961599307035908069e-01
-6.038833938982810956e+00
-1.426700409643899992e+00
-4.830546324183480955e+00
-2.441400144823066665e+00
-6.163579912750742018e+00
-1.146911640758852879e+00
-6.071457634513223844e+00
-1.705358599022986921e+00
-6.787465618917044807e+00
-1.435413735401108726e+00
-5.782578354437086787e+00
-1.371403279287188415e+00
-4.402634185971685987e+00
-2.468155107807309623e+00
-3.080788464358114709e+00
-3.433453056059160069e+00
-4.556709016092360898e+00
-2.549188892074205182e+00
-4.805478883428317083e+00
-2.549412193247132308e+00
-3.551691507063397424e+00
-3.455806305730403594e+00
-3.285813847093291162e+00
-3.070942170400361881e+00
-3.275390373579020853e+00
-3.235910240700563101e+00
-4.533147617685773234e-02
-4.667940075988717297e+00
-3.489798860935940272e+00
4.271768682334964873e-01
-4.307857684776737806e+00
-3.013557967403225568e+00
-3.314150735377929813e-02
-4.964105612014938274e+00
-3.973779729356726076e+00
7.096102024392070273e-01
