-5.522649292207874261e+00
-1.997587470369228457e+00
-4.515205285005674085e+00
-7.031912866883651247e+00
-2.436896396369417239e+00
1.597054740790684324e-01
-6.210371578534538806e+00
-3.815776372448639542e+00
9.802525407540522151e-01
-6.795153445625429889e+00
-2.802590790072085447e+00
-5.954835926362338050e+00
-1.939585868422075698e+00
-1.393941752030381620e+00
-2.964331139610258070e+00
-1.646579689154290316e+00
-1.004926955240976305e+00
-6.891775989121614820e+00
-3.036007182136462923e+00
4.053082315419966886e-01
-7.333444301564880696e+00
-2.463558580543160126e+00
-7.176165965887414622e+00
-3.389740388694260531e+00
6.135853767192064323e-01
-5.463476338905891794e+00
-2.828894708797525581e+00
-5.029466416341595192e+00
-3.441255492339075683e+00
-6.794291626607783741e+00
-3.252236913905905524e+00
-1.144289492519845020e+00
-6.271153640094869530e+00
-2.946168488854042700e+00
-1.005135865091051128e+00
-6.161581449253110243e+00
-8.500135241516747486e-01
2.800956903517509700e-01
-6.441896190302546898e+00
-3.214132170597358673e+00
-3.223576328446239869e-02
-7.471122674296236887e+00
-3.134754637147817213e+00
5.891655093744587735e-01
-9.771657950905546786e-01
-2.923932416539992918e+00
-7.630069947491088023e+00
-3.378444974921991584e+00
9.809270814520030246e-01
-7.876136856195930847e+00
-2.842900274222584400e+00
2.858149423182904103e-01
-6.393755026223086446e+00
-3.443987725478302675e+00
6.190265041250917477e-01
-5.970758710270848368e+00
-1.625545851824133026e+00
-4.199263589735223512e+00
-2.561753960346218051e+00
-6.795539305167699773e+00
-1.252971243298091064e+00
-6.057265738637782171e+00
-1.546962336479604128e+00
-4.905761242142933298e+00
-2.689980002182654761e+00
-5.460638456776472083e+00
-1.289983098831507968e+00
-5.192933598203591572e+00
-2.055988368886716877e+00
-2.279450803294786443e+00
-3.162772204732991810e+00
-3.593816224872425025e+00
-2.948613855826017982e+00
-3.443896908829741310e+00
-3.817937045199869761e+00
-4.396330239083583891e+00
-3.733413086963538685e+00
-2.710478697338080778e+00
-1.488804913177590672e+00
-4.313368897817385417e+00
-2.459569530080468525e+00
1.398699528152052896e+00
-4.696242720243693825e+00
-3.251669905223502965e+00
7.652164743507073874e-01
-2.788447788614826006e+00
-2.480716225273009279e+00
3.478549621714516205e-02
-4.319914025702593641e+00
-3.259926559614534369e+00
7.119963468146586205e-01
