-6.624348946422520257e+00
-2.181996653331133462e+00
-5.402616162152251711e+00
-5.096755892015650602e+00
-3.564747678213660009e+00
-7.074990623929227063e-01
-6.192300738565430507e+00
-2.616414273432569271e+00
-9.874864817508936105e-03
-6.149877323216678349e+00
-2.127949316561364324e+00
-4.875408806041134469e+00
-1.722861781857689900e+00
-1.516305493799014581e+00
-2.892038798142224643e+00
-1.323507526495998787e+00
-1.543538336749639361e+00
-7.080367622369411862e+00
-3.043557941801207534e+00
7.948835462437164878e-01
-6.428778542152261188e+00
-3.141631288517275689e+00
-7.297141482397062617e+00
-3.271310878491207053e+00
4.752125653112147519e-01
-5.023097708635278380e+00
-3.304308162056230458e+00
-5.901781683917692867e+00
-2.148255379620979788e+00
-6.943467127243893700e+00
-2.450037798836337544e+00
5.978600111734689859e-01
-6.327355448272244054e+00
-3.966415042151916204e+00
-3.487217634769234076e-01
-5.679846358008443730e+00
-1.748004734301905838e+00
-1.620661916116242218e-01
-5.815700550212783426e+00
-2.872496871025290499e+00
-3.255368814502950237e-01
-7.476713919429878175e+00
-2.819863834693684623e+00
-1.708322223235901050e-01
-1.890448276342054257e+00
-2.757055624230759339e+00
-5.977894181856652445e+00
-4.257170111731348960e+00
-4.021133407103376634e-01
-6.545936496495691870e+00
-3.616854318331547802e+00
-4.505287246063759965e-01
-7.980576497140055459e+00
-3.292236299621997819e+00
-3.535250993692014565e-01
-6.804050369551592148e+00
-3.297428954824911385e-01
-4.958447905675194889e+00
-3.084867106664936909e+00
-7.275009240195561055e+00
-2.901300477663717459e+00
-7.169246897068153324e+00
-1.186994132454253670e+00
-7.050724787100877577e+00
-2.679773098888586613e+00
-5.961082119446976968e+00
-2.960668545928908379e-01
-2.930847894670491449e+00
-2.472431480613912935e+00
-3.614329066816690972e+00
-2.554313950183225490e+00
-4.328957675673632544e+00
-3.508533464520086742e+00
-3.123844415389430029e+00
-2.096069187779301402e+00
-4.340003908590455595e+00
-1.881219275720236839e+00
-3.496444534204247834e+00
-3.166858461088794652e+00
-2.959908043464514638e+00
-3.542309212807544405e+00
4.182575981813727584e-01
-4.383654846715282716e+00
-3.617991832766692895e+00
1.890330210448270876e+00
-4.571691658352070142e+00
-2.565806180480638687e+00
1.075633799219608777e+00
-5.283291640244037524e+00
-3.264856987893948403e+00
8.533739534653274061e-01
