-6.294275489845869487e+00
-3.490417630543864114e+00
-5.476667470730337328e+00
-5.067316866013211296e+00
-3.157328130812964151e+00
-6.018498124622493339e-01
-6.520580572019479604e+00
-2.257585316051333280e+00
9.414008906074006200e-01
-4.924130817560355311e+00
-2.773825985537984984e+00
-5.533759714280047426e+00
-3.646546224999748453e+00
-1.447161700359554271e+00
-2.617263361312366143e+00
-5.198121506855958307e-01
-1.253397394705262347e+00
-7.110354070609812283e+00
-2.764760067996020254e+00
-3.520602495686719902e-01
-7.201054651337384094e+00
-2.686988637894253351e+00
-7.573003177358834215e+00
-3.058319394396376456e+00
-1.649807485108567562e+00
-5.715057801231296253e+00
-2.574100160444491081e+00
-4.797635308246560371e+00
-3.453947126489527175e+00
-7.029703238671330290e+00
-2.922961275287605964e+00
-4.995801697733066593e-01
-6.085250283833313567e+00
-2.467025700881840145e+00
-7.072832414600647155e-01
-5.724396957040921663e+00
-2.873338019451563863e+00
-5.005157140680167593e-01
-6.190386656456387193e+00
-3.201855020833316967e+00
-2.408162802716702633e-01
-7.086165689869980078e+00
-2.913856737699639599e+00
-5.255812766107891276e-01
-9.124943912571753524e-01
-1.798513778252841089e+00
-7.780888202985411617e+00
-2.811444149851655805e+00
-4.015221717507498900e-01
-6.458879479317563010e+00
-2.620613631422276768e+00
-6.402147817278581732e-01
-8.561112723408010439e+00
-3.682170303599828554e+00
-1.480291469611917377e-01
-6.669448542430568061e+00
-8.086119890743530547e-01
-6.169671828915543443e+00
-2.823394916846063030e+00
-6.718546527070186514e+00
-1.275738244552391043e+00
-6.279477011710134171e+00
-1.939955545468976972e+00
-6.282929658902725478e+00
-2.813768848979171011e+00
-6.821348361069913047e+00
-1.486806889895798456e+00
-3.179908991800024953e+00
-3.321408003474684012e+00
-4.501290350358408965e+00
-3.026375996767524335e+00
-4.155191144650250301e+00
-3.146936064583023107e+00
-3.312752560490382692e+00
-3.890618546684354140e+00
-4.058351505564917971e+00
-1.972262768911542619e+00
-3.543986274093351874e+00
-3.064521464369279968e+00
-2.869193057873007824e+00
-3.265112503998241600e+00
-1.170147254436147144e-01
-4.573377412335702275e+00
-3.392089980943861605e+00
8.553530574395858954e-01
-4.639724138814924181e+00
-3.793764795835882442e+00
-2.399780256384506372e-01
-5.647026182342176348e+00
-2.230951517129705408e+00
1.778086921452362690e+00
