-6.469461911409863042e+00
-2.231636352538773238e+00
-6.158049916015160719e+00
-5.289037756672414936e+00
-3.771220396495585270e+00
-9.508709034700255636e-01
-5.164225006288837960e+00
-2.669297585230235637e+00
-8.971600853453646218e-01
-5.144503930629357846e+00
-4.033348582564777018e+00
-7.269328895387171308e+00
-3.359339661570646118e+00
-1.168221375749360247e+00
-3.094296756585757979e+00
-1.337045420083889935e+00
-1.926437843625056878e+00
-7.056534381382515875e+00
-2.963566891016758742e+00
-1.428283332383075921e+00
-8.345910524856130053e+00
-2.280249169820619315e+00
-9.231347717532885966e+00
-3.495888756854795165e+00
-6.197791079308039297e-01
-5.694348413059330483e+00
-2.015693802563021553e+00
-5.655891688247702831e+00
-3.763691797163831509e+00
-5.909194663541747161e+00
-1.635936488967162150e+00
6.682427264779935427e-01
-5.300705636635616891e+00
-1.767586325979107142e+00
-2.963858810799243848e+00
-5.371688556931775160e+00
-1.633071755620024490e+00
3.462949097002611110e-01
-4.919955983632820384e+00
-2.041809454077338160e+00
5.887796470228123802e-02
-8.913261163829837130e+00
-4.243975202522615398e+00
-1.028153678968186657e+00
2.388474699522635802e-02
-4.401503386584788124e+00
-8.716220456178403353e+00
-2.468760783129956060e+00
1.466288639347201439e+00
-5.638014856268961594e+00
-2.556861156295362481e+00
-1.556071765162334808e+00
-6.555596699666142335e+00
-4.613334658138181332e+00
-5.330713694540516467e-01
-6.798310913388458943e+00
-1.466293040555125327e+00
-4.682466601075049972e+00
-2.044173877658694405e+00
-5.122741161606702676e+00
-7.114215220249348048e-01
-6.277543987818954285e+00
-9.055911802261870092e-01
-4.415615446821555601e+00
-3.159025853892308611e+00
-5.583913087079223736e+00
-1.703574432861526322e+00
-4.185703925890952526e+00
-3.419829850777802438e+00
-2.412345923074104892e+00
-3.180833156604998990e+00
-3.860770997817465577e+00
-3.856757663371372491e+00
-3.312531978938257016e+00
-2.007245180673992824e+00
-2.703618056399323066e+00
-2.712540753538674743e+00
-3.158340494218310646e+00
-1.627783079987973336e+00
-3.429188759687458621e+00
-1.000000000000000000e+00
2.812620098541167291e-02
-3.690087285929370076e+00
-3.346109728496809321e+00
7.020579149545298492e-01
-3.493749339264488718e+00
-2.069612749147499819e+00
-6.869824760761870097e-01
-5.145566979336781976e+00
-2.499922648761429667e+00
1.121691363453520163e+00
