-6.864145453021061272e+00
-2.145097877125572872e+00
-5.077651346324242532e+00
-6.205934700070319110e+00
-2.048449537778920249e+00
1.085684165475320651e+00
-5.581415650477156376e+00
-3.328650300323691358e+00
5.699718483956044413e-01
-5.504185009018051744e+00
-3.583930349335386456e+00
-6.743913954985128356e+00
-4.244481017106115139e+00
-1.208917134378714842e+00
-1.996244292703882595e+00
-2.066189289705497423e+00
-2.992757764966281986e+00
-4.999301814746259787e+00
-2.486255270925649352e+00
-5.871465019191461909e-01
-7.008156891262223631e+00
-4.444375545455133469e+00
-8.616322077416263880e+00
-3.987205300544872433e+00
2.815942744288044142e-01
-5.797637462951877652e+00
-2.010110908790717854e+00
-4.686517462219589092e+00
-2.746188799384787327e+00
-5.874543057921478351e+00
-1.927642955544938141e+00
-2.754248725032079070e-01
-6.066900381176275836e+00
-2.828152784512012907e+00
3.658148649358552440e-01
-5.858598728047438087e+00
-9.952564622813010464e-01
4.120548718634505780e-01
-6.133118695322232306e+00
-1.767261024982637929e+00
1.514877315313976069e-01
-7.960635559540614636e+00
-1.734008438963533960e+00
-1.300870752557136412e-01
-1.737747155442451064e+00
-3.337992564404571372e+00
-7.396269968497737324e+00
-3.203804097404435502e+00
6.714848719468223814e-01
-8.000306204303591073e+00
-4.154284742723227453e+00
3.935397553677009164e-01
-6.157721551583242636e+00
-3.961198184567463532e+00
-1.845305557467432078e-01
-6.145695370333472241e+00
1.382900714069918158e-01
-4.000000000000000000e+00
-3.587080879924533505e+00
-6.885624308663849114e+00
-6.427346762339780639e-01
-5.746990943440696498e+00
-2.416938309950699360e+00
-5.847599725509019741e+00
-2.348602109947988126e+00
-6.935699626726090194e+00
-2.583477699620225554e+00
-4.583340535696750706e+00
-4.036647058182039949e+00
-4.594093874215463558e+00
-2.232443378815011314e+00
-3.728164103439012500e+00
-3.393588105319616410e+00
-5.070102140618793385e+00
-1.727854498266504724e+00
-3.899271815738028391e+00
-3.313192742290227866e+00
-5.015005490838933433e+00
-2.748470290027184237e+00
-4.357741489826902459e+00
-3.026518610764341144e+00
2.303460725467469494e+00
-3.356348326858645592e+00
-3.865050546181366897e+00
2.427022192642826204e-01
-3.894918923147601131e+00
-4.081046509261142319e+00
1.544523668799858473e+00
-4.822541495042307780e+00
-4.286924981556124337e+00
8.729796831755681774e-01
