-7.860066580943375847e+00
-3.556612010172225169e+00
-5.276703798584766680e+00
-5.378156546516621894e+00
-1.774436178990394408e+00
-1.203041877756410444e-01
-6.180522834025094170e+00
-2.172330747133380147e+00
6.673195982579088747e-01
-7.431216205638081718e+00
-2.241183669292336145e+00
-6.575548056588072399e+00
-3.700529313180701774e+00
-1.218886552806065060e+00
-3.045642426527827684e+00
-1.721145010204001569e+00
-2.899475911900464276e+00
-6.537085091328351361e+00
-2.298016305251169733e+00
-6.742124188029809118e-02
-7.252731962590743819e+00
-2.725587386434542569e+00
-7.909325009938218187e+00
-3.673147158391111500e+00
5.822037146558800558e-01
-4.950796567097225598e+00
-2.020355844716689386e+00
-5.691335243903170138e+00
-2.902722719473555646e+00
-6.899652268821672152e+00
-3.413981879279144316e+00
-8.394900792155818303e-01
-6.760021441891954197e+00
-3.233198882281053788e+00
-2.153417002460693119e+00
-5.858777463639936123e+00
-1.521764265509820691e+00
4.775920619562544767e-01
-6.278262703674291068e+00
-2.750669213924381129e+00
-1.102250015906703240e+00
-7.386850979175942022e+00
-2.939618996485821700e+00
-1.692821499890543313e-01
-5.101577220070638852e-01
-4.006577820604643847e+00
-6.442782869964871928e+00
-3.710976233374702726e+00
1.707119483664387705e-01
-5.512207325874334707e+00
-3.663192997618485602e+00
-3.260452473009834429e-01
-6.528033466104301574e+00
-3.670692837840891620e+00
1.530119769697946719e+00
-5.282330134508766761e+00
-4.238516030252373890e-01
-5.420460550042871084e+00
-4.497129734267252266e-01
-4.095561505135533409e+00
-3.919187822153535450e+00
-5.896869459839551908e+00
-1.977471833025187697e+00
-5.938525833563736533e+00
-1.217446613078513318e+00
-6.709713750940132115e+00
-1.123131154187041902e+00
-4.509423689016999859e+00
-2.336969110284102147e+00
-3.844566248660427732e+00
-2.714423137703744882e+00
-4.297429906341518446e+00
-2.814539540935110828e+00
-2.881582749890728046e+00
-2.685275147995396683e+00
-3.301908520994510710e+00
-2.761822198210078572e+00
-3.612510715258312466e+00
-2.436595203668077581e+00
-5.009682116761053017e+00
-3.783155803324266930e+00
1.613972765360325745e+00
-3.732884064191955620e+00
-2.477391946612368390e+00
1.192119510964823936e+00
-4.851773403963419717e+00
-2.342190373863564989e+00
-2.605430482829981798e-01
-5.189450830810769411e+00
-2.932839446374219783e+00
4.518446798997577396e-01
