-6.095778066730860090e+00
-3.063928486519745586e+00
-5.298910901209476165e+00
-6.826054128495773199e+00
-4.203256646244897254e+00
2.392739309473004838e-02
-5.576395869606917799e+00
-3.240808740906216290e+00
-6.696734083537386750e-01
-5.679426484842945655e+00
-2.510021699920032212e+00
-6.067558493603053549e+00
-3.637771803093809542e+00
-1.105576386398742450e+00
-1.667837768840380930e+00
-3.913726062324351940e-01
-3.826262525933616043e+00
-6.532923361465610590e+00
-3.406408173552928798e+00
-6.196119288302390782e-01
-7.654214597414173760e+00
-4.099382072017085044e+00
-7.019138259638736166e+00
-3.577697349633426338e+00
-1.859494637276864204e-01
-4.976803742919521767e+00
-3.557053828959553243e+00
-5.486826293575132851e+00
-2.411360333005668100e+00
-7.032848213594337317e+00
-2.332999361875477184e+00
-1.526467677712862292e+00
-6.446359330083325290e+00
-1.636796704463833851e+00
-1.136623438248686169e+00
-5.764456674257384172e+00
-1.926109499875013231e+00
-2.322176837917862557e-01
-6.704887628770225483e+00
-4.021403867267881793e+00
5.090958430267412682e-01
-7.382864386082991892e+00
-2.020424465686081028e+00
-4.745368931355739006e-01
-6.217985293335155372e-01
-2.290940214434982636e+00
-6.324716213411389454e+00
-3.043691611560710886e+00
-3.926540399517554070e-01
-8.253985903276703340e+00
-4.116886872635086903e+00
-8.493305893934924855e-01
-5.972793625914160742e+00
-2.462211224909660601e+00
6.634074342935381008e-01
-6.419188582430623846e+00
-2.074006659383658580e+00
-5.811570797788935927e+00
-2.505252936012693166e+00
-5.342382859310837340e+00
-2.546014691437487265e+00
-6.585635624859832227e+00
-7.091829816357362315e-01
-5.772105084213161597e+00
-1.425951833941432323e+00
-5.240646381974340962e+00
-1.548229721688097138e+00
-3.810724115977413451e+00
-1.614608549505887947e+00
-4.276572568916159334e+00
-2.944922566228283412e+00
-3.737839208917904443e+00
-3.285236070549885312e+00
-3.061125239758717420e+00
-4.135768927149589658e+00
-3.521536202868804644e+00
-3.699773368604047263e+00
-5.263737283257528432e+00
-3.858728658223016250e+00
-4.315000635331672107e+00
-2.914606635358750086e+00
3.964264630566846082e-01
-5.021264130793626101e+00
-3.563031212023703098e+00
2.604243485470458808e+00
-3.304012779290218749e+00
-2.850155251406657264e+00
-5.739272318314794230e-01
-4.944914993930336067e+00
-3.729814129488465024e+00
1.079706608607112095e+00
