-5.980508241146383241e+00
-1.897403373128927040e+00
-5.041761296970546091e+00
-6.468839043408532774e+00
-3.905646862609039260e+00
5.512873644686298036e-01
-6.242547723091374401e+00
-3.157075962256915780e+00
1.179151948774298519e-01
-5.645063449296610081e+00
-2.090028250477678817e+00
-5.719905151914293384e+00
-2.401119316766326506e+00
-1.419150405255617420e+00
-2.060881775973451902e+00
-2.411340839394464197e+00
-2.853403260992871004e+00
-5.410795167294725871e+00
-2.318491311856911707e+00
-1.224052795066100652e+00
-7.845144182019107681e+00
-2.653579369480728811e+00
-7.182524242373576229e+00
-3.074708183922737259e+00
-4.314075356381635307e-01
-5.206798141237494626e+00
-2.494761534345531384e+00
-4.981070300197249168e+00
-1.964623454563430682e+00
-6.527038131413251065e+00
-3.436516624825925792e+00
-5.124316684467795646e-01
-6.127503432175439357e+00
-3.644836792364037681e+00
-7.451586444268899490e-01
-5.504077527698554739e+00
-2.290319304913873477e+00
1.585741147951990615e-01
-5.441990807023589838e+00
-2.438748208321494193e+00
-7.953604007627902428e-01
-7.612150811059083644e+00
-1.844325543392015598e+00
-3.865240994630995131e-01
-1.382268465926029144e+00
-3.269896813075946262e+00
-6.164163005747269608e+00
-3.126553620204014283e+00
-2.133843305040089289e-01
-5.882163919018960740e+00
-2.238508172993703305e+00
2.175723324017561633e-02
-8.483099444387047328e+00
-2.577742815252814790e+00
6.904790460049672340e-01
-4.149314871398162907e+00
-3.180456064458131227e+00
-6.732408965677652013e+00
-9.529464718405478152e-01
-6.458992859304114376e+00
-1.404497428715219431e+00
-5.936633446882198406e+00
-2.854114617213840965e+00
-6.248027719655227408e+00
-3.062624196974497170e+00
-6.434819866485259610e+00
-1.384871289243710279e+00
-3.915551208260240834e+00
-2.937434687360365171e+00
-3.593953195391753397e+00
-3.658095428413417949e+00
-4.195303012889471717e+00
-2.068406084595105554e+00
-3.973423886633812074e+00
-2.887283109036697493e+00
-4.200639277468432908e+00
-2.551618386409897354e+00
-3.649546581750552576e+00
-3.392706194918852169e+00
-5.261496655922812238e+00
-2.156138892266033835e+00
1.982960796218556476e+00
-4.644803014512707051e+00
-2.359943849790193671e+00
4.217864016081047662e-01
-5.559895920609257303e+00
-3.674848435145196657e+00
7.251906076368579424e-01
-4.394173975236853380e+00
-3.408453500397913505e+00
1.298090282387349248e+00
