-6.795785424115568851e+00
-2.498782506403586900e+00
-6.286569196899493228e+00
-8.000000000000000000e+00
-2.700730002801531970e+00
6.130361262424887103e-01
-5.962845647844515540e+00
-3.320706130066350070e+00
1.305218492589723667e+00
-4.000000000000000000e+00
-3.120558010729889808e+00
-6.140395732523321826e+00
-1.470005699624842732e+00
0.000000000000000000e+00
-1.344006906728939521e+00
-6.057120745928834538e-01
-2.118642764022493630e+00
-7.145706030932308828e+00
-2.879677178169151031e+00
-9.620689558852446588e-01
-8.078675650904532546e+00
-2.312759520355549991e+00
-8.596911470893985552e+00
-2.141700862792056625e+00
-1.579277533023592195e+00
-6.932821038511471023e+00
-2.045371161299958995e+00
-3.418239888559853501e+00
-4.296933050178323832e+00
-6.131333159466871408e+00
-4.254776737522454333e+00
2.549905217692311488e-01
-5.817736147911154454e+00
-3.238855352068719551e+00
-1.258426032186769072e+00
-6.516559636655459009e+00
-1.698035480288129895e+00
-7.903788886870717345e-01
-5.595434679014988255e+00
-2.659317764417312713e+00
4.665894344736473132e-01
-8.429739787431307363e+00
-3.487577716460706689e+00
1.739960018169026013e+00
-1.051148685050983911e+00
-3.201677648083304462e+00
-7.637527462843886283e+00
-3.203854972250522515e+00
6.067896188240318178e-01
-6.909506810812700017e+00
-2.769090777360529554e+00
-9.251616227428377526e-01
-8.924081662721675912e+00
-3.911249933931236988e+00
-9.691058076963576795e-01
-7.481337747003020233e+00
-1.999343536188506576e+00
3.656008698294196946e-01
-6.281626699185807183e+00
-2.712024835170398607e+00
7.457438872480357528e-01
-5.942476060570794694e+00
-1.510653725265872716e+00
-4.656178216923257729e+00
-2.379321093904813722e+00
-7.699337099270285201e+00
-1.827166015989839298e+00
-6.944285224559975767e+00
-1.897217767126045285e+00
-6.015669220027790587e+00
-1.784381429496024740e+00
-6.592742765345260381e+00
-1.504427093463706955e+00
-5.507787652943124890e+00
-1.393544037340064934e+00
-7.999973793111998077e+00
-1.492171625388787559e+00
-5.592543151016222680e+00
-2.623222547872126054e+00
-6.555862140069138810e+00
-2.310852255322599635e+00
-4.026594006708933193e+00
-3.186831325774867718e+00
-3.319846766205083455e+00
-1.974838977511058413e+00
-2.698342653696337301e+00
-4.372359438590430969e+00
-5.677897375043962747e+00
-2.359648683176966077e+00
-4.786477548223461831e+00
-1.607504563674049480e+00
-4.654097959122172945e+00
-4.339432501598541769e+00
-4.923760515032432394e+00
-5.000000000000000000e+00
3.000000000000000000e+00
-6.544068022635552317e+00
-2.949173547258571393e+00
-1.248671926108236990e-01
-4.574500899582947255e+00
-3.016659324596398406e+00
2.612707942611709910e+00
-2.584830873161963805e+00
-4.999995588309789518e+00
1.276218801260598390e+00
