-4.924701229540458414e+00
-1.000000000000000000e+00
-6.148801718613165157e+00
-5.810017205335901380e+00
-2.077031429788746664e+00
3.736081813942742080e-01
-4.443037055824675896e+00
-1.000000000000000000e+00
-1.048767851858968037e+00
-6.630074107157090779e+00
-2.111080144898761723e+00
-6.077001003267747059e+00
-1.000000000000000000e+00
-1.586731607605214922e+00
-3.065568227590044881e+00
-2.992691233843790322e+00
-3.990499253675469316e+00
-5.064496194326840062e+00
-4.715552957419021141e+00
-8.980085632198392398e-01
-7.697724909599226173e+00
-3.559481234216790746e+00
-1.030102999566398125e+01
-5.000000000000000000e+00
-1.329484923440795496e+00
-6.599614440590228170e+00
-3.621697163157946875e+00
-3.154901959985743076e+00
-5.000000000000000000e+00
-5.883568051512539476e+00
-3.850301591818348967e+00
-7.188696841159361584e-02
-5.770256867494572006e+00
-1.808239115307647138e+00
1.000000000000000000e+00
-5.170625648050891421e+00
-3.166036103821563863e+00
1.047382429735450815e+00
-4.000000000000000000e+00
-5.000000000000000000e+00
-2.000000000000000000e+00
-9.522878745280337398e+00
-4.006304613153105265e+00
1.009749235226141018e+00
-5.950173015969348889e-01
-2.470349981182080157e+00
-6.770405255152448731e+00
-4.995639986304477809e+00
-3.415324822128957272e-01
-7.550411685050475441e+00
-2.826420604392124947e+00
-4.819371517471729982e-01
-5.213784042718407008e+00
-2.486647030724325358e+00
6.836894028643297760e-01
-9.000000000000000000e+00
-1.365230962608753762e+00
-8.841900646942530972e-01
-5.289845136404225379e+00
-3.678662024393972718e+00
8.201865382884181432e-01
-6.089183146085795251e+00
-1.353873565216691111e+00
-6.264125791796503862e+00
-3.629390010963720936e+00
-7.260047291900531441e+00
-2.546325224020717481e+00
-4.552674348967688189e+00
-1.954627395432000370e+00
-4.000000000000000000e+00
-1.728183689502233111e+00
-4.000000000000000000e+00
-2.920459784120910562e+00
-8.000000000000000000e+00
0.000000000000000000e+00
-7.160275022076307394e+00
-3.057681278183275619e+00
-4.902418508749295967e+00
-2.718120452685614641e+00
-4.000000000000000000e+00
-9.212841034063572465e-01
-3.044742603963799255e+00
-5.000000000000000000e+00
-5.690196149515636570e+00
-1.000000000000000000e+00
-4.366368104223898428e+00
-2.902113860027069059e+00
-4.843997503673104887e+00
-1.000937604777174972e+00
-4.387433469335657144e+00
-1.000000000000000000e+00
-4.243101983571769154e+00
-5.000000000000000000e+00
-2.544068022635552317e+00
-5.000000000000000000e+00
6.854957776579670981e-01
-6.537338789952398699e+00
-2.831328631057802081e+00
-1.000000000000000000e+00
-6.256423311077175420e+00
-1.000000000000000000e+00
2.644869182774176597e+00
-2.545217642278682302e+00
-1.162356190912094078e+00
8.025019856572414012e-01
