-5.614435425372956701e+00
-2.085421341747330182e+00
-3.702719651974033077e+00
-6.429620339139554552e+00
-2.154696886966831482e+00
-8.158206024437132386e-01
-6.930629160797074917e+00
-2.247641191321787080e+00
4.268837371901417765e-01
-4.000000000000000000e+00
-3.911867653453906080e+00
-8.000000000000000000e+00
-5.000000000000000000e+00
-9.264252130331809276e-01
-4.000000000000000000e+00
-3.369423355520752672e+00
-1.594971398165907495e+00
-6.830624959171238686e+00
-5.000000000000000000e+00
-3.552397392066070081e-01
-8.122605929645271061e+00
-3.824519275993988110e+00
-7.804979261935070411e+00
-1.984130700772228417e+00
2.000000000000000000e+00
-7.136951941635231833e+00
-4.372335848016376758e+00
-3.302867404866472789e+00
-2.426364826081424120e+00
-7.359471103507568834e+00
-5.000000000000000000e+00
6.577133002727272304e-01
-6.605063964621027850e+00
-3.907418189976263889e+00
-4.165122150694178238e-01
-5.835498909760818975e+00
-1.134010387480998805e+00
1.873309915596905961e+00
-7.419104626972891303e+00
-3.313618548404120734e+00
2.459847698984375941e-01
-5.522878745280337398e+00
-2.019963177409166200e+00
-1.558725751625523737e-01
-1.509017885525959501e+00
-3.072604535679881899e+00
-5.508133587237209916e+00
-1.314400919205172880e+00
8.594628770899448433e-02
-5.671168034860899709e+00
-4.469931947888863277e+00
1.421549560723315286e+00
-5.000000000000000000e+00
-3.294950161049644333e+00
-2.950143999266440775e-01
-5.000000000000000000e+00
-5.000000000000000000e+00
2.000000000000000000e+00
-6.157206129230771374e+00
-3.772891191014583256e+00
-1.339434287265525825e+00
-6.292377362478299929e+00
-2.772297558963339736e-01
-4.000000000000000000e+00
-3.920818753952374891e+00
-6.839737221938502643e+00
-4.000000000000000000e+00
-6.953120129391491488e+00
-1.361490035652604291e+00
-4.316985971138431744e+00
-3.225633222150238399e+00
-4.000000000000000000e+00
-2.092969686887117930e+00
-4.642054560299538224e+00
-2.246196115760842549e+00
-5.513228145716023931e+00
-2.172248170972998160e+00
-4.820863328933796765e+00
-8.151293565329328361e-01
-5.721018144876016009e+00
2.787536009528290837e-01
-1.690196149515636570e+00
-4.171058121224660908e+00
-3.379355663613523575e+00
-2.563380632826390393e+00
-3.453232776860642339e+00
-4.102718764309323696e+00
-3.855406527210106571e+00
-4.213256827994904086e+00
-5.690196149515636570e+00
-3.367222176135586498e+00
-4.116548116549769709e+00
-4.773958151467781796e+00
-2.544068022635552317e+00
-2.919356760425183328e+00
2.995593474753247332e+00
-3.883037939121524396e+00
-1.000000000000000000e+00
1.662246923071438287e+00
-4.564949599094091148e+00
-5.000000000000000000e+00
1.472695706211956335e+00
-6.350976500072714970e+00
-4.226360520965246614e+00
1.789666939821961789e+00
