-7.190389920065431539e+00
-4.874112342747210391e+00
-4.705493426642669341e+00
-7.436667943317886831e+00
-2.868668520145316592e+00
1.235567031945678379e-01
-4.000000000000000000e+00
-3.812151448554807587e+00
-7.568514406287450980e-01
-6.941407888544046223e+00
-1.485456415218205484e+00
-6.021123471791281823e+00
-1.869257713706616419e+00
0.000000000000000000e+00
-2.573276977803101051e+00
-2.015820030749550629e+00
-1.575561369157550295e+00
-6.218372842849158033e+00
-2.992783637185221668e+00
1.088289281842385936e+00
-7.715116382156415931e+00
-4.880143705339984095e+00
-8.789069122006559098e+00
-4.216961291970164005e+00
-1.848171465124919532e-01
-5.972990153100843358e+00
-1.713267636429272711e+00
-4.785299899379512389e+00
-4.980190926241215621e+00
-7.075665396593358025e+00
-1.217909619529198517e+00
2.000000000000000000e+00
-6.496175803709278718e+00
-1.643332434977229584e+00
-3.000000000000000000e+00
-4.578147712130996361e+00
-2.559259788346070152e+00
-2.764451991876095902e-02
-8.000000000000000000e+00
-3.189117009684236503e+00
-2.880318636782304154e-01
-9.492550044690942102e+00
-1.109941211419357421e+00
9.233506280796487109e-02
-4.620380094640255675e-01
-5.000000000000000000e+00
-6.775642694362021601e+00
-2.998733612972353413e+00
1.967134191976951385e+00
-6.658022131895607210e+00
-3.668068997772405027e+00
1.802480926854091794e-02
-5.988889181472072387e+00
-1.141767051076234996e+00
-1.436445245433292939e-01
-7.945795870601573441e+00
-3.830218649394096175e+00
-3.072844252336447424e-01
-6.880930327424993109e+00
-1.468321761884549659e+00
-3.753672693126129944e-01
-4.000000000000000000e+00
-3.180456064458131227e+00
-6.575625671857846299e+00
-1.258503658859882135e+00
-7.177993747937393643e+00
-1.712443422864598164e+00
-5.479141534775589406e+00
-1.609627395888337364e+00
-7.272166391057226953e+00
-3.531460435404636389e+00
-6.268093292303073660e+00
-2.257643138394539672e+00
-4.872651051608410278e+00
-6.790222806717066684e-01
-5.013970744860326789e+00
-2.699661208135962998e+00
-6.093798921944767244e+00
0.000000000000000000e+00
-6.146315717087545316e+00
-3.721246399047171138e+00
-4.254218897056883719e+00
-2.340427533856723752e+00
-4.656912607036545637e+00
-4.388701064771312055e+00
-2.296750528265695479e+00
-2.900412506387451295e+00
-4.614459102167622895e+00
-1.908765431956188197e+00
-5.594642731038887540e+00
-5.000000000000000000e+00
-5.324789625029130669e+00
-2.060169803976653835e+00
-6.252575024573366669e+00
-3.201150431624610881e+00
1.392765475220426374e+00
-3.410802274522840793e+00
-1.081966945325214757e+00
3.000000000000000000e+00
-2.544068022635552317e+00
-3.566548765231382312e+00
8.487435755277016325e-01
-6.051259597893566600e+00
-4.669424365693050305e+00
1.151105029420562254e+00
