-8.001593156567610166e+00
-1.527616009892309057e+00
-4.853764027218755217e+00
-4.000000000000000000e+00
-4.148822896697695661e+00
5.849006533986960132e-01
-6.341881063786147799e+00
-3.984562973586478485e+00
-1.297869758573135246e-01
-5.841115129406138529e+00
-4.897177135157374295e+00
-7.104644319656610918e+00
-1.851646140151433917e+00
0.000000000000000000e+00
-2.788832367083383890e+00
-2.934245763647227445e+00
-3.113938647195722886e+00
-5.855269437992056680e+00
-3.662717831813472102e+00
1.315286599650711263e-01
-6.834792280184974977e+00
-1.602537493383966893e+00
-7.350045319143306166e+00
-3.637858867515600281e+00
-1.997055127492092241e+00
-7.698970004336018746e+00
-1.915839838309948417e+00
-5.040620267192912785e+00
-1.759047128903394208e+00
-7.137924817926678323e+00
-1.895441062459657378e+00
-2.613099375986125544e-02
-6.426817751561238801e+00
-1.007287168606989969e+00
-8.015309053946240159e-01
-4.868819056900166586e+00
-3.080205919541982862e+00
-1.059879102506479098e+00
-6.818561745119029460e+00
-3.083551884090452777e+00
-1.520655840193535724e+00
-5.522878745280337398e+00
-3.247703310451614200e+00
-8.026694239482800031e-01
-2.151080948783599123e+00
-3.442179095544747103e+00
-6.157146900073966478e+00
-2.655158950046578425e+00
-1.593128083529631756e+00
-6.112034782968906121e+00
-2.003792482040302581e+00
5.656421611369881752e-01
-7.646640183047109574e+00
-3.232961596107486457e+00
2.082524005505582282e-02
-6.222861900245891142e+00
-3.414002844330508157e+00
-2.000000000000000000e+00
-7.289757962362921617e+00
-3.655553315890307964e+00
9.222353466748897111e-01
-7.158403365241979621e+00
-8.501130332516635413e-01
-5.009226188431926907e+00
-8.087945388910650069e-01
-5.027518221172454282e+00
-2.391008574586050095e+00
-4.917086590630125542e+00
-3.950939163661440379e+00
-6.609570388229910165e+00
-1.866593078123693017e+00
-4.172287737363906679e+00
-1.637463086858005346e+00
-8.000000000000000000e+00
-4.968207980578198679e-01
-6.495677421617399361e+00
-3.168645832624373160e+00
-4.417796240027269228e+00
-4.759322857655386430e-01
-6.776574611684823779e+00
-3.138567078818477629e+00
-3.531304415722136714e+00
-1.996235436044319078e+00
-2.689657118822564641e+00
-3.390745012543898707e+00
-4.350292698306827965e+00
-2.750258920860691791e+00
-3.568550940347086975e+00
-3.270492524870610040e+00
-5.690196149515636570e+00
-3.658613327509915969e+00
-2.865098561815918377e+00
-2.523450266430553590e+00
-2.544068022635552317e+00
-2.132643468238071716e+00
-9.118915644140600518e-01
-3.612396772474609108e+00
-3.006520214922301371e+00
8.600205274941721822e-02
-5.871439477498340054e+00
-4.013017991918106375e+00
-1.000000000000000000e+00
-5.022999537081958898e+00
-1.778810756657985825e+00
1.591025548454031879e+00
