-8.017079070719098866e+00
-2.080008368869267876e+00
-5.518446602434957882e+00
-5.372689679348519043e+00
-1.000000000000000000e+00
1.233580527053185660e+00
-4.876084829850741542e+00
-3.711735830718701834e+00
1.307499196423690391e+00
-4.920688556519992929e+00
-2.500973321647028236e+00
-5.311872629281109148e+00
-2.028433269712770937e+00
-4.788467931216593143e-02
-3.953540198001464834e+00
-2.040225150516389085e+00
-3.303063433301517637e+00
-7.059718477375281687e+00
-1.981031033994017587e+00
-5.721229529453758511e-01
-8.475106997321068647e+00
-3.867826035749970526e+00
-7.944979837915239429e+00
-3.727906506179760715e+00
1.950645517562833442e+00
-4.686449600099945378e+00
-2.943676593234102246e+00
-3.197707166373596532e+00
-3.650371514122630945e+00
-6.153969461207901226e+00
-2.013154790336188160e+00
-5.637474786156786433e-01
-7.698970004336018746e+00
-2.793458368771932321e+00
1.000000000000000000e+00
-4.442913916742294411e+00
-2.190628693534100169e+00
-1.489532064175230486e-01
-5.663084448996258402e+00
-4.251183432241450788e+00
-1.793414601811347042e+00
-8.046210957029405364e+00
-1.089124228391335603e+00
1.479888303978285968e+00
-1.030779268994102438e+00
-2.881360826651739870e+00
-6.417991916156168486e+00
-2.849664440116931097e+00
1.119329220639489475e-02
-6.951985827973355292e+00
-2.034561445802693491e+00
4.314370199298789288e-01
-6.899311186645318728e+00
-2.641324848459340124e+00
-1.108839488074201851e+00
-7.505245544520443346e+00
-1.000147764272450557e+00
1.611075292048265162e+00
-8.992259287727504713e+00
-2.121850597046460951e+00
6.275685186335966392e-01
-4.937971204479715048e+00
-2.757016174402874942e+00
-8.000000000000000000e+00
7.918124604762488694e-02
-7.794056060487072557e+00
-1.012332935803675449e+00
-5.970037220722363536e+00
-1.637142563456006839e+00
-7.971857691500596310e+00
-1.651069119279808373e+00
-6.245541071060587868e+00
-3.301029995663981254e+00
-7.214641785009546560e+00
-2.382377047717160412e+00
-6.593946588706677048e+00
-1.779880015300842055e+00
-5.883464259854519263e+00
-2.789065380977266528e+00
-4.000761990539658086e+00
-3.721246399047171138e+00
-2.867661237546915931e+00
-1.911502197640351675e+00
-5.666205752629848824e+00
-5.000000000000000000e+00
-2.208324809155447710e+00
-4.210994280197309259e+00
-3.878370511987669467e+00
-1.739898225411220967e+00
-4.317800859121565082e+00
-1.560359480599132542e+00
-3.472394985894317720e+00
-2.678566186284072170e+00
-3.376448991061725025e+00
-2.891036041811732016e+00
-1.803179721723912332e-01
-3.992857238659888175e+00
-3.117401154500833105e+00
4.215510525663537789e-01
-3.627764651491065528e+00
-1.368740440387412161e+00
2.721041098347291021e-01
-5.037643174115018496e+00
-5.000000000000000000e+00
-1.000000000000000000e+00
