-4.720646823344108789e+00
-3.034377337647740092e+00
-6.995015407902621440e+00
-6.081620297128058183e+00
-3.881929115769618299e+00
-7.826287461701764148e-01
-6.521342575940383135e+00
-3.531553246437438176e+00
-9.326285821508336626e-01
-6.090428215613860274e+00
-2.318875186975106750e+00
-4.922999806234989784e+00
-1.196753567746982938e+00
-3.189126616299057249e-01
-3.959244134086229661e+00
0.000000000000000000e+00
-2.192514922897524698e+00
-6.199367048050032913e+00
-4.993426215369762389e+00
1.232095393637273384e+00
-6.441151022431062856e+00
-3.552311799889654065e+00
-9.403768789185876997e+00
-1.843790759892916631e+00
1.359017902248886855e+00
-5.921337390397980904e+00
-3.292179246386894853e+00
-4.774208995917051723e+00
-2.992836229486055544e+00
-6.655587262052583775e+00
-5.000000000000000000e+00
-3.424598370287710303e-01
-7.376400996093564366e+00
-2.853356001676699893e+00
-5.322530030933341205e-01
-6.789710334399563507e+00
-1.189337719657726167e+00
7.041116606977501080e-01
-7.000028291420095528e+00
-2.306884784891541695e+00
-1.819649722524434299e-01
-6.747175642042977373e+00
-2.704366361947729391e+00
-3.419229284758072973e-01
-1.110301616086952547e+00
-3.017410975298788323e+00
-7.544167195367630363e+00
-5.000000000000000000e+00
8.156087363775686994e-01
-7.057343933656905044e+00
-1.000000000000000000e+00
-7.955263499604735555e-01
-8.874038708072831128e+00
-1.000097870744339312e+00
1.387894973728968306e+00
-8.330102109441780200e+00
-3.095692299451459295e+00
9.689237391950555889e-02
-5.578570626393178244e+00
-1.000000000000000000e+00
-2.793341232613711679e-03
-6.024529342514314934e+00
-1.375303264517806934e+00
-4.000000000000000000e+00
-1.455985579258917584e+00
-5.124549977653225064e+00
-5.441339651817690415e-01
-7.061670075220184195e+00
-2.591651172692809535e+00
-6.493861949533656919e+00
-1.875477777117231293e+00
-4.964088187641457317e+00
-2.126509901617737786e+00
-5.925890594579904302e+00
-1.380161013722100982e+00
-6.335187998076967197e+00
-3.039306020004675535e+00
-4.554294715875035315e+00
-1.579645011694853274e+00
-5.339211887831132763e+00
-3.717106622326097565e+00
-4.198465868666157341e+00
-3.357736942961277560e+00
-3.594262236955978906e+00
-4.511452886609010449e+00
-4.430370133376768216e+00
-4.546704894122874485e+00
-5.690196149515636570e+00
-5.000000000000000000e+00
-5.144651375472029109e+00
-1.510238140504496229e+00
-4.236957839696151140e+00
-3.214340247446477505e+00
-3.168274618334188553e+00
-5.000000000000000000e+00
1.504203928433365034e+00
-6.065883804936188284e+00
-3.284390244233073020e+00
-3.294528342271999671e-02
-6.544068022635552317e+00
-2.801477809330545021e+00
1.756652000388410739e+00
-2.544068022635552317e+00
-3.432649100625540850e+00
1.569662506640386646e+00
