-5.915328412135075986e+00
-2.740147843856950427e+00
-6.752990190691291694e+00
-4.762292772184049561e+00
-1.000000000000000000e+00
7.901607555411934714e-01
-6.776354416537408554e+00
-2.784381513188018964e+00
-2.101079319541194756e-01
-7.588020290170883975e+00
-3.546841966522995993e+00
-6.109591180475332450e+00
-1.261278459751863368e+00
0.000000000000000000e+00
-4.000000000000000000e+00
-2.715892787342005121e+00
-1.744938316077224050e+00
-7.436413140611104033e+00
-5.000000000000000000e+00
2.000000000000000000e+00
-5.761725266947781421e+00
-1.000000000000000000e+00
-7.756241165151958050e+00
-4.316256960247317309e+00
2.678447146530927303e-01
-3.709958968822579806e+00
-5.000000000000000000e+00
-5.165712494481581096e+00
-3.601560468333663945e+00
-7.787197415117629973e+00
-4.766832356764739487e+00
1.114742747065289530e+00
-5.635412991352276357e+00
-1.000267556889042897e+00
-3.000000000000000000e+00
-6.104331942852179615e+00
-1.529120510723181559e+00
1.716244917137975889e+00
-7.031111254706995162e+00
-1.051782928867343037e+00
-4.116750506246837360e-01
-6.065361944217832146e+00
-4.364416971962406855e+00
-9.833974810241201681e-01
-1.284648308036909548e+00
-3.374528751672727367e+00
-5.790018367158187296e+00
-2.683336254169097934e+00
3.026656171912429083e-01
-7.926350376093147965e+00
-1.549558214634097597e+00
7.609511133329557309e-01
-6.552507995406157804e+00
-2.194595669492036105e+00
-7.149319031628177390e-01
-5.199327449766935061e+00
-2.055441865965891957e+00
-1.402466611317713996e+00
-8.565204286406068235e+00
-2.417544954342853991e+00
-1.155865943226590947e-01
-6.177058064591215647e+00
8.052578601656666946e-01
-7.315534261595923127e+00
-1.073287548866904251e+00
-4.347657965932004487e+00
-2.422794191583844903e+00
-7.019614321068600837e+00
-3.326896294211449501e+00
-4.678570913415371457e+00
-1.582461995248760633e+00
-5.473577954296098724e+00
-1.278724183546646298e+00
-5.386595566081647135e+00
-3.037366616173907463e+00
-4.646948681385566715e+00
-1.229302502933638186e+00
-7.708749958647442391e+00
-6.074853921671254930e-01
-6.159417884492278894e+00
-3.718120050906692065e+00
-4.871909483239977412e+00
-4.991299194292325936e+00
-1.742618186749930631e+00
-1.000000000000000000e+00
-3.757886540306337064e+00
-3.123501193141218213e+00
-5.524610832827923979e+00
-2.481243180948000671e+00
-3.647308404581183883e+00
-1.000000000000000000e+00
-4.227891681149972491e+00
-3.811778688033240048e+00
-6.000998917975091551e+00
-2.825658390258109165e+00
3.475209209464402704e-01
-4.311709352241091864e+00
-3.275664854578117069e+00
1.995340929099032046e-01
-6.010352992126242633e+00
-4.150855454810865375e+00
1.349480678916589405e+00
-3.811183772463736297e+00
-2.457613921934622692e+00
-1.000000000000000000e+00
