-6.907138234385251430e+00
-4.447989907638778995e+00
-4.551125256824470000e+00
-6.353378207726306570e+00
-2.553015082199773911e+00
9.770808529908203699e-01
-6.897947790594759709e+00
-2.052383191344986368e+00
-1.017613329346371831e+00
-5.089990027468676459e+00
-3.266977173465878348e+00
-5.042021080386819065e+00
-1.000000000000000000e+00
0.000000000000000000e+00
-3.141888819270775013e+00
-1.245146100654971111e+00
-4.000000000000000000e+00
-4.462547824409695885e+00
-4.340012453323642383e+00
-1.208605950894143355e+00
-9.152505653348219639e+00
-1.654801024233299778e+00
-7.524601414571942648e+00
-1.000000000000000000e+00
-9.242404926081223548e-01
-6.399155220840675895e+00
-2.683117096097460408e+00
-3.154901959985743076e+00
-1.907035704136084586e+00
-7.334789000682921944e+00
-2.038150119879344135e+00
9.855051188484919011e-01
-4.869189447046185393e+00
-3.079480715495042098e+00
-2.387425968098269458e+00
-4.875863443159714095e+00
-1.253012498768866445e+00
9.270558034057300167e-01
-4.535170599507571509e+00
-3.195809864237134867e+00
2.000000000000000000e+00
-6.773941154189487612e+00
-2.188799703458345736e+00
2.000000000000000000e+00
-7.336885839519459163e-01
-3.660928072717563708e+00
-6.427474500260190737e+00
-4.253068476073168291e+00
-4.931368925893836463e-01
-7.684370600510043836e+00
-2.679650152078956626e+00
-6.072374584218470650e-01
-7.101859750285970385e+00
-4.346135756009628537e+00
-2.189938791256604844e-01
-8.040763407017168518e+00
-4.804236580933388012e+00
1.416651179031245045e+00
-8.281064750334097724e+00
-4.159325824057988008e+00
-3.872688774129217082e-01
-7.533819012232568113e+00
4.320924194086463443e-01
-5.336150806956855064e+00
-2.136338753109730870e+00
-7.808325159507515600e+00
-2.267773262114592736e+00
-8.000000000000000000e+00
-3.180126423645857070e+00
-4.000000000000000000e+00
-1.081858429429259028e+00
-7.262897114442443680e+00
-1.998897962522328209e+00
-5.761578924460431850e+00
-2.873870346642161344e+00
-4.570720627180030249e+00
-1.335431623477838781e-01
-4.831525558141805732e+00
-2.498046817097908878e+00
-8.000000000000000000e+00
-5.003123010501035750e-02
-5.681813163879152917e+00
-1.811841562092353586e+00
-4.299216748913937458e+00
-3.622430248911811201e+00
-2.300845479282840778e+00
-2.480335240400125318e+00
-2.529401631359272873e+00
-3.180706376718756445e+00
-3.301692259830189435e+00
-3.366971371573988403e+00
-5.690196149515636570e+00
-2.363787684062248484e+00
-2.544068022635552317e+00
-3.799582938048181369e+00
1.315571533044308294e+00
-4.108143094586659494e+00
-3.711926254677130999e+00
1.003395145875991101e+00
-3.429709903008952399e+00
-2.639374471692347957e+00
2.836448805450196287e-01
-3.980318432644840421e+00
-2.736508866279984797e+00
2.873605331549121900e+00
