-7.707117107429364289e+00
-3.109242948032519216e+00
-4.779320640742859894e+00
-6.070977126677290947e+00
-4.600469919721435375e+00
2.000000000000000000e+00
-5.866360261366632578e+00
-2.606175707166876965e+00
1.523022661190701621e-01
-5.410900026928433526e+00
-3.558429583500302584e+00
-7.238703714430853253e+00
-3.916617845597401004e+00
0.000000000000000000e+00
-2.132314669714150401e+00
-2.214519392939346076e+00
-1.042625103205601533e+00
-6.977284115858563673e+00
-3.829525491025891348e+00
1.397021287145810087e+00
-8.663988399321008060e+00
-3.280298102113663905e+00
-9.401514058234557325e+00
-2.913642093642225372e+00
-8.184936481069629566e-02
-6.288428049103869988e+00
-2.281249657871369685e+00
-4.672882436234295334e+00
-5.000000000000000000e+00
-5.472042966314252688e+00
-2.721791171050054636e+00
7.865062871958651280e-01
-4.689362059646915881e+00
-2.854120115037046546e+00
-3.428070432702977621e-01
-4.859793568404924713e+00
-9.963613356599905213e-01
-5.465934547231975360e-01
-6.480881156491877348e+00
-4.253590598135267520e+00
-2.554297363009092048e-01
-6.697219104286518565e+00
-2.164866339987674859e+00
6.193915697691844136e-01
-4.160241273279841057e-02
-1.691557937957770541e+00
-6.846601035568571803e+00
-3.079869082408074554e+00
7.212493604685891180e-01
-7.005751061984953232e+00
-1.000000000000000000e+00
5.948037490235044134e-01
-6.026105301177416607e+00
-3.929210073021352390e+00
-3.744854515931473910e-03
-6.863577901508144841e+00
-2.625056856284712303e+00
-1.454309997868650006e+00
-7.947942333053563679e+00
-3.244554905748106233e+00
-1.322198508309049003e-01
-4.205385384470397447e+00
-1.467602617487725913e+00
-8.000000000000000000e+00
-2.612887913753461633e-01
-5.764280201839492079e+00
-1.969035826170817627e+00
-4.000000000000000000e+00
-1.141705797620404139e+00
-7.717450779797710325e+00
-2.942624696049949140e+00
-5.373935927005673463e+00
-3.301029995663981254e+00
-7.642424055423417073e+00
-1.929652869137596038e+00
-6.565619642204656436e+00
-1.579285570793206528e+00
-6.393707897578448929e+00
-1.748361403271305958e+00
-6.222819336678297120e+00
-1.548393225089164105e+00
-2.926357320580532662e+00
-2.107337751679853710e+00
-3.656422576313763440e+00
-1.466920448773877839e+00
-3.443915073392425086e+00
-2.893056894488779118e+00
-3.563843151376837159e+00
-1.913069566193560833e+00
-4.357546020262075714e+00
-3.768206459879192671e+00
-4.553329492617782748e+00
-2.500034093938727775e+00
-5.771610334553620270e+00
-2.412053217857870191e+00
-2.288365763398908237e-01
-4.375919035787749323e+00
-5.000000000000000000e+00
7.940552467988218899e-01
-2.947336868624085060e+00
-2.192751721139186039e+00
4.268280023656463584e-02
-4.655743029655593723e+00
-3.351700369424996939e+00
2.228586691326229996e+00
