-5.916618631784491100e+00
-1.000000000000000000e+00
-3.000000000000000000e+00
-8.000000000000000000e+00
-2.539380965071595941e+00
2.000000000000000000e+00
-5.482497244273184300e+00
-4.647093195490999307e+00
1.902300102387481262e+00
-6.622151180235016810e+00
-2.234623603888740373e+00
-6.846539650220869966e+00
-3.537189227744934605e+00
-1.660891687411407913e+00
-4.000000000000000000e+00
-4.000000000000000000e+00
-3.357858797589861499e+00
-8.301029995663981254e+00
-2.866690243224592205e+00
-2.000000000000000000e+00
-5.301029995663981254e+00
-1.000000000000000000e+00
-7.249537837136830198e+00
-4.838549191159474461e+00
1.283634094285404537e+00
-5.433555223964233072e+00
-4.373601630914281557e+00
-3.154901959985743076e+00
-4.215814073112064797e+00
-9.000000000000000000e+00
-4.302877014446205628e+00
6.286436335080671789e-01
-5.092587476253860324e+00
-3.129088990945995352e+00
-5.669459415360261767e-01
-6.147948030252760709e+00
0.000000000000000000e+00
2.000000000000000000e+00
-5.997153841848001044e+00
-2.607241548375732521e+00
8.406750678304554247e-01
-8.037315276126177466e+00
-2.186116048965951464e+00
-1.174991893746961669e-01
-1.842572104005070432e+00
-3.924120010852492069e+00
-6.416896095291977353e+00
-1.000000000000000000e+00
1.485969538141266311e+00
-5.625926864828585394e+00
-3.027987709870449073e+00
2.000000000000000000e+00
-7.469659497840865470e+00
-2.829330860339436704e+00
6.126363173771440795e-01
-6.229194318404779551e+00
-4.129173338900954171e+00
4.587538198952288981e-01
-7.847952274205336032e+00
-1.000000000000000000e+00
-2.000000000000000000e+00
-7.368554173300622345e+00
-2.033674555393878425e+00
-4.000000000000000000e+00
-1.776534510537117972e+00
-7.336850455760544953e+00
-3.212899145382392962e+00
-6.522041462826368097e+00
-7.403736207407807246e-01
-4.000000000000000000e+00
-3.884389265290761895e+00
-6.026743677630991058e+00
-1.145539267202143385e+00
-8.000000000000000000e+00
-2.477488439765591632e+00
-8.000000000000000000e+00
-2.888296716341267611e+00
-4.000000000000000000e+00
-2.354490145662579526e+00
-8.000000000000000000e+00
-9.439036836557054277e-01
-2.335348762719934079e+00
-1.335032516745784159e+00
-4.676281787638939313e+00
-3.284384295896531025e+00
-5.690196149515636570e+00
-4.241237439053698211e+00
-1.690196149515636570e+00
-4.176115384585635582e+00
-4.498453611405063057e+00
-5.000000000000000000e+00
-1.690196149515636570e+00
-2.729446250462853829e+00
-3.585019869974285456e+00
-1.257510270491051685e+00
2.134527879678889128e+00
-2.567277876579084239e+00
-1.100284717223485531e+00
2.005066337481119287e+00
-2.544068022635552317e+00
-1.495125471514648696e+00
1.119633684342776103e+00
-5.285636211411889995e+00
-3.657673168465942037e+00
4.769519124291904943e-01
