-4.397940008672037493e+00
-4.531243080646442323e+00
-5.702297844228424673e+00
-6.011167788983507343e+00
-2.617989566722399353e+00
1.165654996535549381e+00
-4.000000000000000000e+00
-4.323767008010961810e+00
-1.989066370638638226e+00
-5.942039200219114470e+00
-4.588191319171071925e+00
-7.395298536634778763e+00
-2.780345466077433159e+00
-6.620195176852118335e-01
-3.188796692477978478e+00
-9.512296604338342787e-01
-3.314785607971135306e+00
-5.005747901972079639e+00
-2.196778827645711640e+00
-3.824800122363739563e-01
-6.869389764193013725e+00
-2.942659303950324823e+00
-8.823668858026596951e+00
-2.375936902537027606e+00
-1.110595126076364902e+00
-5.964592166632629144e+00
-1.000000000000000000e+00
-4.802300124332008480e+00
-3.401977651511881806e+00
-5.381145073917654287e+00
-2.164141425086425041e+00
2.747894925632822782e-01
-6.018883433750299439e+00
-2.346657560137870746e+00
-3.000000000000000000e+00
-4.657044937847325983e+00
-1.273789614833057415e+00
7.208379762148154901e-01
-7.139200990203113051e+00
-2.202666360318394023e+00
3.568488960650522679e-01
-5.522878745280337398e+00
-2.746807211728876208e+00
4.999886991190431451e-01
-1.272713303608305813e+00
-2.736207554012022314e+00
-8.973265676402798263e+00
-1.522675805105131674e+00
3.873744766819530172e-01
-7.674026727972066197e+00
-2.786299339839774625e+00
1.002114928946050920e+00
-5.247572606243028126e+00
-3.318353706473715636e+00
-1.298546041559615949e+00
-7.116918518296863283e+00
-4.592391746532698882e+00
1.110285914743182500e+00
-6.780923937292568482e+00
-2.075082225916667245e+00
-1.366218506108679787e+00
-6.190891890065993941e+00
-6.865573452799590415e-01
-4.722724480245500622e+00
-3.089152546632834007e+00
-5.293760390627924473e+00
-3.464329908075576725e+00
-7.505081107902390691e+00
-2.839780493706042019e+00
-5.078044438586780451e+00
-2.432544289119532355e+00
-7.490150483331535547e+00
-1.501706605484277368e+00
-4.000000000000000000e+00
-3.515740954732240464e+00
-4.460062210428353602e+00
-2.310636227618346528e+00
-5.081361208866649548e+00
-1.200181308931108637e+00
-6.668277730746842380e+00
-1.363076045396634184e+00
-5.690196149515636570e+00
-3.434507431703503144e+00
-3.318776305629904222e+00
-1.000000000000000000e+00
-5.120050959773102761e+00
-1.793855880602454489e+00
-3.953097686923372489e+00
-1.879011572659175400e+00
-5.690196149515636570e+00
-2.466287206627988837e+00
-3.520852142090454162e+00
-3.265589787008867262e+00
-5.387559447982598115e+00
-2.330933885225613178e+00
5.289186921139312769e-01
-5.653204958170897854e+00
-2.235545531222323579e+00
1.305088514513005782e+00
-5.595375646132362490e+00
-4.123179722543524051e+00
2.602718801372926105e+00
-3.388126507284177080e+00
-1.000000000000000000e+00
3.000000000000000000e+00
