-8.182516862130139401e+00
-1.997853592492722319e+00
-4.460045584459373380e+00
-7.657497601955956412e+00
-2.550769095649958462e+00
-2.000000000000000000e+00
-7.113037046227990601e+00
-4.247450316394879799e+00
-3.763541170289539939e-01
-5.502654052184755784e+00
-4.403410084093750676e+00
-4.000140772572561509e+00
-4.640602968638565251e+00
-4.657422201374191717e-01
-3.430814030491788902e+00
-8.532743082076866825e-01
-3.669498122054410394e-01
-8.064747487513535873e+00
-2.324913793347541890e+00
6.847796959009018192e-01
-6.459289190919091261e+00
-3.787353017613716677e+00
-7.971483558370868749e+00
-1.018366028610152796e+00
-1.433635405856191758e+00
-6.153840527305412422e+00
-2.075757958946547799e+00
-4.386287276073971952e+00
-2.528364244653466653e+00
-6.445166274915396620e+00
-4.286414707257706347e+00
-1.222981449915506946e+00
-7.680253607954835360e+00
-1.661516651568216929e+00
-1.348652655513555176e+00
-6.164280868143976022e+00
-9.661649346089887791e-01
-1.282761746411254400e+00
-4.000000000000000000e+00
-2.338256773872109839e+00
6.412887729070176901e-01
-7.434016915152136917e+00
-4.070209059084144876e+00
-9.774495486666560096e-01
-7.210833887064623804e-01
-5.000000000000000000e+00
-5.372917479424369702e+00
-1.528045290063963169e+00
1.398891694012337261e+00
-5.000000000000000000e+00
-2.685507207404940644e+00
9.895748864114370935e-01
-5.512198764264054418e+00
-4.208760504574699191e+00
9.464511037359490953e-01
-7.581199089533604329e+00
-1.798183513189360871e+00
1.626212232389818935e+00
-7.308945307135009450e+00
-3.216020898223756586e+00
9.163313723059814953e-01
-6.514388152122071673e+00
8.195439355418687732e-01
-7.999020185172081021e+00
-2.370889552980864234e+00
-5.014258811601054688e+00
-2.695705512434743767e+00
-5.739692948667262762e+00
-3.719283650747301717e+00
-7.248218215337725923e+00
-2.816312037872001461e+00
-6.568667848582794733e+00
4.448004690322219790e-01
-6.693740442039354477e+00
-3.347661505718504404e+00
-7.829595574031788630e+00
-1.483622836900861941e+00
-5.550641857694161629e+00
-2.984522661649752440e+00
-6.172907780268111821e+00
-2.052706091020995771e+00
-4.803508958119054206e+00
-4.387158301960524476e+00
-2.586397994336961492e+00
-3.510117455919311347e+00
-4.618917124522311290e+00
-4.645433733923808539e+00
-4.279207099300577077e+00
-2.064447264475241184e+00
-3.290488775522506959e+00
-3.430950700123371888e+00
-5.690196149515636570e+00
-2.934931687501145969e+00
-5.515419018015192520e+00
-2.849550844963859575e+00
1.189201065071902708e+00
-2.937850637739828574e+00
-3.441072628392062516e+00
3.221057535499636248e-01
-6.389434758589155550e+00
-2.571138081611416659e+00
2.192299870113419313e+00
-6.007437412007900157e+00
-2.307071456362639328e+00
1.373264175065932680e+00
