-5.681702915307673685e+00
-2.008717665810388020e+00
-4.427894660193289589e+00
-6.854037426647392017e+00
-3.254819254243944915e+00
-1.394593556148042701e-01
-6.462866973558793582e+00
-3.284754745186846847e+00
-7.253690877584971775e-01
-4.968087088467758150e+00
-1.793604263598671311e+00
-6.299851112466963166e+00
-3.736847823909956734e+00
0.000000000000000000e+00
-3.905112786838038641e+00
-2.927294936557234273e+00
0.000000000000000000e+00
-4.409951949859769904e+00
-1.773929144214560605e+00
-1.102398821136615359e+00
-6.318208561082641062e+00
-3.820726851025744608e+00
-8.332038129474817367e+00
-2.775850861968588656e+00
-7.409724221980910075e-01
-4.346580928628409168e+00
-3.530855414772313239e+00
-3.572840824525263415e+00
-3.247000628912542375e+00
-7.081964353064320150e+00
-3.903300095672253001e+00
-1.371296359440221657e+00
-5.992190719100838336e+00
-2.095432510285170302e+00
1.000000000000000000e+00
-4.695229339155161163e+00
-7.055657377682261755e-01
-6.074078054437390684e-01
-6.904572123967694708e+00
-3.508071352448826286e+00
9.064996339258758751e-03
-5.522878745280337398e+00
-4.468408441709535772e+00
1.438001932884472311e-01
-1.896611244614904379e+00
-4.350439025654158520e+00
-6.560543088298080860e+00
-3.103401749153976041e+00
-1.539752039244954407e+00
-7.310031802225915420e+00
-1.744329626043054748e+00
-1.399816301892527204e-01
-8.880693937446793029e+00
-2.876302979935993598e+00
5.517051618311274996e-01
-5.901884613848559447e+00
-4.795567189367894834e+00
-1.460298165261150194e+00
-8.457316583750623451e+00
-1.984107996631768511e+00
-1.743192768655476899e+00
-4.670162385979069519e+00
-1.427781753592615388e+00
-6.714048816549280652e+00
-1.266197020303606147e+00
-7.999771518785851576e+00
-8.744156741327318016e-01
-4.000000000000000000e+00
-1.301223407852356795e+00
-7.311431858375214254e+00
-1.542712492872352792e+00
-6.481710728877069450e+00
-2.602725375392333174e+00
-7.302201260414053152e+00
-2.616115043189894962e+00
-7.750747371791842255e+00
-2.844597872494714519e+00
-4.560054182437471404e+00
-1.400827458485827126e+00
-5.363548292642733806e+00
-5.448284653829241764e-01
-5.690196149515636570e+00
-1.473221386390832999e+00
-5.189245919648984184e+00
-2.648100864705181134e+00
-2.346528040409339155e+00
-1.000000000000000000e+00
-1.690196149515636570e+00
-4.428835338993201809e+00
-4.586698684649304525e+00
-1.000000000000000000e+00
-3.518381289286701019e+00
-3.077177660997584496e+00
-4.991090566268359119e+00
-1.369357634134366952e+00
-5.601501067180745252e-01
-2.544068022635552317e+00
-4.276877092714331141e+00
-9.432928169373280269e-01
-3.184053092711366162e+00
-3.602468921195825846e+00
-1.000000000000000000e+00
-5.149163660219103988e+00
-4.251756482728239916e+00
1.710244452011884020e+00
