-6.890837023664625249e+00
-1.624610271629051139e+00
-6.983234503745335608e+00
-7.304466351242971278e+00
-2.834694643631263222e+00
-4.320409451938388434e-01
-7.087679488699367703e+00
-4.535136259376541190e+00
2.632328125777218530e-01
-5.425950451951290887e+00
-1.328085315954865564e+00
-6.835513111805208375e+00
-5.000000000000000000e+00
0.000000000000000000e+00
-4.000000000000000000e+00
-1.407005588156201581e+00
-7.663594636861057463e-01
-4.753094549857577178e+00
-1.368872442718647386e+00
7.614013868046451972e-01
-6.080725894041106194e+00
-3.386249290111137622e+00
-1.030102999566398125e+01
-2.502811992572053779e+00
1.845526668979723117e-01
-4.449582021187477032e+00
-3.688815064904422236e+00
-4.323892884305810647e+00
-3.486235979341766100e+00
-8.070855632121022083e+00
-3.515502453556145657e+00
-2.000000000000000000e+00
-6.070201506794032476e+00
-2.748113889072595573e+00
-1.104788246749795588e+00
-5.501576916675397833e+00
-1.488370619473126988e+00
-2.954337698994445871e-01
-5.435489738884601074e+00
-2.842295334609925561e+00
2.000000000000000000e+00
-6.609534118379240653e+00
-4.248781404573220399e+00
1.884779480328462320e-01
-1.007364702159700309e+00
-3.626691862233585084e+00
-5.644915282690396552e+00
-4.613803402812564514e+00
-1.191152681720664575e+00
-7.505035389253021272e+00
-2.451425676925771846e+00
-6.190855706030690131e-01
-8.086828116755016893e+00
-3.129115967583536051e+00
-1.999983555279053693e+00
-5.334794602949182618e+00
-2.374577455934578030e+00
-1.463709179277316919e+00
-6.136159975872278238e+00
-1.000000000000000000e+00
-2.581823649918996710e-01
-5.452945362530058127e+00
4.203915023991749988e-01
-5.328880186449167056e+00
-1.635614650281275173e+00
-6.438921583357469558e+00
-3.247944218093755886e+00
-7.130820422152388538e+00
-6.833627160921891264e-01
-4.032055802992680071e+00
-2.941033336585774816e+00
-5.193729787951109067e+00
-9.673126365940643012e-01
-6.898353738942184066e+00
-3.971842714125713325e+00
-5.619320252649754543e+00
-3.728850911173620553e+00
-6.563307029320092134e+00
-2.196876274466708967e+00
-6.187501611987570094e+00
-1.413334681608992671e+00
-3.945276470817463910e+00
-3.947908539145049023e+00
-4.077170179923552240e+00
-3.381666989930359968e+00
-4.148709039880893457e+00
-4.854643962175516414e+00
-5.690128329775306248e+00
-3.210233840925658999e+00
-5.212956376552556392e+00
-4.843833123881914560e+00
-4.641313157883621976e+00
-4.787666744309486688e+00
-6.544068022635552317e+00
-3.931011417365424698e+00
3.809125125463436734e-01
-5.183994314613093124e+00
-4.279400868246573175e+00
-9.984482855311903604e-01
-5.502321023341436579e+00
-3.687688107401068560e+00
3.000000000000000000e+00
-2.544068022635552317e+00
-3.707226926800899935e+00
1.529276769782842438e+00
