3.550014660720552229e+01
3.550014660720552229e+01
8.239401652423381961e+00
8.239401652423381961e+00
6.805540223372242181e+00
2.799789935945977248e+00
1.900797282121700515e+00
1.211536154419914357e+00
1.211536154419914357e+00
9.640727821483571214e-01
9.640727821483571214e-01
9.640727821483571214e-01
9.640727821483571214e-01
9.640727821483571214e-01
9.228867020946103228e-01
9.228867020946103228e-01
9.228867020946103228e-01
9.228867020946103228e-01
9.228867020946103228e-01
9.228867020946103228e-01
9.228867020946103228e-01
9.228867020946103228e-01
9.228867020946103228e-01
9.228867020946103228e-01
9.228867020946103228e-01
8.231873460293772649e-01
6.953232039717326396e-01
6.953232039717326396e-01
6.953232039717326396e-01
6.953232039717326396e-01
6.953232039717326396e-01
6.953232039717326396e-01
6.953232039717326396e-01
6.953232039717326396e-01
6.953232039717326396e-01
6.953232039717326396e-01
6.953232039717326396e-01
6.953232039717326396e-01
6.953232039717326396e-01
6.953232039717326396e-01
6.953232039717326396e-01
6.953232039717326396e-01
6.906567862850307993e-01
6.906567862850307993e-01
6.906567862850307993e-01
6.906567862850307993e-01
6.906567862850307993e-01
4.634684737678791966e-01
4.634684737678791966e-01
4.634684737678791966e-01
4.634684737678791966e-01
4.634684737678791966e-01
4.634684737678791966e-01
4.634684737678791966e-01
4.127905890139451639e-01
4.127905890139451639e-01
4.127905890139451639e-01
4.127905890139451639e-01
4.049619474053371415e-01
4.049619474053371415e-01
2.536170883238470508e-01
2.424288027040330529e-01
2.424288027040330529e-01
2.424288027040330529e-01
2.293666059308452354e-01
2.293666059308452354e-01
2.072940408776150489e-01
2.072940408776150489e-01
2.072940408776150489e-01
2.072940408776150489e-01
2.072940408776150489e-01
1.283042544577565058e-01
1.283042544577565058e-01
1.283042544577565058e-01
1.283042544577565058e-01
1.283042544577565058e-01
1.283042544577565058e-01
1.283042544577565058e-01
1.283042544577565058e-01
1.283042544577565058e-01
1.283042544577565058e-01
1.283042544577565058e-01
1.283042544577565058e-01
1.283042544577565058e-01
1.283042544577565058e-01
1.205354420374700058e-01
1.205354420374700058e-01
1.205354420374700058e-01
1.063787081313082444e-01
1.063787081313082444e-01
7.873437983192130285e-02
7.873437983192130285e-02
7.873437983192130285e-02
7.873437983192130285e-02
7.873437983192130285e-02
7.671598530768965196e-02
7.671598530768965196e-02
7.671598530768965196e-02
7.671598530768965196e-02
7.671598530768965196e-02
7.671598530768965196e-02
7.671598530768965196e-02
7.671598530768965196e-02
7.600702464129838187e-02
7.600702464129838187e-02
7.600702464129838187e-02
7.600702464129838187e-02
7.600702464129838187e-02
7.600702464129838187e-02
7.600702464129838187e-02
7.600702464129838187e-02
7.600702464129838187e-02
7.600702464129838187e-02
7.600702464129838187e-02
7.600702464129838187e-02
7.600702464129838187e-02
6.391983290259513339e-02
6.391983290259513339e-02
5.898854889665283013e-02
5.898854889665283013e-02
5.898854889665283013e-02
5.898854889665283013e-02
5.898854889665283013e-02
5.864331104926090443e-02
5.864331104926090443e-02
5.864331104926090443e-02
5.864331104926090443e-02
5.864331104926090443e-02
5.864331104926090443e-02
5.864331104926090443e-02
5.864331104926090443e-02
5.864331104926090443e-02
5.864331104926090443e-02
5.864331104926090443e-02
5.864331104926090443e-02
5.864331104926090443e-02
5.864331104926090443e-02
5.864331104926090443e-02
5.864331104926090443e-02
5.864331104926090443e-02
5.864331104926090443e-02
5.864331104926090443e-02
5.864331104926090443e-02
5.864331104926090443e-02
5.674295426793005831e-02
5.674295426793005831e-02
5.674295426793005831e-02
5.674295426793005831e-02
5.674295426793005831e-02
5.143954997021186332e-02
5.143954997021186332e-02
5.143954997021186332e-02
5.143954997021186332e-02
5.143954997021186332e-02
5.143954997021186332e-02
5.143954997021186332e-02
5.079485472826029274e-02
5.079485472826029274e-02
5.050063196144768951e-02
5.033783139756978220e-02
5.031084225326306475e-02
5.030565979979956942e-02
5.030494719130249037e-02
5.030462091865918473e-02
5.030446827703387302e-02
5.030446827703387302e-02
5.030446827703387302e-02
5.030446827703387302e-02
5.030441630174385670e-02
5.030441630174385670e-02
5.030441630174385670e-02
5.030441630174385670e-02
5.030441630174385670e-02
5.030441630174385670e-02
5.030441630174385670e-02
5.030441630174385670e-02
5.030441630174385670e-02
5.030441630174385670e-02
5.030441630174385670e-02
5.030441630174385670e-02
5.030441630174385670e-02
5.030441630174385670e-02
5.030441630174385670e-02
5.030441630174385670e-02
5.030441439486116328e-02
5.030441439486116328e-02
5.030441439486116328e-02
5.030441439486116328e-02
5.030440845990370030e-02
5.030440845990370030e-02
5.030440845990370030e-02
5.030437360527700158e-02
5.030437360527700158e-02
5.030437360527700158e-02
5.030437360527700158e-02
5.030437360527700158e-02
5.030437360527700158e-02
5.030437360527700158e-02
5.030437360527700158e-02
5.030437360527700158e-02
