3.520555377249063156e+01
2.844286725891860712e+01
2.584340112586904681e+01
1.117802442046245304e+01
2.611612609435234766e+00
8.854371338483240095e-01
6.809516159960365966e-01
5.657670020759897334e-01
5.657670020759897334e-01
5.657670020759897334e-01
5.657670020759897334e-01
5.300966415075141214e-01
5.300966415075141214e-01
5.300966415075141214e-01
5.300966415075141214e-01
5.300966415075141214e-01
5.300966415075141214e-01
5.300966415075141214e-01
5.300966415075141214e-01
5.300966415075141214e-01
5.300966415075141214e-01
5.300966415075141214e-01
5.300966415075141214e-01
5.300966415075141214e-01
5.300966415075141214e-01
5.300966415075141214e-01
5.300966415075141214e-01
5.300966415075141214e-01
5.300966415075141214e-01
4.955226743641757969e-01
4.955226743641757969e-01
4.955226743641757969e-01
4.955226743641757969e-01
4.955226743641757969e-01
4.955226743641757969e-01
4.955226743641757969e-01
3.893566374113401896e-01
3.893566374113401896e-01
3.678133697760175291e-01
3.678133697760175291e-01
3.678133697760175291e-01
3.678133697760175291e-01
3.678133697760175291e-01
3.678133697760175291e-01
3.678133697760175291e-01
3.678133697760175291e-01
3.239960410834819005e-01
3.239960410834819005e-01
3.239960410834819005e-01
3.239960410834819005e-01
3.061703250118520403e-01
3.061703250118520403e-01
3.061703250118520403e-01
3.061703250118520403e-01
3.061703250118520403e-01
3.061703250118520403e-01
3.061703250118520403e-01
2.787544796097617961e-01
2.576088748550954266e-01
2.524875874127454067e-01
2.524875874127454067e-01
2.524875874127454067e-01
2.524875874127454067e-01
2.524875874127454067e-01
2.524875874127454067e-01
2.524875874127454067e-01
2.524875874127454067e-01
2.524875874127454067e-01
2.524875874127454067e-01
2.487099872641907738e-01
2.487099872641907738e-01
2.487099872641907738e-01
2.487099872641907738e-01
2.487099872641907738e-01
2.487099872641907738e-01
2.487099872641907738e-01
2.487099872641907738e-01
2.487099872641907738e-01
2.487099872641907738e-01
2.124249740484847604e-01
2.124249740484847604e-01
2.124249740484847604e-01
2.124249740484847604e-01
2.124249740484847604e-01
2.124249740484847604e-01
2.124249740484847604e-01
2.124249740484847604e-01
2.124249740484847604e-01
2.124249740484847604e-01
2.124249740484847604e-01
2.124249740484847604e-01
1.908279446090116738e-01
1.908279446090116738e-01
1.908279446090116738e-01
1.908279446090116738e-01
1.908279446090116738e-01
1.908279446090116738e-01
1.908279446090116738e-01
1.908279446090116738e-01
1.908279446090116738e-01
1.908279446090116738e-01
1.908279446090116738e-01
1.908279446090116738e-01
1.908279446090116738e-01
1.908279446090116738e-01
1.908279446090116738e-01
1.908279446090116738e-01
1.908279446090116738e-01
1.908279446090116738e-01
1.908279446090116738e-01
1.908279446090116738e-01
1.908279446090116738e-01
1.908279446090116738e-01
1.908279446090116738e-01
1.908279446090116738e-01
1.908279446090116738e-01
1.908279446090116738e-01
1.908279446090116738e-01
1.875253232483983790e-01
1.875253232483983790e-01
1.875253232483983790e-01
1.875253232483983790e-01
1.875253232483983790e-01
1.766765343137046695e-01
1.766765343137046695e-01
1.766765343137046695e-01
1.766765343137046695e-01
1.766765343137046695e-01
1.766765343137046695e-01
1.766765343137046695e-01
1.766765343137046695e-01
1.766765343137046695e-01
1.766765343137046695e-01
1.766765343137046695e-01
1.766765343137046695e-01
1.766765343137046695e-01
1.766765343137046695e-01
1.766765343137046695e-01
1.766765343137046695e-01
1.766765343137046695e-01
1.766765343137046695e-01
1.766765343137046695e-01
1.766765343137046695e-01
1.766765343137046695e-01
1.761187083576881973e-01
1.761187083576881973e-01
1.755220629267310872e-01
1.755220629267310872e-01
1.753373866676334603e-01
1.753373866676334603e-01
1.753373866676334603e-01
1.753373866676334603e-01
1.753373866676334603e-01
1.752647580446408393e-01
1.752443847832071966e-01
1.752407408250223619e-01
1.752398692805994251e-01
1.752397139731353415e-01
1.752397139731353415e-01
1.752397139731353415e-01
1.752397139731353415e-01
1.752397139731353415e-01
1.752397139731353415e-01
1.752397139731353415e-01
1.752397139731353415e-01
1.752397123984167360e-01
1.752397123984167360e-01
1.752397090121971535e-01
1.752397090121971535e-01
1.751493725525832823e-01
1.751493725525832823e-01
1.751493725525832823e-01
1.751493725525832823e-01
1.751493725525832823e-01
1.751493725525832823e-01
1.751493725525832823e-01
1.751493725525832823e-01
1.651531567573339132e-01
1.649989875834808883e-01
1.649989875834808883e-01
1.649989875834808883e-01
1.649989875834808883e-01
1.649989875834808883e-01
1.649989875834808883e-01
1.649989875834808883e-01
1.649989875834808883e-01
1.649666624737887721e-01
1.649658604883638413e-01
1.649658604883638413e-01
1.649649272894272434e-01
1.649649272894272434e-01
1.649649272894272434e-01
1.649649272894272434e-01
1.649649272894272434e-01
1.649647146399183806e-01
1.649646256116367726e-01
1.649646256116367726e-01
1.649646256116367726e-01
1.649646256116367726e-01
1.649646146763477095e-01
