2.529589131632381793e+01
2.529589131632381793e+01
2.463764108760894089e+01
1.701042484068750582e+01
1.701042484068750582e+01
1.403015861803508812e+01
1.390541820337861267e+01
9.441948025435310754e+00
4.848811545138098644e+00
3.673046716392460720e+00
3.515574218076980006e+00
3.180105045051214052e+00
3.180105045051214052e+00
3.141584616233367377e+00
2.161199563985623406e+00
2.161199563985623406e+00
2.161199563985623406e+00
2.161199563985623406e+00
2.161199563985623406e+00
2.161199563985623406e+00
1.879928143339098412e+00
1.863097061306241198e+00
1.863097061306241198e+00
1.697080438307742245e+00
1.697080438307742245e+00
1.697080438307742245e+00
1.697080438307742245e+00
1.697080438307742245e+00
1.697080438307742245e+00
1.697080438307742245e+00
1.697080438307742245e+00
1.697080438307742245e+00
1.697080438307742245e+00
1.697080438307742245e+00
1.697080438307742245e+00
1.697080438307742245e+00
1.298449346948350902e+00
1.298449346948350902e+00
1.298449346948350902e+00
1.298449346948350902e+00
1.298449346948350902e+00
1.298449346948350902e+00
1.277496828193346978e+00
1.277496828193346978e+00
1.277496828193346978e+00
1.277496828193346978e+00
1.277496828193346978e+00
1.277496828193346978e+00
1.241480945853920437e+00
1.241480945853920437e+00
1.241480945853920437e+00
1.241480945853920437e+00
1.241480945853920437e+00
1.241480945853920437e+00
1.211361083529377325e+00
1.211361083529377325e+00
1.039476958190464373e+00
1.039476958190464373e+00
1.039476958190464373e+00
1.039476958190464373e+00
1.039476958190464373e+00
1.039476958190464373e+00
1.032760385206214826e+00
1.032760385206214826e+00
1.032760385206214826e+00
1.032760385206214826e+00
1.032760385206214826e+00
1.032760385206214826e+00
1.032760385206214826e+00
1.032760385206214826e+00
9.894548465571216811e-01
9.894548465571216811e-01
9.894548465571216811e-01
9.894548465571216811e-01
9.894548465571216811e-01
9.894548465571216811e-01
9.894548465571216811e-01
9.894548465571216811e-01
9.894548465571216811e-01
9.894548465571216811e-01
9.894548465571216811e-01
9.894548465571216811e-01
9.894548465571216811e-01
9.894548465571216811e-01
9.894548465571216811e-01
9.894548465571216811e-01
9.894548465571216811e-01
9.894548465571216811e-01
9.447128000653398638e-01
9.447128000653398638e-01
9.447128000653398638e-01
9.447128000653398638e-01
9.447128000653398638e-01
9.447128000653398638e-01
9.447128000653398638e-01
9.447128000653398638e-01
9.447128000653398638e-01
9.425733744572242223e-01
9.425733744572242223e-01
9.425733744572242223e-01
9.425733744572242223e-01
9.425733744572242223e-01
9.425733744572242223e-01
9.425733744572242223e-01
9.425733744572242223e-01
9.425733744572242223e-01
9.425733744572242223e-01
9.282174609188111880e-01
9.282174609188111880e-01
9.282174609188111880e-01
9.282174609188111880e-01
9.263725420405406474e-01
9.169029273093920462e-01
9.169029273093920462e-01
9.169029273093920462e-01
9.169029273093920462e-01
9.169029273093920462e-01
9.169029273093920462e-01
9.169029273093920462e-01
9.169029273093920462e-01
9.073243653193444613e-01
9.073243653193444613e-01
9.073243653193444613e-01
9.073243653193444613e-01
9.073243653193444613e-01
9.073243653193444613e-01
9.073243653193444613e-01
9.073243653193444613e-01
9.073243653193444613e-01
8.986209913130602800e-01
8.800560143563163074e-01
8.351703064101176910e-01
8.351703064101176910e-01
8.351703064101176910e-01
8.351703064101176910e-01
8.351703064101176910e-01
7.717649071113916737e-01
7.098404881106368247e-01
6.734844100700676517e-01
6.734844100700676517e-01
6.688558677662010954e-01
6.688558677662010954e-01
5.959440219641205516e-01
5.959440219641205516e-01
5.959440219641205516e-01
5.959440219641205516e-01
4.416890239681428576e-01
4.416890239681428576e-01
4.416890239681428576e-01
4.416890239681428576e-01
4.416890239681428576e-01
4.416890239681428576e-01
4.416890239681428576e-01
4.416890239681428576e-01
4.416890239681428576e-01
4.416890239681428576e-01
4.416890239681428576e-01
4.416890239681428576e-01
4.416890239681428576e-01
4.416890239681428576e-01
4.416890239681428576e-01
4.416890239681428576e-01
4.416890239681428576e-01
4.416890239681428576e-01
4.416890239681428576e-01
4.315952460372312061e-01
3.860807062816434820e-01
3.860807062816434820e-01
3.860807062816434820e-01
3.860278536478180533e-01
3.620851863127405590e-01
3.589185926071665200e-01
2.876134762464110928e-01
2.876134762464110928e-01
2.876134762464110928e-01
2.876134762464110928e-01
2.876134762464110928e-01
2.876134762464110928e-01
2.876134762464110928e-01
2.840002715465432259e-01
2.840002715465432259e-01
2.493949993111804209e-01
2.470149314803935514e-01
2.395453254411858413e-01
2.395453254411858413e-01
2.324442451399948983e-01
2.324442451399948983e-01
2.122788465624265986e-01
2.107969294866791909e-01
2.107751467293003944e-01
2.107742530320781404e-01
1.969835155802404092e-01
1.934720399646383260e-01
1.933372398086175836e-01
1.922944647175872379e-01
1.902601339553633142e-01
1.899221987227613373e-01
1.898708729300106757e-01
1.898597297047202315e-01
1.898593996710832288e-01
