3.784139171112916245e+01
3.784139171112916245e+01
3.393143572476181902e+01
2.041394817375984871e+01
1.550309282957139878e+01
1.069801302345856087e+01
8.084269012634434759e+00
7.005373195559362109e+00
4.918607656169104558e+00
4.918607656169104558e+00
4.918607656169104558e+00
4.918607656169104558e+00
4.918607656169104558e+00
4.918607656169104558e+00
4.918607656169104558e+00
4.918607656169104558e+00
4.918607656169104558e+00
4.918607656169104558e+00
4.918607656169104558e+00
4.810913934425110838e+00
4.810913934425110838e+00
4.810913934425110838e+00
4.685704286614099878e+00
4.685704286614099878e+00
4.685704286614099878e+00
4.685704286614099878e+00
4.685704286614099878e+00
4.598736162547858441e+00
4.598736162547858441e+00
4.349648195916690163e+00
4.349648195916690163e+00
4.349648195916690163e+00
4.349648195916690163e+00
4.349648195916690163e+00
4.349648195916690163e+00
4.283633666076121393e+00
3.970033327533368350e+00
3.970033327533368350e+00
3.970033327533368350e+00
3.963135570149939113e+00
3.963135570149939113e+00
3.963135570149939113e+00
3.832380362128412266e+00
3.832380362128412266e+00
3.832380362128412266e+00
3.744077684206128964e+00
3.744077684206128964e+00
3.744077684206128964e+00
3.718220781118509066e+00
3.718220781118509066e+00
3.709286457492335654e+00
3.709286457492335654e+00
3.709286457492335654e+00
3.709286457492335654e+00
3.709286457492335654e+00
3.709286457492335654e+00
3.709286457492335654e+00
3.594827056625621076e+00
3.558322803753072083e+00
3.558322803753072083e+00
3.558322803753072083e+00
3.558322803753072083e+00
3.558322803753072083e+00
3.558322803753072083e+00
3.558322803753072083e+00
3.558322803753072083e+00
3.558322803753072083e+00
3.558322803753072083e+00
3.558322803753072083e+00
3.558322803753072083e+00
3.558322803753072083e+00
3.558322803753072083e+00
3.558322803753072083e+00
3.558322803753072083e+00
3.558322803753072083e+00
3.558322803753072083e+00
3.551923774514546217e+00
3.551923774514546217e+00
3.551923774514546217e+00
3.551923774514546217e+00
3.551923774514546217e+00
3.551923774514546217e+00
3.551923774514546217e+00
3.543070931071044427e+00
3.519399605248145324e+00
3.519399605248145324e+00
3.519399605248145324e+00
3.519399605248145324e+00
3.519399605248145324e+00
3.505034055597152864e+00
3.505034055597152864e+00
3.505034055597152864e+00
3.505034055597152864e+00
3.505034055597152864e+00
3.505034055597152864e+00
3.505034055597152864e+00
3.498564630400260000e+00
3.498564630400260000e+00
3.498564630400260000e+00
3.498564630400260000e+00
3.498564630400260000e+00
3.498564630400260000e+00
3.498564630400260000e+00
3.498564630400260000e+00
3.498564630400260000e+00
3.498564630400260000e+00
3.498564630400260000e+00
3.498564630400260000e+00
3.498564630400260000e+00
3.498564630400260000e+00
3.464740524266999522e+00
3.464740524266999522e+00
3.464740524266999522e+00
3.464740524266999522e+00
3.464740524266999522e+00
3.463696265531906349e+00
3.463696265531906349e+00
3.463696265531906349e+00
3.463696265531906349e+00
3.459084511763511838e+00
3.459084511763511838e+00
3.459084511763511838e+00
3.457560370892416302e+00
3.457560370892416302e+00
3.457560370892416302e+00
3.457560370892416302e+00
3.457560370892416302e+00
3.456443569967573737e+00
3.456443569967573737e+00
3.456443569967573737e+00
3.456443569967573737e+00
3.456443569967573737e+00
3.436877218331195749e+00
3.430203974282154178e+00
3.430203974282154178e+00
3.430203974282154178e+00
3.430203974282154178e+00
3.430203974282154178e+00
3.430203974282154178e+00
3.430203974282154178e+00
3.430203974282154178e+00
3.430203974282154178e+00
3.430203974282154178e+00
3.430203974282154178e+00
3.430203974282154178e+00
3.430203974282154178e+00
3.430203974282154178e+00
3.430203974282154178e+00
3.430203974282154178e+00
3.430203974282154178e+00
3.430203974282154178e+00
3.430203974282154178e+00
3.422079511189895396e+00
3.420746726997150766e+00
3.418856966567034306e+00
3.418856966567034306e+00
3.418856966567034306e+00
3.418105692457465761e+00
3.418105692457465761e+00
3.418105692457465761e+00
3.418105692457465761e+00
3.418105692457465761e+00
3.418105692457465761e+00
3.418105692457465761e+00
3.417521492341242251e+00
3.416877150852236866e+00
3.416877150852236866e+00
3.415784549723196228e+00
3.415630783363009293e+00
3.415607341845393385e+00
3.415603655336481914e+00
3.415169181209978255e+00
3.415068723123340533e+00
3.414977443193391249e+00
3.414924149196588044e+00
3.414917571680294195e+00
3.414901733717131016e+00
3.414899601311957689e+00
3.413363359900812632e+00
3.412748333071289331e+00
3.412748333071289331e+00
3.412734951008697060e+00
3.410691053545868101e+00
3.410424848008610343e+00
3.410424848008610343e+00
3.403953312210443727e+00
3.403953312210443727e+00
3.403229188929512983e+00
3.403162255918176449e+00
3.403158281632884474e+00
3.402499491435535539e+00
3.402181204387570101e+00
3.401912261107710833e+00
3.401896983219332427e+00
3.401896193326937379e+00
3.401896193326937379e+00
3.401882315522224864e+00
3.401869838666256030e+00
3.401869207522772331e+00
3.401869207522772331e+00
