5.490653295729912742e+01
1.763382131349247217e+01
1.763382131349247217e+01
1.763382131349247217e+01
1.763382131349247217e+01
6.145981703143105435e+00
6.145981703143105435e+00
6.145981703143105435e+00
1.954505284188167602e+00
1.810995663244475029e+00
1.810995663244475029e+00
4.888770128152821193e-01
4.888770128152821193e-01
4.888770128152821193e-01
4.888770128152821193e-01
4.888770128152821193e-01
4.788988730090415480e-01
4.788988730090415480e-01
4.788988730090415480e-01
4.788988730090415480e-01
4.788988730090415480e-01
3.426758827058675183e-01
3.426758827058675183e-01
3.426758827058675183e-01
3.426758827058675183e-01
3.426758827058675183e-01
3.426758827058675183e-01
3.426758827058675183e-01
2.868619760924443485e-01
2.868619760924443485e-01
2.868619760924443485e-01
2.868619760924443485e-01
2.868619760924443485e-01
2.868619760924443485e-01
2.868619760924443485e-01
2.731942341359265836e-01
2.731942341359265836e-01
2.731942341359265836e-01
2.731942341359265836e-01
2.055527415844311812e-01
2.055527415844311812e-01
2.055527415844311812e-01
2.055527415844311812e-01
2.055527415844311812e-01
2.055527415844311812e-01
2.055527415844311812e-01
1.496085718633152484e-01
1.496085718633152484e-01
1.496085718633152484e-01
1.496085718633152484e-01
1.496085718633152484e-01
1.496085718633152484e-01
1.496085718633152484e-01
1.496085718633152484e-01
1.496085718633152484e-01
1.496085718633152484e-01
1.496085718633152484e-01
1.496085718633152484e-01
1.496085718633152484e-01
1.397662842518625770e-01
1.397662842518625770e-01
1.321858599017334268e-01
1.321858599017334268e-01
1.321858599017334268e-01
1.321858599017334268e-01
1.321858599017334268e-01
1.321858599017334268e-01
1.321858599017334268e-01
1.096292479198639064e-01
1.096292479198639064e-01
1.096292479198639064e-01
1.096292479198639064e-01
1.096292479198639064e-01
1.096292479198639064e-01
1.080005665087618860e-01
1.080005665087618860e-01
1.080005665087618860e-01
1.080005665087618860e-01
1.080005665087618860e-01
1.080005665087618860e-01
1.080005665087618860e-01
1.080005665087618860e-01
1.080005665087618860e-01
1.080005665087618860e-01
1.073463122296888506e-01
1.073463122296888506e-01
1.073463122296888506e-01
1.073463122296888506e-01
1.073463122296888506e-01
1.073463122296888506e-01
1.073463122296888506e-01
1.073463122296888506e-01
1.073463122296888506e-01
1.073463122296888506e-01
1.073463122296888506e-01
1.073463122296888506e-01
1.073463122296888506e-01
1.073463122296888506e-01
8.835922155310635406e-02
8.835922155310635406e-02
8.835922155310635406e-02
8.835922155310635406e-02
8.835922155310635406e-02
8.835922155310635406e-02
8.835922155310635406e-02
8.835922155310635406e-02
8.835922155310635406e-02
8.835922155310635406e-02
8.835922155310635406e-02
8.835922155310635406e-02
8.785101136387733767e-02
8.785101136387733767e-02
8.785101136387733767e-02
8.785101136387733767e-02
8.476434080472418364e-02
8.393201840273267766e-02
8.393201840273267766e-02
8.393201840273267766e-02
8.393201840273267766e-02
8.351461215637484559e-02
8.351461215637484559e-02
8.351461215637484559e-02
8.351461215637484559e-02
7.892589942519084856e-02
7.892589942519084856e-02
7.892589942519084856e-02
7.892589942519084856e-02
7.892589942519084856e-02
7.892589942519084856e-02
7.892589942519084856e-02
7.892589942519084856e-02
7.892589942519084856e-02
7.830331171851925842e-02
7.830331171851925842e-02
7.830331171851925842e-02
7.830331171851925842e-02
7.774424533965480777e-02
7.767689367490507313e-02
7.767689367490507313e-02
7.767689367490507313e-02
7.767689367490507313e-02
7.572214293767495774e-02
7.572214293767495774e-02
7.572214293767495774e-02
7.572214293767495774e-02
7.572214293767495774e-02
7.572214293767495774e-02
7.481539966802036590e-02
7.481539966802036590e-02
7.481539966802036590e-02
7.481539966802036590e-02
7.481539966802036590e-02
7.481539966802036590e-02
7.478021622458658202e-02
7.478021622458658202e-02
7.478021622458658202e-02
7.478021622458658202e-02
7.478021622458658202e-02
7.317009895501620786e-02
7.317009895501620786e-02
7.317009895501620786e-02
7.317009895501620786e-02
7.317009895501620786e-02
7.317009895501620786e-02
7.317009895501620786e-02
7.317009895501620786e-02
7.317009895501620786e-02
7.317009895501620786e-02
7.317009895501620786e-02
7.317009895501620786e-02
7.317009895501620786e-02
7.317009895501620786e-02
7.317009895501620786e-02
7.317009895501620786e-02
7.317009895501620786e-02
7.317009895501620786e-02
7.317009895501620786e-02
7.317009895501620786e-02
7.306647419432783785e-02
7.304681716062283447e-02
6.373477827572723853e-02
6.113649543839270312e-02
6.107131218878580209e-02
6.106678013148839068e-02
6.106631757116547099e-02
6.095246052768878153e-02
6.093473018682179360e-02
6.093330270027556839e-02
6.093330270027556839e-02
6.089138781811607309e-02
6.089028770950241642e-02
6.087029245973593627e-02
6.086042065915718557e-02
6.085954335714225533e-02
6.085812010590019999e-02
6.085780336396207774e-02
6.085779441618387187e-02
6.085776658171502401e-02
6.085776658171502401e-02
6.085776658171502401e-02
