1.110388205561299344e+02
4.737166339303824714e+01
4.506482600024445873e+01
4.114574010746146371e+01
3.267512158123282973e+01
1.503723918587943942e+01
6.716998377720992508e+00
2.382718056575689580e+00
2.382718056575689580e+00
1.269129078916750419e+00
1.269129078916750419e+00
7.472792184524911230e-01
7.472792184524911230e-01
7.472792184524911230e-01
7.472792184524911230e-01
7.472792184524911230e-01
7.084332045981381887e-01
4.520171054715843573e-01
4.375046037735876858e-01
4.375046037735876858e-01
4.375046037735876858e-01
4.175495890818344824e-01
4.070193347751863699e-01
4.070193347751863699e-01
3.510487574772802044e-01
3.510487574772802044e-01
3.510487574772802044e-01
3.274363460139225190e-01
3.274363460139225190e-01
3.274363460139225190e-01
2.347468745970554271e-01
2.347468745970554271e-01
2.347468745970554271e-01
1.845095902279897393e-01
1.845095902279897393e-01
1.106627713298756477e-01
1.106627713298756477e-01
1.106627713298756477e-01
1.106627713298756477e-01
1.106627713298756477e-01
1.106627713298756477e-01
9.201853926838296505e-02
9.201853926838296505e-02
9.201853926838296505e-02
9.201853926838296505e-02
9.201853926838296505e-02
9.201853926838296505e-02
9.201853926838296505e-02
9.201853926838296505e-02
9.201853926838296505e-02
9.201853926838296505e-02
9.201853926838296505e-02
9.201853926838296505e-02
9.201853926838296505e-02
9.201853926838296505e-02
9.201853926838296505e-02
9.201853926838296505e-02
9.180181888973004689e-02
9.180181888973004689e-02
9.180181888973004689e-02
9.180181888973004689e-02
9.180181888973004689e-02
9.180181888973004689e-02
9.180181888973004689e-02
9.180181888973004689e-02
9.180181888973004689e-02
9.180181888973004689e-02
9.180181888973004689e-02
9.180181888973004689e-02
9.180181888973004689e-02
9.016221059227291779e-02
9.016221059227291779e-02
7.964541532112034972e-02
7.964541532112034972e-02
7.964541532112034972e-02
7.964541532112034972e-02
7.864863810335520622e-02
7.864863810335520622e-02
7.864863810335520622e-02
7.864863810335520622e-02
7.435378945277996976e-02
7.435378945277996976e-02
7.435378945277996976e-02
7.435378945277996976e-02
7.435378945277996976e-02
7.435378945277996976e-02
7.435378945277996976e-02
7.435378945277996976e-02
7.435378945277996976e-02
7.435378945277996976e-02
7.435378945277996976e-02
7.435378945277996976e-02
7.435378945277996976e-02
7.435378945277996976e-02
5.800378303989785211e-02
5.800378303989785211e-02
5.800378303989785211e-02
5.800378303989785211e-02
5.800378303989785211e-02
5.800378303989785211e-02
5.800378303989785211e-02
5.800378303989785211e-02
5.742278329984485535e-02
5.720678693907159384e-02
5.716009119517032749e-02
5.715057468647728733e-02
5.714940686961590688e-02
5.714940686961590688e-02
5.705300880493759802e-02
5.701363683095467261e-02
5.699634335964516574e-02
5.698905093733071248e-02
5.698570295030733895e-02
5.698429456458774939e-02
5.698354291551580714e-02
5.698336377409685821e-02
5.698321415764489445e-02
5.698317801649790959e-02
5.698301325313925164e-02
5.698301325313925164e-02
5.698301325313925164e-02
5.698301325313925164e-02
5.698301325313925164e-02
5.698301325313925164e-02
5.698301325313925164e-02
5.698300873390448745e-02
5.698300873390448745e-02
5.698300873390448745e-02
5.698300873390448745e-02
5.698298541886385321e-02
5.698298541886385321e-02
5.698298541886385321e-02
5.659095345342030070e-02
5.659095345342030070e-02
5.659095345342030070e-02
5.659095345342030070e-02
5.659095345342030070e-02
5.658429858289958092e-02
5.621622354686509060e-02
5.621622354686509060e-02
5.621622354686509060e-02
5.621622354686509060e-02
5.621622354686509060e-02
5.621622354686509060e-02
5.621622354686509060e-02
5.621622354686509060e-02
5.621622354686509060e-02
5.621622354686509060e-02
5.621622354686509060e-02
5.621622354686509060e-02
5.621622354686509060e-02
5.621622354686509060e-02
5.621622354686509060e-02
5.609868781342569610e-02
5.609868781342569610e-02
5.609868781342569610e-02
5.609868781342569610e-02
5.608093215328065206e-02
5.608093215328065206e-02
5.608041200697351514e-02
5.608041200697351514e-02
5.607749304479656138e-02
5.607727055485385581e-02
5.607727055485385581e-02
5.607727055485385581e-02
5.607727055485385581e-02
5.607606052046681250e-02
5.607575980208310412e-02
5.607570252244463427e-02
5.607570252244463427e-02
5.607570252244463427e-02
5.607570252244463427e-02
5.607570252244463427e-02
5.607570252244463427e-02
5.607570252244463427e-02
5.607570252244463427e-02
5.607570252244463427e-02
5.587554237370648963e-02
5.569973401509452360e-02
5.568373350756764678e-02
5.568208821605304809e-02
5.568192337848937301e-02
5.568192337848937301e-02
5.568190543535665726e-02
5.568184335518967104e-02
5.532899127597885880e-02
5.254630911556480710e-02
5.254630911556480710e-02
5.207372272177560046e-02
5.205093499647833744e-02
5.204972074397694326e-02
5.204966448054263589e-02
5.204965789786700214e-02
5.204965090536853994e-02
5.204964660359521350e-02
5.204964660359521350e-02
5.204964660359521350e-02
5.204964660359521350e-02
5.204964660359521350e-02
5.204964660359521350e-02
