1.838818439047874875e+01
1.838818439047874875e+01
1.838818439047874875e+01
9.393176890914499921e+00
6.367578557337949974e+00
6.326544570208070262e+00
4.711344889208016085e+00
4.711344889208016085e+00
4.711344889208016085e+00
4.145369638166685355e+00
3.485469419407369429e+00
3.485469419407369429e+00
3.358777541400765010e+00
3.259291092065612183e+00
3.259291092065612183e+00
3.259291092065612183e+00
3.259291092065612183e+00
3.088055014118212593e+00
3.088055014118212593e+00
3.088055014118212593e+00
3.088055014118212593e+00
3.088055014118212593e+00
2.931769710915943072e+00
2.931769710915943072e+00
2.931769710915943072e+00
2.931769710915943072e+00
2.931769710915943072e+00
2.713337020257944765e+00
2.314217603557998437e+00
2.314217603557998437e+00
2.314217603557998437e+00
2.314217603557998437e+00
2.314217603557998437e+00
2.314217603557998437e+00
2.314217603557998437e+00
2.314217603557998437e+00
2.234331221088320607e+00
2.234331221088320607e+00
2.234331221088320607e+00
1.930441709385253723e+00
1.930441709385253723e+00
1.778885809429179954e+00
1.778885809429179954e+00
1.778885809429179954e+00
1.778885809429179954e+00
1.778885809429179954e+00
1.089969291046878119e+00
1.089969291046878119e+00
1.089969291046878119e+00
1.089969291046878119e+00
1.089969291046878119e+00
1.089969291046878119e+00
1.089969291046878119e+00
1.089969291046878119e+00
1.089969291046878119e+00
1.089969291046878119e+00
1.034621914921677543e+00
8.887397158318668389e-01
8.887397158318668389e-01
6.585227762409107122e-01
6.585227762409107122e-01
6.585227762409107122e-01
6.585227762409107122e-01
6.585227762409107122e-01
6.585227762409107122e-01
6.585227762409107122e-01
6.585227762409107122e-01
6.585227762409107122e-01
6.585227762409107122e-01
6.585227762409107122e-01
6.585227762409107122e-01
6.585227762409107122e-01
6.585227762409107122e-01
6.585227762409107122e-01
6.585227762409107122e-01
5.883994384027486646e-01
5.433375516581365750e-01
5.433375516581365750e-01
5.433375516581365750e-01
4.797749107152878278e-01
4.797749107152878278e-01
4.797749107152878278e-01
4.037250176073479135e-01
4.037250176073479135e-01
4.037250176073479135e-01
3.936270996136884692e-01
3.936270996136884692e-01
3.936270996136884692e-01
3.936270996136884692e-01
3.936270996136884692e-01
3.936270996136884692e-01
3.936270996136884692e-01
3.936270996136884692e-01
3.936270996136884692e-01
3.509309664278530416e-01
3.509309664278530416e-01
3.509309664278530416e-01
3.509309664278530416e-01
3.286794274267604843e-01
3.286794274267604843e-01
3.286794274267604843e-01
3.286794274267604843e-01
3.286794274267604843e-01
3.286794274267604843e-01
3.286794274267604843e-01
3.286794274267604843e-01
3.286794274267604843e-01
3.286794274267604843e-01
3.286794274267604843e-01
3.286794274267604843e-01
3.286794274267604843e-01
3.015973519462177843e-01
3.015973519462177843e-01
3.015973519462177843e-01
3.015973519462177843e-01
2.826521420644785842e-01
2.826521420644785842e-01
2.826521420644785842e-01
2.802782582548903334e-01
2.575043043229798267e-01
2.575043043229798267e-01
2.575043043229798267e-01
2.575043043229798267e-01
2.575043043229798267e-01
2.575043043229798267e-01
2.575043043229798267e-01
2.575043043229798267e-01
2.575043043229798267e-01
2.575043043229798267e-01
2.575043043229798267e-01
2.575043043229798267e-01
2.575043043229798267e-01
2.575043043229798267e-01
2.575043043229798267e-01
2.575043043229798267e-01
2.575043043229798267e-01
2.575043043229798267e-01
2.575043043229798267e-01
2.575043043229798267e-01
2.575043043229798267e-01
2.575043043229798267e-01
2.573512485677642014e-01
2.572946464554918822e-01
2.572882224379606231e-01
2.572870354155930017e-01
2.572869006380051893e-01
2.572867936316736159e-01
2.572867078376656624e-01
2.572867078376656624e-01
2.572866763499113696e-01
2.572865901940110667e-01
2.572865901940110667e-01
2.571885373530969354e-01
2.530830341551666418e-01
2.502145290812101686e-01
2.488841837123484946e-01
2.467106329984720681e-01
2.467106329984720681e-01
2.467106329984720681e-01
2.421384072069804050e-01
2.421384072069804050e-01
2.421384072069804050e-01
2.421384072069804050e-01
2.397682985766615427e-01
2.397682985766615427e-01
2.397682985766615427e-01
2.393252285790522793e-01
2.392947358061857377e-01
2.392947358061857377e-01
2.392821253381063884e-01
2.361959739869371744e-01
2.351724654774901557e-01
2.351562004027122621e-01
2.351562004027122621e-01
2.350152766028986706e-01
2.345984201376767886e-01
2.345397765941902302e-01
2.344631256675301090e-01
2.344396787412789673e-01
2.333240462897454570e-01
2.333240462897454570e-01
2.329976590332762110e-01
2.323328184111799199e-01
2.322879492911649746e-01
2.322375045656182857e-01
2.317721787041412962e-01
2.305048124591808634e-01
2.303834317334053361e-01
2.303754142407162808e-01
2.303750615396868984e-01
2.303749617721072285e-01
2.303749511136555239e-01
2.303749511136555239e-01
2.303749511136555239e-01
2.303749511136555239e-01
2.303749511136555239e-01
2.303700369087376687e-01
2.303700369087376687e-01
2.303695911435618415e-01
2.303691299054808905e-01
