6.009207947244434678e+01
2.826042293228231017e+01
5.109277103078280646e+00
2.098012741058898900e+00
1.115878743664436401e+00
1.115878743664436401e+00
2.940203145021353381e-01
2.940203145021353381e-01
2.940203145021353381e-01
2.940203145021353381e-01
2.940203145021353381e-01
2.940203145021353381e-01
2.940203145021353381e-01
2.940203145021353381e-01
2.940203145021353381e-01
2.940203145021353381e-01
2.416873441390784416e-01
2.416873441390784416e-01
2.416873441390784416e-01
2.416873441390784416e-01
2.416873441390784416e-01
2.416873441390784416e-01
2.416873441390784416e-01
2.416873441390784416e-01
2.416873441390784416e-01
2.416873441390784416e-01
1.338880422044632923e-01
1.338880422044632923e-01
1.338880422044632923e-01
1.338880422044632923e-01
1.338880422044632923e-01
1.338880422044632923e-01
1.338880422044632923e-01
1.338880422044632923e-01
1.338880422044632923e-01
1.338880422044632923e-01
1.338880422044632923e-01
1.338880422044632923e-01
1.338880422044632923e-01
1.338880422044632923e-01
1.338880422044632923e-01
1.338880422044632923e-01
1.338880422044632923e-01
1.338880422044632923e-01
1.338880422044632923e-01
1.338880422044632923e-01
1.338880422044632923e-01
1.338880422044632923e-01
1.338880422044632923e-01
1.338880422044632923e-01
1.338880422044632923e-01
1.338880422044632923e-01
1.338880422044632923e-01
1.338880422044632923e-01
1.303826084056216028e-01
1.303826084056216028e-01
1.303826084056216028e-01
1.243280315461337548e-01
1.243280315461337548e-01
1.243280315461337548e-01
1.243280315461337548e-01
1.243280315461337548e-01
1.243280315461337548e-01
1.108147952523037549e-01
1.108147952523037549e-01
1.108147952523037549e-01
1.108147952523037549e-01
1.108147952523037549e-01
1.108147952523037549e-01
1.108147952523037549e-01
1.108147952523037549e-01
1.108147952523037549e-01
1.108147952523037549e-01
1.108147952523037549e-01
1.108147952523037549e-01
1.108147952523037549e-01
1.108147952523037549e-01
1.108147952523037549e-01
1.108147952523037549e-01
1.108147952523037549e-01
8.560299789621654554e-02
8.560299789621654554e-02
8.560299789621654554e-02
8.560299789621654554e-02
8.560299789621654554e-02
8.560299789621654554e-02
8.560299789621654554e-02
8.560299789621654554e-02
8.560299789621654554e-02
8.560299789621654554e-02
8.560299789621654554e-02
8.560299789621654554e-02
8.560299789621654554e-02
7.988312083876589198e-02
7.988312083876589198e-02
7.988312083876589198e-02
7.409289612511475720e-02
7.409289612511475720e-02
7.409289612511475720e-02
7.409289612511475720e-02
7.409289612511475720e-02
7.409289612511475720e-02
7.409289612511475720e-02
7.409289612511475720e-02
7.409289612511475720e-02
7.409289612511475720e-02
7.409289612511475720e-02
7.409289612511475720e-02
7.409289612511475720e-02
7.409289612511475720e-02
7.409289612511475720e-02
7.409289612511475720e-02
7.409289612511475720e-02
7.409289612511475720e-02
7.409289612511475720e-02
7.409289612511475720e-02
7.409289612511475720e-02
7.409289612511475720e-02
7.409289612511475720e-02
7.384105005542945799e-02
7.384105005542945799e-02
7.384105005542945799e-02
7.384105005542945799e-02
7.384105005542945799e-02
7.384105005542945799e-02
7.384105005542945799e-02
7.384105005542945799e-02
7.379690796015433985e-02
7.379690796015433985e-02
7.379690796015433985e-02
7.372710447871767825e-02
7.370910047603802806e-02
7.015220235524270709e-02
7.015220235524270709e-02
7.015220235524270709e-02
7.015220235524270709e-02
7.015220235524270709e-02
7.015220235524270709e-02
7.015220235524270709e-02
7.015220235524270709e-02
7.015220235524270709e-02
7.015220235524270709e-02
7.015220235524270709e-02
7.015220235524270709e-02
6.989450877171338172e-02
6.989450877171338172e-02
6.989450877171338172e-02
6.989450877171338172e-02
6.984366234140512719e-02
6.984366234140512719e-02
6.984366234140512719e-02
6.984366234140512719e-02
6.984366234140512719e-02
6.984366234140512719e-02
6.981894676584063375e-02
6.981894676584063375e-02
6.981894676584063375e-02
6.981894676584063375e-02
6.970807924556939039e-02
6.962927111951704162e-02
6.961409728584407042e-02
6.961119469207241450e-02
6.961058136742258318e-02
6.961051251530540884e-02
6.961045511209437708e-02
6.961045511209437708e-02
6.961045511209437708e-02
6.961045511209437708e-02
6.961045511209437708e-02
6.961042425094758623e-02
6.961042425094758623e-02
6.961042425094758623e-02
6.961042425094758623e-02
6.961042425094758623e-02
6.961042425094758623e-02
6.961042425094758623e-02
6.961042425094758623e-02
6.961042425094758623e-02
6.961042425094758623e-02
6.961042425094758623e-02
6.952378672829953588e-02
6.952378672829953588e-02
6.952378672829953588e-02
6.952378672829953588e-02
6.952378672829953588e-02
6.952378672829953588e-02
6.952378672829953588e-02
6.848714811951438219e-02
6.848714811951438219e-02
6.848714811951438219e-02
6.836827513754445418e-02
6.836394815914738354e-02
6.836381338338631819e-02
6.836381338338631819e-02
6.836381338338631819e-02
6.836376159570886624e-02
6.836371384567506426e-02
6.836371384567506426e-02
6.824237278854949906e-02
6.824237278854949906e-02
