8.501500762492057106e+01
5.324344029661549627e+01
5.171001824032300220e+01
2.876472921152806350e+01
2.331029475332240963e+01
2.331029475332240963e+01
4.062264257237004017e+00
3.754359107750297575e+00
3.163648858122546592e+00
3.163648858122546592e+00
1.534554561322468036e+00
7.755398099234328546e-01
4.983211021340368529e-01
4.983211021340368529e-01
4.983211021340368529e-01
4.983211021340368529e-01
3.675375389170788543e-01
3.675375389170788543e-01
3.675375389170788543e-01
3.675375389170788543e-01
3.675375389170788543e-01
3.675375389170788543e-01
3.675375389170788543e-01
3.675375389170788543e-01
3.675375389170788543e-01
3.675375389170788543e-01
1.654331298714479814e-01
1.654331298714479814e-01
1.654331298714479814e-01
1.654331298714479814e-01
1.654331298714479814e-01
1.654331298714479814e-01
1.654331298714479814e-01
1.586099007821863138e-01
1.586099007821863138e-01
1.586099007821863138e-01
1.586099007821863138e-01
1.586099007821863138e-01
1.586099007821863138e-01
1.586099007821863138e-01
1.586099007821863138e-01
1.586099007821863138e-01
1.586099007821863138e-01
1.586099007821863138e-01
1.586099007821863138e-01
1.586099007821863138e-01
1.586099007821863138e-01
1.586099007821863138e-01
1.586099007821863138e-01
1.586099007821863138e-01
1.586099007821863138e-01
1.586099007821863138e-01
1.586099007821863138e-01
1.586099007821863138e-01
1.586099007821863138e-01
1.586099007821863138e-01
1.586099007821863138e-01
1.586099007821863138e-01
1.586099007821863138e-01
1.285204350959412156e-01
1.285204350959412156e-01
1.285204350959412156e-01
1.285204350959412156e-01
1.285204350959412156e-01
1.285204350959412156e-01
1.285204350959412156e-01
1.285204350959412156e-01
1.285204350959412156e-01
1.285204350959412156e-01
1.285204350959412156e-01
1.285204350959412156e-01
1.285204350959412156e-01
1.027510851829097072e-01
1.027510851829097072e-01
1.027510851829097072e-01
1.027510851829097072e-01
1.027510851829097072e-01
1.027510851829097072e-01
1.027510851829097072e-01
1.027510851829097072e-01
1.027510851829097072e-01
1.027510851829097072e-01
1.027510851829097072e-01
1.021245930309160749e-01
1.021245930309160749e-01
1.021245930309160749e-01
1.021245930309160749e-01
1.021245930309160749e-01
1.021245930309160749e-01
1.021245930309160749e-01
1.021245930309160749e-01
1.021245930309160749e-01
1.021245930309160749e-01
9.549554562691209281e-02
9.549554562691209281e-02
9.549554562691209281e-02
9.549554562691209281e-02
8.898563401714552901e-02
8.898563401714552901e-02
8.898563401714552901e-02
8.898563401714552901e-02
8.898563401714552901e-02
8.898563401714552901e-02
8.898563401714552901e-02
8.898563401714552901e-02
8.898563401714552901e-02
8.898563401714552901e-02
8.898563401714552901e-02
8.898563401714552901e-02
8.898563401714552901e-02
8.898563401714552901e-02
8.898563401714552901e-02
8.898563401714552901e-02
8.898563401714552901e-02
8.898563401714552901e-02
8.898563401714552901e-02
8.898563401714552901e-02
8.898563401714552901e-02
8.898563401714552901e-02
8.898563401714552901e-02
8.898563401714552901e-02
8.898563401714552901e-02
8.898563401714552901e-02
8.898563401714552901e-02
8.867628121296225463e-02
8.863163522339864708e-02
8.863163522339864708e-02
8.863163522339864708e-02
8.863163522339864708e-02
8.863163522339864708e-02
8.863163522339864708e-02
8.863163522339864708e-02
8.863163522339864708e-02
8.863163522339864708e-02
8.863163522339864708e-02
8.863163522339864708e-02
8.863163522339864708e-02
8.863163522339864708e-02
8.863163522339864708e-02
8.863163522339864708e-02
8.863163522339864708e-02
8.863163522339864708e-02
8.863163522339864708e-02
8.863163522339864708e-02
8.863163522339864708e-02
8.863163522339864708e-02
8.863163522339864708e-02
8.863163522339864708e-02
8.863163522339864708e-02
8.863163522339864708e-02
8.863163522339864708e-02
8.863163522339864708e-02
8.863163522339864708e-02
8.863163522339864708e-02
8.863163522339864708e-02
8.863163522339864708e-02
8.863163522339864708e-02
8.863163522339864708e-02
8.863163522339864708e-02
8.856829412952757496e-02
8.856829412952757496e-02
8.854663192897233026e-02
8.854663192897233026e-02
8.854663192897233026e-02
8.854525050861931923e-02
8.854476027853214193e-02
8.854473721468880676e-02
8.854465834021305048e-02
8.854465834021305048e-02
8.854465834021305048e-02
8.854465834021305048e-02
8.854465834021305048e-02
8.854464866443446935e-02
8.854464793911098752e-02
8.854464619722675345e-02
8.854463870901908840e-02
8.854463870901908840e-02
8.854463870901908840e-02
8.791703972788716959e-02
8.632265852892510860e-02
8.632265852892510860e-02
8.561551283483913311e-02
8.561551283483913311e-02
8.561551283483913311e-02
8.561551283483913311e-02
8.560163708670939786e-02
8.560163708670939786e-02
8.560163708670939786e-02
8.559112549436061201e-02
8.558948424910749198e-02
8.558940323216417123e-02
8.558939379052149521e-02
8.558939379052149521e-02
8.558939379052149521e-02
8.558939379052149521e-02
8.558939379052149521e-02
8.558939312662977583e-02
8.558939312662977583e-02
8.558938374926493287e-02
8.558938138959767961e-02
