7.856559048722088789e+01
3.143938018175724380e+01
3.143938018175724380e+01
1.138996833082630999e+01
1.138996833082630999e+01
3.527741761790622377e+00
3.527741761790622377e+00
2.513913100104564258e+00
2.307137779667575828e+00
2.307137779667575828e+00
2.102305701316061537e+00
2.102305701316061537e+00
2.003351935825855357e+00
1.180242102645885360e+00
1.180242102645885360e+00
1.180242102645885360e+00
7.837755696571075958e-01
7.837755696571075958e-01
7.837755696571075958e-01
7.837755696571075958e-01
6.624597483871036419e-01
5.916762005671903912e-01
5.282094679588907882e-01
5.282094679588907882e-01
5.282094679588907882e-01
5.282094679588907882e-01
4.815090381236322159e-01
3.458340015501555342e-01
3.458340015501555342e-01
3.458340015501555342e-01
2.213419524802041627e-01
2.213419524802041627e-01
1.585503519258769922e-01
1.585503519258769922e-01
1.585503519258769922e-01
1.585503519258769922e-01
1.585503519258769922e-01
1.585503519258769922e-01
1.585503519258769922e-01
1.554439047275029684e-01
1.554439047275029684e-01
1.554439047275029684e-01
1.554439047275029684e-01
1.554439047275029684e-01
1.554439047275029684e-01
1.554439047275029684e-01
1.554439047275029684e-01
1.554439047275029684e-01
1.554439047275029684e-01
1.554439047275029684e-01
1.554439047275029684e-01
1.554439047275029684e-01
1.554439047275029684e-01
1.554439047275029684e-01
1.554439047275029684e-01
1.554439047275029684e-01
1.429779413135306987e-01
1.429779413135306987e-01
1.429779413135306987e-01
1.429779413135306987e-01
1.429779413135306987e-01
1.429779413135306987e-01
1.429779413135306987e-01
1.429779413135306987e-01
1.429779413135306987e-01
1.429779413135306987e-01
1.429779413135306987e-01
1.429779413135306987e-01
1.429779413135306987e-01
1.405653351990995004e-01
1.405653351990995004e-01
1.405653351990995004e-01
1.405653351990995004e-01
1.405653351990995004e-01
1.405653351990995004e-01
1.405653351990995004e-01
1.405653351990995004e-01
1.405653351990995004e-01
1.405653351990995004e-01
1.405653351990995004e-01
1.405653351990995004e-01
1.405653351990995004e-01
1.405653351990995004e-01
1.405653351990995004e-01
1.405653351990995004e-01
1.405653351990995004e-01
1.405653351990995004e-01
1.405653351990995004e-01
1.405653351990995004e-01
1.405653351990995004e-01
1.405653351990995004e-01
1.405653351990995004e-01
1.401575012044854462e-01
1.401575012044854462e-01
1.401575012044854462e-01
1.401575012044854462e-01
1.401575012044854462e-01
1.401575012044854462e-01
1.401575012044854462e-01
1.401575012044854462e-01
1.401575012044854462e-01
1.401575012044854462e-01
1.401575012044854462e-01
1.396955857809996371e-01
1.396955857809996371e-01
1.391165079701976726e-01
1.391165079701976726e-01
1.391165079701976726e-01
1.391165079701976726e-01
1.250472489669154641e-01
1.250472489669154641e-01
1.250472489669154641e-01
1.250472489669154641e-01
1.250472489669154641e-01
1.250472489669154641e-01
1.250472489669154641e-01
1.250472489669154641e-01
1.250472489669154641e-01
1.250472489669154641e-01
1.250472489669154641e-01
1.250472489669154641e-01
1.250472489669154641e-01
1.250472489669154641e-01
1.250472489669154641e-01
1.250472489669154641e-01
1.250472489669154641e-01
1.250472489669154641e-01
1.250472489669154641e-01
1.250472489669154641e-01
1.250472489669154641e-01
1.250472489669154641e-01
1.250472489669154641e-01
1.165252583698337674e-01
1.158375470179932865e-01
1.158375470179932865e-01
1.158375470179932865e-01
1.148637621641774575e-01
1.145889079167141666e-01
1.145300194953132594e-01
1.145143045793878545e-01
1.145104135208138141e-01
1.145090699918158844e-01
1.145080862201363070e-01
1.145080862201363070e-01
1.145080604266110885e-01
1.145080604266110885e-01
1.145080604266110885e-01
1.145080604266110885e-01
1.145080604266110885e-01
1.145080604266110885e-01
1.145080604266110885e-01
1.145080604266110885e-01
1.145080604266110885e-01
1.145080604266110885e-01
1.145080604266110885e-01
1.145080604266110885e-01
1.145080604266110885e-01
1.145080604266110885e-01
1.145080604266110885e-01
1.145080604266110885e-01
1.141156278520734368e-01
1.141156278520734368e-01
1.136033249126711664e-01
1.136033249126711664e-01
1.134101577248572273e-01
1.134004232347094604e-01
1.115822820099469231e-01
1.115822820099469231e-01
1.115822820099469231e-01
1.115822820099469231e-01
1.115822820099469231e-01
1.115822820099469231e-01
1.114768424784183531e-01
1.114768424784183531e-01
1.114646115442935043e-01
1.113516325872932061e-01
1.113385708680724312e-01
1.113371718490973189e-01
1.113369100573128045e-01
1.113369100573128045e-01
1.113369100573128045e-01
1.113369100573128045e-01
1.113369100573128045e-01
1.113369100573128045e-01
1.113369100573128045e-01
1.113369100573128045e-01
1.113369100573128045e-01
1.113369100573128045e-01
1.113369100573128045e-01
1.113369100573128045e-01
1.113369100573128045e-01
1.113369100573128045e-01
1.113369094073808074e-01
1.113369094073808074e-01
1.113369094073808074e-01
1.113369036476134638e-01
1.113369036476134638e-01
1.113369036476134638e-01
1.113369036476134638e-01
1.113369036476134638e-01
