3.857782288288778005e+01
3.028320728000384321e+01
1.287431436915550087e+01
1.096547207135490787e+01
9.367668012354780416e+00
6.903203515001571589e+00
5.326085589852896263e+00
2.054674585018085864e+00
2.054674585018085864e+00
2.054674585018085864e+00
2.054674585018085864e+00
2.054674585018085864e+00
2.054674585018085864e+00
2.054674585018085864e+00
2.054674585018085864e+00
1.461748279812127294e+00
1.461748279812127294e+00
1.461748279812127294e+00
1.461748279812127294e+00
1.461748279812127294e+00
1.311798437950524532e+00
1.311798437950524532e+00
1.302663943302259542e+00
9.724190001770371961e-01
9.724190001770371961e-01
7.243854634617264976e-01
5.114183973340431510e-01
5.114183973340431510e-01
5.114183973340431510e-01
5.114183973340431510e-01
5.114183973340431510e-01
5.114183973340431510e-01
5.114183973340431510e-01
4.647806531124599183e-01
4.647806531124599183e-01
4.647806531124599183e-01
4.647806531124599183e-01
4.647806531124599183e-01
4.647806531124599183e-01
4.647806531124599183e-01
4.647806531124599183e-01
4.647806531124599183e-01
4.647806531124599183e-01
4.647806531124599183e-01
4.647806531124599183e-01
3.909443141419526313e-01
3.909443141419526313e-01
3.909443141419526313e-01
3.909443141419526313e-01
3.909443141419526313e-01
3.265849620911780993e-01
3.265849620911780993e-01
3.265849620911780993e-01
3.265849620911780993e-01
3.265849620911780993e-01
3.265849620911780993e-01
3.265849620911780993e-01
3.265849620911780993e-01
3.265849620911780993e-01
3.265849620911780993e-01
3.265849620911780993e-01
3.265849620911780993e-01
3.265849620911780993e-01
3.265849620911780993e-01
3.265849620911780993e-01
3.265849620911780993e-01
3.265849620911780993e-01
3.265849620911780993e-01
3.265849620911780993e-01
3.265849620911780993e-01
3.265849620911780993e-01
3.265849620911780993e-01
3.265849620911780993e-01
3.016720877806405854e-01
3.016720877806405854e-01
3.016720877806405854e-01
3.016720877806405854e-01
3.016720877806405854e-01
3.016720877806405854e-01
3.016720877806405854e-01
2.888252470547037487e-01
2.739131611444571290e-01
2.739131611444571290e-01
2.713325876641462520e-01
2.713325876641462520e-01
2.713325876641462520e-01
2.713325876641462520e-01
2.713325876641462520e-01
2.713325876641462520e-01
2.713325876641462520e-01
2.649290642212651647e-01
2.649290642212651647e-01
2.649290642212651647e-01
2.649290642212651647e-01
2.649290642212651647e-01
2.649290642212651647e-01
2.649290642212651647e-01
2.649290642212651647e-01
2.649290642212651647e-01
2.649290642212651647e-01
2.550693810627798208e-01
2.550693810627798208e-01
2.550693810627798208e-01
2.550693810627798208e-01
2.550693810627798208e-01
2.550693810627798208e-01
2.550693810627798208e-01
2.550693810627798208e-01
2.550693810627798208e-01
2.550693810627798208e-01
2.550693810627798208e-01
2.550693810627798208e-01
2.392225425882275880e-01
2.392225425882275880e-01
2.392225425882275880e-01
2.392225425882275880e-01
2.392225425882275880e-01
2.264791244619701327e-01
2.264791244619701327e-01
2.264791244619701327e-01
2.264791244619701327e-01
2.264791244619701327e-01
2.264791244619701327e-01
2.264791244619701327e-01
2.264791244619701327e-01
2.264791244619701327e-01
2.264791244619701327e-01
2.264791244619701327e-01
2.264791244619701327e-01
2.264791244619701327e-01
2.264791244619701327e-01
2.264791244619701327e-01
2.264791244619701327e-01
2.264791244619701327e-01
2.264791244619701327e-01
2.264791244619701327e-01
2.252703133687654902e-01
2.246227192775787918e-01
2.246227192775787918e-01
2.244249067553815147e-01
2.243174466209292561e-01
2.242817529552886824e-01
2.242735265941648570e-01
2.242708557405845293e-01
2.242690546443982524e-01
2.242690546443982524e-01
2.242690546443982524e-01
2.242690546443982524e-01
2.242690546443982524e-01
2.242690546443982524e-01
2.242690546443982524e-01
2.242690546443982524e-01
2.242687287307678357e-01
2.242687287307678357e-01
2.242687287307678357e-01
2.242687287307678357e-01
2.242681193427202291e-01
2.242681193427202291e-01
2.242681193427202291e-01
2.242681193427202291e-01
2.242681193427202291e-01
2.242678150389844915e-01
2.242678150389844915e-01
2.242678150389844915e-01
2.242678150389844915e-01
2.194325468290980186e-01
2.194325468290980186e-01
2.194325468290980186e-01
2.194325468290980186e-01
2.194325468290980186e-01
2.186114992343209384e-01
2.186114992343209384e-01
2.182923816407552620e-01
2.178531412848923599e-01
2.089314508163067907e-01
2.089314508163067907e-01
2.089314508163067907e-01
2.089314508163067907e-01
2.089314508163067907e-01
1.981769490751468521e-01
1.981769490751468521e-01
1.981769490751468521e-01
1.962268816138681704e-01
1.959852409923683869e-01
1.959655991554530019e-01
1.959576699975465464e-01
1.956906498705333342e-01
1.956901417381241570e-01
1.956901417381241570e-01
1.956831307443551438e-01
1.951338456219900153e-01
1.950863412726615287e-01
1.950418586152820599e-01
1.949565132076986895e-01
1.949526427687415797e-01
1.949523852758212050e-01
1.949505514191268718e-01
1.949498558066432852e-01
1.949497113798841774e-01
1.949497113798841774e-01
