1.716558526107455762e+01
1.716558526107455762e+01
7.544834468362749291e+00
5.466686165502100181e+00
5.466686165502100181e+00
2.416895054043786573e+00
2.416895054043786573e+00
1.247057883627846309e+00
1.247057883627846309e+00
1.173125855457876288e+00
1.173125855457876288e+00
1.173125855457876288e+00
1.173125855457876288e+00
9.346278336108673201e-01
6.872915589639622125e-01
6.872915589639622125e-01
6.872915589639622125e-01
6.872915589639622125e-01
6.872915589639622125e-01
5.937563229369675621e-01
5.937563229369675621e-01
5.937563229369675621e-01
5.937563229369675621e-01
5.937563229369675621e-01
5.937563229369675621e-01
5.937563229369675621e-01
5.937563229369675621e-01
5.937563229369675621e-01
5.621397330262739578e-01
5.621397330262739578e-01
5.621397330262739578e-01
5.621397330262739578e-01
5.322566631543887983e-01
4.538612277598837452e-01
4.538612277598837452e-01
4.538612277598837452e-01
4.538612277598837452e-01
4.538612277598837452e-01
4.538612277598837452e-01
4.538612277598837452e-01
4.538612277598837452e-01
4.538612277598837452e-01
4.538612277598837452e-01
4.538612277598837452e-01
4.538612277598837452e-01
4.538612277598837452e-01
4.538612277598837452e-01
4.538612277598837452e-01
3.194710288338796778e-01
3.194710288338796778e-01
3.194710288338796778e-01
3.194710288338796778e-01
3.194710288338796778e-01
3.140843551267910039e-01
3.140843551267910039e-01
2.426651300359385921e-01
2.426651300359385921e-01
2.426651300359385921e-01
2.426651300359385921e-01
2.426651300359385921e-01
2.426651300359385921e-01
2.426651300359385921e-01
2.426651300359385921e-01
2.426651300359385921e-01
2.426651300359385921e-01
2.426651300359385921e-01
2.426651300359385921e-01
2.426651300359385921e-01
2.426651300359385921e-01
2.218767157182492678e-01
2.218767157182492678e-01
2.218767157182492678e-01
2.218767157182492678e-01
2.218767157182492678e-01
2.130868204276614442e-01
2.130868204276614442e-01
2.130868204276614442e-01
2.130868204276614442e-01
2.130868204276614442e-01
2.130868204276614442e-01
2.130868204276614442e-01
2.130868204276614442e-01
2.130868204276614442e-01
1.669685768797587455e-01
1.669685768797587455e-01
1.669685768797587455e-01
1.669685768797587455e-01
1.669685768797587455e-01
1.669685768797587455e-01
1.669685768797587455e-01
1.669685768797587455e-01
1.669685768797587455e-01
1.176103082515136400e-01
1.176103082515136400e-01
1.176103082515136400e-01
1.176103082515136400e-01
1.176103082515136400e-01
1.176103082515136400e-01
1.176103082515136400e-01
1.176103082515136400e-01
1.176103082515136400e-01
1.176103082515136400e-01
1.176103082515136400e-01
1.176103082515136400e-01
1.176103082515136400e-01
1.176103082515136400e-01
1.176103082515136400e-01
1.176103082515136400e-01
1.167751711855403163e-01
9.360760724496514085e-02
9.360760724496514085e-02
9.360760724496514085e-02
9.360760724496514085e-02
9.360760724496514085e-02
9.360760724496514085e-02
9.327357352302684257e-02
9.327357352302684257e-02
9.327357352302684257e-02
9.327357352302684257e-02
9.258495798650991093e-02
9.258495798650991093e-02
9.258495798650991093e-02
9.227520476409768746e-02
9.184924356701329451e-02
9.184924356701329451e-02
9.184924356701329451e-02
9.184924356701329451e-02
9.184924356701329451e-02
9.184924356701329451e-02
8.150929204032976438e-02
8.150929204032976438e-02
8.150929204032976438e-02
8.150929204032976438e-02
7.417935096227135094e-02
7.417935096227135094e-02
7.417935096227135094e-02
7.417935096227135094e-02
7.417935096227135094e-02
7.417935096227135094e-02
7.417935096227135094e-02
7.417935096227135094e-02
6.954296515690457092e-02
6.954296515690457092e-02
6.954296515690457092e-02
6.954296515690457092e-02
6.954296515690457092e-02
6.954296515690457092e-02
6.954296515690457092e-02
6.954296515690457092e-02
6.954296515690457092e-02
6.900615950626290407e-02
6.900615950626290407e-02
6.900615950626290407e-02
6.900615950626290407e-02
6.900615950626290407e-02
6.894751032688656300e-02
6.894751032688656300e-02
6.894751032688656300e-02
6.878461101602831307e-02
6.874481030864219855e-02
6.873720917938511143e-02
6.873583263864127546e-02
6.873555384767562892e-02
6.873554560365602306e-02
6.873543321732647482e-02
6.873543321732647482e-02
6.873543321732647482e-02
6.873543321732647482e-02
6.873543321732647482e-02
6.873515707156974130e-02
6.873515707156974130e-02
6.873515707156974130e-02
6.873515707156974130e-02
6.873515707156974130e-02
6.873515707156974130e-02
6.873515707156974130e-02
6.873515707156974130e-02
6.873515707156974130e-02
6.873515707156974130e-02
6.873515707156974130e-02
6.873515707156974130e-02
6.873515707156974130e-02
6.873515707156974130e-02
6.873515707156974130e-02
6.867122625225290100e-02
6.837389682949096548e-02
6.837389682949096548e-02
6.837389682949096548e-02
6.837389682949096548e-02
6.837389682949096548e-02
6.837389682949096548e-02
6.837389682949096548e-02
6.733414368940338068e-02
6.731477035537079823e-02
6.731405295742200201e-02
6.673951564067187592e-02
6.673951564067187592e-02
6.672066818727613591e-02
6.672046492609348678e-02
6.664619430872849304e-02
