2.567279749889041796e+01
2.567279749889041796e+01
1.442999216354808212e+01
1.442999216354808212e+01
5.248530998545880344e+00
5.248530998545880344e+00
2.792915637422781039e+00
2.792915637422781039e+00
1.741683446227470622e+00
1.741683446227470622e+00
1.741683446227470622e+00
1.741683446227470622e+00
1.741683446227470622e+00
1.741683446227470622e+00
1.337840440625434724e+00
1.337840440625434724e+00
1.337840440625434724e+00
1.337840440625434724e+00
1.337840440625434724e+00
1.337840440625434724e+00
1.337840440625434724e+00
1.237926368270081401e+00
1.227112925901429730e+00
1.227112925901429730e+00
9.309610377111960933e-01
9.309610377111960933e-01
8.318590699477732553e-01
8.318590699477732553e-01
8.318590699477732553e-01
8.318590699477732553e-01
8.318590699477732553e-01
8.318590699477732553e-01
6.240285543237962251e-01
4.566893151967519882e-01
4.566893151967519882e-01
4.566893151967519882e-01
4.566893151967519882e-01
4.566893151967519882e-01
4.566893151967519882e-01
4.566893151967519882e-01
4.566893151967519882e-01
4.566893151967519882e-01
4.566893151967519882e-01
4.566893151967519882e-01
4.566893151967519882e-01
4.566893151967519882e-01
4.566893151967519882e-01
4.566893151967519882e-01
4.566893151967519882e-01
4.566893151967519882e-01
4.566893151967519882e-01
4.566893151967519882e-01
4.566893151967519882e-01
4.566893151967519882e-01
3.536757445778847542e-01
3.536757445778847542e-01
3.536757445778847542e-01
3.536757445778847542e-01
3.536757445778847542e-01
3.536757445778847542e-01
3.536757445778847542e-01
3.536757445778847542e-01
3.536757445778847542e-01
3.536757445778847542e-01
3.536757445778847542e-01
3.536757445778847542e-01
3.536757445778847542e-01
3.536757445778847542e-01
3.536757445778847542e-01
3.536757445778847542e-01
3.536757445778847542e-01
3.536757445778847542e-01
3.536757445778847542e-01
3.536757445778847542e-01
3.536757445778847542e-01
3.536757445778847542e-01
3.536757445778847542e-01
3.150086171515517619e-01
3.150086171515517619e-01
3.150086171515517619e-01
3.150086171515517619e-01
3.150086171515517619e-01
3.150086171515517619e-01
3.150086171515517619e-01
3.150086171515517619e-01
3.150086171515517619e-01
3.150086171515517619e-01
3.150086171515517619e-01
3.150086171515517619e-01
3.150086171515517619e-01
3.150086171515517619e-01
3.150086171515517619e-01
1.784111383678498586e-01
1.784111383678498586e-01
1.784111383678498586e-01
1.784111383678498586e-01
1.784111383678498586e-01
1.784111383678498586e-01
1.784111383678498586e-01
1.784111383678498586e-01
1.653273247014520331e-01
1.653273247014520331e-01
1.653273247014520331e-01
1.653273247014520331e-01
1.653273247014520331e-01
1.630610778982304054e-01
1.630610778982304054e-01
1.630610778982304054e-01
1.630610778982304054e-01
1.630610778982304054e-01
1.630610778982304054e-01
1.630610778982304054e-01
1.630610778982304054e-01
1.630610778982304054e-01
1.630610778982304054e-01
1.630610778982304054e-01
1.630610778982304054e-01
1.630610778982304054e-01
1.630610778982304054e-01
1.630610778982304054e-01
1.630610778982304054e-01
1.630610778982304054e-01
1.533585317685414173e-01
1.282087545205195522e-01
1.282087545205195522e-01
1.282087545205195522e-01
1.282087545205195522e-01
1.282087545205195522e-01
1.233703674848037612e-01
1.233703674848037612e-01
1.114949723657557568e-01
1.089054491830681037e-01
1.060558829337839293e-01
1.060558829337839293e-01
1.060558829337839293e-01
1.060558829337839293e-01
1.060558829337839293e-01
1.060558829337839293e-01
1.023940585417340288e-01
9.780778288120335617e-02
9.780778288120335617e-02
9.780778288120335617e-02
9.780778288120335617e-02
9.780778288120335617e-02
9.780778288120335617e-02
9.780778288120335617e-02
9.780778288120335617e-02
9.257846914569234364e-02
9.257846914569234364e-02
9.257846914569234364e-02
9.257846914569234364e-02
9.257846914569234364e-02
9.257846914569234364e-02
9.257846914569234364e-02
9.257846914569234364e-02
9.257846914569234364e-02
9.257846914569234364e-02
9.257846914569234364e-02
9.257846914569234364e-02
9.257846914569234364e-02
9.257846914569234364e-02
9.257846914569234364e-02
9.257846914569234364e-02
9.257846914569234364e-02
9.257846914569234364e-02
9.257846914569234364e-02
9.257846914569234364e-02
9.257846914569234364e-02
9.257846914569234364e-02
9.257846914569234364e-02
9.257846914569234364e-02
9.085542361425821833e-02
9.085542361425821833e-02
9.085542361425821833e-02
9.085542361425821833e-02
8.568269484867591101e-02
8.443083498922575314e-02
8.436319002457276506e-02
8.435761253301347906e-02
8.435654088194613487e-02
8.435654088194613487e-02
8.435630194216332811e-02
8.435630194216332811e-02
8.435630194216332811e-02
8.435630194216332811e-02
8.435630194216332811e-02
8.435630194216332811e-02
8.435630194216332811e-02
8.435630194216332811e-02
8.435630194216332811e-02
8.435630194216332811e-02
8.435595152094135796e-02
8.435595152094135796e-02
8.435595152094135796e-02
8.435566813277332876e-02
8.435566813277332876e-02
8.435566813277332876e-02
8.435566813277332876e-02
8.435566813277332876e-02
8.435566813277332876e-02
