6.566079478578660655e+01
4.571299649924726793e+01
4.497912919368636153e+01
1.927637658631227779e+01
4.007877845661912630e+00
4.007877845661912630e+00
1.230125347419422255e+00
1.230125347419422255e+00
1.230125347419422255e+00
1.230125347419422255e+00
8.881757502905761603e-01
8.881757502905761603e-01
8.881757502905761603e-01
7.828823084243102803e-01
7.828823084243102803e-01
7.828823084243102803e-01
3.994061542514616980e-01
3.994061542514616980e-01
3.994061542514616980e-01
3.994061542514616980e-01
2.238128508100936942e-01
2.238128508100936942e-01
2.238128508100936942e-01
2.238128508100936942e-01
2.238128508100936942e-01
2.238128508100936942e-01
2.238128508100936942e-01
2.238128508100936942e-01
2.238128508100936942e-01
2.238128508100936942e-01
2.238128508100936942e-01
2.238128508100936942e-01
2.238128508100936942e-01
2.238128508100936942e-01
2.238128508100936942e-01
2.238128508100936942e-01
2.238128508100936942e-01
2.238128508100936942e-01
1.529006823486732669e-01
1.529006823486732669e-01
1.207285475126520513e-01
1.207285475126520513e-01
1.207285475126520513e-01
1.207285475126520513e-01
1.207285475126520513e-01
1.207285475126520513e-01
1.207285475126520513e-01
1.207285475126520513e-01
1.207285475126520513e-01
1.207285475126520513e-01
1.207285475126520513e-01
1.207285475126520513e-01
1.207285475126520513e-01
1.207285475126520513e-01
1.207285475126520513e-01
1.207285475126520513e-01
1.207285475126520513e-01
1.207285475126520513e-01
1.207285475126520513e-01
1.207285475126520513e-01
1.207285475126520513e-01
1.207285475126520513e-01
1.207285475126520513e-01
1.108719499333864072e-01
1.108719499333864072e-01
1.108719499333864072e-01
1.108719499333864072e-01
1.103522193323544925e-01
1.103522193323544925e-01
1.103522193323544925e-01
1.103522193323544925e-01
1.103522193323544925e-01
1.103522193323544925e-01
1.103522193323544925e-01
1.103522193323544925e-01
1.103522193323544925e-01
1.103522193323544925e-01
1.103522193323544925e-01
7.243164217616494815e-02
7.243164217616494815e-02
7.243164217616494815e-02
7.243164217616494815e-02
7.243164217616494815e-02
7.243164217616494815e-02
7.243164217616494815e-02
7.243164217616494815e-02
7.243164217616494815e-02
7.243164217616494815e-02
7.243164217616494815e-02
7.243164217616494815e-02
7.243164217616494815e-02
7.243164217616494815e-02
7.243164217616494815e-02
7.243164217616494815e-02
7.243164217616494815e-02
7.243164217616494815e-02
7.243164217616494815e-02
7.243164217616494815e-02
7.243164217616494815e-02
7.243164217616494815e-02
7.243164217616494815e-02
7.243164217616494815e-02
7.243164217616494815e-02
7.175864913917540111e-02
7.175864913917540111e-02
7.175864913917540111e-02
7.175864913917540111e-02
6.820543123880556946e-02
6.820543123880556946e-02
6.820543123880556946e-02
6.820543123880556946e-02
6.820543123880556946e-02
6.820543123880556946e-02
6.820543123880556946e-02
6.820543123880556946e-02
6.820543123880556946e-02
6.820543123880556946e-02
6.820543123880556946e-02
6.820543123880556946e-02
6.820543123880556946e-02
6.820543123880556946e-02
6.820543123880556946e-02
6.820543123880556946e-02
6.820543123880556946e-02
6.820543123880556946e-02
6.710379802948898686e-02
6.710379802948898686e-02
6.469420057032122806e-02
6.469420057032122806e-02
6.469420057032122806e-02
6.469420057032122806e-02
6.469420057032122806e-02
6.469420057032122806e-02
6.469420057032122806e-02
6.469420057032122806e-02
6.469420057032122806e-02
6.469420057032122806e-02
6.469420057032122806e-02
6.469420057032122806e-02
6.469420057032122806e-02
6.469420057032122806e-02
6.469420057032122806e-02
6.469420057032122806e-02
6.469420057032122806e-02
6.469420057032122806e-02
6.469420057032122806e-02
6.469420057032122806e-02
6.469420057032122806e-02
6.469420057032122806e-02
6.469420057032122806e-02
6.469420057032122806e-02
6.469420057032122806e-02
6.469420057032122806e-02
6.469420057032122806e-02
6.456141649017096973e-02
6.455053921992544297e-02
6.454992085097205345e-02
6.454981043834666365e-02
6.454980872247138846e-02
6.454962008812910323e-02
6.454962008812910323e-02
6.454955427925920808e-02
6.454952545167401412e-02
6.454951303574750499e-02
6.454951303574750499e-02
6.454951303574750499e-02
6.454951303574750499e-02
6.454951303574750499e-02
6.454951303574750499e-02
6.454951303574750499e-02
6.454951303574750499e-02
6.454951303574750499e-02
6.454951303574750499e-02
6.454951303574750499e-02
6.454951303574750499e-02
6.454951303574750499e-02
6.066061481482085127e-02
6.018456036683031418e-02
6.018456036683031418e-02
6.018456036683031418e-02
6.018456036683031418e-02
6.018456036683031418e-02
6.018456036683031418e-02
6.018456036683031418e-02
6.018456036683031418e-02
6.018456036683031418e-02
6.018456036683031418e-02
6.018456036683031418e-02
6.018456036683031418e-02
6.018456036683031418e-02
6.018456036683031418e-02
6.018456036683031418e-02
6.018456036683031418e-02
6.018456036683031418e-02
6.018456036683031418e-02
6.018456036683031418e-02
6.002784747422969247e-02
6.002784747422969247e-02
5.979830184720148767e-02
5.979632423148956155e-02
