-8.360486804722798482e+00
-3.282481538432872714e+00
-6.384547008689888337e+00
-7.405337395802238376e+00
-2.010984958917920284e+00
1.125937960736343724e-01
-6.587035509774896269e+00
-3.332576254057197929e+00
-5.257468763102817189e-01
-5.720393692519165185e+00
-3.477029669318958405e+00
-7.078291812054195553e+00
-1.994807516801121894e+00
-8.059843893591766006e-01
-3.075744216008768905e+00
-2.140892128402130723e+00
-2.204476437573593461e+00
-7.757680570658934016e+00
-2.379966836336236291e+00
-3.503668135831869423e-01
-7.266650549098972789e+00
-2.824122321454825446e+00
-9.423579138996100113e+00
-2.823974709114500214e+00
6.890527298532014289e-01
-6.325344712402774405e+00
-2.329739829920702388e+00
-3.497013467856324276e+00
-3.237683962325483389e+00
-7.165296355998300726e+00
-3.542435975580803920e+00
2.646214468540102338e-01
-5.884943614680852697e+00
-2.724862186205124104e+00
-7.553038493339256920e-01
-5.819130409555631545e+00
-2.106498777653254439e+00
-8.649416021070652771e-01
-6.660686201975789977e+00
-3.999097634831450421e+00
-8.611563371378934129e-01
-6.391015756650372914e+00
-2.211608577740565629e+00
-7.980778049425801823e-01
-5.997237708540740231e-01
-2.742644630525239435e+00
-7.354095122101905524e+00
-2.584579146025041130e+00
-7.529948214267769835e-01
-7.408610228093635008e+00
-2.904477181472402858e+00
-1.244213498997878142e+00
-7.095141985971763710e+00
-3.521976704003094039e+00
-2.358358179325091286e-01
-6.794574388194011938e+00
-4.477881422659653943e+00
8.761019167235765126e-01
-5.249544039898636605e+00
-3.517758644547485325e+00
-8.763621395108887879e-02
-6.500895746279669041e+00
-1.079883202282438504e+00
-5.330287790592778130e+00
-1.866897976119251679e+00
-4.431393745030575815e+00
-2.244128684509581362e+00
-6.485066092764174783e+00
-1.492238603082652881e+00
-5.848395418854339667e+00
-1.168116145825536245e+00
-4.617462390357167656e+00
3.194933810446793365e-01
-4.786536640346134241e+00
-2.021909757158843135e+00
-5.587448238581512960e+00
-4.476250675419118918e-01
-5.795598558590244309e+00
-2.459592363439811358e+00
-6.505702632306487487e+00
-2.166820664171571931e+00
-3.684418059487579722e+00
-4.454895250507247439e+00
-4.547444647502196347e+00
-4.002119905076869877e+00
-3.827339970299405092e+00
-2.233298116243035203e+00
-4.848000927814595684e+00
-2.411599396145884366e+00
-3.523155626082449476e+00
-2.630660185404188667e+00
-4.234062738202021059e+00
-3.751922689293335722e+00
-3.934783011727704505e+00
-2.755729316870308754e+00
4.191600836969605615e-01
-3.794671861719498995e+00
-2.947101229501295716e+00
9.989061798444763829e-01
-4.357058129003248403e+00
-3.439422635585712484e+00
1.880204258812902651e+00
-2.960675506510559885e+00
-3.930791194372571518e+00
7.997158474803045536e-01
