-5.816309481907244283e+00
-3.309543955301121887e+00
-5.575157129075036799e+00
-6.153649082600293418e+00
-2.094096091222060085e+00
1.341975156290669546e-01
-6.676641559271980775e+00
-3.050938306739034100e+00
-8.066674745828349424e-01
-6.459746698999627057e+00
-2.165296844964082812e+00
-5.884673903470197587e+00
-2.259942192923964477e+00
-1.145729819190362875e+00
-2.739531850676685920e+00
-1.672926563087835827e+00
-7.644360325161935199e-01
-7.191401152971341304e+00
-3.796487486182087867e+00
1.250640139331656853e-01
-7.915928540643900391e+00
-2.079957727043095339e+00
-9.794536722445833732e+00
-2.072869164151751598e+00
-3.827808782905890994e-01
-7.258118205644309207e+00
-1.519813048628310348e+00
-4.495295718550404551e+00
-4.283908831742622603e+00
-6.993895362902924795e+00
-2.708893289221929734e+00
3.826383997207986609e-01
-6.147639535464296756e+00
-3.553674782472803884e+00
-1.900196953306301229e+00
-5.164326187041788252e+00
-7.823837604967736059e-01
-8.081633045797250725e-01
-6.385621266324188916e+00
-3.084834192662926799e+00
1.316392438919149199e-01
-6.325537208162176128e+00
-2.100152693191472242e+00
-7.471427803737691331e-01
-6.021789057808727419e-01
-2.906340677672262007e+00
-5.000000000000000000e+00
-3.172722718819543264e+00
-2.000000000000000000e+00
-6.747924853308531645e+00
-2.521931194661109377e+00
-2.164591350984542972e-01
-7.990361300865463257e+00
-4.104125073664361523e+00
-6.629204883665769099e-01
-6.441202810491463815e+00
-2.464116856009539447e+00
4.578137319604627109e-01
-6.114542420715446625e+00
-3.308158140252842827e+00
1.390242058221075883e-01
-6.141751036431326582e+00
-8.217137234501971366e-02
-7.006799377707180199e+00
-2.361574533656068731e+00
-5.980107247463530840e+00
-1.322895182296023542e+00
-4.696416245782246257e+00
-2.394550955602156694e+00
-6.579086438426806183e+00
-2.297809130229178987e+00
-5.368183304600717243e+00
-7.172986693161970129e-01
-5.872766343860593707e+00
-2.666175680201643416e+00
-5.055079903920416839e+00
-1.963708946089248064e+00
-5.657364325486037515e+00
-3.052547825364103407e+00
-6.619697979276185862e+00
-1.096537368523242906e+00
-3.781192393877897295e+00
-1.370991619254069427e+00
-3.773774531238037078e+00
-3.780687121271310680e+00
-4.478418964534808033e+00
-4.337276789378472053e+00
-3.939163164179168675e+00
-3.242664508890984898e+00
-4.487627529035274065e+00
-4.365159140569387475e+00
-5.390123746991637432e+00
-3.628207136337710192e+00
-5.988992251597625049e+00
-2.769262637931402260e+00
1.895316018247588996e+00
-2.544068022635552317e+00
-2.443873798390356900e+00
1.058228573196106304e+00
-4.583122401043988603e+00
-2.226204827281934140e+00
1.168107451610814307e+00
-4.993745562966657836e+00
-2.165417168592632446e+00
2.095528898990247857e+00
