-6.436915064749387128e+00
-3.495432971181072990e+00
-5.283947355138178814e+00
-8.000000000000000000e+00
-2.404995992219034484e+00
-6.907135857352212360e-01
-4.842549009578084984e+00
-5.000000000000000000e+00
7.539479330153256997e-01
-6.469579000018197412e+00
-2.222254497956632324e+00
-7.348622208526657928e+00
-1.332523567712951440e+00
-2.098779743663341593e-02
-3.570970524634450083e+00
-1.665510021350916192e+00
-1.672870570766622711e+00
-7.053983861787759935e+00
-2.709592551934242532e+00
1.538009543923929932e-02
-9.301029995663981254e+00
-2.638527754024163396e+00
-9.488904488417643890e+00
-3.961130294017866316e+00
-9.324340131677506527e-01
-4.629955487572792627e+00
-3.514980545153406410e+00
-6.194821198824265629e+00
-3.852034386261546928e+00
-5.733395078254439170e+00
-4.651983014287153217e+00
-7.303077774970000435e-01
-5.167850493389986255e+00
-2.898393822286239541e+00
-2.118227521894782583e+00
-4.701442247380065886e+00
-2.045488764423363470e+00
-5.445518297018009379e-01
-5.990943587218047206e+00
-1.717011640306080222e+00
-4.112640075533081641e-01
-8.153874157832333935e+00
-2.740865764703378282e+00
1.185612442614547568e+00
-1.133578155426335776e+00
-3.452878737926534214e+00
-7.029859273265375741e+00
-1.000000000000000000e+00
3.979520802713572974e-02
-7.094394354575333850e+00
-2.592643311987855359e+00
-1.007159809817042007e+00
-5.000000000000000000e+00
-1.657324662902004198e+00
2.026844135682842052e-01
-6.346733386936687538e+00
-3.840629963584730966e+00
-1.573400259541239384e-03
-6.471853864916322863e+00
-2.237598360091732186e+00
-2.673132954774649628e-01
-8.000000000000000000e+00
3.328165477132553618e-01
-7.979199446585194977e+00
-3.634937926818973875e+00
-5.379968698366337065e+00
0.000000000000000000e+00
-6.104592146665702046e+00
0.000000000000000000e+00
-6.721671659000257648e+00
-2.446157656631034794e+00
-4.000000000000000000e+00
-1.478871283998857589e+00
-6.847151863417888507e+00
-3.277047945566283538e+00
-6.274046888794975629e+00
-3.211769712196219650e+00
-6.737356802572711523e+00
-5.169149964998945856e-01
-4.351948683297258924e+00
-1.198869199266633823e+00
-4.396421305607733920e+00
-3.504855046371893934e+00
-4.736160622173040124e+00
-2.591804351910598658e+00
-4.195052837560586667e+00
-4.043606101511509010e+00
-3.124577889071177061e+00
-3.053070049102041938e+00
-3.856487749355908434e+00
-3.182401422242965516e+00
-3.739893937318926387e+00
-4.048608919376060378e+00
-4.768151644831361224e+00
-2.409224837370995687e+00
2.160124653890758584e+00
-5.036550193247046892e+00
-3.154075785884214334e+00
2.232359216480223285e+00
-4.795806265841692451e+00
-2.072073915827963742e+00
2.657969382395572122e+00
-2.544068022635552317e+00
-3.940122506245668621e+00
1.553975563566487583e+00
