-7.390048188492170489e+00
-3.121388530979461340e+00
-5.937018119320680576e+00
-5.067930380920332212e+00
-4.263072609450399675e+00
9.465438417251247349e-01
-6.234927808652698467e+00
-3.191546451163465914e+00
4.622817373234829885e-01
-6.727426381910260211e+00
-1.420872874125131302e+00
-6.102294463503501909e+00
-1.001094285356728175e+00
-1.832503532609395247e-01
-3.234066518253914335e+00
-1.311526575902652203e+00
-3.103663680944623859e+00
-7.278601342415820241e+00
-2.960635140327539272e+00
1.878502089793754104e+00
-7.898882911119499362e+00
-3.487552188103077988e+00
-7.357666574374402302e+00
-1.745778840474480065e+00
-8.530675703986672076e-01
-6.369097652095695672e+00
-3.236326919778003131e+00
-5.811421942161473453e+00
-4.347720773857824739e+00
-6.776725960000014481e+00
-2.414699591023426350e+00
-6.333433308600534550e-01
-6.613905573488869649e+00
-2.812488535261531197e+00
-2.006917954371026269e+00
-6.160678427445474448e+00
-1.516076976535231324e+00
3.343690865753392010e-03
-6.349855294935855099e+00
-3.601695801757939464e+00
-5.870438208891188420e-02
-7.567043345557912915e+00
-1.760611103409103206e+00
8.922571019869101061e-01
-7.414606302970084828e-01
-3.082314615731921670e+00
-8.009213878642073681e+00
-2.270866096852629745e+00
5.423087117458678108e-01
-6.891696093565580661e+00
-1.340957757489975810e+00
6.963710161480265448e-01
-6.581878631786787004e+00
-3.092014864681667863e+00
-4.737998014176775935e-02
-6.174454177521882414e+00
-2.879806052944615669e+00
8.730900180447833669e-01
-7.501497942773656114e+00
-2.286280362621497364e+00
3.613423493251087804e-01
-5.588714314874428268e+00
-1.127338039537143510e+00
-5.756403040526580916e+00
-2.476082929321399284e+00
-7.125530151851039662e+00
-2.461330572380581838e+00
-6.281962498141683504e+00
-1.850615119142972498e+00
-4.572587481326248593e+00
-2.725672830316655304e+00
-5.317702417217587296e+00
-1.553510874372048933e+00
-4.000000000000000000e+00
-1.716147933015257809e+00
-7.437300268923491053e+00
-2.541040169577889696e+00
-6.316627358222326905e+00
-3.220418576766090890e+00
-6.609752859782024537e+00
-1.751374531816214608e+00
-2.814952801112744929e+00
-3.401900123650868135e+00
-4.497186987316996287e+00
-2.815959311239390139e+00
-3.734367536617019923e+00
-4.424802294655384216e+00
-4.526310031234107356e+00
-2.805717181010527916e+00
-4.986606918573505354e+00
-2.499457427482767446e+00
-2.496407352437552962e+00
-3.609850299406811125e+00
-5.049767812757628427e+00
-3.036251532746082393e+00
1.913556017395802167e+00
-4.755533695581899423e+00
-3.602958167064141737e+00
4.406468323645801877e-01
-3.187282988281156637e+00
-2.854058938582974214e+00
1.958404237455496910e-01
-4.598740740605397725e+00
-3.239775431806260375e+00
1.229724455561243657e+00
