-6.736244840875064810e+00
-3.040844533432211172e+00
-4.428074755917718264e+00
-6.543018690417141237e+00
-3.671562392939187625e+00
8.681809841704012376e-01
-6.619581395775681720e+00
-2.489691608107923670e+00
6.280358389926403717e-01
-5.272906039457302185e+00
-3.972274938357997165e+00
-6.315771525469783931e+00
-2.192985884112300887e+00
-3.487274989243213108e-01
-4.000000000000000000e+00
-1.438399749297732289e+00
-2.401151426019557444e+00
-7.170980471281373170e+00
-2.452925670609658493e+00
1.960303601368129645e+00
-6.526057030460160391e+00
-3.573140877328538689e+00
-9.415981465815500329e+00
-2.995346590140566256e+00
1.180064514876580262e+00
-5.247611788580995196e+00
-2.626706509249073562e+00
-4.736320053697516741e+00
-3.568784401870064293e+00
-6.880634599459690470e+00
-3.704868892242603184e+00
-6.974095074061463784e-01
-6.245368939156038302e+00
-3.656547323823304829e+00
-1.200770173312870392e+00
-5.802777444768203452e+00
-2.969136272836424784e+00
-1.354242868739003736e-01
-6.764896223416575261e+00
-3.319974444872801023e+00
-1.014366811811303615e+00
-6.401378746028570710e+00
-3.230043112336853373e+00
-6.004496738343504392e-01
-1.225612631241620232e+00
-2.919367754273932025e+00
-6.717661751559137251e+00
-2.822703328742634632e+00
-2.141805747893231193e-01
-8.058695569610984322e+00
-2.264174364872978185e+00
4.529946381770784125e-01
-6.968822954496548761e+00
-4.081203336116727698e+00
8.257445609909488393e-01
-7.571323421829858624e+00
-3.329517766823100189e+00
-2.771595397498540225e-01
-7.287476641134521316e+00
-2.708864227006226866e+00
-6.985475302187300894e-02
-7.129320273903891447e+00
-3.828578884046554553e-01
-5.729301095505332064e+00
-2.507897418348195018e+00
-7.615524498705460665e+00
-3.078554917390181611e+00
-6.929395621422733242e+00
-2.541981108152075564e+00
-5.840018812545324067e+00
-1.544141726139679260e+00
-5.460861047052842032e+00
-1.240594903421198492e+00
-5.608822662022129535e+00
-2.381835307761347220e+00
-6.123204802909230082e+00
-1.976507142638549652e+00
-7.164312885485952798e+00
-3.408993663388726780e+00
-5.141462618351166469e+00
-2.286204865636979999e+00
-2.396616498221467495e+00
-5.000000000000000000e+00
-2.869832959693532359e+00
-4.131132735604549744e+00
-4.701568837712063242e+00
-3.155670528638033989e+00
-5.690196149515636570e+00
-1.789625019844506948e+00
-4.651648507479769101e+00
-2.063727275767852198e+00
-4.144809004276162057e+00
-3.709456745086219698e+00
-4.602930324215258828e+00
-2.877556432343238768e+00
3.767917035495824685e-01
-5.107936886946493615e+00
-3.168868702837307261e+00
1.753514295227511344e+00
-2.544068022635552317e+00
-3.784876195736615490e+00
3.211146895690644015e-02
-4.002750277344855334e+00
-2.595947595030754229e+00
5.713561993968302444e-01
