-6.599508494748294041e+00
-2.496532693440010053e+00
-5.721751805386796619e+00
-5.096480179363210183e+00
-2.385031395913430163e+00
-3.230049810065063198e-01
-6.492350737566682461e+00
-2.723227551359446164e+00
-1.005870346846628349e+00
-7.779984547001418171e+00
-1.765758028139676084e+00
-7.374486404206694878e+00
-3.358340869384846883e+00
-9.438700747170383210e-01
-4.000000000000000000e+00
-3.559948794284797380e+00
-2.121178356144312271e+00
-6.955507356633733984e+00
-3.471864832945744439e+00
-1.123828695111321219e+00
-6.878154078667493287e+00
-3.354535661142464154e+00
-7.565791929823122430e+00
-2.856926300589143430e+00
1.572534495922971676e+00
-6.499231771237420574e+00
-3.242866207102268916e+00
-5.406776107015502042e+00
-3.736899891586823674e+00
-7.825400339706710007e+00
-1.553938169953076986e+00
8.682355526058724848e-01
-7.442152040347169262e+00
-2.753207941104868439e+00
-2.383095168764242655e-01
-5.792318496232773839e+00
-1.164136112352493146e+00
-6.531527964843447664e-01
-6.011028193664049724e+00
-4.094840226851329312e+00
-1.125026607211621954e+00
-7.225284059305634443e+00
-3.649324836053633447e+00
1.019628301326854780e+00
-2.166747720865956683e+00
-4.559103971871144800e+00
-5.739467092192044539e+00
-3.140751136278300493e+00
-3.180245593396691106e-01
-7.908476360899539870e+00
-4.643766068221387933e+00
1.714933927006877301e+00
-6.541244663709919749e+00
-2.514278759323465895e+00
-1.700221865033223256e+00
-7.768800504492771708e+00
-1.671821282515110862e+00
5.776702128847138740e-01
-6.408763413269226383e+00
-2.645380193213682229e+00
-1.097046976948623964e+00
-5.416912247176950856e+00
-1.212754029218599650e+00
-5.025918811476938863e+00
-2.253272112172862496e+00
-6.876208318393055130e+00
-2.269130354837980423e+00
-6.062484032102150699e+00
-1.040021379409302504e+00
-6.140695878756798010e+00
-1.934845425647250261e+00
-6.400770573913858286e+00
-1.789282410431346060e+00
-5.321881044871662247e+00
-3.493229536090154852e+00
-7.009538256053958527e+00
-2.261001958522979027e+00
-4.713203014824649983e+00
-3.999994368744068662e+00
-5.934699723713018571e+00
-4.830148548661008512e-01
-2.800373925212795267e+00
-1.549367423706359270e+00
-2.610042339746816431e+00
-3.962136604422193731e+00
-2.848685764138003673e+00
-4.232127014461529946e+00
-4.621539530407202889e+00
-4.250997523334328676e+00
-2.715080885535947619e+00
-2.885731195101181257e+00
-4.319413271951396460e+00
-4.374059853358413186e+00
-2.741792858623659068e+00
-2.499892617904507119e+00
2.182399433057435612e-01
-4.423446312847979733e+00
-1.766514223221732349e+00
1.425189701167989487e+00
-3.079237026482897654e+00
-4.411550491315620270e+00
2.937690809717763418e-01
-5.262017520185780839e+00
-3.213883750127912720e+00
2.385539783480665310e+00
