-6.589862715195233811e+00
-2.731364099373655652e+00
-6.266303095785946020e+00
-5.571226657898752599e+00
-4.190195934149524959e+00
-3.448835007865206359e-01
-5.798271516687997895e+00
-2.781708576889803552e+00
-9.700638090978139783e-01
-6.681818313370084361e+00
-2.915680361822513333e+00
-6.352923024498553062e+00
-1.425701617811022670e+00
-1.179894504838769231e+00
-3.986954186012063417e+00
-2.694222977670533314e+00
-1.294242104885175548e+00
-6.565966025910776160e+00
-3.212179701717447156e+00
-1.155017165705768178e+00
-7.259221324784749463e+00
-4.462181657954517711e+00
-7.579474642390584549e+00
-4.522961605753883951e+00
-7.311058738865515716e-01
-6.839534314021438632e+00
-2.568742744121251587e+00
-5.927146632268191162e+00
-4.962685468931766763e+00
-7.066444404207934404e+00
-2.869960783760861389e+00
3.598151354218445674e-01
-7.435503000129927820e+00
-1.812585933706940766e+00
-9.036216717065475024e-01
-5.653481207000398356e+00
-2.013242139939957376e+00
5.130484842491862540e-01
-5.516954418280096029e+00
-3.340361758544555304e+00
4.004818839619088688e-01
-8.324669549025641047e+00
-3.761419500221461210e+00
-9.095228720576252757e-01
-1.531398432522924624e+00
-3.426696625038973654e+00
-8.403290323915202364e+00
-3.102367327825938492e+00
7.267261384118064438e-01
-5.386493257795486933e+00
-2.173894263112759795e+00
1.002445517847152079e+00
-6.288903929210145627e+00
-1.038850529743848172e+00
-3.602707140018526211e-01
-5.579110335883903815e+00
-2.221974564916528561e+00
-9.249700344751154990e-02
-7.673790533955530790e+00
-3.345840163400846556e+00
-1.129708546890407783e+00
-6.641370911441002001e+00
-5.696885327509039199e-01
-6.733199933261641235e+00
-1.898466767227972474e+00
-4.111582850187478044e+00
-3.306761984597918147e+00
-5.555599162556531745e+00
-3.304165911542992884e+00
-6.002292070824076120e+00
-9.390321448716845154e-01
-4.358200346177119044e+00
-1.216630109217147204e+00
-6.235483295659475900e+00
-1.691376597376194724e+00
-5.903313754505139954e+00
-1.489874839325561640e+00
-5.672723785401433183e+00
-1.884180869419377569e+00
-5.836557104654495731e+00
-1.309139077291957998e+00
-3.854681377502128026e+00
-3.483144483617060860e+00
-3.093516991905530311e+00
-2.508987480156894989e+00
-3.310774292503979144e+00
-1.939745379966496097e+00
-4.239016456461356164e+00
-2.168243968748827744e+00
-4.312050428301553495e+00
-2.237877568737956402e+00
-4.614944407103990009e+00
-2.552053652985268872e+00
-4.073006308992977331e+00
-4.035053711480480310e+00
1.104695968272936701e+00
-5.000025068035237830e+00
-3.176704300086318877e+00
2.354986773684462353e-01
-4.532145868848178161e+00
-2.902654338130245204e+00
2.627123800558330391e+00
-2.858164320240303091e+00
-1.735868946322653983e+00
1.715039589796780950e+00
