-7.492177991516774327e+00
-1.942310163281312008e+00
-4.482647400206419164e+00
-5.362291802369644422e+00
-2.875395069641078383e+00
-1.547049188309673529e+00
-5.709914029662647827e+00
-3.516478976785043731e+00
5.263966625468960991e-01
-7.678944217236342240e+00
-1.790597539116755677e+00
-6.362290427352610855e+00
-4.996993592040673171e+00
-1.619983019312351002e-01
-3.713394684304817339e+00
-2.083388554030157103e+00
-3.240589547856020380e-01
-6.763520913200317786e+00
-2.760230236075755350e+00
-1.158530697720442149e+00
-8.296641635744951060e+00
-2.392685987341500731e+00
-7.999223930896437018e+00
-3.521618579188840581e+00
-6.266030017036455790e-01
-5.871578491917461839e+00
-2.922028017438589309e+00
-4.218134705587241129e+00
-3.226759022732943016e+00
-6.797128806258399436e+00
-3.837658715956759448e+00
1.155707598748905163e+00
-6.739225214504005024e+00
-3.602655360601786150e+00
2.796954152997662563e-02
-5.392310078375633253e+00
-2.839432369351953422e+00
2.619451180485190545e-01
-5.687879743114466535e+00
-3.562104880713876209e+00
-6.937102617438647423e-01
-7.840584318053632096e+00
-2.992052678258210197e+00
1.976740525448524410e+00
-7.460602003548532334e-03
-1.651357679720546257e+00
-6.758708093020484142e+00
-3.048671041642209811e+00
5.802034974735410522e-01
-6.699842233242343958e+00
-3.306690488861185884e+00
6.752920633982369969e-01
-7.040168392581180434e+00
-2.621454916223103115e+00
-4.248601088708363616e-01
-7.167093252460710495e+00
-4.136475286394148299e+00
-6.481556720378072178e-01
-5.365557525688338103e+00
-1.585846035881222305e+00
-2.000000000000000000e+00
-6.313976050670995654e+00
-2.353138675573376304e+00
-4.908738746774135464e+00
-2.035419825178445663e+00
-5.278888161617969921e+00
-9.346165119717320113e-01
-4.300822287017869172e+00
-1.024298418371726971e+00
-7.708046962379605738e+00
-1.058774645051553387e+00
-6.655609397989626252e+00
-1.118593807399545170e+00
-5.635583320799625540e+00
-2.688172300922492042e+00
-6.561522360221758277e+00
-1.632141661847079206e+00
-6.028456578779518793e+00
-1.250887721440612887e+00
-6.818121265959605104e+00
-1.100555002160735540e+00
-5.690196149515636570e+00
-2.312729466779916088e+00
-3.004409303613155835e+00
-2.454140760728751314e+00
-3.430526498890388964e+00
-2.812152376243028939e+00
-4.371957328869156001e+00
-3.577548024173074381e+00
-4.091334630467738265e+00
-2.349921172988208795e+00
-3.730859256935726620e+00
-2.641621770283271609e+00
-3.828955500761459962e+00
-3.273599526463442988e+00
1.241563133150247022e+00
-5.640490495939856075e+00
-2.835936810005950104e+00
2.118596977102863210e+00
-3.484015556750360343e+00
-3.913545483804045766e+00
-1.000000000000000000e+00
-5.126944457819663903e+00
-4.452761541755887897e+00
2.345033250859020590e+00
