-6.212385223812266766e+00
-2.663672721699174684e+00
-4.344997388664496363e+00
-6.599316943885549236e+00
-1.590681493642269295e+00
4.108356522527996102e-01
-6.929869316031322057e+00
-2.572468939092263263e+00
-5.395915140831158974e-01
-6.840901949348639377e+00
-3.486203646350447105e+00
-6.363784593940241763e+00
-2.472619924947155212e+00
-1.150081049119399790e+00
-3.439810095976810533e+00
-1.803823038717952576e+00
-3.030344034125164399e+00
-5.356239726154549352e+00
-3.334968577113410326e+00
3.295167138183791589e-01
-7.063516727612809021e+00
-4.182553488453276458e+00
-9.757437101040981275e+00
-2.889221698816036188e+00
6.826465973294102429e-01
-6.921933004310533377e+00
-2.871833439978574987e+00
-4.412324274328777385e+00
-4.325842484813430033e+00
-7.352101431310305912e+00
-3.367888927492243667e+00
-9.655034930699541995e-01
-5.614112264176631228e+00
-3.448101329364812617e+00
-2.016801119871642012e+00
-5.321653705206908391e+00
-2.053970129436247571e+00
7.262140948945634833e-02
-5.541385483739444062e+00
-3.668019533680657140e+00
9.425769238004003681e-01
-6.677848688622910700e+00
-2.540947144674535974e+00
-8.008299417943458287e-02
-3.182880143157393316e-01
-2.628920259667096637e+00
-7.014430014254860346e+00
-3.791246384069695274e+00
5.469091380655126677e-01
-6.439518344360582347e+00
-3.575255785299062516e+00
-6.170828154473766425e-01
-8.204573270826390541e+00
-4.108787769476446528e+00
-4.328040091698788783e-01
-8.081989819561478328e+00
-3.409727317296987081e+00
-3.644178339211158191e-01
-7.019625700227293486e+00
-2.857891936985783143e+00
3.900729907193929979e-01
-5.029623041663863425e+00
-6.084791085482476047e-01
-6.668874668716346044e+00
-2.319499984729615161e+00
-5.207536469882708907e+00
-2.206002434120732936e+00
-6.315563385854970235e+00
-2.292047699940148231e+00
-6.287939168234991882e+00
-1.733522066334995948e+00
-4.719824149382830569e+00
-1.629798055356625586e+00
-5.869997861598582389e+00
-2.136798293410971716e+00
-6.935610866748176839e+00
-3.058156231924226809e+00
-5.491909806004056094e+00
-2.965724345095399617e+00
-5.534610896632920607e+00
-1.682899544876826914e+00
-3.660763872998835211e+00
-3.453367166109404085e+00
-4.223183710097038635e+00
-3.046619653219428514e+00
-4.642522607706736082e+00
-2.847936264777562343e+00
-3.584391902552443998e+00
-1.760253352346949018e+00
-2.365590121621501396e+00
-4.125279353013711514e+00
-4.524528986611342951e+00
-2.386714700413370416e+00
-3.337107989912523998e+00
-3.420849810890811415e+00
-4.168838214002903303e-02
-4.872199700693963464e+00
-2.873501255226624362e+00
1.964525815467952796e+00
-4.837957180477612695e+00
-1.526786524546215773e+00
3.807170187844728382e-01
-5.326540492021415218e+00
-3.440204277145116674e+00
4.035405918352305554e-01
