-6.541623075278423016e+00
-3.936038411643113744e+00
-5.809327249509384394e+00
-6.228487234507038117e+00
-3.386586212286255559e+00
-6.323219459882325477e-01
-5.884019855222058837e+00
-3.917498873243370650e+00
-3.974010719429869054e-01
-6.317039542229019311e+00
-1.840401178572702579e+00
-5.966728420746557404e+00
-1.283710500315594860e+00
-9.452448462614685409e-01
-2.122756424951268261e+00
-2.236804775587211136e+00
-4.224643336267720484e-01
-5.013733629332088881e+00
-3.539944278283905454e+00
1.751584923760534540e+00
-7.445625657015344068e+00
-2.289042759477198263e+00
-8.234093733777189783e+00
-1.425771387780133459e+00
8.679208409628812460e-01
-6.690481197337572183e+00
-2.256054986883460511e+00
-4.048226797761225626e+00
-4.882197308224522025e+00
-7.112807899988034421e+00
-2.333133979591324625e+00
-3.885862317071692162e-01
-6.240772490493469604e+00
-2.232986135421326956e+00
-1.288703792867304632e+00
-5.958213406156490421e+00
-2.666788023752284520e+00
1.503458876292934621e+00
-5.588121054048853509e+00
-4.122579114255258581e+00
1.186727649730054068e+00
-8.388273075433680503e+00
-3.361571709098379657e+00
-7.829901840086755938e-01
-1.369617737663713641e-01
-2.711901636157956652e+00
-8.624809115455455810e+00
-1.000000000000000000e+00
-1.413410973616559430e+00
-6.698196789605662893e+00
-4.261247880646136466e+00
7.998681078900472807e-02
-7.626242059178420796e+00
-3.637488986327073182e+00
-1.613401522442176397e-02
-7.806194446379195462e+00
-4.339071984769558910e+00
-2.075105988239391575e-01
-7.281178617430070332e+00
-1.000000000000000000e+00
7.842409422919993656e-01
-5.528887578970611116e+00
-3.150601608672763954e-01
-7.013718351498760661e+00
-1.462497922929944627e+00
-6.261822900063987341e+00
-5.526180745285607099e-01
-7.400441982803852348e+00
-1.182937600791750699e+00
-6.896528463989072932e+00
-1.430131914921767056e+00
-7.166018776064861484e+00
-9.115940779807392147e-01
-5.351454357986755284e+00
-2.498044364008009666e+00
-5.688995979928551883e+00
-3.840324991972269064e+00
-5.056802385179387294e+00
-8.721875856840631824e-01
-7.482688152918228752e+00
-2.489217121387307330e+00
-3.592012327305670993e+00
-5.000000000000000000e+00
-3.221729313770812286e+00
-1.477022011942354940e+00
-2.773328661739173029e+00
-3.093869476597354229e+00
-5.135851267899249173e+00
-3.050923965660639059e+00
-4.423292813889998065e+00
-2.083888066213602563e+00
-2.826155341485822703e+00
-2.130062926005642066e+00
-4.847812756215310159e+00
-2.024811724298227755e+00
1.762620266640178499e-02
-6.001396963364999060e+00
-2.036664854444999673e+00
2.314132083138408458e+00
-2.544068022635552317e+00
-4.619650430099899729e+00
-2.890933107555420101e-01
-4.573460007315395259e+00
-4.233208756589829314e+00
2.986532751108721961e-01
