-7.401279332020079593e+00
-4.305371689216412001e+00
-5.281922846574262920e+00
-5.674806862075489455e+00
-2.288296046733959255e+00
1.119508135081732414e+00
-6.230289312511934519e+00
-2.106210109398600760e+00
9.081559692976542975e-01
-5.554815973272492435e+00
-3.372811963486432418e+00
-5.950616623137423566e+00
-3.779982409524182074e+00
-1.185327294943090859e+00
-3.656073115989520339e+00
-1.269582656567533219e+00
-1.378243448659548287e+00
-5.617327630798738980e+00
-2.629523616626841420e+00
7.610463662392444872e-01
-6.938654598086968939e+00
-2.803209848572645324e+00
-8.762210730663484881e+00
-3.417369239893388588e+00
-1.712047789085917593e-01
-6.796821495723327722e+00
-1.000000000000000000e+00
-3.384115737215840802e+00
-2.878224822072441125e+00
-7.767094724105490400e+00
-4.284782806598312455e+00
-3.913227847100363421e-01
-6.054217159741734022e+00
-2.531509911653014200e+00
-1.489919516876746286e+00
-5.724878443450290177e+00
-2.444922324200244024e+00
1.284620950418864149e+00
-5.472190856667503489e+00
-2.249518078772351437e+00
3.929554998294411128e-01
-7.805481191930756957e+00
-3.407675227360550174e+00
-1.351742639857820061e+00
-9.183655749531360879e-01
-3.144656218111085977e+00
-5.486105304340635591e+00
-3.327939258698998426e+00
-2.000000000000000000e+00
-7.287632117691682510e+00
-1.580031544973984126e+00
-4.317091194502496038e-02
-6.651579506387887974e+00
-4.199445172193449594e+00
-2.808568418259563826e-01
-6.575114152999885775e+00
-3.320513594599197482e+00
-1.034074529155899258e+00
-6.463179366658454050e+00
-2.727062829913152076e+00
8.738722446075615213e-01
-6.483222442312352563e+00
-9.788241191869828661e-01
-5.572200113068944027e+00
7.918124604762488694e-02
-6.133708084768835000e+00
-9.456197084190658408e-01
-4.237696057203723221e+00
-1.918028851315813688e+00
-4.890895299247811856e+00
-2.900223606285152744e+00
-5.097649637463572247e+00
-1.438487052954853018e+00
-5.474443619001951866e+00
-1.929336720186712428e+00
-5.263043870543178571e+00
-2.022080245970696577e+00
-6.982434679569976765e+00
-2.197164999664106499e+00
-6.626435164707332071e+00
-1.445174914077577810e+00
-4.665491640086153247e+00
-3.211762762591579889e+00
-4.112307636283317969e+00
-3.852433115151845389e+00
-2.318979717165958299e+00
-2.230516689766658178e+00
-3.838045010542691315e+00
-2.214865986391128416e+00
-3.473707259056800112e+00
-4.176674970366389239e+00
-4.788917068945251820e+00
-3.237892931865084645e+00
-3.275071168377078124e+00
-4.405324329036273134e+00
-7.066687730448378835e-01
-5.236141680273639132e+00
-3.556116902074962560e+00
4.585116726007613108e-01
-4.851884452382228652e+00
-3.762185375594535586e+00
-8.065670720774409386e-01
-6.434580726881301338e+00
-2.904451230705386688e+00
-1.000000000000000000e+00
