-7.174110438616354557e+00
-3.643679830587709834e+00
-4.996707045340492925e+00
-5.480106510265278175e+00
-1.447173950584152324e+00
-1.459866359302604000e+00
-5.940376195347383259e+00
-3.961299768010107858e+00
-2.000000000000000000e+00
-5.599160724727405558e+00
-2.877161452104946004e+00
-7.557234471638771822e+00
-4.138061202149988738e+00
0.000000000000000000e+00
-3.247622050535980964e+00
-8.700915260054148392e-01
-3.276740595899580555e+00
-8.301029995663981254e+00
-1.000000000000000000e+00
-2.000000000000000000e+00
-5.301029995663981254e+00
-2.083436372961157357e+00
-1.030102999566398125e+01
-2.783135825323044266e+00
1.295374235670859964e+00
-4.716679107283168193e+00
-1.775876199222301111e+00
-7.154901959985743076e+00
-5.000000000000000000e+00
-7.151387113953738606e+00
-3.043202427890689066e+00
3.336155564809526464e-01
-4.719502523787510562e+00
-1.000000000000000000e+00
-3.000000000000000000e+00
-4.659674153563956978e+00
-2.208784200392977404e+00
-3.804257205361361582e-01
-5.168070183351384905e+00
-3.969102509132044876e+00
2.000000000000000000e+00
-7.332458181524428298e+00
-2.682370799048423571e+00
-1.105889484453495664e+00
1.000000000000000000e+00
-3.032020979471236721e+00
-6.415753880254451147e+00
-4.378990139909593182e+00
-1.317766243091360312e-01
-8.442028218657421590e+00
-5.000000000000000000e+00
-1.685273140129893932e+00
-5.000021677970617695e+00
-3.475121722320049678e+00
2.000000000000000000e+00
-7.026117908860577188e+00
-2.219205454720946324e+00
-3.230134075797175819e-01
-6.993011463229659164e+00
-2.162369864670577790e+00
-7.483266084494588632e-02
-7.010455455676312120e+00
-1.214467295459463969e+00
-6.328830300107106233e+00
-1.632651708426543058e+00
-6.022584493204648837e+00
-1.418460007929537081e+00
-5.085355049388597060e+00
-4.000000000000000000e+00
-4.000000000000000000e+00
-2.071582300066567406e+00
-8.000000000000000000e+00
-1.516499432579625273e+00
-6.587990994882555462e+00
-1.711730354546356470e+00
-4.817014307690291375e+00
-3.615168701396117013e-01
-5.474812572212812256e+00
-1.835053570977771109e+00
-4.000000000000000000e+00
2.787536009528290837e-01
-4.459095353719633614e+00
-3.088856165327129144e+00
-4.122161744301956254e+00
-4.596300739570428284e+00
-4.054261969834546342e+00
-3.208171035161767382e+00
-5.690030947930083016e+00
-1.000000000000000000e+00
-4.538243981066431232e+00
-3.602506153098116837e+00
-5.160127810391356817e+00
-3.507865821939331052e+00
-4.595312848792186600e+00
-4.445551616252802596e+00
1.503647187196081481e+00
-4.839231298100949985e+00
-3.170600671475195309e+00
1.260206812361879702e+00
-6.544068022635552317e+00
-3.219824511494558283e+00
1.709044776630949780e+00
-2.544068022635552317e+00
-1.427438044730442002e+00
1.560781593150038171e+00
