-7.606153413114051354e+00
-2.527408859297900712e+00
-5.138287485568987734e+00
-7.290332276198888017e+00
-3.690520234322361759e+00
-1.502743528204107060e+00
-5.045989653911443718e+00
-3.169046838095940899e+00
-1.530988114274177248e+00
-5.606981687242559076e+00
-2.636034916776734960e+00
-5.513692090522874345e+00
-3.729127740079818398e+00
-7.819140111010031147e-01
-3.255617715045709737e+00
-2.060517347244672504e+00
-3.512452121378013103e+00
-6.178482262998964636e+00
-3.506005878683990939e+00
1.309513564795511842e+00
-6.263083967281408704e+00
-1.365720907903085646e+00
-9.782195258006924021e+00
-2.616235701981521888e+00
-3.548024148466821237e-01
-6.080823721672661719e+00
-1.164405592229942332e+00
-4.044960831757268949e+00
-4.282438267179142777e+00
-6.181655563080722615e+00
-2.779962951994801035e+00
-3.117682360943684339e-01
-6.261588801323501485e+00
-2.243813620475924697e+00
-1.741525250992956630e+00
-5.280830445090579417e+00
-3.323037744791963455e+00
5.911104791320852536e-01
-5.165934302795293753e+00
-4.283263613690375671e+00
1.001811234799954597e+00
-8.218219250337256199e+00
-2.335375115776427535e+00
-1.684720637109187458e-01
-8.420499152299837364e-01
-2.617627131839477705e+00
-7.482702678131031959e+00
-2.469325023492582094e+00
9.512982774892717597e-01
-8.222762827286377529e+00
-2.221081908018893269e+00
5.076191887783495504e-01
-6.534288211162574633e+00
-3.010071062072710912e+00
-2.677087834723189674e-01
-7.249454726929466908e+00
-4.032409237586722206e+00
5.995018751281885327e-01
-5.738606724547389959e+00
-2.884947499882952293e+00
-6.160018504993158839e-01
-6.728981686799329509e+00
1.213692750584831059e-01
-4.616727418570765629e+00
-1.866301173259305557e+00
-7.432645587050594749e+00
-5.637656119375268338e-01
-7.996677730701144071e+00
-8.070486810902839370e-01
-6.052375679623227533e+00
-2.046800343270453126e+00
-6.780265045990913286e+00
4.145102280679495710e-01
-6.644878897778161431e+00
-2.479378696760254019e+00
-5.218843466908734463e+00
-2.458573142144228729e+00
-6.630153944545403633e+00
-2.572208763446217628e+00
-5.800158853317309848e+00
-6.741837890892571350e-01
-2.407665896027703756e+00
-3.633556503373657875e+00
-3.146235136485928674e+00
-2.957756499283783924e+00
-4.296132212947497031e+00
-2.713999262672673662e+00
-3.227935217488763886e+00
-4.232176833859848664e+00
-4.829651707055913512e+00
-4.093218364884092964e+00
-3.371972826277786606e+00
-2.998580545376461792e+00
-4.024830002915849470e+00
-3.774041400330898632e+00
1.518513456653739935e+00
-6.215958243911159364e+00
-4.127225953385552870e+00
1.080683895685700335e+00
-3.382586868383012924e+00
-2.901701507339450536e+00
-9.979190963373431034e-01
-4.966826732946149292e+00
-4.135906626647249951e+00
1.620931300651567708e-01
