6.111878995005316995e+01
6.111878995005316995e+01
6.111878995005316995e+01
5.797837403967969294e+01
5.174037612941052799e+01
4.778047997363497501e+01
4.571409592314905268e+01
4.153279794949767734e+01
4.084728967384125298e+01
3.832734718034163279e+01
3.312551700876910843e+01
3.312551700876910843e+01
3.312551700876910843e+01
3.312551700876910843e+01
3.312551700876910843e+01
3.184057297152532939e+01
3.151943613133304112e+01
3.151943613133304112e+01
3.148816078321025103e+01
3.066356389735258503e+01
3.066356389735258503e+01
2.416384897400838838e+01
2.245357701051205623e+01
2.097031703517570378e+01
1.569851142758848539e+01
1.105218204609816013e+01
8.689015427428572025e+00
7.900714489511349470e+00
7.291350237449567118e+00
7.291350237449567118e+00
5.917483876101035989e+00
5.413294470393692492e+00
4.618518432586163236e+00
4.422385506740499572e+00
3.355466371763323075e+00
2.705500306558327406e+00
2.323544537963934786e+00
1.808265703264237079e+00
1.320941027170562165e+00
1.050330587830503593e+00
7.962649461276474216e-01
5.412712379011845876e-01
4.216889805115649481e-01
3.154656806813231906e-01
2.961050153275285313e-01
2.742851350449957426e-01
2.742851350449957426e-01
2.742851350449957426e-01
2.742851350449957426e-01
2.530179109753806777e-01
2.388727675924398886e-01
2.143593594651524437e-01
2.143593594651524437e-01
1.947492576639913708e-01
1.944142827460009493e-01
1.798989786850736239e-01
1.798989786850736239e-01
1.639255542346920724e-01
1.469890090671691352e-01
1.315672009654724195e-01
1.256411493675392843e-01
1.247446613496298318e-01
1.190579100120335021e-01
1.132765008589740191e-01
1.126939177916611579e-01
1.126939177916611579e-01
1.126939177916611579e-01
1.126939177916611579e-01
1.118021237082532926e-01
1.108895120055910788e-01
1.108895120055910788e-01
1.059783974725758138e-01
1.005532493674470285e-01
1.005532493674470285e-01
1.005532493674470285e-01
1.005532493674470285e-01
1.005532493674470285e-01
1.005532493674470285e-01
1.005532493674470285e-01
1.005532493674470285e-01
1.005532493674470285e-01
1.002609196596783436e-01
1.002609196596783436e-01
1.002609196596783436e-01
1.002609196596783436e-01
1.002609196596783436e-01
9.737214731388564581e-02
9.737214731388564581e-02
9.737214731388564581e-02
9.737214731388564581e-02
9.678812309559084448e-02
9.678812309559084448e-02
9.678812309559084448e-02
9.678812309559084448e-02
9.455551612745059786e-02
9.455551612745059786e-02
9.455551612745059786e-02
9.455551612745059786e-02
9.455551612745059786e-02
9.455551612745059786e-02
9.455551612745059786e-02
9.407585534151807760e-02
9.407585534151807760e-02
9.407585534151807760e-02
9.407585534151807760e-02
9.407585534151807760e-02
9.368848146716160508e-02
9.368848146716160508e-02
9.368848146716160508e-02
9.201868320841577464e-02
9.201868320841577464e-02
9.201868320841577464e-02
9.201868320841577464e-02
9.172107542097636401e-02
9.172107542097636401e-02
9.172107542097636401e-02
9.113664168780724606e-02
9.024688875214956219e-02
9.024688875214956219e-02
9.024688875214956219e-02
8.927708225945815701e-02
8.918940159001173540e-02
8.918940159001173540e-02
8.918940159001173540e-02
8.918940159001173540e-02
8.918940159001173540e-02
8.918940159001173540e-02
8.918940159001173540e-02
8.918940159001173540e-02
8.851701700467193290e-02
8.851701700467193290e-02
8.851701700467193290e-02
8.851701700467193290e-02
8.851701700467193290e-02
8.851701700467193290e-02
8.851701700467193290e-02
8.851701700467193290e-02
8.831309723131822165e-02
8.792562789366004106e-02
8.792562789366004106e-02
8.792562789366004106e-02
8.792562789366004106e-02
8.792562789366004106e-02
8.792562789366004106e-02
8.792562789366004106e-02
8.792562789366004106e-02
8.784576668255936194e-02
8.774540488030435625e-02
8.774540488030435625e-02
8.772688406681185269e-02
8.772688406681185269e-02
8.772688406681185269e-02
8.770033851239178446e-02
8.770033851239178446e-02
8.770033851239178446e-02
8.770033851239178446e-02
8.764102788569488878e-02
8.764102788569488878e-02
8.762966827641710532e-02
8.762966827641710532e-02
8.739140326653341284e-02
8.739140326653341284e-02
8.739140326653341284e-02
8.739140326653341284e-02
8.739140326653341284e-02
8.733997695501331815e-02
8.706252177960949190e-02
8.706252177960949190e-02
8.692363778758557813e-02
8.692363778758557813e-02
8.692363778758557813e-02
8.692363778758557813e-02
8.692363778758557813e-02
8.692363778758557813e-02
8.692363778758557813e-02
8.692363778758557813e-02
8.692098479939601441e-02
8.691383423505648353e-02
8.691305979783510438e-02
8.691298026901697615e-02
8.691296453617868012e-02
8.691296453617868012e-02
8.691296255266779680e-02
8.691296255266779680e-02
8.691296255266779680e-02
8.691296255266779680e-02
8.666645374338573238e-02
8.666645374338573238e-02
8.666645374338573238e-02
8.662906425614919081e-02
8.608323911802345796e-02
8.607212195002549027e-02
8.607197886829368039e-02
8.607197886829368039e-02
8.607197886829368039e-02
8.600600027328723918e-02
8.600600027328723918e-02
8.600600027328723918e-02
8.544112001826782710e-02
8.544112001826782710e-02
