1.666429463331649785e+01
1.666429463331649785e+01
1.469420395969798321e+01
1.469420395969798321e+01
1.321587847590255826e+01
1.139015454827785945e+01
1.068593644721479841e+01
1.000543831391209082e+01
5.149799162303822619e+00
3.591126142494821760e+00
3.591126142494821760e+00
3.591126142494821760e+00
2.487584121911580848e+00
2.487584121911580848e+00
2.055830625556455349e+00
2.055830625556455349e+00
1.161534625953534849e+00
1.161534625953534849e+00
1.161534625953534849e+00
1.161534625953534849e+00
8.972609750541259421e-01
8.972609750541259421e-01
8.972609750541259421e-01
8.972609750541259421e-01
8.972609750541259421e-01
8.972609750541259421e-01
8.972609750541259421e-01
8.972609750541259421e-01
8.575510895582416637e-01
8.575510895582416637e-01
8.575510895582416637e-01
8.575510895582416637e-01
8.159253844074281226e-01
8.159253844074281226e-01
8.027373922940723716e-01
7.543216288546782389e-01
7.168560291314588495e-01
6.572208163193611341e-01
6.022782448568017033e-01
5.798507543901970651e-01
4.807655078035155127e-01
4.771926419535754138e-01
3.851828100907371266e-01
3.851828100907371266e-01
3.851828100907371266e-01
3.851828100907371266e-01
3.851828100907371266e-01
3.851828100907371266e-01
3.522413705438037779e-01
3.522413705438037779e-01
3.251406281700955359e-01
3.251406281700955359e-01
3.243500738524862093e-01
3.243500738524862093e-01
3.216878644214403171e-01
3.107128774747878186e-01
2.896059158414494017e-01
2.844461400255926531e-01
2.844461400255926531e-01
2.573468982466524113e-01
2.573468982466524113e-01
2.573468982466524113e-01
2.573447011215828084e-01
2.573447011215828084e-01
2.479045072333881383e-01
2.473110422747412662e-01
2.473110422747412662e-01
2.462623397038152251e-01
2.379191580671336237e-01
2.022022418750239192e-01
2.022022418750239192e-01
2.022022418750239192e-01
2.022022418750239192e-01
2.022022418750239192e-01
2.022022418750239192e-01
2.022022418750239192e-01
2.022022418750239192e-01
2.022022418750239192e-01
2.022022418750239192e-01
1.992798963501120901e-01
1.992798963501120901e-01
1.992798963501120901e-01
1.992798963501120901e-01
1.992798963501120901e-01
1.992798963501120901e-01
1.992798963501120901e-01
1.992798963501120901e-01
1.992798963501120901e-01
1.992798963501120901e-01
1.966194368326986130e-01
1.903161779185532920e-01
1.903161779185532920e-01
1.903161779185532920e-01
1.896809579251797218e-01
1.856502299354416130e-01
1.720374120612370161e-01
1.720374120612370161e-01
1.720374120612370161e-01
1.682664676561010653e-01
1.680035664967724773e-01
1.680035664967724773e-01
1.680035664967724773e-01
1.680035664967724773e-01
1.680035664967724773e-01
1.680035664967724773e-01
1.680035664967724773e-01
1.680035664967724773e-01
1.603974932584523450e-01
1.603974932584523450e-01
1.603974932584523450e-01
1.603974932584523450e-01
1.603974932584523450e-01
1.588768676993891071e-01
1.588768676993891071e-01
1.575823066088833380e-01
1.575823066088833380e-01
1.575823066088833380e-01
1.575823066088833380e-01
1.575823066088833380e-01
1.575823066088833380e-01
1.551541741690469489e-01
1.551541741690469489e-01
1.551541741690469489e-01
1.551541741690469489e-01
1.539432022140787559e-01
1.539432022140787559e-01
1.539432022140787559e-01
1.539432022140787559e-01
1.539432022140787559e-01
1.539432022140787559e-01
1.539432022140787559e-01
1.503107181208014897e-01
1.503107181208014897e-01
1.503107181208014897e-01
1.485857950618781342e-01
1.485857950618781342e-01
1.485857950618781342e-01
1.485857950618781342e-01
1.485857950618781342e-01
1.460990576620060100e-01
1.435897544145486315e-01
1.425411801726753080e-01
1.425411801726753080e-01
1.393801711919858688e-01
1.341074275281212425e-01
1.341074275281212425e-01
1.341074275281212425e-01
1.341074275281212425e-01
1.341074275281212425e-01
1.341074275281212425e-01
1.341074275281212425e-01
1.330225435645850385e-01
1.318921404734779423e-01
1.307952641312813413e-01
1.307952641312813413e-01
1.302654741888207013e-01
1.302654741888207013e-01
1.297515287504222847e-01
1.297515287504222847e-01
1.281587094518014669e-01
1.278077473188534707e-01
1.278077473188534707e-01
1.278077473188534707e-01
1.278077473188534707e-01
1.276279794946541812e-01
1.255925897739320896e-01
1.255925897739320896e-01
1.255925897739320896e-01
1.255925897739320896e-01
1.255925897739320896e-01
1.255925897739320896e-01
1.255925897739320896e-01
1.251271095335239059e-01
1.250467072891994769e-01
1.246854098524150523e-01
1.245020483573279907e-01
1.242596671367740546e-01
1.239789878223157282e-01
1.239789878223157282e-01
1.230044762376950040e-01
1.229807222729580041e-01
1.229807222729580041e-01
1.227975215509986007e-01
1.221931894011032554e-01
1.210111609329764387e-01
1.202016556152741555e-01
1.201474699083887598e-01
1.200328598563260296e-01
1.186807450494611199e-01
1.184128258499107800e-01
1.184128258499107800e-01
1.184013530358385968e-01
1.184013530358385968e-01
1.184013530358385968e-01
1.180620038846527387e-01
1.180285438805170201e-01
1.180278858439086920e-01
1.165235121317997752e-01
1.164124643189889952e-01
1.164110672692911241e-01
