3.826084791065694191e+01
3.826084791065694191e+01
3.826084791065694191e+01
2.228175763560999911e+01
1.054101877343082450e+01
4.990679390917271974e+00
3.963328159787545601e+00
3.963328159787545601e+00
3.963328159787545601e+00
3.963328159787545601e+00
3.963328159787545601e+00
3.963328159787545601e+00
3.675190045256720328e+00
3.088924713235511987e+00
3.088924713235511987e+00
3.063153372194289847e+00
2.531993196502399179e+00
2.375856154643795293e+00
1.026568913845606890e+00
1.026568913845606890e+00
1.026568913845606890e+00
1.026568913845606890e+00
1.026568913845606890e+00
4.666912767960935682e-01
4.563940519277022156e-01
2.806957199571810113e-01
2.332359930598756070e-01
1.504470653821854687e-01
1.082022349165133734e-01
7.040948282150222282e-02
7.040948282150222282e-02
7.040948282150222282e-02
7.040948282150222282e-02
7.040948282150222282e-02
7.040948282150222282e-02
7.040948282150222282e-02
7.040948282150222282e-02
7.040948282150222282e-02
7.040948282150222282e-02
6.895388640587327145e-02
6.706629546999315350e-02
6.706629546999315350e-02
6.706629546999315350e-02
6.706629546999315350e-02
6.057035515551913163e-02
5.523962419976929245e-02
5.026401919953150249e-02
5.026401919953150249e-02
5.026401919953150249e-02
5.026401919953150249e-02
5.026401919953150249e-02
5.026401919953150249e-02
5.026401919953150249e-02
4.940535650457562877e-02
4.681936173104531140e-02
4.681936173104531140e-02
4.681936173104531140e-02
4.681936173104531140e-02
4.681936173104531140e-02
4.681936173104531140e-02
4.681936173104531140e-02
4.681936173104531140e-02
4.608393035235183038e-02
4.608393035235183038e-02
4.608393035235183038e-02
4.608393035235183038e-02
4.608393035235183038e-02
4.608393035235183038e-02
4.608393035235183038e-02
4.608393035235183038e-02
4.608393035235183038e-02
4.608393035235183038e-02
4.608393035235183038e-02
4.608393035235183038e-02
4.608393035235183038e-02
4.564685201818702298e-02
4.564685201818702298e-02
4.564685201818702298e-02
4.407927121965157791e-02
4.407927121965157791e-02
4.407927121965157791e-02
4.407927121965157791e-02
4.407927121965157791e-02
4.407927121965157791e-02
4.407927121965157791e-02
4.407927121965157791e-02
4.407927121965157791e-02
4.407927121965157791e-02
4.407927121965157791e-02
4.407927121965157791e-02
4.252684424686876963e-02
4.252684424686876963e-02
4.252684424686876963e-02
4.252684424686876963e-02
4.252684424686876963e-02
4.252684424686876963e-02
4.252684424686876963e-02
4.252684424686876963e-02
4.252684424686876963e-02
4.252684424686876963e-02
4.252684424686876963e-02
4.252684424686876963e-02
4.252684424686876963e-02
4.252684424686876963e-02
4.252684424686876963e-02
4.210906589552108892e-02
4.210906589552108892e-02
4.210031217525897484e-02
4.210031217525897484e-02
4.210031217525897484e-02
4.202379169418861415e-02
4.202379169418861415e-02
4.202379169418861415e-02
4.197327630901665635e-02
4.195357029360630846e-02
4.194597038430185332e-02
4.194294323765215826e-02
4.160910856850147388e-02
4.145887488629748652e-02
4.119188579488851365e-02
4.119188579488851365e-02
4.119188579488851365e-02
4.119188579488851365e-02
4.030464163709187447e-02
4.030464163709187447e-02
4.030464163709187447e-02
4.014560290429923517e-02
4.014560290429923517e-02
4.014560290429923517e-02
4.014560290429923517e-02
4.010149422244026207e-02
4.007513339348824782e-02
4.006937954959377546e-02
4.006788577894707798e-02
4.006738203648346763e-02
4.006716014822942623e-02
4.006716014822942623e-02
4.006716014822942623e-02
4.006713782612628116e-02
4.006713782612628116e-02
4.006713782612628116e-02
4.006713782612628116e-02
3.989528656536702605e-02
3.989528656536702605e-02
3.989528656536702605e-02
3.989528656536702605e-02
3.989528656536702605e-02
3.989528656536702605e-02
3.989528656536702605e-02
3.989528656536702605e-02
3.989528656536702605e-02
3.989528656536702605e-02
3.989528656536702605e-02
3.989528656536702605e-02
3.989528656536702605e-02
3.989528656536702605e-02
3.989528656536702605e-02
3.989528656536702605e-02
3.987798038628113245e-02
3.975766656218052142e-02
3.973519324401207642e-02
3.973070171935316752e-02
3.972993901165693120e-02
3.972961804482011416e-02
3.972948088909302594e-02
3.972948088909302594e-02
3.972948088909302594e-02
3.972948088909302594e-02
3.972948088909302594e-02
3.972948088909302594e-02
3.972948088909302594e-02
3.972948088909302594e-02
3.972948088909302594e-02
3.972948088909302594e-02
3.972948088909302594e-02
3.972948088909302594e-02
3.972948088909302594e-02
3.944843116965807833e-02
3.944843116965807833e-02
3.944843116965807833e-02
3.944843116965807833e-02
3.944843116965807833e-02
3.944843116965807833e-02
3.944843116965807833e-02
3.944843116965807833e-02
3.944843116965807833e-02
3.944843116965807833e-02
3.944843116965807833e-02
3.944843116965807833e-02
3.944843116965807833e-02
3.944843116965807833e-02
3.944843116965807833e-02
3.944843116965807833e-02
3.944843116965807833e-02
3.944843116965807833e-02
3.944843116965807833e-02
3.944843116965807833e-02
3.944843116965807833e-02
3.944843116965807833e-02
3.944843116965807833e-02
