3.022439266220935039e+01
3.022439266220935039e+01
2.388270923892141440e+01
1.791985804451508457e+01
1.565470285005946138e+01
1.559948836174971376e+01
1.559948836174971376e+01
1.559948836174971376e+01
1.497650979238430935e+01
1.497650979238430935e+01
1.497650979238430935e+01
1.497650979238430935e+01
1.360232036751477125e+01
9.822043410356267046e+00
7.765529811268409688e+00
7.765529811268409688e+00
7.765529811268409688e+00
7.537766515637285281e+00
7.229354849482319878e+00
6.295165856264943294e+00
4.839666191279665242e+00
4.079569737767132054e+00
4.079569737767132054e+00
4.079569737767132054e+00
4.041310333123635523e+00
3.674091438362375062e+00
3.552058888535817971e+00
3.490342502293448668e+00
3.325072467824258027e+00
3.090774504129815803e+00
2.968622327879122835e+00
2.742924462044961764e+00
2.575485123589125180e+00
2.487005184886342590e+00
2.239325619171518511e+00
2.122249250688356348e+00
2.083634982573688621e+00
2.081496487619517666e+00
2.010475753437834356e+00
1.935620404423781693e+00
1.825387107483125604e+00
1.783706604602564028e+00
1.735296149982550329e+00
1.597247967037676464e+00
1.542124869962344658e+00
1.472938372182438727e+00
1.463565108067229614e+00
1.448415645591241141e+00
1.372949995540892587e+00
1.372949995540892587e+00
1.372949995540892587e+00
1.367940178838668697e+00
1.367940178838668697e+00
1.367034461047564875e+00
1.342038075501567507e+00
1.299686988559286327e+00
1.257145215005433192e+00
1.243713860534020332e+00
1.228980732800721620e+00
1.221090679324658090e+00
1.209965036590953558e+00
1.183006828687622525e+00
1.179635393380835007e+00
1.179635393380835007e+00
1.156753458670120027e+00
1.156753458670120027e+00
1.156753458670120027e+00
1.142688176087247598e+00
1.142688176087247598e+00
1.142688176087247598e+00
1.141908734275350668e+00
1.141908734275350668e+00
1.141908734275350668e+00
1.141908734275350668e+00
1.125016827057725211e+00
1.125016827057725211e+00
1.115627519130036660e+00
1.115627519130036660e+00
1.108215857608233712e+00
1.108215857608233712e+00
1.108215857608233712e+00
1.108215857608233712e+00
1.108215857608233712e+00
1.108215857608233712e+00
1.108215857608233712e+00
1.108215857608233712e+00
1.108215857608233712e+00
1.108215857608233712e+00
1.108215857608233712e+00
1.097612232902023255e+00
1.097612232902023255e+00
1.097225869909346452e+00
1.097225869909346452e+00
1.097225869909346452e+00
1.097225869909346452e+00
1.097225869909346452e+00
1.097225869909346452e+00
1.094117442573872445e+00
1.094117442573872445e+00
1.094117442573872445e+00
1.089282168150313312e+00
1.089282168150313312e+00
1.082589025753482037e+00
1.077862733603543566e+00
1.077862733603543566e+00
1.071074510636084165e+00
1.071074510636084165e+00
1.058521172868828630e+00
1.052882060815781173e+00
1.050567108616712098e+00
1.049690151917121783e+00
1.049234903359523186e+00
1.049084202174658254e+00
1.049003720359615865e+00
1.048969910819974594e+00
1.048957010936980794e+00
1.048951371346866335e+00
1.048948903173117175e+00
1.045579165377035213e+00
1.042808895080917786e+00
1.032720807331141133e+00
1.032720807331141133e+00
1.032720807331141133e+00
1.026395189145282494e+00
1.018134198536043922e+00
1.014813069817660285e+00
1.011720504252672237e+00
1.000903667649606810e+00
9.937063142581602504e-01
9.902714605955558191e-01
9.855675765877618399e-01
9.814190984580202226e-01
9.788522810558963894e-01
9.777135078515573063e-01
9.764806864682225029e-01
9.726817267472818163e-01
9.716537646993921307e-01
9.649098051096300921e-01
9.646952549183902548e-01
9.586463698330629501e-01
9.548974908111127480e-01
9.532003405922246930e-01
9.485574763563915379e-01
9.444743335160386000e-01
9.375096279732884064e-01
9.356087784198728885e-01
9.300583484766332676e-01
9.288230904119628706e-01
9.252496573507513755e-01
9.239775948390576144e-01
9.229943544491010510e-01
9.223959166373261187e-01
9.194515287010838200e-01
9.166776623407775215e-01
9.148322540765292388e-01
9.116247084482723695e-01
9.100889391200652767e-01
9.062851273346448355e-01
9.040591824880024330e-01
9.034779385741316116e-01
9.015821965891858136e-01
8.987166539839573920e-01
8.957329458678486844e-01
8.926140953239920517e-01
8.919924962577743255e-01
8.884343351116876786e-01
8.871794472523049091e-01
8.853415677122364880e-01
8.834105440839979950e-01
8.815954289615686168e-01
8.792404397700507301e-01
8.774227564411763991e-01
8.759410155302266299e-01
8.743738904715726568e-01
8.737834757727171997e-01
8.721084508307143102e-01
8.707095069029282541e-01
8.691271847513111215e-01
8.666801786339155544e-01
8.658374821013377076e-01
8.646370313815847641e-01
8.631050296681634926e-01
8.608709396832481264e-01
8.598187427893377865e-01
8.595889975565974561e-01
8.579092619579843371e-01
8.568613991923279549e-01
8.563745077165023645e-01
8.557424250167546820e-01
8.548545373566707184e-01
8.541413491630109878e-01
8.533510423440138215e-01
8.529145041469788913e-01
8.528802089162155209e-01
8.525389163010957949e-01
8.507337003400019526e-01
8.499309802867928143e-01
8.494702543781555981e-01
8.487733779608279683e-01
8.482618594916317978e-01
