4.368614143124319327e+01
3.972223458245330363e+01
3.571049207339974174e+01
3.194605962590034665e+01
2.905037797756911644e+01
2.765734791943190629e+01
2.325488165448609124e+01
1.956004601478764826e+01
1.673499342346444152e+01
1.446383439373854962e+01
1.147920193626453056e+01
9.779757837606108950e+00
9.779757837606108950e+00
9.013328622723665973e+00
9.013328622723665973e+00
9.013328622723665973e+00
9.013328622723665973e+00
9.013328622723665973e+00
8.990646150654846736e+00
7.842427878108172656e+00
7.309444178273698967e+00
6.208544379307465277e+00
5.333080073861460768e+00
4.288123768619898968e+00
2.470763579317480474e+00
1.438531996538616742e+00
1.184375312459955198e+00
9.970530603640844758e-01
9.876042885525531112e-01
8.938739061084440829e-01
8.546417310818495983e-01
7.422419444187187132e-01
7.422419444187187132e-01
5.860498235939157752e-01
5.222849088284892138e-01
4.386248550286160341e-01
4.278862154322782274e-01
4.094305051052887778e-01
4.094305051052887778e-01
3.849649383829418237e-01
3.849649383829418237e-01
3.849649383829418237e-01
3.808003338601905763e-01
3.795881864249107118e-01
3.778748219097283756e-01
3.778748219097283756e-01
3.473498781498302046e-01
3.472877868957430225e-01
3.472877868957430225e-01
3.246419130223986427e-01
3.177232103356750215e-01
3.080585268807928268e-01
3.019076882074930857e-01
2.662826156517959508e-01
2.637110457038671640e-01
2.637110457038671640e-01
2.637110457038671640e-01
2.605369106473291452e-01
2.605369106473291452e-01
2.605369106473291452e-01
2.471393760742127410e-01
2.279664473627017462e-01
2.191676704327744085e-01
2.160271643750732162e-01
2.156088537859259247e-01
2.156088537859259247e-01
2.156088537859259247e-01
2.125443457986979090e-01
2.083001478097005477e-01
2.007800661345935378e-01
1.983598212253348814e-01
1.976962692261823862e-01
1.925119738436196493e-01
1.925119738436196493e-01
1.925119738436196493e-01
1.925119738436196493e-01
1.920160360241028319e-01
1.841257300335375768e-01
1.841257300335375768e-01
1.712089388632547227e-01
1.658977352614486311e-01
1.658977352614486311e-01
1.658977352614486311e-01
1.658977352614486311e-01
1.658977352614486311e-01
1.658977352614486311e-01
1.658977352614486311e-01
1.620313432572542123e-01
1.611639807644107691e-01
1.611639807644107691e-01
1.580494814739135945e-01
1.580494814739135945e-01
1.501672354286776312e-01
1.501672354286776312e-01
1.501672354286776312e-01
1.501672354286776312e-01
1.501672354286776312e-01
1.501672354286776312e-01
1.482262113394157699e-01
1.459197271600802537e-01
1.410447745678311826e-01
1.396291318774952050e-01
1.392895303688028441e-01
1.392161458829201948e-01
1.391997984740050986e-01
1.368124435405786987e-01
1.368124435405786987e-01
1.368124435405786987e-01
1.368124435405786987e-01
1.368124435405786987e-01
1.368124435405786987e-01
1.368124435405786987e-01
1.342960408326371868e-01
1.333771132284274352e-01
1.331579421889986514e-01
1.330976301970670517e-01
1.330768066141038153e-01
1.330698458202276002e-01
1.312616427650141193e-01
1.312616427650141193e-01
1.312616427650141193e-01
1.307475056401749824e-01
1.307475056401749824e-01
1.307475056401749824e-01
1.307475056401749824e-01
1.307475056401749824e-01
1.301468732057166344e-01
1.264720734907525401e-01
1.263255884336900170e-01
1.228383973320687078e-01
1.228383973320687078e-01
1.228383973320687078e-01
1.228383973320687078e-01
1.228383973320687078e-01
1.228383973320687078e-01
1.228383973320687078e-01
1.228383973320687078e-01
1.228383973320687078e-01
1.222808465975067926e-01
1.222808465975067926e-01
1.222808465975067926e-01
1.222808465975067926e-01
1.215455586536407923e-01
1.215455586536407923e-01
1.198745195938272223e-01
1.193929300632196600e-01
1.178124279222270560e-01
1.178124279222270560e-01
1.178124279222270560e-01
1.178124279222270560e-01
1.178124279222270560e-01
1.169033747322449912e-01
1.169033747322449912e-01
1.169033747322449912e-01
1.169033747322449912e-01
1.151570496301705798e-01
1.151570496301705798e-01
1.151570496301705798e-01
1.151570496301705798e-01
1.150827110838606171e-01
1.148778091058658413e-01
1.148385193610251959e-01
1.148307541149862776e-01
1.148293891512069120e-01
1.147762724468801843e-01
1.147762724468801843e-01
1.141293268783026976e-01
1.100290746543076542e-01
1.099572334217356617e-01
1.099572334217356617e-01
1.099572334217356617e-01
1.099572334217356617e-01
1.093545251122293033e-01
1.093482643375327662e-01
1.093482643375327662e-01
1.093482643375327662e-01
1.091164164078994164e-01
1.091164164078994164e-01
1.091164164078994164e-01
1.091164164078994164e-01
1.086889936303942622e-01
1.086889936303942622e-01
1.086889936303942622e-01
1.086889936303942622e-01
1.086219535841257688e-01
1.086219535841257688e-01
1.078761214068763852e-01
1.078761214068763852e-01
1.078761214068763852e-01
1.076825858870590485e-01
1.076777861853443347e-01
1.076777861853443347e-01
1.076777861853443347e-01
1.076777861853443347e-01
1.075920939122850667e-01
1.075163194903208108e-01
1.075066837859284946e-01
1.074616615759713123e-01
1.072599143629046070e-01
1.072599143629046070e-01
