9.299171598045148812e+01
9.299171598045148812e+01
9.299171598045148812e+01
7.865747393676232946e+01
6.197617854201673993e+01
3.705922543445173289e+01
2.077776140490365009e+01
2.077776140490365009e+01
1.562501006968583006e+01
1.562501006968583006e+01
1.562501006968583006e+01
1.562501006968583006e+01
1.562501006968583006e+01
1.562501006968583006e+01
1.436712033525144605e+01
1.436712033525144605e+01
1.436712033525144605e+01
1.436712033525144605e+01
1.436218739574832348e+01
1.402224902728628564e+01
1.402224902728628564e+01
1.332966310189399906e+01
9.815210101783616636e+00
9.815210101783616636e+00
9.815210101783616636e+00
9.744995058126747267e+00
7.960326431467751540e+00
7.316093149162425924e+00
6.663368107119093331e+00
6.326970979906162640e+00
5.462316831734130851e+00
3.938384742752331302e+00
2.844703871148975161e+00
2.228394651472830557e+00
1.747057556466404593e+00
1.165751285012778915e+00
7.940449962803018957e-01
5.689011718092777947e-01
5.216916587744722111e-01
3.723781925772428614e-01
3.528494372647318356e-01
3.528494372647318356e-01
3.308830688983860346e-01
2.998167703060390377e-01
2.998167703060390377e-01
2.998167703060390377e-01
2.998167703060390377e-01
2.773368959353603724e-01
2.773368959353603724e-01
2.602952275025001705e-01
2.602952275025001705e-01
2.367972446710825407e-01
2.280005784458678519e-01
2.201977763091514384e-01
2.201977763091514384e-01
2.201977763091514384e-01
2.201977763091514384e-01
2.134003388228614406e-01
2.021269844948403449e-01
1.880628154837434007e-01
1.730500957176228649e-01
1.692947573444710252e-01
1.692947573444710252e-01
1.692947573444710252e-01
1.676283858084156309e-01
1.622648733755062411e-01
1.610785430668116025e-01
1.610785430668116025e-01
1.555006732047252427e-01
1.555006732047252427e-01
1.555006732047252427e-01
1.527356372322130063e-01
1.527356372322130063e-01
1.527356372322130063e-01
1.478149903031501788e-01
1.451038468310988649e-01
1.451038468310988649e-01
1.451038468310988649e-01
1.451038468310988649e-01
1.451038468310988649e-01
1.399470339803046137e-01
1.399470339803046137e-01
1.356098496214587223e-01
1.356098496214587223e-01
1.356098496214587223e-01
1.356098496214587223e-01
1.356098496214587223e-01
1.356098496214587223e-01
1.351807659427793074e-01
1.351807659427793074e-01
1.351807659427793074e-01
1.351807659427793074e-01
1.351807659427793074e-01
1.308622681622601258e-01
1.218021420494334178e-01
1.218021420494334178e-01
1.193880977687476891e-01
1.184388035372297143e-01
1.184388035372297143e-01
1.184388035372297143e-01
1.180108114525901253e-01
1.180108114525901253e-01
1.180108114525901253e-01
1.180108114525901253e-01
1.180108114525901253e-01
1.180108114525901253e-01
1.180108114525901253e-01
1.180108114525901253e-01
1.180108114525901253e-01
1.180108114525901253e-01
1.180108114525901253e-01
1.180108114525901253e-01
1.180108114525901253e-01
1.157828795965798185e-01
1.138291770145713477e-01
1.133231967481813790e-01
1.133231967481813790e-01
1.133231967481813790e-01
1.133231967481813790e-01
1.124705809504528559e-01
1.124705809504528559e-01
1.070206205473148986e-01
1.045606994306266108e-01
1.045606994306266108e-01
1.043605131323226687e-01
1.043605131323226687e-01
1.043605131323226687e-01
1.041561234917696560e-01
1.041561234917696560e-01
1.041561234917696560e-01
1.026844651677712439e-01
1.008736578503210413e-01
1.003815435060410044e-01
1.002268375273680651e-01
9.991242032394223593e-02
9.890120617287620486e-02
9.873216399863973813e-02
9.780856483350837405e-02
9.780856483350837405e-02
9.620158560811481463e-02
9.620158560811481463e-02
9.620158560811481463e-02
9.620158560811481463e-02
9.620158560811481463e-02
9.603599846026698861e-02
9.491851857929517466e-02
9.484119268607531239e-02
9.484119268607531239e-02
9.478862820912824227e-02
9.441155812715865125e-02
9.441155812715865125e-02
9.441155812715865125e-02
9.432423919465289519e-02
9.431747120717287602e-02
9.396605729917940908e-02
9.396605729917940908e-02
9.396605729917940908e-02
9.396605729917940908e-02
9.396605729917940908e-02
9.396605729917940908e-02
9.396605729917940908e-02
9.253549494461978109e-02
9.253549494461978109e-02
9.253549494461978109e-02
9.026273314801834535e-02
8.947247967159295545e-02
8.947247967159295545e-02
8.947247967159295545e-02
8.947247967159295545e-02
8.933626923229588679e-02
8.933626923229588679e-02
8.927891423816392003e-02
8.927891423816392003e-02
8.923260885329173386e-02
8.923260885329173386e-02
8.923015346993512509e-02
8.923006463309265945e-02
8.877033370079780161e-02
8.817127066956906289e-02
8.812334285849228455e-02
8.811933084325533627e-02
8.811863910828683644e-02
8.811863910828683644e-02
8.811808120869531191e-02
8.766083796883429591e-02
8.576020129079070520e-02
8.550686259873431505e-02
8.540413896892891377e-02
8.539809677315336744e-02
8.533827354592039838e-02
8.533827354592039838e-02
8.533827354592039838e-02
8.533827354592039838e-02
8.533827354592039838e-02
8.496741302348030656e-02
8.474568513599721464e-02
8.466310597374718250e-02
8.466310597374718250e-02
8.466310597374718250e-02
8.454382518785077960e-02
