2.645525332397203400e+01
1.955243289088823744e+01
1.549862990694379938e+01
1.293408905591751434e+01
1.131432449935605078e+01
1.003487569208601471e+01
7.939293556553530529e+00
5.409723189445973190e+00
5.409723189445973190e+00
4.525394298186691699e+00
4.525394298186691699e+00
3.822814333891652261e+00
3.822814333891652261e+00
3.822814333891652261e+00
3.822814333891652261e+00
3.491733242991981179e+00
3.491733242991981179e+00
3.491733242991981179e+00
3.491733242991981179e+00
3.491733242991981179e+00
3.476361687114261301e+00
3.476361687114261301e+00
3.476361687114261301e+00
3.226445804216813595e+00
2.613365413006271343e+00
2.613365413006271343e+00
2.613365413006271343e+00
2.613365413006271343e+00
2.613365413006271343e+00
2.613365413006271343e+00
2.489471851428446847e+00
2.269238661411538516e+00
2.096785510341331094e+00
1.878591270294076132e+00
1.862665564501741589e+00
1.651484059788463687e+00
1.595364506973099505e+00
1.504363002522624893e+00
1.477891380987934600e+00
1.456818448198934357e+00
1.284799858584511068e+00
1.071964646501839091e+00
9.330677578075118328e-01
8.062430777525453340e-01
6.700701588529160979e-01
5.800113296819000563e-01
4.824182088271982694e-01
4.052377079751515176e-01
3.648837210434633382e-01
3.523007604222361810e-01
2.811012076184479791e-01
2.369201474574397503e-01
2.369201474574397503e-01
2.001201039486266708e-01
2.001201039486266708e-01
1.502703340132366394e-01
1.374366264470571197e-01
1.301698621026759761e-01
1.301698621026759761e-01
1.301698621026759761e-01
1.301698621026759761e-01
1.301698621026759761e-01
1.301698621026759761e-01
1.301698621026759761e-01
1.292294811671736987e-01
1.181785780394703222e-01
9.332687692749394581e-02
9.332687692749394581e-02
9.332687692749394581e-02
8.476851366299863189e-02
8.476851366299863189e-02
8.476851366299863189e-02
8.476851366299863189e-02
8.476851366299863189e-02
8.476851366299863189e-02
8.287319775118327791e-02
8.287319775118327791e-02
7.509447057539703207e-02
7.509447057539703207e-02
7.509447057539703207e-02
7.509447057539703207e-02
7.509447057539703207e-02
7.509447057539703207e-02
7.428266430883280480e-02
7.428266430883280480e-02
7.428266430883280480e-02
6.972669619523678974e-02
6.972669619523678974e-02
6.972669619523678974e-02
6.972669619523678974e-02
6.972669619523678974e-02
6.972669619523678974e-02
6.972669619523678974e-02
6.810430338512162007e-02
6.810430338512162007e-02
6.810430338512162007e-02
6.716480851953429698e-02
6.716480851953429698e-02
6.716480851953429698e-02
6.655676342220619157e-02
6.655676342220619157e-02
6.546812143867815348e-02
6.546812143867815348e-02
5.648728060755241892e-02
5.648728060755241892e-02
5.648728060755241892e-02
5.648728060755241892e-02
5.638009185507023707e-02
5.638009185507023707e-02
5.638009185507023707e-02
5.638009185507023707e-02
5.638009185507023707e-02
5.638009185507023707e-02
5.638009185507023707e-02
5.515493555924233515e-02
5.515493555924233515e-02
5.436682385640272813e-02
5.330955721309842132e-02
5.317006285194961906e-02
5.317006285194961906e-02
5.317006285194961906e-02
5.317006285194961906e-02
5.215403522185908802e-02
4.797716089300000514e-02
4.797716089300000514e-02
4.797716089300000514e-02
4.797716089300000514e-02
4.797716089300000514e-02
4.797716089300000514e-02
4.797716089300000514e-02
4.797716089300000514e-02
4.797716089300000514e-02
4.797716089300000514e-02
4.797716089300000514e-02
4.793320287829491710e-02
4.793320287829491710e-02
4.793320287829491710e-02
4.793320287829491710e-02
4.793320287829491710e-02
4.793320287829491710e-02
4.793320287829491710e-02
4.793320287829491710e-02
4.793320287829491710e-02
4.793320287829491710e-02
4.793320287829491710e-02
4.793320287829491710e-02
4.793320287829491710e-02
4.793320287829491710e-02
4.793320287829491710e-02
4.793320287829491710e-02
4.790983922454246369e-02
4.790983922454246369e-02
4.706840310087948703e-02
4.706840310087948703e-02
4.706840310087948703e-02
4.706840310087948703e-02
4.706840310087948703e-02
4.692389454017494022e-02
4.692389454017494022e-02
4.692389454017494022e-02
4.692389454017494022e-02
4.692389454017494022e-02
4.692389454017494022e-02
4.692389454017494022e-02
4.692389454017494022e-02
4.692389454017494022e-02
4.692389454017494022e-02
4.692389454017494022e-02
4.692389454017494022e-02
4.692389454017494022e-02
4.688920185313098787e-02
4.688920185313098787e-02
4.684956637448229461e-02
4.684956637448229461e-02
4.684956637448229461e-02
4.684956637448229461e-02
4.684470182967016838e-02
4.684463221200841493e-02
4.684455788414768063e-02
4.684455788414768063e-02
4.684455788414768063e-02
4.684455788414768063e-02
4.684455788414768063e-02
4.684455788414768063e-02
4.684455788414768063e-02
4.684455788414768063e-02
4.684455788414768063e-02
4.684455788414768063e-02
4.684455788414768063e-02
4.684455788414768063e-02
4.684455788414768063e-02
4.662521094576266290e-02
4.662521094576266290e-02
4.662521094576266290e-02
4.662521094576266290e-02
4.662521094576266290e-02
4.662521094576266290e-02
4.662521094576266290e-02
4.662521094576266290e-02
4.662521094576266290e-02
