2.579123839128387985e+01
2.433209294496559849e+01
2.371645349337272535e+01
2.371645349337272535e+01
1.794571621260829630e+01
1.188135561215601577e+01
1.188135561215601577e+01
1.188135561215601577e+01
1.188135561215601577e+01
1.188135561215601577e+01
1.188135561215601577e+01
1.045338053014354074e+01
1.045338053014354074e+01
1.032482949499455493e+01
1.032482949499455493e+01
9.108368205389053784e+00
7.451106245642252546e+00
7.287598941487527071e+00
6.358237944161438726e+00
5.004398016150983786e+00
4.043124357339756614e+00
3.789426241996488809e+00
3.398171522186824944e+00
3.206538627876652559e+00
3.033015761704870528e+00
2.909350490710902903e+00
2.798997850544348687e+00
2.575380004380290355e+00
2.575380004380290355e+00
2.505504777276779560e+00
2.448969307448591426e+00
2.333575497553902700e+00
2.247527668531214662e+00
2.163049906819245471e+00
2.051361670540455595e+00
1.969175200994762065e+00
1.908956997659543742e+00
1.901481975359135879e+00
1.879690379415355439e+00
1.845294528055168914e+00
1.816231169113526667e+00
1.803964575308779406e+00
1.760203367037503464e+00
1.744637321644580075e+00
1.718360989120333082e+00
1.718360989120333082e+00
1.707576890047727058e+00
1.707576890047727058e+00
1.682638645702149160e+00
1.673997108955637358e+00
1.637253786578812820e+00
1.590880074141103107e+00
1.541451343588440270e+00
1.482348425867160424e+00
1.438450050743405928e+00
1.427312810857854775e+00
1.378534989857009840e+00
1.349766687884346839e+00
1.303360085364333898e+00
1.303360085364333898e+00
1.298382867624534809e+00
1.298382867624534809e+00
1.282784230700127370e+00
1.282784230700127370e+00
1.244501297225947933e+00
1.214329948153404226e+00
1.195029046483086832e+00
1.195029046483086832e+00
1.192425582925502603e+00
1.186794834549251165e+00
1.186794834549251165e+00
1.169152694523550862e+00
1.154721206914698151e+00
1.154721206914698151e+00
1.154721206914698151e+00
1.131058072091537525e+00
1.119454256714468743e+00
1.118146846031553565e+00
1.118146846031553565e+00
1.118146846031553565e+00
1.101620815010277754e+00
1.090633686312662443e+00
1.069454596884610975e+00
1.059031655246148507e+00
1.058674773769320065e+00
1.058674773769320065e+00
1.054299109075876206e+00
1.051644366638980088e+00
1.032945761227421544e+00
1.032665623693506340e+00
1.032665623693506340e+00
1.032665623693506340e+00
1.032665623693506340e+00
1.032665623693506340e+00
1.024872637672696429e+00
1.024872637672696429e+00
1.017125357139714525e+00
1.009516254298820304e+00
1.005411058826512605e+00
9.964463222446680035e-01
9.936373676474997696e-01
9.846154574907293178e-01
9.842815079399092060e-01
9.776102798061622190e-01
9.776102798061622190e-01
9.776102798061622190e-01
9.776102798061622190e-01
9.761248046137218637e-01
9.741843567712609175e-01
9.695185942448554250e-01
9.695185942448554250e-01
9.678695857898320654e-01
9.678695857898320654e-01
9.678695857898320654e-01
9.621197132472312230e-01
9.589005619834445326e-01
9.478530208146487279e-01
9.477790609868084193e-01
9.457577642475869517e-01
9.452973504383256342e-01
9.426382032781888132e-01
9.425202420447205132e-01
9.425202420447205132e-01
9.425202420447205132e-01
9.425202420447205132e-01
9.386702447027224228e-01
9.382758238962254360e-01
9.374949546850586124e-01
9.374949546850586124e-01
9.370529564710377013e-01
9.349012868241026730e-01
9.349012868241026730e-01
9.349012868241026730e-01
9.319840592603487739e-01
9.319840592603487739e-01
9.319840592603487739e-01
9.319840592603487739e-01
9.300685921984770399e-01
9.276250167332562580e-01
9.276250167332562580e-01
9.257604192607669091e-01
9.254334386102556209e-01
9.231152682611394322e-01
9.229454204157641062e-01
9.197135731762409172e-01
9.176091362708664878e-01
9.171111025189939703e-01
9.164720250376952038e-01
9.143413832708757738e-01
9.130400236380962209e-01
9.120325489324074830e-01
9.118845066600771432e-01
9.098031858560166052e-01
9.094697258017586661e-01
9.094239010403730727e-01
9.093927734396571871e-01
9.091715384504428510e-01
9.089872717105076383e-01
9.089660778659587326e-01
9.084216549445397471e-01
9.076517657301202968e-01
9.072718144322671208e-01
9.072603185501639800e-01
9.066285000423850438e-01
9.064297116341778482e-01
9.044949146962353304e-01
9.039776489443056562e-01
9.039776489443056562e-01
9.030054029820917538e-01
9.020481696719711007e-01
9.017697546672742703e-01
9.017288426116139011e-01
9.017255152783285599e-01
9.017255152783285599e-01
9.016743366282450323e-01
9.011238611656104958e-01
9.006918270217971756e-01
8.996223252204835763e-01
8.978627671633423457e-01
8.970505202299006164e-01
8.967130740383144616e-01
8.966712566265966355e-01
8.960790288282248772e-01
8.956199218701652587e-01
8.955893236428500437e-01
8.938498907929270931e-01
8.934288608734954895e-01
8.925809866533918058e-01
8.904472178120832471e-01
8.900283949204224054e-01
8.897891702677127590e-01
8.894484392143620077e-01
8.890494916950837379e-01
8.880970602773963218e-01
8.870737296026447449e-01
8.863118009965798016e-01
8.862258437201937511e-01
8.862258437201937511e-01
8.852214074158479828e-01
8.842965392461510366e-01
