2.908539743972179537e+01
2.908539743972179537e+01
2.908539743972179537e+01
2.908539743972179537e+01
2.908539743972179537e+01
2.757921565133276687e+01
2.675663060282477801e+01
1.650729287471306250e+01
1.535943622422144905e+01
1.535943622422144905e+01
1.535943622422144905e+01
1.535943622422144905e+01
1.293662572723503779e+01
9.028085795188577123e+00
6.130352660687774957e+00
4.456334756964337451e+00
3.887205694279688650e+00
3.887205694279688650e+00
3.887205694279688650e+00
3.887205694279688650e+00
3.887205694279688650e+00
3.264796813162805122e+00
1.763166596988813506e+00
1.595390715252920977e+00
1.527072098176925463e+00
1.300967204211831874e+00
7.866642888740223993e-01
7.466125435112891395e-01
5.110947388077751175e-01
5.110947388077751175e-01
3.458448913599794228e-01
2.379950252500104280e-01
1.188376934795549733e-01
1.070693123445870254e-01
1.025640082767767802e-01
1.025640082767767802e-01
1.025640082767767802e-01
1.025640082767767802e-01
1.025640082767767802e-01
8.509167144436410868e-02
8.509167144436410868e-02
8.509167144436410868e-02
8.509167144436410868e-02
7.967062702128244189e-02
7.967062702128244189e-02
7.967062702128244189e-02
7.967062702128244189e-02
7.967062702128244189e-02
7.625278157468216855e-02
7.625278157468216855e-02
7.625278157468216855e-02
7.625278157468216855e-02
7.625278157468216855e-02
7.625278157468216855e-02
7.625278157468216855e-02
6.865255024814090334e-02
6.865255024814090334e-02
6.865255024814090334e-02
6.865255024814090334e-02
6.865255024814090334e-02
6.865255024814090334e-02
6.865255024814090334e-02
6.865255024814090334e-02
6.794142998460689364e-02
6.794142998460689364e-02
6.794142998460689364e-02
6.624787118178222800e-02
6.483282585212751803e-02
6.483282585212751803e-02
6.483282585212751803e-02
6.483282585212751803e-02
6.483282585212751803e-02
6.483282585212751803e-02
6.483282585212751803e-02
6.483282585212751803e-02
6.483282585212751803e-02
6.483282585212751803e-02
6.483282585212751803e-02
6.483282585212751803e-02
6.483282585212751803e-02
6.371800571932603741e-02
6.221914134066007518e-02
6.221914134066007518e-02
6.221914134066007518e-02
6.221914134066007518e-02
6.221914134066007518e-02
5.860287541054666482e-02
5.833887243556649949e-02
5.833887243556649949e-02
5.648410187663491233e-02
5.648410187663491233e-02
5.648410187663491233e-02
5.648410187663491233e-02
5.648410187663491233e-02
5.648410187663491233e-02
5.648410187663491233e-02
5.648410187663491233e-02
5.499278790166175351e-02
5.499278790166175351e-02
5.499278790166175351e-02
5.499278790166175351e-02
5.499278790166175351e-02
5.499278790166175351e-02
5.499278790166175351e-02
5.499278790166175351e-02
5.499278790166175351e-02
5.499278790166175351e-02
5.499278790166175351e-02
5.499278790166175351e-02
5.298488046946521479e-02
5.298488046946521479e-02
5.298488046946521479e-02
5.298488046946521479e-02
5.298488046946521479e-02
5.095002476050011775e-02
5.095002476050011775e-02
5.095002476050011775e-02
5.095002476050011775e-02
5.084393840486743643e-02
5.084393840486743643e-02
5.084393840486743643e-02
5.084393840486743643e-02
5.084393840486743643e-02
5.084393840486743643e-02
5.084393840486743643e-02
5.064461806051992476e-02
5.050508971459974350e-02
5.050508971459974350e-02
5.050508971459974350e-02
5.050508971459974350e-02
5.050508971459974350e-02
5.050508971459974350e-02
5.050508971459974350e-02
4.991727614653693884e-02
4.991727614653693884e-02
4.991727614653693884e-02
4.991727614653693884e-02
4.726868867256783097e-02
4.658764569427670255e-02
4.593618646766638169e-02
4.548371161361272619e-02
4.548371161361272619e-02
4.548371161361272619e-02
4.548371161361272619e-02
4.548371161361272619e-02
4.548371161361272619e-02
4.548371161361272619e-02
4.548371161361272619e-02
4.548371161361272619e-02
4.548371161361272619e-02
4.548371161361272619e-02
4.548371161361272619e-02
4.533148884522659322e-02
4.532042704196294347e-02
4.532042704196294347e-02
4.532042704196294347e-02
4.490706310178056715e-02
4.488290738289246740e-02
4.450156876516243171e-02
4.403845011119264519e-02
4.403845011119264519e-02
4.371051547777141111e-02
4.371051547777141111e-02
4.371051547777141111e-02
4.371051547777141111e-02
4.365680512802624924e-02
4.365289369553299048e-02
4.365289369553299048e-02
4.359344831142494825e-02
4.359344831142494825e-02
4.348590126423893670e-02
4.348590126423893670e-02
4.348590126423893670e-02
4.348590126423893670e-02
4.348590126423893670e-02
4.348590126423893670e-02
4.348590126423893670e-02
4.320130878597671503e-02
4.320130878597671503e-02
4.312907597097911244e-02
4.312907597097911244e-02
4.224169599748268944e-02
4.214120453656365617e-02
4.153546647640608824e-02
4.151945434670246265e-02
4.151859400059324662e-02
4.151830224169655859e-02
4.151830224169655859e-02
4.151830224169655859e-02
4.151830224169655859e-02
4.151830224169655859e-02
4.151830224169655859e-02
4.151830224169655859e-02
4.151830224169655859e-02
4.151830224169655859e-02
4.130165198271212174e-02
4.112798100336328283e-02
4.112517231708408272e-02
4.112497861289676065e-02
4.112497861289676065e-02
