2.536605483780222769e+01
2.536605483780222769e+01
2.160168112945717667e+01
1.530778993541384381e+01
1.036859717169170381e+01
7.477608835692429068e+00
7.477608835692429068e+00
2.011568106575414294e+00
2.011568106575414294e+00
2.011568106575414294e+00
2.011568106575414294e+00
2.011568106575414294e+00
1.731274117541616642e+00
1.731274117541616642e+00
1.731274117541616642e+00
1.731274117541616642e+00
1.731274117541616642e+00
1.731274117541616642e+00
1.731274117541616642e+00
1.471038977578055018e+00
1.471038977578055018e+00
1.471038977578055018e+00
1.471038977578055018e+00
1.363542067282781822e+00
1.188343303453573307e+00
9.413891920841612748e-01
8.097799366605241689e-01
6.004116080228052432e-01
5.348500963167680533e-01
5.282049467935109321e-01
5.282049467935109321e-01
4.791548646441217141e-01
4.791548646441217141e-01
4.394080784913194648e-01
4.394080784913194648e-01
4.304256756267079709e-01
4.304256756267079709e-01
3.658501262818255606e-01
3.153398138389553740e-01
3.078209584149109168e-01
2.882433687811250533e-01
2.882433687811250533e-01
2.882433687811250533e-01
2.386977994583127094e-01
2.019940631279033283e-01
1.915376638849645152e-01
1.849806521403178361e-01
1.806431379742829968e-01
1.737004639938404260e-01
1.737004639938404260e-01
1.737004639938404260e-01
1.737004639938404260e-01
1.687051471133251546e-01
1.687051471133251546e-01
1.687051471133251546e-01
1.687051471133251546e-01
1.687051471133251546e-01
1.687051471133251546e-01
1.666511375648173088e-01
1.666511375648173088e-01
1.666511375648173088e-01
1.666511375648173088e-01
1.666511375648173088e-01
1.666511375648173088e-01
1.666511375648173088e-01
1.666511375648173088e-01
1.666511375648173088e-01
1.614762310046480853e-01
1.596230481040835647e-01
1.596230481040835647e-01
1.596230481040835647e-01
1.567212634135154714e-01
1.567212634135154714e-01
1.567212634135154714e-01
1.567212634135154714e-01
1.567212634135154714e-01
1.567212634135154714e-01
1.566757876768587743e-01
1.511993149059371877e-01
1.511993149059371877e-01
1.511993149059371877e-01
1.510416898021124943e-01
1.510416898021124943e-01
1.510416898021124943e-01
1.510416898021124943e-01
1.510416898021124943e-01
1.506565356113111487e-01
1.506565356113111487e-01
1.506565356113111487e-01
1.506565356113111487e-01
1.500735576414783112e-01
1.500735576414783112e-01
1.500735576414783112e-01
1.500735576414783112e-01
1.460489088300644944e-01
1.460489088300644944e-01
1.460489088300644944e-01
1.460489088300644944e-01
1.460489088300644944e-01
1.460489088300644944e-01
1.460489088300644944e-01
1.460489088300644944e-01
1.460489088300644944e-01
1.460489088300644944e-01
1.460489088300644944e-01
1.460489088300644944e-01
1.453631977193257097e-01
1.453631977193257097e-01
1.453631977193257097e-01
1.453631977193257097e-01
1.453631977193257097e-01
1.453631977193257097e-01
1.453631977193257097e-01
1.443303273229383787e-01
1.443303273229383787e-01
1.443303273229383787e-01
1.435965585825730029e-01
1.420517971403729984e-01
1.420517971403729984e-01
1.416822276375598322e-01
1.416822276375598322e-01
1.416822276375598322e-01
1.416822276375598322e-01
1.416822276375598322e-01
1.416822276375598322e-01
1.416822276375598322e-01
1.416822276375598322e-01
1.416822276375598322e-01
1.414416922267325294e-01
1.412607027629863010e-01
1.412031478704086074e-01
1.411838967846099080e-01
1.411772498742442095e-01
1.411752247677911520e-01
1.411744708269918047e-01
1.411741863016788834e-01
1.411740357093390075e-01
1.411740357093390075e-01
1.411740357093390075e-01
1.406574210526016777e-01
1.406574210526016777e-01
1.406574210526016777e-01
1.404883133503477544e-01
1.404397873505742744e-01
1.404316775243169557e-01
1.403792571284554480e-01
1.403792571284554480e-01
1.403612982967038791e-01
1.399522987790848272e-01
1.394230717640595196e-01
1.394230717640595196e-01
1.394230717640595196e-01
1.394230717640595196e-01
1.394230717640595196e-01
1.394099587956714459e-01
1.394099587956714459e-01
1.393766581645219937e-01
1.393766581645219937e-01
1.393766581645219937e-01
1.393182885788243341e-01
1.388483713582700785e-01
1.380569540446663634e-01
1.375048490499737874e-01
1.373895472054096067e-01
1.368957050301014000e-01
1.367407157045019972e-01
1.363129237964927909e-01
1.362586303756855577e-01
1.359451970738493609e-01
1.358978594140067553e-01
1.358893591566971704e-01
1.353556776879564771e-01
1.352015444790366505e-01
1.352015444790366505e-01
1.348203460976075407e-01
1.348203460976075407e-01
1.348203460976075407e-01
1.348203460976075407e-01
1.345123988407878890e-01
1.340648769188085843e-01
1.338725444883022975e-01
1.334087412225735125e-01
1.334087412225735125e-01
1.325594581511342351e-01
1.325217790290545428e-01
1.316224102230912629e-01
1.314417761308513677e-01
1.314245698725288458e-01
1.314237697035338659e-01
1.313626563115334323e-01
1.310341089174279494e-01
1.309785777567674669e-01
1.309755553841571440e-01
1.309755553841571440e-01
1.309755001067453017e-01
1.307140762236784215e-01
1.307133704476711178e-01
1.307084681847197893e-01
1.306001878536984795e-01
1.302746391153928041e-01
