4.762119384638463515e+01
3.864576226567864836e+01
9.857261259799038555e+00
3.338990497886054509e+00
3.338990497886054509e+00
2.873367298296382710e+00
2.873367298296382710e+00
2.873367298296382710e+00
2.873367298296382710e+00
2.873367298296382710e+00
2.407012025459177362e+00
2.407012025459177362e+00
2.407012025459177362e+00
2.407012025459177362e+00
2.407012025459177362e+00
2.340929988961651276e+00
2.340929988961651276e+00
2.340929988961651276e+00
2.340929988961651276e+00
2.340929988961651276e+00
2.340929988961651276e+00
2.340929988961651276e+00
2.281267258301757472e+00
2.224123569878988071e+00
2.078354264443593280e+00
2.031248488944403352e+00
1.927752054131744330e+00
1.844346368686986981e+00
1.680573562427945422e+00
1.306029591599362938e+00
1.306029591599362938e+00
1.148496848334256137e+00
1.011206224697478451e+00
8.983373899256820172e-01
8.302977856051942940e-01
8.302977856051942940e-01
8.054588632409069859e-01
7.765059470224219274e-01
7.719178585645729562e-01
7.684269575534301566e-01
7.560391683955866027e-01
7.495159400535580385e-01
7.328583793210988739e-01
7.328583793210988739e-01
7.205716782065320070e-01
7.205716782065320070e-01
7.069636280134274919e-01
7.036091348039894555e-01
7.036091348039894555e-01
7.036091348039894555e-01
7.002513097435745237e-01
7.002513097435745237e-01
6.985018989993604377e-01
6.982189616500192875e-01
6.982189616500192875e-01
6.982189616500192875e-01
6.982189616500192875e-01
6.964750517650813988e-01
6.964750517650813988e-01
6.914752884919567189e-01
6.914752884919567189e-01
6.914752884919567189e-01
6.774123061112177213e-01
6.774123061112177213e-01
6.601188854338361223e-01
6.601188854338361223e-01
6.601188854338361223e-01
6.601188854338361223e-01
6.511810265886639471e-01
6.511810265886639471e-01
6.511810265886639471e-01
6.511810265886639471e-01
6.478287129396917976e-01
6.478287129396917976e-01
6.478287129396917976e-01
6.407868622189636376e-01
6.407868622189636376e-01
6.377715753138630816e-01
6.377715753138630816e-01
6.377715753138630816e-01
6.344986850818493673e-01
6.344986850818493673e-01
6.344986850818493673e-01
6.344986850818493673e-01
6.314582663270553731e-01
6.314582663270553731e-01
6.255123812890724944e-01
6.255123812890724944e-01
6.246172960200683244e-01
6.200901572959660601e-01
6.191184783942953462e-01
6.191184783942953462e-01
6.191184783942953462e-01
6.189804976136185077e-01
6.189804976136185077e-01
6.189804976136185077e-01
6.136413519621890522e-01
6.136413519621890522e-01
6.136413519621890522e-01
6.113584511061066484e-01
6.113584511061066484e-01
6.113584511061066484e-01
6.104207676853302678e-01
6.081532975870773683e-01
6.048907019058435974e-01
6.048907019058435974e-01
6.018114614895426762e-01
6.015436359145633904e-01
5.976230360838954425e-01
5.954167631058874255e-01
5.872789038350456625e-01
5.872789038350456625e-01
5.872789038350456625e-01
5.872789038350456625e-01
5.872789038350456625e-01
5.872789038350456625e-01
5.859251017111264392e-01
5.859251017111264392e-01
5.859251017111264392e-01
5.859251017111264392e-01
5.859251017111264392e-01
5.859251017111264392e-01
5.844125403277737885e-01
5.827680624198984249e-01
5.827680624198984249e-01
5.827680624198984249e-01
5.827680624198984249e-01
5.822378057126279538e-01
5.822378057126279538e-01
5.822378057126279538e-01
5.822378057126279538e-01
5.822378057126279538e-01
5.800813625149556785e-01
5.800813625149556785e-01
5.800813625149556785e-01
5.800813625149556785e-01
5.780676282108366815e-01
5.778272543182255694e-01
5.747327574398769512e-01
5.708924002892896699e-01
5.708924002892896699e-01
5.708924002892896699e-01
5.703616017394069759e-01
5.703616017394069759e-01
5.703265068777986224e-01
5.689553226252678231e-01
5.689389617778278785e-01
5.657013236103115572e-01
5.647000134188647769e-01
5.644850781717517529e-01
5.641110737863169744e-01
5.626950211839167881e-01
5.605151573676401267e-01
5.602528374801201139e-01
5.602528374801201139e-01
5.602528374801201139e-01
5.569361212502765834e-01
5.569361212502765834e-01
5.569361212502765834e-01
5.556122443710389547e-01
5.541313960752876078e-01
5.536073335183654409e-01
5.534872393383825084e-01
5.530638500739459840e-01
5.524404708865946478e-01
5.502730159715395475e-01
5.496214923317466194e-01
5.494466202547680922e-01
5.486003277766989816e-01
5.486003277766989816e-01
5.478615037295104795e-01
5.454391237671456505e-01
5.454391237671456505e-01
5.447962672942461282e-01
5.447962672942461282e-01
5.421407724869304889e-01
5.420985170571576139e-01
5.411504763208915270e-01
5.407131493404028211e-01
5.389468891749642498e-01
5.385897267149716283e-01
5.358854058473778714e-01
5.345623441319575786e-01
5.345623441319575786e-01
5.341210510807875567e-01
5.314849148577982518e-01
5.312419933954415363e-01
5.312259459099145653e-01
5.272614756579135920e-01
5.272524540606905452e-01
5.262978491355554400e-01
5.260889232865721965e-01
5.251320654479925132e-01
5.246129544053313998e-01
5.246129544053313998e-01
5.227001470553584994e-01
5.226493309896351747e-01
5.221810454469232310e-01
5.216403183245270636e-01
5.215759672340847253e-01
