-6.994601567569201706e+00
-4.885931968244841883e+00
-4.691830860674883752e+00
-6.228114721847894941e+00
-5.000000000000000000e+00
1.979380947096976318e+00
-5.247866977279631584e+00
-2.620697417025553477e+00
1.058997692627453135e+00
-6.219079215171840147e+00
-4.402799393054603883e+00
-4.000000000000000000e+00
-2.774914580561216759e+00
-1.015857413463125081e+00
-2.804041677156993373e+00
-2.386028075069606125e+00
-1.181619636270642815e+00
-8.301029995663981254e+00
-3.503855408906103808e+00
-4.351504053883436529e-01
-6.216056294523316872e+00
-3.287747695409640070e+00
-8.729840993901150981e+00
-4.995833360662462752e+00
-6.568679426287297174e-01
-7.592324986438825363e+00
-2.826350922591554848e+00
-3.154901959985743076e+00
-3.171630998919829025e+00
-5.832702119042898481e+00
-1.000367374980354329e+00
1.797513181996728937e+00
-6.531457290208381394e+00
-4.998786273027819860e+00
-1.729659820407548620e+00
-5.443665791700305512e+00
-3.167745150027379886e+00
2.459169426759056851e-02
-8.000000000000000000e+00
-4.313623999678584120e+00
-1.791368477147940175e-01
-8.966728523220508507e+00
-3.339420651083675917e+00
3.825699480773294692e-01
4.855774902422770878e-01
-1.675667524839794309e+00
-6.485531548130922808e+00
-3.698921317116984575e+00
1.347429259330842788e+00
-7.990522647465905237e+00
-3.759498006901317080e+00
-4.999771520407923775e-02
-8.991134418085195534e+00
-2.314350751996514077e+00
-3.832766634039883602e-01
-5.000000000000000000e+00
-2.922858231150924357e+00
-2.583404008290456355e-01
-6.509383065432712279e+00
-1.441188634213246944e+00
-2.000000000000000000e+00
-4.780208777417696453e+00
-8.362362105971866688e-01
-5.314526367415545849e+00
-5.864243813185932019e-01
-7.136650722737951646e+00
-3.396417655659728307e+00
-4.000000000000000000e+00
-3.902842174242803441e+00
-7.944988789974471999e+00
-2.159223442190961961e+00
-7.473622644420656158e+00
-9.400206874629831733e-01
-4.728589384154949116e+00
-2.449009320568059422e+00
-5.287378708570485308e+00
-1.673485444008035561e+00
-6.250359481735435097e+00
-2.391001410601083510e+00
-6.012076545068314459e+00
-5.002735356167845593e-01
-3.534770096741495227e+00
-3.243447095925520607e+00
-3.306655016088464460e+00
-1.559445349723457719e+00
-2.914093597134992386e+00
-3.877054372706644880e+00
-2.274182654189330410e+00
-4.569273462326030710e+00
-2.810704806499782382e+00
-2.475179645753007751e+00
-2.858874236667553248e+00
-4.991822561494185351e+00
-6.544068022635552317e+00
-3.345295206614732564e+00
1.490395245925434375e+00
-3.151899847041417235e+00
-3.011167789227635616e+00
2.091299271879936139e+00
-5.284968342215261572e+00
-1.000000000000000000e+00
2.207063989281634608e+00
-6.071069871531032724e+00
-1.000000000000000000e+00
2.700264488755144576e+00
