-6.933679403822945453e+00
-4.708051694447044966e+00
-4.010476992145501463e+00
-7.672373963306633016e+00
-1.847386383390017928e+00
-9.994580487619039166e-01
-6.042158082242706563e+00
-2.217405008764775864e+00
-7.763424679352832758e-01
-4.000000000000000000e+00
-1.128756778069031075e+00
-5.285930811841734744e+00
-2.290717890324746264e+00
0.000000000000000000e+00
-2.601200426135639621e+00
-8.369917082374889183e-01
-3.998534124142043567e+00
-8.211596066261602545e+00
-4.018648749207604176e+00
1.863661424280129264e+00
-9.301029995663981254e+00
-1.223029568530061617e+00
-9.920343817620439708e+00
-4.981499917865343185e+00
5.668643330826540483e-01
-3.698970004336018746e+00
-1.000000000000000000e+00
-6.661866784965082111e+00
-4.417666368314533187e+00
-6.757373692937251874e+00
-3.020617426281722917e+00
-3.403608452664072526e-01
-7.698970004336018746e+00
-4.467671874746715233e+00
-2.990065185077287246e+00
-5.828125900993342157e+00
-1.525608967119618686e+00
-9.706082786975722687e-01
-5.773372633468436099e+00
-1.047326540973679387e+00
-2.681850882964426641e-01
-7.443047184749223000e+00
-1.974381015458191779e+00
3.160657123991333362e-01
-3.000000000000000000e+00
-4.634088049549516697e+00
-6.273142402665584427e+00
-1.000000000000000000e+00
-1.223474419633789667e+00
-8.214399045239209940e+00
-1.972752064591070331e+00
9.763826981284223772e-01
-9.000000000000000000e+00
-2.252020837397538333e+00
6.260967972251656466e-01
-5.530656264546437662e+00
-3.485028668863065615e+00
1.999038738413689176e+00
-5.000000000000000000e+00
-3.437173890838463031e+00
-2.000000000000000000e+00
-4.000000000000000000e+00
-3.180456064458131227e+00
-5.059397253235228931e+00
-1.680573999214276082e+00
-8.000000000000000000e+00
-2.323098274592036105e+00
-7.200275408968523472e+00
-9.816513168681655467e-05
-7.246176608334968350e+00
-3.998898231440923379e+00
-4.858607986277224455e+00
-1.869240593580829168e+00
-7.231200886306106135e+00
-1.179539176201931605e+00
-7.072445580427780598e+00
-1.964503508471068471e+00
-4.667152325018097514e+00
-1.587097238746785655e+00
-7.605454733468948625e+00
-3.721246399047171138e+00
-5.681343939033361323e+00
-1.578361423659856877e+00
-2.721518084129988857e+00
-3.130783758140519346e+00
-4.297294241286730099e+00
-1.692174143707979361e+00
-5.684988019228349287e+00
-4.199492856501669813e+00
-2.424998414705778149e+00
-2.911041466678846668e+00
-1.690381865685513185e+00
-3.752111780890690973e+00
-4.575289169939779299e+00
-5.000000000000000000e+00
1.801546095596531005e+00
-4.858631231093260894e+00
-1.726830570315426971e+00
-8.776661081671640607e-01
-4.955195258336851261e+00
-3.875274655468943674e+00
2.224336846506904664e+00
-2.553207678377068746e+00
-1.392517900545306331e+00
2.227547092453409927e-01
