-6.269502706035455120e+00
-2.658209898519180214e+00
-4.647544465103632838e+00
-7.340392712974534106e+00
-2.035342995538429456e+00
-1.169106253317988120e+00
-6.510462178452127269e+00
-4.078334541221181553e+00
1.010754178710167928e+00
-4.556661418692494081e+00
-1.993814707606573533e+00
-6.020041795523043859e+00
-2.199217632626639940e+00
-7.309183487342829633e-01
-4.000000000000000000e+00
-3.581573015099658863e-01
-2.071333434815763874e-01
-5.093657604538080363e+00
-4.539105210128729695e+00
1.788018186985038893e+00
-7.342199793927439266e+00
-1.749267051556668839e+00
-1.022179801176485903e+01
-2.801062224738980699e+00
-1.819408915698307594e-01
-7.698970004336018746e+00
-4.139313889632333598e+00
-5.407107358094247473e+00
-4.195147704150232748e+00
-7.674675838111675752e+00
-2.908973433294038013e+00
7.278588709016036162e-01
-7.698970004336018746e+00
-2.941482437774920466e+00
9.996561364065789101e-01
-5.815784348623328270e+00
-3.113108736942416854e+00
1.317193840056418708e+00
-5.466140432018764983e+00
-1.433618087594604296e+00
3.616724261432254783e-01
-7.654669110015276168e+00
-3.597105815702687170e+00
-1.777350733550647099e+00
-1.870353705160209268e+00
-2.041910526658872183e+00
-8.044898584449493129e+00
-3.390301195692299707e+00
9.668320402766222843e-01
-7.702020849246762779e+00
-1.000000000000000000e+00
-1.276752225202745672e+00
-8.981272251659607520e+00
-2.944228982623090296e+00
9.049311737992009608e-01
-9.000000000000000000e+00
-2.212279896174269123e+00
8.171830257098934291e-01
-6.372518982159983914e+00
-5.000000000000000000e+00
-2.000000000000000000e+00
-4.979638129857733908e+00
-3.180456064458131227e+00
-4.913128842541086172e+00
-2.368271164340208124e+00
-5.449519690719703213e+00
-2.985386283025293075e+00
-8.000000000000000000e+00
-3.364044648740270205e+00
-5.256241550521041361e+00
-2.455383075092350431e+00
-7.248209692226846634e+00
-9.731098110760380004e-01
-6.475768858677907858e+00
-2.851104539876054833e+00
-4.940970425910636621e+00
-1.899474307431433306e+00
-4.000000000000000000e+00
-3.930469764898041785e+00
-6.714880357380591747e+00
-1.045120401150974709e+00
-4.389606289771369241e+00
-2.767637796099398528e+00
-2.158570424535860344e+00
-2.154049657969182352e+00
-3.618145197360881138e+00
-3.164294855325176403e+00
-5.690196149515636570e+00
-4.546525005685372989e+00
-4.939337037541075226e+00
-1.637664768880722876e+00
-3.299052605950380634e+00
-5.000000000000000000e+00
-4.222844432030977480e+00
-1.000000000000000000e+00
1.698881343476957184e+00
-6.065198001048870857e+00
-4.309185823093937273e+00
3.169003809888606971e-01
-2.544068022635552317e+00
-3.973868496514315396e+00
7.101723316997169411e-01
-3.865349656536888112e+00
-5.000000000000000000e+00
4.195505057255297099e-01
