-6.479378846800842418e+00
-1.000000000000000000e+00
-5.449778694980947691e+00
-4.993157975572358076e+00
-4.238100455092098429e+00
-1.636275354811228100e+00
-4.737318682579379825e+00
-2.020678877914889870e+00
2.000000000000000000e+00
-5.483152606048824040e+00
-3.389319237146515285e+00
-7.792544490483295228e+00
-3.440096108762607408e+00
0.000000000000000000e+00
-3.743076899206553509e+00
-2.276452308232943089e+00
-1.386591734592673930e+00
-4.345392286869822485e+00
-3.362464148763245397e+00
9.500694130733065013e-01
-6.683240905917219976e+00
-3.318653308096358945e+00
-8.826195296779317800e+00
-3.646189189667405017e+00
4.600710807043176254e-01
-5.537817480105425183e+00
-3.298352229931972968e+00
-5.664465967089447496e+00
-1.764658148095936907e+00
-5.637117368153057306e+00
-3.428511745663529009e+00
-5.771707318610003190e-01
-5.367241957971411459e+00
-2.499834907729170830e+00
-2.008407201498924710e+00
-4.836130888801765337e+00
-3.800576866599131298e-01
4.039058994570660088e-01
-6.696562762875482022e+00
-3.145065905728099853e+00
-1.045487744260554575e+00
-7.366914254390567685e+00
-3.632005966289588272e+00
7.207185006189441578e-01
-6.963129978328009839e-01
-5.000000000000000000e+00
-6.274665206600919198e+00
-1.839822646953034546e+00
1.517253345002255449e-01
-5.857401226883285794e+00
-3.158102670250062083e+00
-1.120782638594736369e+00
-7.172210716330955194e+00
-4.425700770312642973e+00
4.851987952613565636e-01
-5.735021891000014804e+00
-3.111027020221134531e+00
8.259979724398266443e-01
-8.585760430978217173e+00
-3.090752471897124209e+00
-1.144201385340589239e+00
-6.151926208280497299e+00
-1.437429578768772531e+00
-4.443421724889455859e+00
-1.658800331531903760e+00
-4.000000000000000000e+00
-6.225194639966065147e-01
-4.712935641461374559e+00
-3.162788902878493236e+00
-7.111139171435412187e+00
-2.541152772161269002e+00
-6.117828235136645532e+00
-2.624489486564509644e+00
-4.736849693273679662e+00
-2.545032635961647749e+00
-5.159117197531521093e+00
-2.670969728453204795e+00
-5.221071765494301964e+00
-1.842116313165523378e+00
-5.566538148740744596e+00
-1.762490692854629781e+00
-5.690196149515636570e+00
-3.160420816387980114e+00
-5.690196149515636570e+00
-4.120209058511646205e+00
-3.193284988643133815e+00
-4.581010565796771239e+00
-2.674042738719091705e+00
-2.641288520014400287e+00
-4.170395543837012831e+00
-2.630908605316681470e+00
-4.461116410498482843e+00
-4.720782308900846047e+00
-5.643029639510394269e+00
-4.502117632173102457e+00
2.269901054353697489e+00
-2.544068022635552317e+00
-3.944870855783964902e+00
-1.497142054085039420e-01
-4.831759278092578214e+00
-1.334854784893713564e+00
1.876027811406758783e+00
-4.079441227801113179e+00
-3.739338417489002531e+00
1.118272446363734574e+00
