-5.182831421137055194e+00
-2.483758944487950870e+00
-6.283528346619363880e+00
-6.855072071473795603e+00
-1.476412475368149790e+00
1.312417166848469874e+00
-4.981641099779360538e+00
-4.046352260586657756e+00
1.902436666138492827e+00
-7.999996947325195507e+00
-1.159509982353503998e+00
-7.827307360354390120e+00
-3.544058986133616695e+00
-6.688811143353303734e-01
-3.864030751662370200e+00
-1.943430915438183915e+00
-3.174291586736059045e+00
-8.301029995663981254e+00
-1.630222727877476574e+00
-8.299471814676958603e-01
-9.301029995663981254e+00
-2.133371161532302107e+00
-6.479300979328864507e+00
-2.999791475889880488e+00
-3.438344825512887892e-01
-7.698970004336018746e+00
-3.944472255159880536e+00
-5.301517305433382177e+00
-5.000000000000000000e+00
-7.774928648482486437e+00
-4.582231220717758902e+00
2.000000000000000000e+00
-5.235355375061417682e+00
-1.784161762406223595e+00
6.619848717665167692e-01
-4.000000000000000000e+00
-4.683877986212369171e-01
-1.116491640832167342e-01
-5.737564517611252413e+00
-2.523269833309342847e+00
8.941608312341386977e-01
-7.553103687837062097e+00
-4.255995414097705876e+00
6.423469125305834027e-01
-5.760572742161027548e-01
-2.562482636698242722e+00
-5.061506759202648809e+00
-2.158928489208367552e+00
-1.225588488680480870e+00
-7.245481162188936786e+00
-3.908466572034561270e+00
-2.000000000000000000e+00
-6.242482850217238699e+00
-2.057410760129606775e+00
4.670215434236941188e-01
-8.422573613463461228e+00
-2.351459746866243705e+00
-1.427219110925659118e+00
-7.381400935651321937e+00
-3.226898791551208845e+00
7.445954115591794098e-01
-7.966109655142772361e+00
-3.385710376670197919e-01
-4.214097521033442817e+00
-1.994333017299721789e+00
-6.310365903404444587e+00
0.000000000000000000e+00
-5.658828044552274505e+00
-3.206789219191008122e+00
-4.933024285508286866e+00
-1.044754177216574709e+00
-6.400121005863485202e+00
-1.228001178167432039e+00
-7.497597913770989386e+00
-2.873486323937788800e+00
-4.348200797003992868e+00
-1.440405497090953224e+00
-5.954350846035302958e+00
-9.222892619918767743e-01
-6.668968132786398328e+00
-3.720163517671328801e+00
-4.307886581409057669e+00
-2.925856108255934007e+00
-1.690514103438282012e+00
-2.547544824385742590e+00
-2.785476890835896668e+00
-2.351461353076787386e+00
-4.346369953066016478e+00
-4.918125760213717612e+00
-2.817416463259548642e+00
-5.000000000000000000e+00
-3.579475990576980404e+00
-3.899440938507528820e+00
-4.168885554456943865e+00
-3.398762192339497279e+00
2.654321488733159207e+00
-6.544068022635552317e+00
-3.376620830692674158e+00
2.181427164429893040e+00
-3.617381528884092923e+00
-2.303356922476319291e+00
-1.000000000000000000e+00
-4.709530346846234394e+00
-3.929163571744845207e+00
2.790320889524708470e+00
