-4.783085351073244951e+00
-2.225427289987498281e+00
-5.218964850025124669e+00
-6.385441559044370052e+00
-3.378424435837353634e+00
7.213903696620277417e-01
-7.036071362260281070e+00
-3.125723116297724147e+00
-9.075826976901975041e-01
-6.765379078932260093e+00
-3.132954115175666576e+00
-7.863322683507078636e+00
-3.363814884637813307e+00
-4.589309502223464787e-01
-4.000000000000000000e+00
-2.163542154448420352e+00
-2.071398590937930440e+00
-7.848100886025509482e+00
-3.066846057626017696e+00
2.000000000000000000e+00
-6.567514109206730843e+00
-2.355826844253866792e+00
-9.573500784094060023e+00
-3.884684194214647057e+00
-5.794911843382314354e-01
-5.643215642728133474e+00
-2.518560254346032146e+00
-3.154901959985743076e+00
-1.996796888106007417e+00
-7.270050514025960808e+00
-4.480389350435336482e+00
-4.781473351430932106e-01
-6.705567130378030427e+00
-1.793886546750848687e+00
-2.944763639881675110e-01
-6.043529855567074449e+00
-2.580698252957340788e+00
-2.531009974800654816e-01
-6.546137676772750602e+00
-3.750932466200389115e+00
-1.052245384568919473e+00
-6.384329399128334970e+00
-3.883102887827099003e+00
-1.265015704470412672e+00
-7.116930412483879476e-01
-5.000000000000000000e+00
-5.929041649363415267e+00
-3.566672997112488197e+00
2.000000000000000000e+00
-8.311208689277792772e+00
-1.308709100144673121e+00
1.452946902195152656e+00
-7.973643204933511974e+00
-2.184624581533895604e+00
3.046058797296873899e-01
-7.688734781574310340e+00
-2.210837146165193001e+00
2.849289873685864616e-01
-5.000000000000000000e+00
-1.976142816476436082e+00
5.859655086751007769e-01
-4.882974771724587271e+00
-1.198641556864807223e+00
-8.000000000000000000e+00
-3.556998569899626705e+00
-5.261107001896153434e+00
-2.757728347558102477e+00
-6.400979704020227423e+00
-2.311280104090075171e-01
-4.601702547464091353e+00
-5.840694627089528801e-01
-5.242433926955660795e+00
-1.907641148142997345e+00
-4.000000000000000000e+00
-1.988354989766907943e+00
-7.467993049247762194e+00
-2.316847771983785442e-01
-7.927973429736015376e+00
-3.438652053179810597e+00
-7.551793442559310954e+00
-3.109594953077326362e+00
-4.238517308028352915e+00
-5.000000000000000000e+00
-5.690196149515636570e+00
-3.826943393120847414e+00
-5.023863416188119935e+00
-3.517860027420907532e+00
-3.952179394367899778e+00
-1.000000000000000000e+00
-5.081164908207746578e+00
-1.000000000000000000e+00
-3.929369630149935233e+00
-1.619736792715459117e+00
-3.177609288032206880e+00
-2.348037199870847136e+00
2.816942911458445664e+00
-2.982528820323661289e+00
-3.883954629185773832e+00
-9.999999252792768356e-01
-4.495963100330244266e+00
-4.321961064300587907e+00
1.222917381260427705e+00
-3.243252598724443381e+00
-3.178942025726281706e+00
4.642236855653032457e-01
