-6.592359803137285645e+00
-4.156644036320103375e+00
-7.000000000000000000e+00
-6.525397683702323093e+00
-2.989897936608667095e+00
-1.145714803631654455e+00
-6.545755191736812861e+00
-2.848574019503318677e+00
-7.385596597582559930e-01
-6.544811404410424416e+00
-3.260278225110727401e+00
-6.331119616858401855e+00
-4.229114807422615030e+00
-4.198368735734228641e-01
-4.000000000000000000e+00
-1.216150872062295774e+00
-2.702332575668752401e+00
-4.503293789983025874e+00
-4.031602669516917814e+00
2.240344399499638317e-01
-6.424436498994821498e+00
-4.969215969219535012e+00
-8.605848248602811168e+00
-2.316374931165865458e+00
1.058894505238904937e+00
-5.193137066652015577e+00
-2.184482950686378100e+00
-3.154901959985743076e+00
-2.723720077351547086e+00
-7.754685124461301982e+00
-1.567351921528753467e+00
7.231782175881769081e-01
-6.858118411333500752e+00
-3.216673925285054469e+00
-1.336567745505205185e+00
-5.985817451081892671e+00
-2.622098421848277017e+00
-8.615549143452880809e-01
-5.046969095632781510e+00
-4.172896527416820156e+00
-2.000000000000000000e+00
-7.944431070327272693e+00
-2.128296748425913432e+00
2.791450867151581416e-01
-1.220176049864833079e+00
-3.682794578712495159e+00
-6.264042510459978175e+00
-2.535952346850880446e+00
-8.431019989503869549e-01
-5.000000000000000000e+00
-4.458804009223415576e+00
-8.913139674923619138e-01
-7.040691216053548196e+00
-1.114479625589016809e+00
1.381325259345990153e+00
-6.678167562699323767e+00
-2.314958132366308430e+00
-9.195731414041317109e-01
-7.160418882326701429e+00
-1.881465855067273596e+00
8.508584569214241444e-01
-6.720435527112018192e+00
-5.233031535951302438e-01
-7.975650437125579195e+00
-3.297141957755754582e+00
-6.026406418686443445e+00
-3.439417492430999701e+00
-6.181810490917169609e+00
-2.740892883463145857e+00
-4.000537941716629575e+00
-2.565156025781527571e+00
-6.113592833766799295e+00
-7.111491571682376778e-01
-6.595285750399490610e+00
-1.087524161696816760e+00
-7.614097506283150629e+00
-3.958607314841775082e+00
-4.371996580190704584e+00
-3.451356399827095967e+00
-6.162320451764156992e+00
-3.328593853044309991e+00
-5.690196149515636570e+00
-3.491259464162754789e+00
-3.888182672759282532e+00
-1.089605733658784326e+00
-3.287345090877128229e+00
-2.691957099738016002e+00
-3.205307634527132077e+00
-2.137851413293356817e+00
-1.938397906815711780e+00
-4.015976970966917747e+00
-2.967583319693532840e+00
-2.854441633798058042e+00
-4.375974225547205165e+00
-2.954682157227814798e+00
1.276108251792595238e+00
-2.544068022635552317e+00
-4.917219223624111457e+00
1.881837837654962931e+00
-3.436919459487804307e+00
-3.868464151894212222e+00
5.211124390738377521e-01
-5.400581205588627753e+00
-3.461292854266233565e+00
2.415062394097976295e+00
