-6.141467008902287361e+00
-4.882185039751161248e+00
-4.543644736948585283e+00
-7.348151985620203774e+00
-2.031387721499945176e+00
-1.049158769987710516e+00
-5.765093269169643264e+00
-2.404428623741719839e+00
-1.292452877213677631e+00
-5.863084234235467207e+00
-4.276137354468106722e+00
-6.606906739418835883e+00
-4.841807262858228711e+00
-1.431888045936836606e+00
-2.819565142478511532e+00
-1.776869015474811464e+00
-3.015640796341648056e+00
-7.589043680195449504e+00
-1.310559227235834401e+00
1.078013667751646532e+00
-6.186045455020924067e+00
-3.476890191424091725e+00
-8.133201513780779379e+00
-3.292763756049148505e+00
-2.000000000000000000e+00
-6.763633337859903172e+00
-2.502771458788103587e+00
-3.599808825879231566e+00
-4.997542340248773307e+00
-6.583234078021347635e+00
-1.936220596960870566e+00
-1.763922819316439128e+00
-7.344986000312209384e+00
-2.691549640655850784e+00
-1.804602229442766603e+00
-5.263454901528818120e+00
-9.387749661061690620e-01
-6.746610074992549499e-01
-6.653281289718502300e+00
-2.222028151930494744e+00
-1.497427544556733991e+00
-6.682301178298198252e+00
-5.000000000000000000e+00
-1.647178495334229442e+00
-2.043988605817987025e+00
-4.066719617802215581e+00
-6.508760959856689787e+00
-3.522807337539457517e+00
1.397515091514875296e+00
-5.244501473024214988e+00
-3.306513339746446345e+00
-8.762271810880297718e-01
-8.629869355800066089e+00
-4.111387488662946232e+00
1.088995248100053770e+00
-5.000000000000000000e+00
-1.915745704780634551e+00
1.131577268710737716e+00
-6.520937866691147278e+00
-1.954728752275010306e+00
-6.475817096301164089e-01
-4.932842443781382258e+00
-2.573266033428759147e+00
-7.955784119358681572e+00
-3.920818753952374891e+00
-8.000000000000000000e+00
-2.113652151335172036e+00
-4.642829393909626567e+00
-3.364989524464632176e+00
-4.036847535100219986e+00
-1.440521279647332342e+00
-4.000000000000000000e+00
-2.275393042155065881e+00
-7.080315051110462221e+00
-1.004195237910452843e+00
-8.000000000000000000e+00
-2.670096719664171836e+00
-5.255895387918617878e+00
-7.921872849841009590e-01
-7.954016467580108163e+00
-1.312976916156778362e+00
-4.818597392441258620e+00
-2.162552234143124696e+00
-5.339992725908649263e+00
-4.157255736059719098e+00
-1.690196149515636570e+00
-2.068383411122935112e+00
-5.455068692583056489e+00
-1.097944965536142625e+00
-5.690196149515636570e+00
-4.820272360924434452e+00
-2.415225907651685766e+00
-4.511309664768849537e+00
-5.202287109658964681e+00
-1.843729873041258571e+00
6.398970069708439512e-01
-2.544068022635552317e+00
-2.324498042845438928e+00
9.616005889280687668e-01
-5.424210670895235786e+00
-3.934958101066706959e+00
1.523276814643956811e+00
-3.760532447928586652e+00
-3.230761314622203173e+00
-5.448446242100208892e-01
