-7.675314964175657728e+00
-2.748028309628796073e+00
-4.453120302373730688e+00
-6.209734522971624315e+00
-2.053386129317978259e+00
-3.620698288324295522e-01
-6.044434071349006565e+00
-1.824794494326265726e+00
-3.239935625029158883e-01
-7.915578310362946901e+00
-4.372356402490381377e+00
-6.578712626266608687e+00
-2.703508112002969810e+00
-1.823653684142770848e+00
-4.000000000000000000e+00
-2.077049719432236596e+00
-1.887294025415916288e+00
-6.270041286653777135e+00
-2.746278894268066484e+00
-3.839393216144777465e-01
-6.989097031137625038e+00
-2.802378073438433148e+00
-8.189871460103855583e+00
-4.531470879857639744e+00
-1.260396394868174896e+00
-6.014783598952925914e+00
-1.000000000000000000e+00
-4.987652351611643553e+00
-3.565026554872366304e+00
-7.387293337279923655e+00
-3.576443579654890126e+00
7.759353203459261605e-01
-7.698970004336018746e+00
-2.132795866227576997e+00
-6.017227235948778841e-01
-5.806510228169043053e+00
-1.537793555559806569e+00
-2.086696178430608173e-01
-5.714528964107942421e+00
-1.000000000000000000e+00
-9.529924995162072365e-01
-7.792527184308084998e+00
-3.775022333058079660e+00
-4.236958681831424767e-01
-1.333058359521923197e+00
-3.168862221542678714e+00
-5.492998567691509848e+00
-3.100931998301819981e+00
2.000000000000000000e+00
-5.834741709310069524e+00
-2.500546586874127009e+00
-1.242406122056929574e+00
-6.394677602694795127e+00
-2.271463034512291923e+00
-1.670796604350124615e-01
-7.698010404840541554e+00
-3.987344434485230682e+00
-1.010025786974095841e-01
-6.848088905319856146e+00
-3.334533907797936347e+00
-1.536718105907967535e+00
-7.553414566696941002e+00
-2.972205758997889635e+00
-6.633748708731724619e+00
-2.602517541317065142e+00
-4.561512042239185938e+00
-4.000000000000000000e+00
-6.044251314847902457e+00
-1.485249637923047983e+00
-5.419531161673567077e+00
-2.256635417834552015e+00
-7.032676366275102176e+00
-1.661794298886054788e+00
-5.037072146585654941e+00
-2.348178862423703883e+00
-7.455737285348219778e+00
-2.523923289277467230e+00
-7.658419100245591693e+00
-5.350696774640807396e-01
-5.457577535129901847e+00
-1.342599077821011955e+00
-3.579239474897764950e+00
-2.267767822012097145e+00
-4.483436185553865805e+00
-2.456214279667140232e+00
-2.264114257533920149e+00
-2.296891409500956271e+00
-3.150652442736495473e+00
-3.948313838723578773e+00
-4.332527606137207776e+00
-4.357555895707519333e+00
-4.425612365881853805e+00
-1.487273700657802289e+00
-3.301477195517215968e+00
-1.000000000000000000e+00
1.569797084547707444e-01
-4.500211629951555992e+00
-2.540895502320668964e+00
6.573531150746165785e-01
-4.515812229314626336e+00
-2.266070920795012711e+00
-7.152146057554835679e-01
-4.450263520437088616e+00
-2.304181442331362462e+00
2.040016501414476657e+00
