1.463271981025124191e+01
1.371747664785146092e+01
1.371747664785146092e+01
8.454974795281218647e+00
3.336933466666467396e+00
3.261261634409504229e+00
2.238460208449907451e+00
1.766396220719363530e+00
1.599541007588745067e+00
1.223579701516298357e+00
1.223579701516298357e+00
1.071465748793557049e+00
1.071465748793557049e+00
9.433691736858955679e-01
9.433691736858955679e-01
8.488266266783242031e-01
5.697764720327780363e-01
5.697764720327780363e-01
5.697764720327780363e-01
5.697764720327780363e-01
5.697764720327780363e-01
5.697764720327780363e-01
5.697764720327780363e-01
5.697764720327780363e-01
5.697764720327780363e-01
5.697764720327780363e-01
5.697764720327780363e-01
5.697764720327780363e-01
4.647486950295941499e-01
4.647486950295941499e-01
4.647486950295941499e-01
4.647486950295941499e-01
4.647486950295941499e-01
4.647486950295941499e-01
4.647486950295941499e-01
4.335462639755480740e-01
4.335462639755480740e-01
4.335462639755480740e-01
3.736369812147565805e-01
3.736369812147565805e-01
3.736369812147565805e-01
1.940941796793940466e-01
1.940941796793940466e-01
1.940941796793940466e-01
1.940941796793940466e-01
1.856714083226559675e-01
1.856714083226559675e-01
1.856714083226559675e-01
1.856714083226559675e-01
1.856714083226559675e-01
1.740179425899259225e-01
1.740179425899259225e-01
1.740179425899259225e-01
1.740179425899259225e-01
1.740179425899259225e-01
1.620988481754574717e-01
1.620988481754574717e-01
1.620988481754574717e-01
1.387329468523382514e-01
1.387329468523382514e-01
1.387329468523382514e-01
1.387329468523382514e-01
1.387329468523382514e-01
1.387329468523382514e-01
1.387329468523382514e-01
1.387329468523382514e-01
1.387329468523382514e-01
1.387329468523382514e-01
1.387329468523382514e-01
1.387329468523382514e-01
1.387329468523382514e-01
1.387329468523382514e-01
1.387329468523382514e-01
1.387329468523382514e-01
1.387329468523382514e-01
1.387329468523382514e-01
1.387329468523382514e-01
1.229706683595735706e-01
1.229706683595735706e-01
1.229706683595735706e-01
1.229706683595735706e-01
1.229706683595735706e-01
1.229706683595735706e-01
1.229706683595735706e-01
1.161930897806852103e-01
1.161930897806852103e-01
1.161930897806852103e-01
1.161930897806852103e-01
1.076532302788505979e-01
1.076532302788505979e-01
1.076532302788505979e-01
1.076532302788505979e-01
1.076532302788505979e-01
1.076532302788505979e-01
9.179178188810620254e-02
9.179178188810620254e-02
9.179178188810620254e-02
9.179178188810620254e-02
9.179178188810620254e-02
9.179178188810620254e-02
9.179178188810620254e-02
9.179178188810620254e-02
9.179178188810620254e-02
9.179178188810620254e-02
9.179178188810620254e-02
9.179178188810620254e-02
9.179178188810620254e-02
9.179178188810620254e-02
9.179178188810620254e-02
9.179178188810620254e-02
9.179178188810620254e-02
9.179178188810620254e-02
8.827872286447115135e-02
8.720507233791770230e-02
8.672706438480874691e-02
8.653837119140812828e-02
8.239373961942142444e-02
8.239373961942142444e-02
8.239373961942142444e-02
8.239373961942142444e-02
8.239373961942142444e-02
8.239373961942142444e-02
8.239373961942142444e-02
8.239373961942142444e-02
8.239373961942142444e-02
8.239373961942142444e-02
8.205569706093111815e-02
8.205569706093111815e-02
8.205569706093111815e-02
8.205569706093111815e-02
8.205569706093111815e-02
8.205569706093111815e-02
8.205569706093111815e-02
8.205569706093111815e-02
8.104122284694473266e-02
8.104122284694473266e-02
8.104122284694473266e-02
8.104122284694473266e-02
8.104122284694473266e-02
8.104122284694473266e-02
8.002875747202109480e-02
8.002875747202109480e-02
8.002875747202109480e-02
8.002875747202109480e-02
7.742609304730894981e-02
7.742609304730894981e-02
7.742609304730894981e-02
7.742609304730894981e-02
7.742609304730894981e-02
7.742609304730894981e-02
7.742609304730894981e-02
7.742609304730894981e-02
7.742609304730894981e-02
7.742609304730894981e-02
7.742609304730894981e-02
7.742609304730894981e-02
7.742609304730894981e-02
7.594492572601484193e-02
7.594492572601484193e-02
7.594492572601484193e-02
7.594492572601484193e-02
7.594492572601484193e-02
7.594492572601484193e-02
7.594492572601484193e-02
7.336596051944231645e-02
7.326427049750507126e-02
7.326427049750507126e-02
7.313028713059326058e-02
7.313028713059326058e-02
7.308964496736616856e-02
7.308921873122467550e-02
7.170866047498247742e-02
7.170866047498247742e-02
7.170866047498247742e-02
7.170866047498247742e-02
7.170866047498247742e-02
7.170866047498247742e-02
7.170866047498247742e-02
7.170866047498247742e-02
6.284136771569957813e-02
6.284136771569957813e-02
6.116729222594056992e-02
6.063217234821455942e-02
6.057785515842659813e-02
6.057367485795170370e-02
5.980804791173638391e-02
5.980804791173638391e-02
5.980804791173638391e-02
5.980804791173638391e-02
5.980804791173638391e-02
5.980804791173638391e-02
5.980804791173638391e-02
5.980804791173638391e-02
5.980804791173638391e-02
5.980804791173638391e-02
5.975661523922495832e-02
5.607825286470456694e-02
5.606192337387490288e-02
5.606192337387490288e-02
5.601254550057081089e-02
