2.880895914489897436e+01
1.018862532287782585e+01
6.367090339260625953e+00
6.367090339260625953e+00
2.983388521005723604e+00
1.076546435798549917e+00
6.992836927052266116e-01
5.960221995242884763e-01
5.960221995242884763e-01
5.960221995242884763e-01
5.960221995242884763e-01
5.960221995242884763e-01
5.960221995242884763e-01
4.684498503411855808e-01
4.684498503411855808e-01
4.684498503411855808e-01
4.684498503411855808e-01
4.684498503411855808e-01
4.684498503411855808e-01
4.684498503411855808e-01
4.684498503411855808e-01
4.239943957821823428e-01
2.503794340181136335e-01
1.805474195797166781e-01
1.805474195797166781e-01
1.805474195797166781e-01
1.805474195797166781e-01
1.805474195797166781e-01
1.805474195797166781e-01
1.805474195797166781e-01
1.805474195797166781e-01
1.805474195797166781e-01
1.805474195797166781e-01
1.805474195797166781e-01
1.805474195797166781e-01
1.805474195797166781e-01
1.805474195797166781e-01
1.805474195797166781e-01
1.805474195797166781e-01
1.805474195797166781e-01
1.805474195797166781e-01
1.805474195797166781e-01
1.805474195797166781e-01
1.805474195797166781e-01
1.805474195797166781e-01
1.805474195797166781e-01
1.805474195797166781e-01
1.805474195797166781e-01
1.805474195797166781e-01
1.805474195797166781e-01
1.805474195797166781e-01
1.805474195797166781e-01
1.805474195797166781e-01
1.805474195797166781e-01
1.805474195797166781e-01
1.805474195797166781e-01
1.805474195797166781e-01
1.805474195797166781e-01
1.805474195797166781e-01
1.805474195797166781e-01
1.805474195797166781e-01
1.805474195797166781e-01
1.805474195797166781e-01
1.805474195797166781e-01
1.805474195797166781e-01
1.805474195797166781e-01
1.805474195797166781e-01
1.805474195797166781e-01
1.805474195797166781e-01
1.805474195797166781e-01
1.805474195797166781e-01
1.749641958782705842e-01
1.749641958782705842e-01
1.749641958782705842e-01
1.749641958782705842e-01
1.749641958782705842e-01
1.596549521996811494e-01
1.596549521996811494e-01
1.596549521996811494e-01
1.547035071084696123e-01
1.524039471430290449e-01
1.522704341543361650e-01
1.522294885260978559e-01
1.521520546838011634e-01
1.521257159360782929e-01
1.520999949903168447e-01
1.520724052122031933e-01
1.520544045516102061e-01
1.520441654542303289e-01
1.520381123705789039e-01
1.520349877720132414e-01
1.520331109939431491e-01
1.520324337290555605e-01
1.520319192398655317e-01
1.520315915421651121e-01
1.520314070648836335e-01
1.520314070648836335e-01
1.520308959081496936e-01
1.520308959081496936e-01
1.520302266729072482e-01
1.520300331385148751e-01
1.520298253552685996e-01
1.520297161557531140e-01
1.520295942897090802e-01
1.520295942897090802e-01
1.520295942897090802e-01
1.520295942897090802e-01
1.520295942897090802e-01
1.504526407456783232e-01
1.502694855307153687e-01
1.502694855307153687e-01
1.502694855307153687e-01
1.494698261592959654e-01
1.494698261592959654e-01
1.494698261592959654e-01
1.494698261592959654e-01
1.483054824780329906e-01
1.470031711927202445e-01
1.465480635566011602e-01
1.463749684850550736e-01
1.463070330502850569e-01
1.462801873722229529e-01
1.462695788147433673e-01
1.462654869907042132e-01
1.462640632595196000e-01
1.462633610889604308e-01
1.462631145444314440e-01
1.460324458792420232e-01
1.460324458792420232e-01
1.460224772750902400e-01
1.460224772750902400e-01
1.460224772750902400e-01
1.459889835440375261e-01
1.459815747898557947e-01
1.459808752045659574e-01
1.459808752045659574e-01
1.459808752045659574e-01
1.459803060796526775e-01
1.459798367287243603e-01
1.459792133315528373e-01
1.459539491393756494e-01
1.429507455253248294e-01
1.327930119940645137e-01
1.256040196109455831e-01
1.256040196109455831e-01
1.256040196109455831e-01
1.256040196109455831e-01
1.256040196109455831e-01
1.224206028691433579e-01
1.222831229272816483e-01
1.222831229272816483e-01
1.222120037464262954e-01
1.221782751025967256e-01
1.221712620999105131e-01
1.221696190474851201e-01
1.188085233135218743e-01
1.188085233135218743e-01
1.138495870115863867e-01
1.138495870115863867e-01
1.112579421709163074e-01
1.112579421709163074e-01
1.112579421709163074e-01
1.112579421709163074e-01
1.112579421709163074e-01
1.103090425740742703e-01
1.101543890754651950e-01
1.101336911592038503e-01
1.101302337485343258e-01
1.101297437666980406e-01
1.101296689992718458e-01
1.074737802316991508e-01
1.074737802316991508e-01
1.055078875884997713e-01
1.049998883141240180e-01
1.049405851549432833e-01
1.009826606051352632e-01
1.009826606051352632e-01
1.009826606051352632e-01
1.009826606051352632e-01
1.009826606051352632e-01
1.009826606051352632e-01
1.001682614680971389e-01
1.001682614680971389e-01
9.586983726917872040e-02
9.563588489880546495e-02
9.563588489880546495e-02
9.526724840738327871e-02
9.523310797518547144e-02
9.523048908724311701e-02
9.523031342107440844e-02
9.523018705317601307e-02
9.523018705317601307e-02
9.523018705317601307e-02
9.523018705317601307e-02
8.043583703005940944e-02
8.019785947251571734e-02
8.019785947251571734e-02
7.976545473612196846e-02
7.975880572625215770e-02
7.975835006833141561e-02
