4.190819965303577987e+01
3.236164132964115936e+01
4.180182396601436423e+00
4.180182396601436423e+00
4.180182396601436423e+00
2.523438256068496255e+00
7.701286225510222128e-01
7.701286225510222128e-01
7.701286225510222128e-01
7.701286225510222128e-01
7.701286225510222128e-01
6.034976981692761200e-01
1.574861474536484174e-01
1.574861474536484174e-01
1.574861474536484174e-01
1.574861474536484174e-01
1.574861474536484174e-01
1.574861474536484174e-01
1.574861474536484174e-01
1.574861474536484174e-01
1.574861474536484174e-01
1.574861474536484174e-01
1.574861474536484174e-01
1.574861474536484174e-01
1.574861474536484174e-01
1.574861474536484174e-01
1.574861474536484174e-01
1.574861474536484174e-01
1.574861474536484174e-01
1.574861474536484174e-01
1.574861474536484174e-01
1.574861474536484174e-01
1.574861474536484174e-01
1.574861474536484174e-01
1.574861474536484174e-01
1.574861474536484174e-01
1.574861474536484174e-01
1.574861474536484174e-01
1.574861474536484174e-01
1.574861474536484174e-01
1.574861474536484174e-01
1.574861474536484174e-01
1.574861474536484174e-01
1.574861474536484174e-01
1.574861474536484174e-01
1.574861474536484174e-01
1.574861474536484174e-01
1.574861474536484174e-01
1.574861474536484174e-01
1.574861474536484174e-01
1.574861474536484174e-01
1.574861474536484174e-01
1.574861474536484174e-01
1.574861474536484174e-01
1.574861474536484174e-01
1.574861474536484174e-01
1.574861474536484174e-01
1.574861474536484174e-01
1.574861474536484174e-01
1.574861474536484174e-01
1.574861474536484174e-01
1.574861474536484174e-01
1.394289028083184334e-01
1.394289028083184334e-01
1.389374625469202429e-01
1.389374625469202429e-01
1.389374625469202429e-01
1.389374625469202429e-01
1.389374625469202429e-01
1.389374625469202429e-01
1.389374625469202429e-01
1.389374625469202429e-01
1.389374625469202429e-01
1.389374625469202429e-01
1.389374625469202429e-01
1.389374625469202429e-01
1.389374625469202429e-01
1.326330168507363627e-01
1.326330168507363627e-01
1.326330168507363627e-01
1.326330168507363627e-01
1.258516710249960313e-01
1.258516710249960313e-01
1.258516710249960313e-01
1.258516710249960313e-01
1.258516710249960313e-01
1.258516710249960313e-01
1.258516710249960313e-01
1.258516710249960313e-01
1.258516710249960313e-01
1.197940654000836658e-01
1.197940654000836658e-01
1.197940654000836658e-01
1.197940654000836658e-01
1.197940654000836658e-01
1.197940654000836658e-01
1.197940654000836658e-01
1.197940654000836658e-01
1.197940654000836658e-01
1.197940654000836658e-01
1.197940654000836658e-01
1.197940654000836658e-01
1.197940654000836658e-01
1.197940654000836658e-01
1.197940654000836658e-01
1.171532715905762023e-01
1.171532715905762023e-01
1.150150567630703058e-01
1.150150567630703058e-01
1.145425738239832791e-01
1.096975887394107396e-01
1.096975887394107396e-01
1.083058745773294862e-01
1.065892484966801668e-01
1.060710703375827013e-01
1.059249281653383001e-01
1.058657599143656008e-01
1.058400419361895800e-01
1.058293971749236506e-01
1.058247642679037842e-01
1.058231006077657022e-01
1.058223606862496446e-01
1.058220918145546668e-01
1.058219679593049162e-01
1.058219257010668823e-01
1.058219257010668823e-01
1.058219130618147236e-01
1.054640174475591913e-01
1.054640174475591913e-01
1.054640174475591913e-01
1.054640174475591913e-01
1.054640174475591913e-01
1.054640174475591913e-01
1.006348173447313005e-01
1.006348173447313005e-01
9.840285306655781328e-02
9.840285306655781328e-02
9.358389765201650945e-02
9.358389765201650945e-02
9.358389765201650945e-02
9.358389765201650945e-02
9.358389765201650945e-02
9.358389765201650945e-02
9.358389765201650945e-02
9.358389765201650945e-02
9.358389765201650945e-02
9.358389765201650945e-02
9.358389765201650945e-02
9.358389765201650945e-02
9.358389765201650945e-02
9.358389765201650945e-02
9.358389765201650945e-02
9.358389765201650945e-02
9.358389765201650945e-02
9.129036798213659154e-02
9.129036798213659154e-02
9.123457078132625464e-02
9.117769817463189375e-02
9.117040135823864522e-02
9.116953549117355615e-02
9.116953549117355615e-02
9.116953549117355615e-02
9.116647387321479001e-02
9.116535881412396458e-02
9.116514310988187153e-02
9.116510325072206544e-02
9.116507512878495312e-02
9.116507512878495312e-02
9.116507512878495312e-02
9.116507512878495312e-02
9.116507512878495312e-02
9.107167691296427781e-02
9.095082175435986738e-02
9.093918847441812003e-02
9.093768224325160521e-02
9.062895418360454591e-02
9.059689006026218350e-02
9.059334501549139163e-02
8.946562912869787665e-02
8.946562912869787665e-02
8.946562912869787665e-02
8.946562912869787665e-02
8.946562912869787665e-02
8.946562912869787665e-02
8.946562912869787665e-02
8.886078816545135706e-02
8.878580965403329306e-02
8.878061231778555662e-02
8.878040821790446346e-02
8.878023837996051881e-02
8.878021225433094243e-02
8.878021225433094243e-02
8.878021225433094243e-02
8.878021225433094243e-02
8.878021225433094243e-02
8.878021225433094243e-02
8.878021225433094243e-02
8.878021225433094243e-02
8.878021225433094243e-02
8.878021225433094243e-02
