3.231651937464447855e+01
1.193660287973233736e+01
1.193660287973233736e+01
2.073942469497674246e+00
1.635085353943610320e+00
1.028664023578216735e+00
7.213217777368755579e-01
6.321174234824923355e-01
6.321174234824923355e-01
3.135630520026596035e-01
3.135630520026596035e-01
3.135630520026596035e-01
3.135630520026596035e-01
3.135630520026596035e-01
3.135630520026596035e-01
3.135630520026596035e-01
3.135630520026596035e-01
3.135630520026596035e-01
3.135630520026596035e-01
3.135630520026596035e-01
3.135630520026596035e-01
3.135630520026596035e-01
3.043227597442894616e-01
3.043227597442894616e-01
2.354833994992538981e-01
2.354833994992538981e-01
2.354833994992538981e-01
2.354833994992538981e-01
2.354833994992538981e-01
2.354833994992538981e-01
2.354833994992538981e-01
2.354833994992538981e-01
2.354833994992538981e-01
2.354833994992538981e-01
2.354833994992538981e-01
2.354833994992538981e-01
1.606854258770543664e-01
1.606854258770543664e-01
1.606854258770543664e-01
1.606854258770543664e-01
1.606854258770543664e-01
9.216570530420180318e-02
9.216570530420180318e-02
9.216570530420180318e-02
9.216570530420180318e-02
9.216570530420180318e-02
9.216570530420180318e-02
9.216570530420180318e-02
9.216570530420180318e-02
9.216570530420180318e-02
9.216570530420180318e-02
9.216570530420180318e-02
9.216570530420180318e-02
9.216570530420180318e-02
9.216570530420180318e-02
9.216570530420180318e-02
9.216570530420180318e-02
9.216570530420180318e-02
9.216570530420180318e-02
9.216570530420180318e-02
9.216570530420180318e-02
9.216570530420180318e-02
9.216570530420180318e-02
9.216570530420180318e-02
9.216570530420180318e-02
9.216570530420180318e-02
9.216570530420180318e-02
9.216570530420180318e-02
9.216570530420180318e-02
9.216570530420180318e-02
9.216570530420180318e-02
9.216570530420180318e-02
9.216570530420180318e-02
9.216570530420180318e-02
9.216570530420180318e-02
9.216570530420180318e-02
9.216570530420180318e-02
9.216570530420180318e-02
9.216570530420180318e-02
9.216570530420180318e-02
9.216570530420180318e-02
9.216570530420180318e-02
9.216570530420180318e-02
9.216570530420180318e-02
9.216570530420180318e-02
9.216570530420180318e-02
9.216570530420180318e-02
9.216570530420180318e-02
9.216570530420180318e-02
9.216570530420180318e-02
9.216570530420180318e-02
9.216570530420180318e-02
9.216570530420180318e-02
8.935273799893342361e-02
8.935273799893342361e-02
8.918593541295313787e-02
8.918593541295313787e-02
8.834788025611040041e-02
8.834788025611040041e-02
8.823115639760553686e-02
8.823115639760553686e-02
8.823115639760553686e-02
8.823115639760553686e-02
8.803150856031838334e-02
8.803150856031838334e-02
8.799817054078509782e-02
8.799817054078509782e-02
8.799817054078509782e-02
8.799817054078509782e-02
8.799817054078509782e-02
8.799817054078509782e-02
8.799817054078509782e-02
8.799817054078509782e-02
8.799067170198743293e-02
8.087339949397026606e-02
8.087339949397026606e-02
8.087339949397026606e-02
8.087339949397026606e-02
8.087339949397026606e-02
8.087339949397026606e-02
8.087339949397026606e-02
8.087339949397026606e-02
8.087339949397026606e-02
8.087339949397026606e-02
8.087339949397026606e-02
7.722237194056121024e-02
7.722237194056121024e-02
7.722237194056121024e-02
7.722237194056121024e-02
7.722237194056121024e-02
7.722237194056121024e-02
7.722237194056121024e-02
7.722237194056121024e-02
7.722237194056121024e-02
7.405945405473932097e-02
7.405945405473932097e-02
7.405945405473932097e-02
7.224184400343036661e-02
7.180561938145844925e-02
7.180561938145844925e-02
7.180561938145844925e-02
7.060731579000927016e-02
7.060731579000927016e-02
7.060731579000927016e-02
7.060731579000927016e-02
6.926149417537519337e-02
6.926149417537519337e-02
6.926149417537519337e-02
6.926149417537519337e-02
6.926149417537519337e-02
6.926149417537519337e-02
6.926149417537519337e-02
6.926149417537519337e-02
6.926149417537519337e-02
6.926149417537519337e-02
6.926149417537519337e-02
6.926149417537519337e-02
6.926149417537519337e-02
6.926149417537519337e-02
6.926149417537519337e-02
6.926149417537519337e-02
6.926149417537519337e-02
6.926149417537519337e-02
6.926149417537519337e-02
6.909612107656143420e-02
6.909612107656143420e-02
6.909612107656143420e-02
6.906982747592585459e-02
6.906982747592585459e-02
6.906829249178104979e-02
6.906829249178104979e-02
6.891702209658494283e-02
6.891702209658494283e-02
6.882846510333746892e-02
6.861095191157455531e-02
6.858526206527176816e-02
6.858159583537987158e-02
6.854983023443946000e-02
6.854422667207983599e-02
6.854313030922944139e-02
6.853634090430286985e-02
6.852928793661164364e-02
6.852265820720282452e-02
6.771070493680733660e-02
6.771070493680733660e-02
6.769275134647036174e-02
6.769275134647036174e-02
6.768712209305252636e-02
6.749006148693768858e-02
6.739098142716071216e-02
6.727743078857045811e-02
6.702265277180062542e-02
6.673788891325302397e-02
6.672440265265042192e-02
6.669376557020706420e-02
6.668840865344000113e-02
6.668811032675454886e-02
6.668492208937923382e-02
6.668447070016894629e-02
6.668329686670501633e-02
