4.117465281969432311e+01
2.295910457145409111e+01
1.614813236300440025e+01
1.614813236300440025e+01
1.111186456841893566e+01
5.706856499432904961e+00
4.638101423085055686e+00
3.270256315081905729e+00
3.270256315081905729e+00
3.003416945348139855e+00
1.753948217447889313e+00
1.550004498873566838e+00
1.066463007586028855e+00
1.066463007586028855e+00
1.066463007586028855e+00
1.066463007586028855e+00
8.485587499077298368e-01
8.485587499077298368e-01
8.485587499077298368e-01
8.485587499077298368e-01
8.485587499077298368e-01
8.485587499077298368e-01
8.485587499077298368e-01
8.485587499077298368e-01
7.252564042439653136e-01
7.252564042439653136e-01
7.252564042439653136e-01
7.252564042439653136e-01
7.252564042439653136e-01
7.252564042439653136e-01
7.252564042439653136e-01
7.252564042439653136e-01
7.252564042439653136e-01
7.252564042439653136e-01
7.252564042439653136e-01
7.252564042439653136e-01
7.252564042439653136e-01
7.252564042439653136e-01
7.083844095613474057e-01
6.104582144480290573e-01
4.648864814761832776e-01
3.462455383872694026e-01
3.462455383872694026e-01
3.462455383872694026e-01
3.462455383872694026e-01
3.354017004318705641e-01
2.415320168926025635e-01
2.415320168926025635e-01
2.415320168926025635e-01
2.415320168926025635e-01
2.415320168926025635e-01
2.415320168926025635e-01
2.415320168926025635e-01
2.415320168926025635e-01
1.856926267962024646e-01
1.856926267962024646e-01
1.856926267962024646e-01
1.660527608200780270e-01
1.660527608200780270e-01
1.409038394093321545e-01
1.409038394093321545e-01
1.409038394093321545e-01
1.409038394093321545e-01
1.409038394093321545e-01
1.409038394093321545e-01
1.409038394093321545e-01
1.409038394093321545e-01
1.409038394093321545e-01
1.409038394093321545e-01
1.409038394093321545e-01
1.409038394093321545e-01
1.409038394093321545e-01
1.409038394093321545e-01
1.219854861621705588e-01
1.219854861621705588e-01
1.219854861621705588e-01
1.219854861621705588e-01
1.219854861621705588e-01
1.080736941478691038e-01
1.080736941478691038e-01
1.080736941478691038e-01
1.080736941478691038e-01
1.080736941478691038e-01
1.080736941478691038e-01
1.080736941478691038e-01
1.046157569539514498e-01
1.046157569539514498e-01
8.799427228951216262e-02
8.799427228951216262e-02
8.799427228951216262e-02
8.799427228951216262e-02
8.799427228951216262e-02
8.799427228951216262e-02
8.799427228951216262e-02
8.799427228951216262e-02
8.799427228951216262e-02
8.799427228951216262e-02
8.799427228951216262e-02
8.799427228951216262e-02
8.799427228951216262e-02
8.799427228951216262e-02
8.799427228951216262e-02
8.799427228951216262e-02
8.142325059835488210e-02
7.813807468189756800e-02
7.813807468189756800e-02
6.168548755421485869e-02
6.168548755421485869e-02
6.168548755421485869e-02
6.168548755421485869e-02
6.168548755421485869e-02
6.168548755421485869e-02
6.168548755421485869e-02
6.168548755421485869e-02
6.168548755421485869e-02
6.168548755421485869e-02
6.168548755421485869e-02
6.168548755421485869e-02
6.168548755421485869e-02
6.168548755421485869e-02
6.168548755421485869e-02
6.168548755421485869e-02
6.168548755421485869e-02
6.168548755421485869e-02
5.631407615239869546e-02
5.631407615239869546e-02
5.631407615239869546e-02
5.546188465220498742e-02
5.508250416673879379e-02
5.508081432311301429e-02
5.508081432311301429e-02
5.502043395029709849e-02
5.369489298962013685e-02
5.350803579436483326e-02
5.350803579436483326e-02
5.350803579436483326e-02
5.350803579436483326e-02
5.350803579436483326e-02
5.350803579436483326e-02
5.339981360919417164e-02
5.339981360919417164e-02
5.339981360919417164e-02
5.339981360919417164e-02
5.339458477086114069e-02
5.191252703412764513e-02
5.191252703412764513e-02
5.006354097698476752e-02
5.006354097698476752e-02
4.959325801138906448e-02
4.959325801138906448e-02
4.959325801138906448e-02
4.959325801138906448e-02
4.929980710724002346e-02
4.929980710724002346e-02
4.929980710724002346e-02
4.929980710724002346e-02
4.928780534745689362e-02
4.928780534745689362e-02
4.928780534745689362e-02
4.928780534745689362e-02
4.928281344102000694e-02
4.928037804369983510e-02
4.927991130235182676e-02
4.906314021743772569e-02
4.861524206954979943e-02
4.861524206954979943e-02
4.844490256236247405e-02
4.844490256236247405e-02
4.844490256236247405e-02
4.843469031280146081e-02
4.843469031280146081e-02
4.843056668782123181e-02
4.843018665299144571e-02
4.842998511020810137e-02
4.842989688990876479e-02
4.842989688990876479e-02
4.815422217348566680e-02
4.815422217348566680e-02
4.815422217348566680e-02
4.776056526964636562e-02
4.772553181838171815e-02
4.772553181838171815e-02
4.772553181838171815e-02
4.772553181838171815e-02
4.772553181838171815e-02
4.768339386407085406e-02
4.758611349148199332e-02
4.758363867745195319e-02
4.758358322624606923e-02
4.758358301041698546e-02
4.758358301041698546e-02
4.758345951025606119e-02
4.758345951025606119e-02
4.758345951025606119e-02
4.752627245235902659e-02
4.752158812413786321e-02
4.752158812413786321e-02
4.749712874038287957e-02
4.743424408656585212e-02
4.743424408656585212e-02
