4.961287381072361313e+01
1.603805806497332753e+01
5.076791873651447240e+00
5.076791873651447240e+00
3.055908792578592603e+00
3.055908792578592603e+00
2.035737485954352444e+00
2.035737485954352444e+00
1.736044881668919126e+00
1.388666169692420516e+00
1.313851134235731744e+00
1.210207878612225674e+00
1.210207878612225674e+00
1.210207878612225674e+00
1.165972784750324953e+00
1.147103763579225610e+00
1.147103763579225610e+00
1.147103763579225610e+00
1.147103763579225610e+00
1.147103763579225610e+00
1.147103763579225610e+00
1.147103763579225610e+00
9.831030486113135902e-01
9.831030486113135902e-01
9.367074982858649701e-01
9.367074982858649701e-01
7.342815852087070105e-01
7.342815852087070105e-01
7.342815852087070105e-01
7.342815852087070105e-01
7.342815852087070105e-01
7.342815852087070105e-01
7.342815852087070105e-01
7.342815852087070105e-01
6.592559587723492154e-01
6.592559587723492154e-01
6.592559587723492154e-01
6.592559587723492154e-01
4.667604022021717980e-01
4.667604022021717980e-01
4.667604022021717980e-01
4.667604022021717980e-01
4.667604022021717980e-01
4.667604022021717980e-01
4.667604022021717980e-01
4.667604022021717980e-01
4.667604022021717980e-01
4.667604022021717980e-01
4.667604022021717980e-01
4.667604022021717980e-01
4.667604022021717980e-01
4.667604022021717980e-01
4.667604022021717980e-01
4.667604022021717980e-01
4.667604022021717980e-01
4.667604022021717980e-01
4.667604022021717980e-01
4.667604022021717980e-01
4.453363913693673681e-01
4.453363913693673681e-01
4.453363913693673681e-01
4.453363913693673681e-01
4.453363913693673681e-01
4.453363913693673681e-01
3.893841627526054561e-01
3.893841627526054561e-01
3.893841627526054561e-01
3.893841627526054561e-01
3.893841627526054561e-01
3.893841627526054561e-01
3.893841627526054561e-01
3.893841627526054561e-01
3.893841627526054561e-01
3.893841627526054561e-01
3.893841627526054561e-01
3.893841627526054561e-01
3.893841627526054561e-01
3.893841627526054561e-01
3.893841627526054561e-01
3.893841627526054561e-01
3.893841627526054561e-01
3.893841627526054561e-01
3.893841627526054561e-01
3.671724275586239483e-01
3.671724275586239483e-01
3.671724275586239483e-01
3.671724275586239483e-01
3.671724275586239483e-01
3.671724275586239483e-01
3.671724275586239483e-01
3.671724275586239483e-01
3.671724275586239483e-01
3.671724275586239483e-01
3.409738009987152707e-01
2.817011084513023622e-01
2.817011084513023622e-01
2.817011084513023622e-01
2.817011084513023622e-01
2.817011084513023622e-01
2.817011084513023622e-01
2.817011084513023622e-01
2.817011084513023622e-01
2.817011084513023622e-01
2.817011084513023622e-01
2.817011084513023622e-01
2.719156276947939377e-01
2.076747155933121314e-01
2.076747155933121314e-01
2.076747155933121314e-01
2.076747155933121314e-01
2.076747155933121314e-01
1.671814540392359272e-01
1.671814540392359272e-01
1.671814540392359272e-01
1.464914580765464547e-01
8.043285873595476532e-02
8.043285873595476532e-02
8.043285873595476532e-02
8.043285873595476532e-02
8.043285873595476532e-02
8.043285873595476532e-02
8.043285873595476532e-02
8.043285873595476532e-02
7.395396278575704085e-02
7.304981338215303655e-02
7.304981338215303655e-02
7.304981338215303655e-02
7.304981338215303655e-02
7.123051191652518543e-02
7.123051191652518543e-02
7.123051191652518543e-02
7.106584049139914872e-02
7.106584049139914872e-02
7.106584049139914872e-02
7.106584049139914872e-02
7.041181539804722278e-02
7.006265008703813080e-02
6.995769565032523840e-02
6.992537112403267308e-02
6.991528013365894134e-02
6.991239890160418080e-02
6.991163389886738411e-02
6.991112151907449834e-02
6.991106296246692164e-02
6.991106296246692164e-02
6.900781436713421257e-02
6.813465958273243195e-02
6.776275763057042212e-02
6.750391715528092362e-02
6.724879522548313227e-02
6.716169085117300319e-02
6.714111585099094559e-02
6.713628189520434719e-02
6.697613981803458849e-02
6.691426110706839847e-02
6.688241465659676421e-02
6.687276089148633251e-02
6.687102004966133384e-02
6.686277397765880148e-02
6.685173032725363895e-02
6.624812312018381333e-02
6.624812312018381333e-02
6.624812312018381333e-02
6.624812312018381333e-02
6.624812312018381333e-02
6.183480493181531257e-02
6.183480493181531257e-02
6.183480493181531257e-02
6.183480493181531257e-02
6.183480493181531257e-02
6.183480493181531257e-02
6.183480493181531257e-02
6.183480493181531257e-02
6.183480493181531257e-02
6.183480493181531257e-02
6.183480493181531257e-02
6.173457265788124398e-02
6.173457265788124398e-02
6.140204844701686870e-02
6.140204844701686870e-02
6.140204844701686870e-02
6.125705337202218270e-02
6.077701236529609724e-02
6.077701236529609724e-02
5.988602221050967622e-02
5.984198814826568319e-02
5.983886297656037384e-02
5.983862668268565693e-02
5.983850701426789848e-02
5.983850701426789848e-02
5.983850701426789848e-02
5.983850701426789848e-02
5.983850701426789848e-02
5.983850701426789848e-02
5.983850701426789848e-02
5.983850701426789848e-02
5.983850701426789848e-02
5.983850701426789848e-02
5.983849437958836670e-02
5.983849437958836670e-02
