4.339648302327104545e+01
3.538239979253318523e+01
9.029244323637954039e+00
9.029244323637954039e+00
4.623617427568443183e+00
4.623617427568443183e+00
1.942117309749837650e+00
1.198294749408070237e+00
8.206859517079780897e-01
8.206859517079780897e-01
8.206859517079780897e-01
8.206859517079780897e-01
5.244143916614484313e-01
5.244143916614484313e-01
5.244143916614484313e-01
5.244143916614484313e-01
5.244143916614484313e-01
5.244143916614484313e-01
5.244143916614484313e-01
5.244143916614484313e-01
5.244143916614484313e-01
5.244143916614484313e-01
5.244143916614484313e-01
5.244143916614484313e-01
5.244143916614484313e-01
5.244143916614484313e-01
5.244143916614484313e-01
5.244143916614484313e-01
5.244143916614484313e-01
3.890062168092197070e-01
3.890062168092197070e-01
3.890062168092197070e-01
3.890062168092197070e-01
3.890062168092197070e-01
3.890062168092197070e-01
3.890062168092197070e-01
1.379629262783848842e-01
1.379629262783848842e-01
1.379629262783848842e-01
1.379629262783848842e-01
1.379629262783848842e-01
1.379629262783848842e-01
1.379629262783848842e-01
1.379629262783848842e-01
1.379629262783848842e-01
1.379629262783848842e-01
1.379629262783848842e-01
1.379629262783848842e-01
1.379629262783848842e-01
1.379629262783848842e-01
1.330399280933153294e-01
1.330399280933153294e-01
1.330399280933153294e-01
1.330399280933153294e-01
1.330399280933153294e-01
1.330399280933153294e-01
1.330399280933153294e-01
1.330399280933153294e-01
9.981296086659671718e-02
9.981296086659671718e-02
9.981296086659671718e-02
9.981296086659671718e-02
9.981296086659671718e-02
9.981296086659671718e-02
9.981296086659671718e-02
9.981296086659671718e-02
9.308166953955600287e-02
9.308166953955600287e-02
9.308166953955600287e-02
9.308166953955600287e-02
9.308166953955600287e-02
9.308166953955600287e-02
9.308166953955600287e-02
9.308166953955600287e-02
9.308166953955600287e-02
9.308166953955600287e-02
9.308166953955600287e-02
9.308166953955600287e-02
9.308166953955600287e-02
9.308166953955600287e-02
9.308166953955600287e-02
9.308166953955600287e-02
9.308166953955600287e-02
9.308166953955600287e-02
9.308166953955600287e-02
9.308166953955600287e-02
9.308166953955600287e-02
9.308166953955600287e-02
7.422253867656873616e-02
7.422253867656873616e-02
7.422253867656873616e-02
7.422253867656873616e-02
7.422253867656873616e-02
7.422253867656873616e-02
7.422253867656873616e-02
7.422253867656873616e-02
7.422253867656873616e-02
7.422253867656873616e-02
7.422253867656873616e-02
7.422253867656873616e-02
7.422253867656873616e-02
7.422253867656873616e-02
7.422253867656873616e-02
7.422253867656873616e-02
7.422253867656873616e-02
7.422253867656873616e-02
7.121196321373654547e-02
7.121196321373654547e-02
7.121196321373654547e-02
7.121196321373654547e-02
7.121196321373654547e-02
7.121196321373654547e-02
7.121196321373654547e-02
7.121196321373654547e-02
7.121196321373654547e-02
7.121196321373654547e-02
7.121196321373654547e-02
7.121196321373654547e-02
7.121196321373654547e-02
7.121196321373654547e-02
7.121196321373654547e-02
7.121196321373654547e-02
7.121196321373654547e-02
7.121196321373654547e-02
7.114503226664919966e-02
7.114503226664919966e-02
6.277690661964174801e-02
6.277690661964174801e-02
6.277690661964174801e-02
6.277690661964174801e-02
6.277690661964174801e-02
6.277690661964174801e-02
6.277690661964174801e-02
6.148052167914306448e-02
6.148052167914306448e-02
6.148052167914306448e-02
6.148052167914306448e-02
6.148052167914306448e-02
6.148052167914306448e-02
6.148052167914306448e-02
6.148052167914306448e-02
6.148052167914306448e-02
6.070347290071238799e-02
6.070347290071238799e-02
6.070347290071238799e-02
6.070347290071238799e-02
6.042771056899908649e-02
6.042771056899908649e-02
6.042771056899908649e-02
6.042771056899908649e-02
6.042771056899908649e-02
6.042771056899908649e-02
6.042771056899908649e-02
6.042771056899908649e-02
6.042771056899908649e-02
6.040872244278725628e-02
6.040595841401553978e-02
6.040595841401553978e-02
6.040595841401553978e-02
6.040275011170526814e-02
6.040136643096503249e-02
6.040123704674292548e-02
6.040106164489868201e-02
6.040100224359100378e-02
6.040100224359100378e-02
6.040100224359100378e-02
6.040100224359100378e-02
6.040099124251483570e-02
6.040099124251483570e-02
6.040099124251483570e-02
6.040098703581615880e-02
6.040098703581615880e-02
6.040098703581615880e-02
6.040098703581615880e-02
6.040098703581615880e-02
6.040098703581615880e-02
6.040098703581615880e-02
6.040098703581615880e-02
6.040098703581615880e-02
6.040098703581615880e-02
6.040098703581615880e-02
6.040098703581615880e-02
6.040098703581615880e-02
6.040098703581615880e-02
6.040098703581615880e-02
6.040098703581615880e-02
6.040098703581615880e-02
6.040098703581615880e-02
6.040098703581615880e-02
6.040098703581615880e-02
6.040098703581615880e-02
6.040098703581615880e-02
6.040069693274439239e-02
6.040069693274439239e-02
6.040069693274439239e-02
6.040069693274439239e-02
6.040069693274439239e-02
6.040069693274439239e-02
6.040069693274439239e-02
6.040069693274439239e-02
