1.143081969353648120e+01
1.143081969353648120e+01
7.837444397026230192e+00
7.563177596035620454e+00
4.439876506405381562e+00
6.272598637293801405e-01
6.272598637293801405e-01
6.272598637293801405e-01
6.272598637293801405e-01
6.272598637293801405e-01
5.594411983757671125e-01
5.594411983757671125e-01
5.594411983757671125e-01
5.594411983757671125e-01
5.594411983757671125e-01
5.594411983757671125e-01
5.594411983757671125e-01
5.594411983757671125e-01
5.594411983757671125e-01
5.594411983757671125e-01
5.594411983757671125e-01
5.594411983757671125e-01
5.594411983757671125e-01
5.376691615329227680e-01
5.376691615329227680e-01
5.376691615329227680e-01
5.376691615329227680e-01
5.376691615329227680e-01
5.376691615329227680e-01
5.376691615329227680e-01
5.376691615329227680e-01
5.376691615329227680e-01
5.376691615329227680e-01
5.376691615329227680e-01
5.376691615329227680e-01
5.376691615329227680e-01
5.376691615329227680e-01
4.950371230669169398e-01
4.950371230669169398e-01
4.950371230669169398e-01
4.950371230669169398e-01
4.950371230669169398e-01
4.950371230669169398e-01
4.950371230669169398e-01
4.950371230669169398e-01
4.950371230669169398e-01
4.950371230669169398e-01
4.823518014012527222e-01
4.592829620258991885e-01
4.592829620258991885e-01
4.592829620258991885e-01
4.123534394022180805e-01
3.697137029844794198e-01
3.697137029844794198e-01
3.697137029844794198e-01
3.331412725321971635e-01
3.331412725321971635e-01
3.331412725321971635e-01
3.331412725321971635e-01
3.331412725321971635e-01
3.331412725321971635e-01
3.331412725321971635e-01
3.331412725321971635e-01
3.331412725321971635e-01
3.331412725321971635e-01
3.331412725321971635e-01
3.331412725321971635e-01
3.331412725321971635e-01
3.331412725321971635e-01
3.331412725321971635e-01
3.331412725321971635e-01
2.363664438091949982e-01
2.363664438091949982e-01
2.363664438091949982e-01
2.073364031543018793e-01
2.073364031543018793e-01
2.073364031543018793e-01
2.073364031543018793e-01
2.073364031543018793e-01
2.073364031543018793e-01
2.073364031543018793e-01
2.073364031543018793e-01
2.073364031543018793e-01
2.073364031543018793e-01
2.073364031543018793e-01
2.073364031543018793e-01
2.073364031543018793e-01
1.202960802079995339e-01
1.202960802079995339e-01
1.202960802079995339e-01
1.202960802079995339e-01
1.202960802079995339e-01
1.202960802079995339e-01
1.202960802079995339e-01
1.202960802079995339e-01
1.202960802079995339e-01
1.202960802079995339e-01
8.597010177171918177e-02
8.597010177171918177e-02
8.597010177171918177e-02
8.597010177171918177e-02
8.597010177171918177e-02
8.597010177171918177e-02
8.597010177171918177e-02
8.597010177171918177e-02
8.315135816560027815e-02
7.437342098507904176e-02
7.437342098507904176e-02
7.437342098507904176e-02
7.437342098507904176e-02
7.437342098507904176e-02
6.612114529205420643e-02
6.612114529205420643e-02
6.612114529205420643e-02
6.612114529205420643e-02
6.612114529205420643e-02
6.612114529205420643e-02
6.612114529205420643e-02
6.612114529205420643e-02
6.612114529205420643e-02
6.612114529205420643e-02
6.612114529205420643e-02
6.612114529205420643e-02
6.612114529205420643e-02
6.612114529205420643e-02
6.612114529205420643e-02
6.612114529205420643e-02
6.612114529205420643e-02
6.612114529205420643e-02
6.612114529205420643e-02
6.612114529205420643e-02
6.612114529205420643e-02
6.612114529205420643e-02
6.574599275497432227e-02
6.571688854413412773e-02
6.571688854413412773e-02
6.541151432660397003e-02
6.038353835200699349e-02
5.863229661625820460e-02
5.833445852451104446e-02
5.833445852451104446e-02
5.830920976240564629e-02
5.830626511128037676e-02
5.830626511128037676e-02
5.830626511128037676e-02
5.830626511128037676e-02
5.827780572518036911e-02
5.826755816571536906e-02
5.826476177825373054e-02
5.826417596635268675e-02
5.826406751733725908e-02
5.826392483165047931e-02
5.826392483165047931e-02
5.826392483165047931e-02
5.723075396159359174e-02
5.606178401911975084e-02
5.590340779584285213e-02
5.587976107279477023e-02
5.587461014356503997e-02
5.587326199195766924e-02
5.587326199195766924e-02
5.587267078191632957e-02
5.587239958001193746e-02
5.587239958001193746e-02
5.587239958001193746e-02
5.587238015975370953e-02
5.587238015975370953e-02
5.587238015975370953e-02
5.587238015975370953e-02
5.587238015975370953e-02
5.587238015975370953e-02
5.587238015975370953e-02
5.587216179814797484e-02
5.453721012043984129e-02
5.453721012043984129e-02
5.453721012043984129e-02
5.453721012043984129e-02
5.453721012043984129e-02
5.453721012043984129e-02
5.453721012043984129e-02
5.453721012043984129e-02
5.453721012043984129e-02
5.453721012043984129e-02
5.453721012043984129e-02
5.453721012043984129e-02
5.453721012043984129e-02
5.453721012043984129e-02
5.453721012043984129e-02
5.453721012043984129e-02
5.453721012043984129e-02
5.453721012043984129e-02
5.269288677620105610e-02
5.259259954289771666e-02
5.253605131878111290e-02
5.253605131878111290e-02
5.253605131878111290e-02
5.245839903011779992e-02
5.245753334052268707e-02
5.245746123192947946e-02
5.245706386889827100e-02
