6.105021484163376044e+01
2.988100877997412752e+01
2.988100877997412752e+01
1.246734336508538377e+01
8.046508580972590252e+00
6.375039039938526386e+00
3.282680753199876289e+00
3.282680753199876289e+00
3.282680753199876289e+00
3.207587049626783315e+00
3.207587049626783315e+00
3.207587049626783315e+00
2.741542794811847816e+00
2.741542794811847816e+00
2.741542794811847816e+00
2.741542794811847816e+00
2.741542794811847816e+00
2.741542794811847816e+00
2.741542794811847816e+00
2.741542794811847816e+00
2.741542794811847816e+00
2.741542794811847816e+00
2.741542794811847816e+00
2.741542794811847816e+00
2.741542794811847816e+00
2.741542794811847816e+00
2.741542794811847816e+00
2.741542794811847816e+00
2.741542794811847816e+00
2.586124331455354142e+00
2.586124331455354142e+00
2.436387350910612426e+00
2.436387350910612426e+00
2.436387350910612426e+00
2.436387350910612426e+00
2.436387350910612426e+00
2.314814686544860667e+00
2.314814686544860667e+00
2.314814686544860667e+00
2.314814686544860667e+00
2.314814686544860667e+00
2.306980032257981428e+00
2.047532369069662739e+00
2.047532369069662739e+00
2.047532369069662739e+00
2.047532369069662739e+00
2.047532369069662739e+00
2.047532369069662739e+00
2.047532369069662739e+00
2.047532369069662739e+00
2.047532369069662739e+00
2.047532369069662739e+00
2.047532369069662739e+00
2.047532369069662739e+00
1.972621002091753173e+00
1.916562419843498732e+00
1.884568657223609556e+00
1.884568657223609556e+00
1.884568657223609556e+00
1.884568657223609556e+00
1.810548516142177045e+00
1.810548516142177045e+00
1.810548516142177045e+00
1.810548516142177045e+00
1.791127273587277857e+00
1.791127273587277857e+00
1.754913338182894078e+00
1.754913338182894078e+00
1.754913338182894078e+00
1.754913338182894078e+00
1.632052345120237336e+00
1.585994381846874246e+00
1.544680794540440827e+00
1.525363095797767521e+00
1.457121637754116961e+00
1.457121637754116961e+00
1.457121637754116961e+00
1.457121637754116961e+00
1.457121637754116961e+00
1.457121637754116961e+00
1.457121637754116961e+00
1.411863966569273376e+00
1.411863966569273376e+00
1.411863966569273376e+00
1.411863966569273376e+00
1.347850452583690295e+00
1.347850452583690295e+00
1.317956225576102369e+00
1.317956225576102369e+00
1.317956225576102369e+00
1.317956225576102369e+00
1.317956225576102369e+00
1.297364453046034205e+00
1.297364453046034205e+00
1.297364453046034205e+00
1.297364453046034205e+00
1.273743164906147474e+00
1.206433125999200939e+00
1.206433125999200939e+00
1.200136261174180152e+00
1.200136261174180152e+00
1.173949067495987819e+00
1.173949067495987819e+00
1.154041890736912324e+00
1.154041890736912324e+00
1.154041890736912324e+00
1.140760050523050406e+00
1.126177076603924521e+00
1.117815885319860092e+00
1.117815885319860092e+00
1.110607207266926633e+00
1.110607207266926633e+00
1.110607207266926633e+00
1.110607207266926633e+00
1.110546826079054084e+00
1.097395095065109460e+00
1.088855135331781909e+00
1.088855135331781909e+00
1.088855135331781909e+00
1.088855135331781909e+00
1.088855135331781909e+00
1.085765295525376262e+00
1.074933175751128012e+00
1.068256494944097135e+00
1.062165875205928200e+00
1.055697366142988924e+00
1.053600460937843541e+00
1.053600460937843541e+00
1.053600460937843541e+00
1.053600460937843541e+00
1.053600460937843541e+00
1.052661884258260017e+00
1.052661884258260017e+00
1.050859045648451673e+00
1.048977281606104262e+00
1.047417009659148190e+00
1.043108782290428804e+00
1.043108782290428804e+00
1.043108782290428804e+00
1.041675117810664686e+00
1.040155184257737009e+00
1.031443876434338103e+00
1.025481269926789896e+00
1.021373572820963416e+00
1.018488043488863903e+00
1.017860726547449080e+00
1.010887376814644467e+00
9.974281635263553270e-01
9.917222813901822587e-01
9.916298180740761303e-01
9.904087396633173279e-01
9.904087396633173279e-01
9.869761985270331106e-01
9.868726103527551974e-01
9.868726103527551974e-01
9.868726103527551974e-01
9.857368006438051999e-01
9.852352606014257441e-01
9.841851801092436069e-01
9.841851801092436069e-01
9.801693106502787911e-01
9.801693106502787911e-01
9.801693106502787911e-01
9.801693106502787911e-01
9.800599998751442499e-01
9.789514367960654440e-01
9.786574578747120334e-01
9.786574578747120334e-01
9.783473364322854415e-01
9.783473364322854415e-01
9.779475852290226978e-01
9.764225347777888420e-01
9.764225347777888420e-01
9.764225347777888420e-01
9.764225347777888420e-01
9.748254823287059168e-01
9.748254823287059168e-01
9.748254823287059168e-01
9.748254823287059168e-01
9.717243859474213874e-01
9.712083290343767050e-01
9.702480768835022307e-01
9.681214910349298375e-01
9.681214910349298375e-01
9.681214910349298375e-01
9.680532772921985885e-01
9.680532772921985885e-01
9.680532772921985885e-01
9.680532772921985885e-01
9.669626482707363024e-01
9.669626482707363024e-01
9.661040830578107030e-01
9.661040830578107030e-01
9.661040830578107030e-01
9.661040830578107030e-01
9.661040830578107030e-01
9.661040830578107030e-01
9.661040830578107030e-01
9.661040830578107030e-01
9.658465236467952408e-01
