9.451098454800751725e+00
9.451098454800751725e+00
9.451098454800751725e+00
6.353850291538321926e+00
6.353850291538321926e+00
6.353850291538321926e+00
3.706014522961247337e+00
3.706014522961247337e+00
1.743269115962265303e+00
1.743269115962265303e+00
1.563393593820239236e+00
1.563393593820239236e+00
1.563393593820239236e+00
1.563393593820239236e+00
1.563393593820239236e+00
1.563393593820239236e+00
1.529027765928664628e+00
6.825778997672724557e-01
6.825778997672724557e-01
5.261967152200250908e-01
5.261967152200250908e-01
4.201006902410919785e-01
4.201006902410919785e-01
4.201006902410919785e-01
4.201006902410919785e-01
3.159792172143661704e-01
3.159792172143661704e-01
3.159792172143661704e-01
3.159792172143661704e-01
3.159792172143661704e-01
1.937848162453572609e-01
1.937848162453572609e-01
1.937848162453572609e-01
1.879007271580813154e-01
1.879007271580813154e-01
1.879007271580813154e-01
1.879007271580813154e-01
1.879007271580813154e-01
1.879007271580813154e-01
1.879007271580813154e-01
1.879007271580813154e-01
1.879007271580813154e-01
1.879007271580813154e-01
1.879007271580813154e-01
1.700772058288372302e-01
1.700772058288372302e-01
1.700772058288372302e-01
1.700772058288372302e-01
1.648717601531342891e-01
1.648717601531342891e-01
1.648717601531342891e-01
1.648717601531342891e-01
1.648717601531342891e-01
1.648717601531342891e-01
1.648717601531342891e-01
1.368144014000246544e-01
1.368144014000246544e-01
1.368144014000246544e-01
1.368144014000246544e-01
1.368144014000246544e-01
1.368144014000246544e-01
1.368144014000246544e-01
1.217936934977004448e-01
1.217936934977004448e-01
1.217936934977004448e-01
1.217936934977004448e-01
1.217936934977004448e-01
1.217936934977004448e-01
1.217936934977004448e-01
1.217936934977004448e-01
1.217936934977004448e-01
1.217936934977004448e-01
1.217936934977004448e-01
1.217936934977004448e-01
1.217936934977004448e-01
1.217936934977004448e-01
1.217936934977004448e-01
1.217936934977004448e-01
1.217936934977004448e-01
1.217936934977004448e-01
1.217936934977004448e-01
1.217936934977004448e-01
1.217936934977004448e-01
1.217936934977004448e-01
1.217936934977004448e-01
1.217936934977004448e-01
1.217936934977004448e-01
1.217936934977004448e-01
1.217936934977004448e-01
1.217936934977004448e-01
1.208233518133824957e-01
1.208233518133824957e-01
1.101206939419216713e-01
1.101206939419216713e-01
1.101206939419216713e-01
1.101206939419216713e-01
8.399266479484472636e-02
8.399266479484472636e-02
8.399266479484472636e-02
8.399266479484472636e-02
8.399266479484472636e-02
8.399266479484472636e-02
8.399266479484472636e-02
8.399266479484472636e-02
8.399266479484472636e-02
8.399266479484472636e-02
8.399266479484472636e-02
8.399266479484472636e-02
8.399266479484472636e-02
8.399266479484472636e-02
8.399266479484472636e-02
8.399266479484472636e-02
8.399266479484472636e-02
8.399266479484472636e-02
8.399266479484472636e-02
8.399266479484472636e-02
8.399266479484472636e-02
8.399266479484472636e-02
8.399266479484472636e-02
8.399266479484472636e-02
7.856201215982568098e-02
7.856201215982568098e-02
7.856201215982568098e-02
7.856201215982568098e-02
7.856201215982568098e-02
7.856201215982568098e-02
7.856201215982568098e-02
7.856201215982568098e-02
7.856201215982568098e-02
7.856201215982568098e-02
7.856201215982568098e-02
7.725158043122688778e-02
7.725158043122688778e-02
7.725158043122688778e-02
7.725158043122688778e-02
7.725158043122688778e-02
7.725158043122688778e-02
7.725158043122688778e-02
7.725158043122688778e-02
7.725158043122688778e-02
7.725158043122688778e-02
7.725158043122688778e-02
7.725158043122688778e-02
7.672380512152743304e-02
7.672380512152743304e-02
7.672380512152743304e-02
7.672380512152743304e-02
7.672380512152743304e-02
7.672380512152743304e-02
7.672380512152743304e-02
7.672380512152743304e-02
7.672380512152743304e-02
7.672380512152743304e-02
7.672380512152743304e-02
7.672380512152743304e-02
7.672354019701027594e-02
7.672302085494735191e-02
7.672292383190792986e-02
7.672292383190792986e-02
7.672292383190792986e-02
7.672292383190792986e-02
7.672292383190792986e-02
7.672292383190792986e-02
7.672292383190792986e-02
7.672292383190792986e-02
7.672292383190792986e-02
7.672292383190792986e-02
7.672292383190792986e-02
7.672292383190792986e-02
7.672292383190792986e-02
7.672292383190792986e-02
7.672292383190792986e-02
7.672292383190792986e-02
7.622864912144015903e-02
7.622864912144015903e-02
7.622864912144015903e-02
7.622864912144015903e-02
7.602315508988854997e-02
7.602315508988854997e-02
7.602315508988854997e-02
7.602315508988854997e-02
7.602315508988854997e-02
7.429006876735223808e-02
7.018252780668080004e-02
6.994003801588447033e-02
6.992130028041619594e-02
6.991983764635864573e-02
6.991973834627478179e-02
6.991973803657823561e-02
6.991973465658314624e-02
6.991973465658314624e-02
6.991973465658314624e-02
6.991973465658314624e-02
6.991973465658314624e-02
6.991971838655416938e-02
6.991971838655416938e-02
6.991971838655416938e-02
6.991971407740542321e-02
6.991971407740542321e-02
6.991971407740542321e-02
