4.026175879516753753e+01
1.833924103406101480e+01
8.676570714635873927e+00
8.676570714635873927e+00
6.539559385689969417e+00
6.539559385689969417e+00
3.632800025068527283e+00
3.632800025068527283e+00
3.632800025068527283e+00
3.632800025068527283e+00
3.632800025068527283e+00
3.632800025068527283e+00
3.632800025068527283e+00
3.632800025068527283e+00
3.447156387713720349e+00
2.868877927785038473e+00
2.868877927785038473e+00
2.496468761273572312e+00
2.477204821475314844e+00
1.905502021575458116e+00
1.905502021575458116e+00
1.905502021575458116e+00
1.905502021575458116e+00
1.790391714716704552e+00
1.790391714716704552e+00
1.093387590423019695e+00
1.093387590423019695e+00
1.093387590423019695e+00
1.093387590423019695e+00
1.093387590423019695e+00
1.093387590423019695e+00
1.093387590423019695e+00
1.093387590423019695e+00
9.464237562063273490e-01
6.394306822435842363e-01
5.290925852715386846e-01
5.290925852715386846e-01
5.290925852715386846e-01
5.290925852715386846e-01
4.606614921246962036e-01
4.606614921246962036e-01
2.849318190881825474e-01
2.849318190881825474e-01
2.849318190881825474e-01
2.849318190881825474e-01
2.849318190881825474e-01
2.849318190881825474e-01
2.849318190881825474e-01
2.560094010572476209e-01
2.560094010572476209e-01
2.560094010572476209e-01
2.560094010572476209e-01
2.560094010572476209e-01
2.560094010572476209e-01
2.035721437309750415e-01
2.035721437309750415e-01
2.035721437309750415e-01
1.943690766172868623e-01
1.943690766172868623e-01
1.943690766172868623e-01
1.943690766172868623e-01
1.943690766172868623e-01
1.943690766172868623e-01
1.943690766172868623e-01
1.943690766172868623e-01
1.943690766172868623e-01
1.943690766172868623e-01
1.468155078339663522e-01
1.468155078339663522e-01
1.468155078339663522e-01
1.468155078339663522e-01
1.468155078339663522e-01
1.468155078339663522e-01
1.468155078339663522e-01
1.468155078339663522e-01
1.468155078339663522e-01
1.468155078339663522e-01
1.468155078339663522e-01
1.468155078339663522e-01
1.468155078339663522e-01
1.396955927024507438e-01
1.310297889963476792e-01
1.310297889963476792e-01
1.310297889963476792e-01
1.310297889963476792e-01
1.310297889963476792e-01
1.310297889963476792e-01
1.310297889963476792e-01
1.228281682676839459e-01
1.228281682676839459e-01
1.228281682676839459e-01
1.228281682676839459e-01
1.228281682676839459e-01
1.228281682676839459e-01
1.228281682676839459e-01
1.228281682676839459e-01
1.200446016945301148e-01
1.200446016945301148e-01
1.200446016945301148e-01
1.200446016945301148e-01
1.185852642707581339e-01
1.181154974444319217e-01
1.181154974444319217e-01
1.181154974444319217e-01
1.098573659602130326e-01
1.098573659602130326e-01
1.098573659602130326e-01
1.098573659602130326e-01
1.040796739702312401e-01
1.040796739702312401e-01
1.040796739702312401e-01
1.040796739702312401e-01
1.040796739702312401e-01
1.040796739702312401e-01
1.037572009093468833e-01
1.037572009093468833e-01
1.037572009093468833e-01
1.037572009093468833e-01
1.037572009093468833e-01
1.037572009093468833e-01
1.037572009093468833e-01
1.037572009093468833e-01
1.037572009093468833e-01
1.037572009093468833e-01
1.037572009093468833e-01
1.031503787123194127e-01
1.031503787123194127e-01
1.031503787123194127e-01
1.021337645308290909e-01
9.993470738534251940e-02
9.993470738534251940e-02
9.780705855490423595e-02
9.683629265890533744e-02
9.683629265890533744e-02
9.683629265890533744e-02
9.555096094841793175e-02
9.555096094841793175e-02
9.555096094841793175e-02
9.555096094841793175e-02
9.555096094841793175e-02
9.555096094841793175e-02
9.555096094841793175e-02
9.555096094841793175e-02
9.555096094841793175e-02
9.555096094841793175e-02
9.555096094841793175e-02
9.555096094841793175e-02
9.555096094841793175e-02
9.555096094841793175e-02
9.555096094841793175e-02
9.448572598435439618e-02
9.310096046746710319e-02
9.310096046746710319e-02
9.310096046746710319e-02
9.145064998815603807e-02
9.138199987769456134e-02
9.138199987769456134e-02
9.133134920939296741e-02
9.103734432313749514e-02
9.103734432313749514e-02
9.103734432313749514e-02
9.103734432313749514e-02
9.103734432313749514e-02
9.103734432313749514e-02
9.103734432313749514e-02
9.103734432313749514e-02
9.006275939620439486e-02
8.949193329402274633e-02
8.949193329402274633e-02
8.949193329402274633e-02
8.949193329402274633e-02
8.148940032175562564e-02
8.127957872356202096e-02
8.123014308941312045e-02
8.122443609151835942e-02
8.122362154657492006e-02
8.122344849251630916e-02
8.122344849251630916e-02
8.122344849251630916e-02
8.122344849251630916e-02
8.122344849251630916e-02
8.122344849251630916e-02
8.122344849251630916e-02
8.122344849251630916e-02
8.122344849251630916e-02
8.122344849251630916e-02
8.122344849251630916e-02
8.122344849251630916e-02
8.122344849251630916e-02
8.122344849251630916e-02
8.122344849251630916e-02
8.122344849251630916e-02
8.122344849251630916e-02
8.122344849251630916e-02
8.122344849251630916e-02
8.122343407329130072e-02
8.122343407329130072e-02
8.122343407329130072e-02
8.122343407329130072e-02
8.122343407329130072e-02
