2.215251946225752988e+01
1.210625406797315406e+01
1.210625406797315406e+01
1.210625406797315406e+01
6.709549499607859957e+00
6.709549499607859957e+00
6.709549499607859957e+00
6.709549499607859957e+00
5.433395597596780036e+00
5.433395597596780036e+00
4.874595986383409851e+00
3.529592047324456416e+00
3.236373397362974025e+00
3.236373397362974025e+00
3.236373397362974025e+00
3.061720196951275064e+00
3.061720196951275064e+00
3.061720196951275064e+00
3.061720196951275064e+00
2.780348980762626709e+00
2.780348980762626709e+00
2.445840935239246505e+00
2.313438051651243388e+00
2.313438051651243388e+00
2.313438051651243388e+00
2.313438051651243388e+00
2.138580900913833460e+00
2.050201052339523766e+00
2.050201052339523766e+00
1.505964295503775308e+00
1.505964295503775308e+00
1.505964295503775308e+00
1.505964295503775308e+00
1.505964295503775308e+00
1.505964295503775308e+00
1.418437828468759765e+00
1.418437828468759765e+00
1.390270325804393803e+00
1.390270325804393803e+00
1.301512001213155356e+00
1.301512001213155356e+00
1.301512001213155356e+00
1.301512001213155356e+00
1.277717126520491409e+00
1.277717126520491409e+00
1.277717126520491409e+00
1.259195089180575877e+00
1.259195089180575877e+00
1.259195089180575877e+00
1.205616239137407897e+00
1.205616239137407897e+00
1.191918439180370104e+00
1.191918439180370104e+00
1.073993241062214166e+00
1.073993241062214166e+00
1.073993241062214166e+00
1.073993241062214166e+00
1.073993241062214166e+00
1.073993241062214166e+00
1.073993241062214166e+00
1.008867621627373978e+00
1.008867621627373978e+00
1.008867621627373978e+00
1.008867621627373978e+00
1.008867621627373978e+00
1.008867621627373978e+00
1.008867621627373978e+00
1.008867621627373978e+00
1.008867621627373978e+00
1.008867621627373978e+00
1.003408931283062300e+00
9.979649775063477168e-01
9.979649775063477168e-01
9.979649775063477168e-01
9.979649775063477168e-01
9.978840064324874248e-01
9.757593735762248865e-01
9.757593735762248865e-01
9.757593735762248865e-01
9.757593735762248865e-01
9.757593735762248865e-01
9.757593735762248865e-01
9.757593735762248865e-01
9.757593735762248865e-01
9.523079526931665928e-01
9.523079526931665928e-01
9.523079526931665928e-01
9.523079526931665928e-01
9.523079526931665928e-01
9.523079526931665928e-01
9.523079526931665928e-01
9.523079526931665928e-01
9.523079526931665928e-01
9.523079526931665928e-01
9.523079526931665928e-01
9.523079526931665928e-01
9.499498436029506498e-01
9.265497475070531008e-01
9.152963949929964205e-01
8.860798330785886190e-01
8.699129947728100332e-01
7.656744243114507187e-01
7.656744243114507187e-01
7.656744243114507187e-01
7.656744243114507187e-01
7.210977268600078371e-01
7.210977268600078371e-01
7.210977268600078371e-01
7.210977268600078371e-01
7.210977268600078371e-01
7.210977268600078371e-01
7.189678271228121531e-01
7.189678271228121531e-01
6.861318690715356716e-01
6.861318690715356716e-01
6.861318690715356716e-01
6.861318690715356716e-01
6.757717374264711196e-01
6.757717374264711196e-01
6.757717374264711196e-01
6.757717374264711196e-01
6.757717374264711196e-01
6.757717374264711196e-01
6.757717374264711196e-01
6.757717374264711196e-01
5.991066884868582187e-01
5.991066884868582187e-01
5.878528375127578531e-01
5.831560181326996828e-01
5.831560181326996828e-01
5.831560181326996828e-01
5.796238738566366067e-01
5.796238738566366067e-01
5.796238738566366067e-01
5.796238738566366067e-01
5.796238738566366067e-01
5.796238738566366067e-01
5.740433772527830936e-01
5.642997676335015367e-01
5.534595331601801504e-01
5.534595331601801504e-01
5.515686321571793282e-01
5.323741775937210763e-01
5.323741775937210763e-01
5.323741775937210763e-01
5.323741775937210763e-01
5.323741775937210763e-01
5.297060191742054558e-01
5.277128841347702437e-01
5.276059758798996580e-01
5.276059758798996580e-01
5.276059758798996580e-01
5.269543838364976196e-01
5.269543838364976196e-01
5.195753877037391222e-01
5.195753877037391222e-01
5.195753877037391222e-01
5.195753877037391222e-01
5.195753877037391222e-01
5.195753877037391222e-01
5.195753877037391222e-01
5.194092274154777922e-01
5.194092274154777922e-01
5.178690821716700476e-01
5.178690821716700476e-01
5.178690821716700476e-01
5.065700034775365568e-01
5.034623545217372653e-01
5.029321623685772957e-01
5.026347937927571063e-01
5.026347937927571063e-01
5.017394615304995309e-01
4.964828034414599522e-01
4.899828875853088905e-01
4.887912715743007452e-01
4.878045440895010243e-01
4.835071465949321579e-01
4.806409889403356339e-01
4.806409889403356339e-01
4.802738361067989681e-01
4.741948301477419969e-01
4.691446576434582516e-01
4.577439599927409231e-01
4.572308412314692871e-01
4.568236840835078749e-01
4.566962806252511387e-01
4.566962806252511387e-01
4.566962806252511387e-01
4.566962806252511387e-01
4.566491377887804126e-01
4.566491377887804126e-01
4.545448339768463630e-01
4.542057714583728201e-01
4.537685308724044297e-01
4.535536004241663699e-01
4.534882900054958976e-01
4.533858173541996939e-01
4.533368469681979263e-01
4.531624134272749238e-01
4.529487643317702261e-01
