1.247599347647696710e+01
1.128389321987834570e+01
9.860154815837828934e+00
9.860154815837828934e+00
6.474518401627651798e+00
5.692859566769874036e+00
2.296093833059577261e+00
2.296093833059577261e+00
2.051413052740175935e+00
2.051413052740175935e+00
1.962991539237858962e+00
1.962991539237858962e+00
1.688361535288452675e+00
1.688361535288452675e+00
1.620201431712005036e+00
1.620201431712005036e+00
1.509540350302349676e+00
1.509540350302349676e+00
1.509540350302349676e+00
1.509540350302349676e+00
1.509540350302349676e+00
1.509540350302349676e+00
1.509540350302349676e+00
1.509540350302349676e+00
1.411357537458164835e+00
1.353125238055504553e+00
1.328107674235144309e+00
1.328107674235144309e+00
1.258658387030491488e+00
1.128521620375807943e+00
1.128521620375807943e+00
1.128521620375807943e+00
1.128521620375807943e+00
1.128521620375807943e+00
1.128521620375807943e+00
1.128521620375807943e+00
1.128521620375807943e+00
1.128521620375807943e+00
1.128521620375807943e+00
1.128521620375807943e+00
1.128521620375807943e+00
1.128521620375807943e+00
1.128521620375807943e+00
1.128521620375807943e+00
1.128521620375807943e+00
1.128521620375807943e+00
1.128521620375807943e+00
1.128521620375807943e+00
1.128521620375807943e+00
1.037756545197745961e+00
1.037756545197745961e+00
1.037756545197745961e+00
1.037756545197745961e+00
1.037756545197745961e+00
1.037756545197745961e+00
1.031950992187126825e+00
1.031950992187126825e+00
1.026478038379360580e+00
1.026478038379360580e+00
1.026478038379360580e+00
1.026478038379360580e+00
9.798645234478815524e-01
9.798645234478815524e-01
9.798645234478815524e-01
9.798645234478815524e-01
9.798645234478815524e-01
9.798645234478815524e-01
9.798645234478815524e-01
9.794264597845241394e-01
9.794264597845241394e-01
9.794264597845241394e-01
9.794264597845241394e-01
9.794264597845241394e-01
9.794264597845241394e-01
9.794264597845241394e-01
9.794264597845241394e-01
9.794264597845241394e-01
9.794264597845241394e-01
9.794264597845241394e-01
9.794264597845241394e-01
9.794264597845241394e-01
9.794264597845241394e-01
9.794264597845241394e-01
9.794264597845241394e-01
9.135314259223219491e-01
9.135314259223219491e-01
9.135314259223219491e-01
9.135314259223219491e-01
9.135314259223219491e-01
9.135314259223219491e-01
9.135314259223219491e-01
9.135314259223219491e-01
9.135314259223219491e-01
9.135314259223219491e-01
9.135314259223219491e-01
9.135314259223219491e-01
9.135314259223219491e-01
9.135314259223219491e-01
9.135314259223219491e-01
9.135314259223219491e-01
9.135314259223219491e-01
9.135314259223219491e-01
9.122270697179468701e-01
8.974988796330710672e-01
8.974988796330710672e-01
8.974988796330710672e-01
8.974988796330710672e-01
8.974988796330710672e-01
8.974988796330710672e-01
8.974988796330710672e-01
8.974988796330710672e-01
8.974988796330710672e-01
8.974988796330710672e-01
8.974988796330710672e-01
8.899438000908812541e-01
8.737920290198903928e-01
8.737920290198903928e-01
8.737920290198903928e-01
8.737920290198903928e-01
8.737920290198903928e-01
8.728737088900396790e-01
8.479969022855089467e-01
8.479969022855089467e-01
8.479969022855089467e-01
8.464754408719291634e-01
8.163697697531748787e-01
8.083420736668271989e-01
8.075303284904377099e-01
8.073665122799498217e-01
8.073665122799498217e-01
8.055837176461724258e-01
8.055837176461724258e-01
7.854389332743596519e-01
7.854389332743596519e-01
7.828835303997279116e-01
7.828835303997279116e-01
7.828835303997279116e-01
7.828835303997279116e-01
7.828835303997279116e-01
7.828835303997279116e-01
7.828835303997279116e-01
7.778395840502678737e-01
7.766554522574238284e-01
7.766554522574238284e-01
7.766554522574238284e-01
7.681488267731108044e-01
7.466054438410305583e-01
7.383882449464006514e-01
7.383882449464006514e-01
7.383882449464006514e-01
7.383882449464006514e-01
7.383882449464006514e-01
7.383882449464006514e-01
7.383882449464006514e-01
7.383882449464006514e-01
7.383882449464006514e-01
7.383882449464006514e-01
7.383882449464006514e-01
7.346980997170073913e-01
7.346980997170073913e-01
7.329100943297923720e-01
7.329100943297923720e-01
7.329100943297923720e-01
7.329100943297923720e-01
7.329100943297923720e-01
7.329100943297923720e-01
7.329100943297923720e-01
7.329100943297923720e-01
7.329100943297923720e-01
7.327380319308283152e-01
7.327380319308283152e-01
7.327380319308283152e-01
7.327380319308283152e-01
7.319824214912415972e-01
7.318198484089326605e-01
7.317988058084616831e-01
6.936488400501308327e-01
6.936488400501308327e-01
6.936488400501308327e-01
6.936488400501308327e-01
6.936488400501308327e-01
6.927949507651026684e-01
6.927949507651026684e-01
6.868822370388354415e-01
6.868822370388354415e-01
6.861110043057261354e-01
6.860010272736467574e-01
6.860010272736467574e-01
6.858663414324348562e-01
6.858663414324348562e-01
6.857567567244181594e-01
6.856810257072332160e-01
6.856810257072332160e-01
6.856810257072332160e-01
6.850723916109777711e-01
6.850680328401069774e-01
6.850674454687135650e-01
6.850674454687135650e-01
6.850674454687135650e-01
6.850674454687135650e-01
