1.576361946120985102e+01
1.089235499028413834e+01
3.781588598448384353e+00
3.781588598448384353e+00
9.123981744342282152e-01
9.123981744342282152e-01
8.269790651910102763e-01
8.191663171404587329e-01
6.452885767057616739e-01
5.017102572321119336e-01
3.471419935133943646e-01
3.189964411875775285e-01
3.189964411875775285e-01
3.189964411875775285e-01
1.918688743389745377e-01
1.918688743389745377e-01
1.918688743389745377e-01
1.918688743389745377e-01
1.918688743389745377e-01
1.918688743389745377e-01
1.918688743389745377e-01
1.918688743389745377e-01
1.918688743389745377e-01
1.918688743389745377e-01
1.918688743389745377e-01
1.918688743389745377e-01
1.918688743389745377e-01
1.918688743389745377e-01
1.918688743389745377e-01
1.918688743389745377e-01
1.918688743389745377e-01
1.918688743389745377e-01
1.918688743389745377e-01
1.918688743389745377e-01
1.918688743389745377e-01
1.918688743389745377e-01
1.918688743389745377e-01
1.918688743389745377e-01
1.918688743389745377e-01
1.918688743389745377e-01
1.918688743389745377e-01
1.918688743389745377e-01
1.918688743389745377e-01
1.918688743389745377e-01
1.918688743389745377e-01
1.918688743389745377e-01
1.918688743389745377e-01
1.918688743389745377e-01
1.794614162775240718e-01
1.794614162775240718e-01
1.794614162775240718e-01
1.794614162775240718e-01
1.794614162775240718e-01
1.794614162775240718e-01
1.794614162775240718e-01
1.794614162775240718e-01
1.794614162775240718e-01
1.794614162775240718e-01
1.794614162775240718e-01
1.102748040609167202e-01
1.102748040609167202e-01
1.102748040609167202e-01
1.102748040609167202e-01
1.102748040609167202e-01
1.102748040609167202e-01
1.102748040609167202e-01
1.102748040609167202e-01
1.102748040609167202e-01
1.102748040609167202e-01
1.102748040609167202e-01
1.102748040609167202e-01
1.102748040609167202e-01
1.102748040609167202e-01
1.102748040609167202e-01
1.102748040609167202e-01
1.102748040609167202e-01
1.102748040609167202e-01
1.102748040609167202e-01
1.102748040609167202e-01
1.102748040609167202e-01
1.102748040609167202e-01
1.102748040609167202e-01
1.102748040609167202e-01
1.102748040609167202e-01
1.102748040609167202e-01
1.102748040609167202e-01
1.102748040609167202e-01
1.102748040609167202e-01
1.102748040609167202e-01
1.102748040609167202e-01
1.102748040609167202e-01
1.102748040609167202e-01
1.102748040609167202e-01
1.102748040609167202e-01
1.102748040609167202e-01
1.102748040609167202e-01
1.102748040609167202e-01
1.102748040609167202e-01
1.074492935108857100e-01
1.074492935108857100e-01
1.074492935108857100e-01
1.066356281149838520e-01
1.057528039245932833e-01
1.053469692243889921e-01
1.052606538897101623e-01
1.051851009290473982e-01
1.051782882238551792e-01
1.051782882238551792e-01
1.051428442748200409e-01
1.051280589055724191e-01
1.051218069576000530e-01
1.051189511162049367e-01
1.051181262400997518e-01
1.051176729034791757e-01
1.051172823107104776e-01
1.051171996201142600e-01
1.051171744354107845e-01
1.051171744354107845e-01
1.051171744354107845e-01
1.051170797951160446e-01
1.051170225614233011e-01
1.051168775100134040e-01
1.051168775100134040e-01
1.051168329160138415e-01
1.051168329160138415e-01
1.051167770317310568e-01
1.051167770317310568e-01
1.051167770317310568e-01
1.051167770317310568e-01
1.051167770317310568e-01
1.051167770317310568e-01
1.051167770317310568e-01
1.051167770317310568e-01
1.036772183406926562e-01
1.036772183406926562e-01
1.036772183406926562e-01
1.036772183406926562e-01
1.036772183406926562e-01
9.612999946116311534e-02
9.612999946116311534e-02
9.612999946116311534e-02
9.612999946116311534e-02
9.612999946116311534e-02
9.612999946116311534e-02
9.472768316605598149e-02
9.472768316605598149e-02
8.562490257270330418e-02
8.562490257270330418e-02
8.562490257270330418e-02
8.508106104956815463e-02
8.501416488149211859e-02
8.479322353804803758e-02
8.473402796926059188e-02
8.472024320359357319e-02
8.471672350321546308e-02
8.471595101064273436e-02
8.471580072080217572e-02
8.471580072080217572e-02
8.471580072080217572e-02
8.164848194484579380e-02
8.164848194484579380e-02
8.164848194484579380e-02
7.373411770542970256e-02
7.373411770542970256e-02
7.373411770542970256e-02
7.373411770542970256e-02
7.373411770542970256e-02
7.373411770542970256e-02
7.373411770542970256e-02
7.373411770542970256e-02
7.373411770542970256e-02
7.373411770542970256e-02
7.373411770542970256e-02
7.373411770542970256e-02
7.373411770542970256e-02
7.373411770542970256e-02
7.373411770542970256e-02
7.373411770542970256e-02
7.373411770542970256e-02
7.373411770542970256e-02
7.373411770542970256e-02
7.373411770542970256e-02
7.373411770542970256e-02
7.373411770542970256e-02
7.373411770542970256e-02
7.373411770542970256e-02
7.373411770542970256e-02
7.373411770542970256e-02
7.373411770542970256e-02
7.373411770542970256e-02
7.373411770542970256e-02
7.373411770542970256e-02
7.373411770542970256e-02
7.373411770542970256e-02
7.373411770542970256e-02
7.373411770542970256e-02
7.373411770542970256e-02
7.373411770542970256e-02
7.373411770542970256e-02
7.373411770542970256e-02
