1.649124664922696581e+01
1.649124664922696581e+01
9.405608866435255067e+00
7.178393578850469581e+00
2.354579264270159289e+00
1.388604711471014941e+00
1.388604711471014941e+00
1.021701453756954203e+00
1.021701453756954203e+00
1.021701453756954203e+00
1.021701453756954203e+00
1.021701453756954203e+00
1.021701453756954203e+00
1.021701453756954203e+00
1.021701453756954203e+00
1.021701453756954203e+00
1.021701453756954203e+00
1.021701453756954203e+00
1.021701453756954203e+00
1.021701453756954203e+00
1.021701453756954203e+00
1.021701453756954203e+00
1.021701453756954203e+00
1.020603318129140735e+00
1.020603318129140735e+00
1.020603318129140735e+00
1.020603318129140735e+00
1.001640034746281049e+00
1.001640034746281049e+00
1.001640034746281049e+00
8.825387668605206848e-01
8.825387668605206848e-01
6.477399312773347573e-01
6.477399312773347573e-01
6.477399312773347573e-01
6.477399312773347573e-01
6.477399312773347573e-01
6.477399312773347573e-01
6.477399312773347573e-01
4.041266894717365776e-01
4.041266894717365776e-01
4.041266894717365776e-01
4.041266894717365776e-01
4.041266894717365776e-01
2.729067112332445588e-01
2.729067112332445588e-01
2.729067112332445588e-01
2.729067112332445588e-01
2.729067112332445588e-01
1.547754565671237148e-01
1.547754565671237148e-01
1.547754565671237148e-01
1.547754565671237148e-01
1.547754565671237148e-01
1.547754565671237148e-01
1.530807183499928170e-01
1.530807183499928170e-01
1.530807183499928170e-01
1.530807183499928170e-01
1.530807183499928170e-01
1.530807183499928170e-01
1.530807183499928170e-01
1.530807183499928170e-01
1.530807183499928170e-01
1.509022570594222012e-01
1.509022570594222012e-01
1.509022570594222012e-01
1.509022570594222012e-01
1.509022570594222012e-01
1.509022570594222012e-01
1.509022570594222012e-01
1.509022570594222012e-01
1.509022570594222012e-01
1.509022570594222012e-01
1.380652310698594620e-01
1.380652310698594620e-01
1.380652310698594620e-01
1.358104564346391263e-01
1.358104564346391263e-01
1.358104564346391263e-01
1.358104564346391263e-01
1.358104564346391263e-01
1.358104564346391263e-01
1.358104564346391263e-01
1.358104564346391263e-01
1.358104564346391263e-01
1.202395903482456757e-01
1.202395903482456757e-01
1.202395903482456757e-01
1.202395903482456757e-01
1.202395903482456757e-01
1.202395903482456757e-01
1.202395903482456757e-01
1.202395903482456757e-01
1.202395903482456757e-01
1.202395903482456757e-01
1.202395903482456757e-01
1.202395903482456757e-01
1.202395903482456757e-01
1.202395903482456757e-01
1.166214931218452072e-01
1.166214931218452072e-01
1.166214931218452072e-01
1.166214931218452072e-01
1.128487699652001852e-01
1.128487699652001852e-01
1.128487699652001852e-01
1.128487699652001852e-01
1.128487699652001852e-01
1.128487699652001852e-01
1.128487699652001852e-01
1.128487699652001852e-01
1.128487699652001852e-01
1.128487699652001852e-01
1.128487699652001852e-01
1.128487699652001852e-01
1.128487699652001852e-01
1.115496368101066144e-01
1.115496368101066144e-01
1.115496368101066144e-01
1.094568239304849616e-01
1.086485416688465211e-01
1.059127736592005847e-01
1.059127736592005847e-01
1.059127736592005847e-01
1.059127736592005847e-01
1.059127736592005847e-01
1.059127736592005847e-01
1.059127736592005847e-01
1.059127736592005847e-01
1.059127736592005847e-01
1.017008168027691284e-01
1.017008168027691284e-01
1.017008168027691284e-01
1.017008168027691284e-01
1.017008168027691284e-01
1.017008168027691284e-01
1.017008168027691284e-01
1.017008168027691284e-01
1.017008168027691284e-01
1.017008168027691284e-01
1.017008168027691284e-01
1.017008168027691284e-01
1.017008168027691284e-01
1.017008168027691284e-01
1.017008168027691284e-01
1.017008168027691284e-01
1.017008168027691284e-01
1.005188627682080116e-01
1.005188627682080116e-01
1.005188627682080116e-01
1.005188627682080116e-01
1.005188627682080116e-01
9.936237755853648268e-02
9.916808301678360638e-02
9.915782414270465916e-02
9.915702675108102604e-02
9.915681766426294452e-02
9.915620045916301306e-02
9.915620045916301306e-02
9.915620045916301306e-02
9.915608932476728532e-02
9.915608932476728532e-02
9.915608932476728532e-02
9.915608932476728532e-02
9.915600709883425068e-02
9.915600709883425068e-02
9.915600709883425068e-02
9.915600709883425068e-02
9.915585421444025882e-02
9.915585421444025882e-02
9.915577064690470066e-02
9.915577064690470066e-02
9.915577064690470066e-02
9.915577064690470066e-02
9.915577064690470066e-02
9.915577064690470066e-02
9.915577064690470066e-02
9.915577064690470066e-02
9.915577064690470066e-02
9.915577064690470066e-02
9.915574788558594033e-02
9.915574788558594033e-02
9.915574788558594033e-02
9.915574788558594033e-02
9.915574788558594033e-02
9.915574788558594033e-02
9.915574788558594033e-02
9.915574788558594033e-02
9.915574788558594033e-02
9.915574788558594033e-02
9.915574788558594033e-02
9.915574788558594033e-02
9.915574788558594033e-02
9.915574788558594033e-02
9.915574788558594033e-02
9.915574788558594033e-02
9.915574788558594033e-02
9.915574788558594033e-02
9.915574788558594033e-02
