-5.248581232084085002e+00
-3.555817021238973030e+00
-4.046666898450042460e+00
-7.538202464424578864e+00
-3.768482467435616101e+00
7.070166785834702816e-01
-6.886659811524462604e+00
-2.963100577577240546e+00
-3.934632843065726804e-01
-7.275810631949868323e+00
-3.674692829200772337e+00
-6.344895447902504593e+00
-1.799008215663500332e+00
-4.813129299055561305e-01
-3.480153707606785662e+00
-3.672394380701587746e+00
-1.811390039929005935e+00
-7.274618698082559121e+00
-4.620150096097646042e+00
5.792773327068775346e-01
-8.412563225198827155e+00
-3.499640650208844406e+00
-8.964429477218740061e+00
-2.436237940322667050e+00
-3.996069073531417493e-01
-5.281983443769643571e+00
-3.363741659562523800e+00
-3.878442556466656033e+00
-3.813921421181171834e+00
-7.156082540151859739e+00
-2.268691661457252984e+00
-3.625631430451881076e-01
-5.546414174156571342e+00
-3.273620607644617930e+00
-1.948192671448365498e+00
-6.121236921681868282e+00
-3.196870862034711269e+00
2.581065598267007211e-01
-4.913133745373416517e+00
-3.496820964583791103e+00
6.043393228127881267e-01
-7.192279487991378950e+00
-3.534353136851888344e+00
-5.903869251213694769e-01
-1.957431647278355280e+00
-3.363474624785261380e+00
-6.538750302743709497e+00
-3.646111033582779104e+00
-1.017140118333966781e+00
-6.974781964030541737e+00
-2.682721880021591510e+00
-1.393342043782944684e+00
-6.645773598141877514e+00
-2.919618110867284067e+00
3.520254533291638510e-01
-7.624865987253522270e+00
-1.000000000000000000e+00
6.763390052544379083e-01
-7.453750898237048617e+00
-2.973298554858517573e+00
6.675913737076986099e-01
-6.751752869742590590e+00
-9.138179161452338883e-01
-6.368237705573018381e+00
-3.543097949596832219e+00
-5.703260656390994221e+00
-3.125524625228695452e+00
-6.920326066335348081e+00
-2.293075976713470077e+00
-8.000000000000000000e+00
-2.014326555789416329e+00
-6.996930242939654931e+00
-8.067943401678135951e-01
-4.866170950023793296e+00
-2.592831937990704105e+00
-7.675324024713957805e+00
-1.971808551914278063e+00
-7.184899778601986142e+00
-2.481526257940717795e+00
-6.281458810959718697e+00
1.687931538321849889e-01
-5.686427859352438219e+00
-2.447457190778727032e+00
-3.554906598925609451e+00
-4.489086122902300247e+00
-4.162865401791054687e+00
-3.912559431423027423e+00
-3.888295309411035294e+00
-2.447679754879029002e+00
-4.078999812365770694e+00
-2.043442337343529314e+00
-4.124353697566810695e+00
-1.889038471370118266e+00
-3.527065428909353262e+00
-3.676706154997463116e+00
1.464227660740813786e+00
-6.074617769219244678e+00
-3.085771327687266030e+00
3.000000000000000000e+00
-3.036831687918072120e+00
-1.309225989549209324e+00
-5.708922269428073903e-01
-2.776548077683068438e+00
-1.576507149560314680e+00
1.210245601712920616e+00
