-4.397940008672037493e+00
-1.782840769702254580e+00
-5.054434179125112614e+00
-6.659754154942327808e+00
-1.638939916409005493e+00
1.092524800055010736e+00
-6.569722059762348465e+00
-3.779618170277635691e+00
-9.746733390691298959e-01
-6.968594147093823743e+00
-2.559047874869789574e+00
-7.896059609765627485e+00
-1.000000000000000000e+00
-9.937136682973362056e-01
-3.991297143645999856e+00
-3.620027302325439233e+00
-1.294035912809152311e+00
-7.342428698900654638e+00
-3.915220227848639212e+00
-7.637306627052783403e-01
-5.639460197348514114e+00
-2.214103342797389740e+00
-1.030102999566398125e+01
-3.473199812480513682e+00
-6.086760264892251415e-01
-5.162011647573229389e+00
-5.000000000000000000e+00
-3.154901959985743076e+00
-4.024571590542687538e+00
-7.319797377385078185e+00
-1.000000000000000000e+00
2.000000000000000000e+00
-6.865615438209233368e+00
-5.000000000000000000e+00
-1.601324626929150119e+00
-4.425112171043649845e+00
0.000000000000000000e+00
-7.723844558748134137e-01
-6.826391838945070845e+00
-1.036779706374548526e+00
1.696324976643938665e-01
-6.194112434905503228e+00
-3.499176172885598124e+00
-1.016776228883481403e+00
-7.637808609815700533e-01
-4.864720635764840040e+00
-6.649123077259444514e+00
-1.000000000000000000e+00
-2.000000000000000000e+00
-6.990280403084312866e+00
-4.892496633386479665e+00
-1.232456409553708054e+00
-5.000000000000000000e+00
-3.612478701644096901e+00
7.981146090648864044e-01
-6.590519783386934449e+00
-5.000000000000000000e+00
-5.576244842649744626e-01
-7.894472850735836822e+00
-4.079205267899539855e+00
1.156320705430823548e+00
-7.591017779983239677e+00
-1.302889233251336654e+00
-7.495184514476047610e+00
-1.708496895729916254e+00
-7.263309817597018991e+00
-1.381467245401451827e+00
-5.594383430195996709e+00
-3.306894338783889609e+00
-6.605038353505886306e+00
-4.000000000000000000e+00
-6.375333815782623148e+00
3.403713708257129489e-01
-7.334842576933626290e+00
0.000000000000000000e+00
-5.081850318991033788e+00
-5.696042394554129418e-01
-4.511694009333293565e+00
-3.525298693644468573e-01
-7.159361813437206123e+00
2.787536009528290837e-01
-2.997120229901116151e+00
-1.410359162956006607e+00
-3.492215447596310973e+00
-2.793610508772320422e+00
-3.442492180079413266e+00
-2.302471523280777976e+00
-1.690196149515636570e+00
-1.984952844600242905e+00
-2.741190414882305415e+00
-1.460716901222922637e+00
-2.075158761576405109e+00
-3.022827003254683564e+00
-4.381064367070629295e+00
-1.765200250251929059e+00
-1.000000000000000000e+00
-3.195001872794931419e+00
-2.496002318307097401e+00
-1.000000000000000000e+00
-6.544068022635552317e+00
-1.000000000000000000e+00
-1.000000000000000000e+00
-2.544332021263978394e+00
-2.018797429069311811e+00
1.906772590942862333e+00
