-5.126262191050911632e+00
-3.983283818108453112e+00
-4.100398450554517460e+00
-6.857784096618980030e+00
-2.727667823580597339e+00
-8.339365103449294381e-01
-7.065249068746441985e+00
-2.904526016710627712e+00
7.062273861320729207e-01
-4.525463540656976313e+00
-5.000000000000000000e+00
-6.628972865051568242e+00
-2.221110599610470082e+00
-1.260559349469040358e+00
-3.449592610670875192e+00
-2.710394115345860833e+00
-1.094883404153921269e+00
-6.021662718286578730e+00
-3.991402063375526943e+00
-1.523973997523372592e+00
-8.026882272554267672e+00
-3.128488013243020394e+00
-6.658511682132324694e+00
-3.068823096346314561e+00
-8.864994456191676031e-01
-7.139473181110029820e+00
-3.326703434173687857e+00
-3.315769203701953494e+00
-3.211161965534492513e+00
-7.193731492669039440e+00
-2.559114478790837754e+00
8.011605437819626641e-01
-5.644208878133124330e+00
-2.878428122004101475e+00
-7.790407282452276316e-01
-6.064384456042549942e+00
-2.277402589804039756e+00
6.641930130451524361e-01
-5.219794462813273306e+00
-3.548017152526780293e+00
-5.184119453558354573e-01
-6.816337294653175505e+00
-3.509834757411494088e+00
5.275465554652880584e-01
2.982161450636483524e-01
-2.050661802306275039e+00
-6.394978238703092899e+00
-4.351422789331489405e+00
-6.270793378256179773e-01
-8.967186968196081409e+00
-4.631467798898577293e+00
2.000000000000000000e+00
-6.093651544327086889e+00
-3.255806256646147645e+00
-1.281085693251775015e-01
-7.845022831843389000e+00
-2.847780945770567396e+00
-3.529724245692626994e-01
-6.729388661632969892e+00
-3.908294129857203369e+00
-7.176727529862910737e-01
-5.072304527056137324e+00
-2.581638203951742705e-01
-6.560591748588375793e+00
-2.206883714181560041e+00
-4.426298882760771214e+00
-2.629037017314544311e+00
-4.672169390130985533e+00
-7.454717862664260730e-01
-6.577534234321387174e+00
-2.364311266605844786e+00
-5.893188727655921610e+00
-1.815752642507659109e+00
-4.655519015576720321e+00
-3.879328496753060573e+00
-5.511719882873339138e+00
-3.958607314841775082e+00
-8.000000000000000000e+00
-1.947506026567063842e+00
-6.305550749217330164e+00
-1.923198448577398745e+00
-2.639978675874991687e+00
-2.659141110689503762e+00
-3.463369105006471216e+00
-4.234694279709523279e+00
-3.490573973084464043e+00
-2.416024854710757452e+00
-4.190917480426676889e+00
-4.940807596146030711e+00
-4.755187085891336984e+00
-3.564039410924100260e+00
-4.596618507727533220e+00
-1.000000000000000000e+00
-5.983394736514369150e+00
-3.169094268583329654e+00
-1.000000000000000000e+00
-2.671036448981004785e+00
-3.135089887969233491e+00
1.081698920505041350e+00
-5.524071198632461765e+00
-2.153677264350002840e+00
1.013545063135562918e+00
-2.562733304576462867e+00
-2.349575637496723601e+00
1.343263216469899213e+00
