-5.568508982628603832e+00
-2.311024366907332706e+00
-4.923938933569218968e+00
-5.553501981046116143e+00
-3.281438307520427422e+00
-5.623139970529736908e-01
-6.583210756749198644e+00
-2.466670024542840345e+00
-5.839765901954461214e-01
-6.857497102915895759e+00
-1.827209992784511794e+00
-4.000000000000000000e+00
-3.908207013152515508e+00
0.000000000000000000e+00
-3.219225962950450715e+00
-3.529014114746957254e-01
-1.188828548147921049e+00
-4.301029995663981254e+00
-3.119358958269285331e+00
-7.454255195292258662e-01
-7.706088501110517797e+00
-5.000000000000000000e+00
-9.798546493506893995e+00
-1.692259748180948264e+00
-9.446735206748264613e-01
-6.589682068517985769e+00
-2.942156974414535497e+00
-5.095058956806814976e+00
-3.190431499964283102e+00
-7.231072547813874429e+00
-1.905899572779789164e+00
2.000000000000000000e+00
-6.685155632888741373e+00
-3.041392950405053863e+00
-1.641628149579815288e+00
-5.381826423363015977e+00
-3.274282110889505493e+00
-7.690070947548178770e-01
-7.027785080830011744e+00
-3.363579947755311217e+00
2.000000000000000000e+00
-8.752440308510671230e+00
-2.935467389770026081e+00
-2.154276678103326792e-01
-3.825775529841426437e-01
-3.861539131331412911e+00
-7.547306613517025475e+00
-4.521104408684524678e+00
2.671112908384967732e-01
-7.948394481764951891e+00
-3.925384853928001405e+00
5.655327000357105449e-01
-5.016549118413281327e+00
-5.000000000000000000e+00
9.685343558105014017e-01
-6.718775322974103403e+00
-3.122762094147378598e+00
-2.000000000000000000e+00
-8.152547141103317685e+00
-2.782938632416429581e+00
-6.543339836902186679e-01
-6.812993450071772372e+00
-3.048412282753646174e+00
-6.995361192615514589e+00
-9.582727949410284607e-01
-5.456845567463586733e+00
-2.871676207031772066e+00
-4.345084894522690533e+00
-2.663980808712612003e+00
-6.296471556516975987e+00
-2.642297638404362825e+00
-6.228558973385024622e+00
-8.139934035243685528e-01
-4.119469987065857097e+00
-4.000000000000000000e+00
-6.105293793310893946e+00
-1.540059319501318136e+00
-4.967160162290078063e+00
-2.199557020669702379e+00
-6.501892491925842954e+00
-1.679260878013753899e+00
-4.856229682542322124e+00
-3.508885613803071291e+00
-3.943265365390724142e+00
-5.000000000000000000e+00
-5.292800021344917560e+00
-3.760844735350028945e+00
-3.463206897594002687e+00
-1.019317403134816669e+00
-1.998196865849600989e+00
-3.578953490194543896e+00
-4.172597620321695899e+00
-2.275246391463653151e+00
-4.967866208911175363e+00
-1.120572469627439727e+00
6.373245746445443949e-01
-3.608481048451490647e+00
-3.403494792985334527e+00
9.232771621847440935e-01
-2.544068022635552317e+00
-1.904078542058734058e+00
2.269709762862489044e-01
-3.557642423675424936e+00
-1.732920779784927090e+00
1.313585227676606237e+00
