-4.397940008672037493e+00
-5.000000000000000000e+00
-4.374806556872591123e+00
-6.951324689800940426e+00
-4.359187493541259784e+00
2.021923584357903370e-01
-6.911360090748448926e+00
-3.174867059257846069e+00
3.042360145799292703e-01
-4.973274941367891167e+00
-2.196157833600547171e+00
-6.086643238133138567e+00
-3.948638580045919166e+00
-1.312847635493997966e+00
-3.963479105559025051e+00
-1.555227513531151518e+00
-2.797903661198784864e+00
-5.285197359271460726e+00
-1.000000000000000000e+00
1.675869176286405304e-01
-7.812717088697642254e+00
-1.690286172397244879e+00
-1.030102999566398125e+01
-3.653009305081796665e+00
2.000000000000000000e+00
-7.128158844644840286e+00
-1.328950822102894502e+00
-4.288623998266949400e+00
-2.695819047901180099e+00
-7.486687911193172340e+00
-2.077000436116593018e+00
1.225388282451417510e+00
-5.747075975055270902e+00
-1.000000000000000000e+00
-2.504162908071711602e+00
-6.034104223634250808e+00
-1.795924709060596092e+00
2.509257025556935750e-01
-6.248429639949101499e+00
-2.584558024981558066e+00
-2.289835434697533867e-01
-6.870744624372932208e+00
-3.137184554195117769e+00
-3.892408323736838427e-01
-1.587729862797048641e+00
-4.385689281491345071e+00
-6.763008524071016936e+00
-2.011671650205963502e+00
5.555158176776030521e-01
-5.420548993901671331e+00
-5.000000000000000000e+00
9.118522436368448059e-01
-6.310988019802307392e+00
-3.250052365799432241e+00
-9.782639743530380239e-01
-7.043065566613924133e+00
-1.686561806899797622e+00
1.095761272418785515e+00
-6.938408775022142372e+00
-2.765287036209466809e+00
-7.949971941249730500e-01
-5.718181028028916479e+00
-1.749094058984530742e+00
-5.872223578304107683e+00
-3.611140843272377055e+00
-6.569455470910855688e+00
-1.423410162522758204e+00
-4.855952241909331946e+00
-1.575301686898895381e+00
-4.000000000000000000e+00
-3.734647103271766078e+00
-4.807989139109475119e+00
-1.891174449799902346e+00
-4.829718002931448595e+00
-2.046563437980171152e+00
-5.109338178765236549e+00
-3.198532483285269623e-01
-6.904248028662735237e+00
-2.821416126025826809e+00
-7.376964209063658906e+00
-1.730937209495172935e+00
-3.266651876609985461e+00
-1.978593657061659794e+00
-5.683360174419895827e+00
-1.403591575815932302e+00
-3.262379429470930514e+00
-2.619686581026463124e+00
-5.283801379219344341e+00
-2.025959721430836691e+00
-5.380686069803858551e+00
-1.768100108598697151e+00
-3.098630025383730224e+00
-2.043481397752564988e+00
-3.447011001885717629e+00
-2.057256230087364468e+00
1.115830644482479705e+00
-5.302391896909935731e+00
-1.947903901851244290e+00
1.988196293335270370e+00
-3.527285655634381456e+00
-2.236284103771565501e+00
1.990422605280252610e-01
-4.424005274678702193e+00
-4.790077390945806535e+00
1.960739466273184517e+00
