-4.493117603754412492e+00
-1.634629000951882682e+00
-5.391372537842103796e+00
-6.112060592320701424e+00
-1.795656637477620610e+00
8.650651962732150979e-01
-5.368894089111391210e+00
-2.182826380243060971e+00
-2.000000000000000000e+00
-6.456975837322484146e+00
-1.000000000000000000e+00
-7.548032670976468239e+00
-2.628984081935926920e+00
-2.010213984564025724e-01
-3.639258301196380607e+00
-1.562082255571044076e+00
-1.909415434855804783e+00
-5.778503225479768801e+00
-1.895114179718213165e+00
-2.541449656779032895e-01
-7.248700443470262655e+00
-2.375100048264603636e+00
-9.898351480783361467e+00
-1.913289325937021168e+00
4.709814647244057739e-01
-7.030103753737193095e+00
-3.811203624697295123e+00
-4.018708594258078470e+00
-3.655143720295928489e+00
-6.168650219957938496e+00
-3.065460775378435088e+00
1.382974480343694523e+00
-3.698970004336018746e+00
-2.817876276735279184e+00
1.000000000000000000e+00
-6.213159748631506218e+00
-2.011684744338726905e+00
8.389970349185247311e-01
-5.309980384715925261e+00
-3.671838916331825686e+00
7.833897542003336323e-01
-8.176300351488745122e+00
-3.402390108071058794e+00
-1.521018895911362412e+00
-6.873200421373927282e-01
-2.529266008999986326e+00
-5.435143048350451700e+00
-1.749310735055293220e+00
1.654808993884250290e-01
-7.330812631237675348e+00
-2.320901795677834389e+00
2.000000000000000000e+00
-6.659955023726940482e+00
-2.988938877038706643e+00
-1.225104644094772710e-01
-5.000000000000000000e+00
-3.654776809972700935e+00
3.563033762629745360e-01
-9.000000000000000000e+00
-5.000000000000000000e+00
4.761043083752360822e-02
-6.125130081319678510e+00
2.128709070946911419e-01
-4.984214171507922231e+00
-2.243273330699635526e+00
-6.629597471515773499e+00
-2.297237352774240904e+00
-4.000000000000000000e+00
-2.145231325949155998e+00
-4.892407452951703206e+00
-1.939546116207400139e+00
-6.566178595101489712e+00
2.302349914080675519e-01
-5.969510017712114980e+00
0.000000000000000000e+00
-5.523023351259667812e+00
-1.988241746181889757e+00
-6.501267467196099936e+00
-4.000000000000000000e+00
-7.109947015492894096e+00
-3.015284854606803844e+00
-5.690196149515636570e+00
-5.000000000000000000e+00
-3.074540935227223049e+00
-3.077589056587651140e+00
-3.019997543910986959e+00
-3.354301291840386501e+00
-3.360165275425239795e+00
-1.708441164308586613e+00
-3.865178210080609578e+00
-2.699002008597144453e+00
-4.441708742476984995e+00
-4.788317434480334533e+00
-3.779459295144646180e+00
-2.854206869214775288e+00
1.946888181288403796e+00
-2.544068022635552317e+00
-2.586942213820321523e+00
1.775389747875307567e+00
-2.544068022635552317e+00
-3.506945246104731240e+00
1.487303008232970791e+00
-6.544068022635552317e+00
-3.016742057550986456e+00
1.719755718357229179e+00
