-5.387642943139682394e+00
-4.639721231491616749e+00
-6.760599804550440517e+00
-6.996492816817822202e+00
-1.902225677631212308e+00
1.220203478590329516e+00
-6.925777428703598915e+00
-1.500949635452400344e+00
-1.645074667606051033e+00
-4.780469698293172698e+00
-4.304770602599065299e+00
-7.620994310956236362e+00
-3.455622779325529859e+00
-8.417246493834877885e-01
-2.695319659867848383e+00
-1.023780455046408688e+00
-1.749096711873891152e+00
-6.086879325587382539e+00
-1.606708796078700763e+00
2.213562111494249973e-01
-7.988534560155749809e+00
-1.314584945433459051e+00
-7.340520428414309073e+00
-2.020784490936121891e+00
7.203854703882197619e-01
-3.698970004336018746e+00
-2.086898384015893892e+00
-3.175969031788747898e+00
-4.272585391639347030e+00
-6.339719839936068801e+00
-1.433166266904215114e+00
-1.013032991115767834e+00
-4.228861360435722361e+00
-1.134715754733524706e+00
-3.157928243118953149e-01
-4.425360078368956174e+00
-1.202754307855514737e+00
1.364555731869407484e+00
-4.000000000000000000e+00
-2.009026752533160209e+00
-1.050906888854050258e+00
-6.470341226356305597e+00
-2.377865573477986327e+00
1.735323576789344902e-01
2.779831388350863519e-01
-4.997739207305793130e+00
-6.557446129530410062e+00
-4.088506161591896948e+00
-1.511697199910638556e+00
-6.672349074535887326e+00
-3.603154586983015051e+00
-9.888699194055703412e-01
-8.875425191055292373e+00
-1.621680752596369013e+00
1.737775045893844711e-02
-6.433073694795038655e+00
-1.000000000000000000e+00
9.266350633559848893e-01
-7.872945907535341625e+00
-3.369798273444551295e+00
-1.108655364729407511e+00
-7.137147967168597340e+00
-2.768771300542571367e+00
-8.000000000000000000e+00
7.918124604762488694e-02
-6.008157446717966366e+00
-2.640167671848776987e+00
-5.686322299474447561e+00
-2.360341298732301085e-01
-4.000000000000000000e+00
-1.249107431080794139e+00
-6.540057010719239727e+00
-2.672431656641219178e+00
-7.341948322390773107e+00
-4.000000000000000000e+00
-4.055698066891745057e+00
-2.401934658226062780e+00
-6.473009241670216518e+00
-3.242569587913018747e+00
-7.803891049421320503e+00
-1.609195748402042492e+00
-3.791846468176295115e+00
-3.217610211226349382e+00
-1.940969919631640339e+00
-3.228167568308773383e+00
-5.311269595573270053e+00
-3.215324188924089555e+00
-5.390965780447318778e+00
-3.786494457660923629e+00
-4.999042463954840088e+00
-1.277061358920579259e+00
-1.734381164065102565e+00
-2.077399639310095747e+00
-3.324337559994045677e+00
-3.546660855556627912e+00
7.563351729882836771e-01
-4.251128389930362239e+00
-1.473011708177909718e+00
1.492306390227251534e+00
-4.928278598040596314e+00
-2.882216108015957623e+00
1.858841071018525470e+00
-2.816531411992108769e+00
-3.931984336424086290e+00
2.119298676353739808e+00
