-8.397940008672037493e+00
-2.656245265793327981e+00
-4.481770332934940981e+00
-5.863262521724494469e+00
-2.447084331527355161e+00
-1.360508132039481621e+00
-5.737881651917963843e+00
-5.000000000000000000e+00
2.000000000000000000e+00
-6.051130622899457023e+00
-2.003218344960642661e+00
-5.615556869999258183e+00
-1.665781653862009160e+00
-1.662445860687141730e-01
-4.000000000000000000e+00
-1.501780364579629712e+00
-6.917788380774144708e-01
-7.137288358373240271e+00
-2.275626107478288418e+00
6.336661951880061538e-01
-6.663495403152964514e+00
-4.447941513989677631e+00
-1.030102999566398125e+01
-3.527996119261618269e+00
-2.848662628245919870e-01
-4.677752156311133724e+00
-4.303741354013497222e+00
-4.401915100132845815e+00
-2.933659888220844891e+00
-7.046991813144983574e+00
-1.890516672130146736e+00
-4.790119895687382501e-01
-7.698970004336018746e+00
-5.000000000000000000e+00
1.588862664233338662e-01
-5.451886558506797265e+00
-1.727173315538047760e+00
1.510501439384193956e-01
-6.226401940075347419e+00
-3.250382733994972462e+00
1.997779630959511277e+00
-7.578821087582813476e+00
-3.221360444923213162e+00
8.935541819195984281e-02
-3.396050921639141018e-01
-1.860325611049222116e+00
-7.403632286988698574e+00
-2.402167011612603709e+00
-6.489713807516631627e-01
-7.750151394562763585e+00
-3.345667757888029836e+00
-2.102416581388777683e-01
-6.741630185494615013e+00
-2.112590184547211258e+00
-2.000000000000000000e+00
-8.018454065467901515e+00
-3.304265085598156571e+00
-1.830114502122982267e-01
-7.733213038666566952e+00
-3.249123549739799000e+00
4.748174700156500561e-01
-7.131283048173220784e+00
-9.823842617014103551e-01
-5.870694770413147801e+00
-1.911898224349176001e+00
-5.823731887960965636e+00
-2.345969960024271828e+00
-4.383422916192188268e+00
-1.318317488353828004e+00
-6.260591850438331107e+00
-5.923280925361917859e-01
-5.514373491535207172e+00
-2.492617508907974511e+00
-4.996175843438387609e+00
-1.197835947353101282e+00
-6.338504375901756305e+00
-2.901071225458873304e+00
-6.578486889155308326e+00
-3.651395514437983714e+00
-5.153532021027274368e+00
-1.117733771446618674e+00
-3.080324663745192648e+00
-3.831274695893112536e+00
-4.295344704580051243e+00
-2.273229610057934558e+00
-3.946671748507251554e+00
-1.504990917911112946e+00
-3.761247189247567846e+00
-3.903277883194579356e+00
-1.982413520965130571e+00
-3.390164567105400373e+00
-4.587167439387727086e+00
-1.733459043135648914e+00
-4.981751496610859142e+00
-4.222018244912936424e+00
5.127279187091292600e-01
-3.917483440178802123e+00
-3.397108027386075424e+00
8.197241410975072973e-02
-2.926345993740832263e+00
-3.858278942699574277e+00
-2.726215537106192466e-01
-4.531307038488563421e+00
-2.719601812327741008e+00
7.004870779331083819e-01
