-8.397940008672037493e+00
-2.473116783721164502e+00
-5.832067600461860124e+00
-6.793290708779450071e+00
-3.653400759722409852e+00
9.450926910768355782e-01
-7.474143618667994815e+00
-2.242380576113866208e+00
-7.142758649070481969e-01
-6.795239041174808925e+00
-1.000000000000000000e+00
-7.793608047950429274e+00
-2.505888952867060926e+00
-9.179898456207487012e-01
-4.000000000000000000e+00
-3.766945946956527180e+00
0.000000000000000000e+00
-7.984513049194742251e+00
-5.000000000000000000e+00
2.000000000000000000e+00
-9.301029995663981254e+00
-1.805602854848210148e+00
-1.030102999566398125e+01
-1.857589669211460404e+00
-1.533207267316518907e+00
-5.419267728193287503e+00
-4.053433795873058187e+00
-3.988099918737172622e+00
-1.838982407902287175e+00
-5.000000000000000000e+00
-1.000000000000000000e+00
5.618815772493156446e-01
-7.698970004336018746e+00
-5.000000000000000000e+00
-1.590555978312750141e-01
-4.000000000000000000e+00
-1.556009354714574133e+00
-2.000000000000000000e+00
-4.161862485196229144e+00
-3.510885788689221521e+00
4.662341260848480440e-01
-7.286342098390669264e+00
-1.991979395520651730e+00
2.000000000000000000e+00
1.000000000000000000e+00
-1.000000000000000000e+00
-6.268011712109761824e+00
-1.282422442351886627e+00
6.762932412003729299e-01
-6.085628664007360022e+00
-3.280954137078197164e+00
-5.286723938425731406e-01
-7.141076251356325955e+00
-1.000000000000000000e+00
1.798677448258952261e+00
-5.431378482170543975e+00
-4.801578048088947170e+00
-1.286472574485326259e+00
-7.803891325118833322e+00
-2.128235922112069467e+00
1.006947908629029165e+00
-8.000000000000000000e+00
8.195439355418687732e-01
-4.000000000000000000e+00
7.918124604762488694e-02
-6.724059505554135008e+00
0.000000000000000000e+00
-5.091957092954544351e+00
-2.917211288535412894e+00
-8.000000000000000000e+00
-2.292016986846960425e+00
-4.881994782169588376e+00
-1.375404036931767715e+00
-7.234534411866660797e+00
0.000000000000000000e+00
-4.708735186186043364e+00
-3.480239831248161497e+00
-6.764732769980510874e+00
-3.562559135416263789e+00
-8.000000000000000000e+00
-4.640855128217025172e-01
-3.326393598879034297e+00
-1.000530065959783999e+00
-4.754755763904261023e+00
-3.840594813905325644e+00
-3.635201899618873966e+00
-3.826660229148624914e+00
-4.455054765834450592e+00
-3.447404659140459238e+00
-4.405901218410776643e+00
-4.363879880057015548e+00
-3.383413060291026841e+00
-4.042176937856433838e+00
-4.870363186699244729e+00
-4.369532566843047583e+00
2.875206674125721840e+00
-2.697275920335402866e+00
-4.163663333591570925e+00
7.843428512414271081e-01
-4.912899602752590411e+00
-3.640783691018510293e+00
3.319426989751513846e-01
-4.115939579205164733e+00
-3.514849640765864258e+00
-7.881457531762002533e-02
