-5.677941312066069557e+00
-3.919901755379755048e+00
-5.112017813240462338e+00
-6.094997320994613332e+00
-4.433919800874783768e+00
3.855132345915175396e-01
-5.509975716404054147e+00
-4.394204893218996766e+00
-1.872550897627244471e+00
-5.680352154603934167e+00
-1.523949885195999165e+00
-4.416921699489203768e+00
-2.604370022532735529e+00
0.000000000000000000e+00
-3.475106004281142802e+00
-3.320041826873600499e+00
-2.002459050550783104e+00
-7.299485800905372024e+00
-3.124257280161531813e+00
7.476089286808356160e-01
-7.576552516852243180e+00
-2.700756313424322208e+00
-7.053948759963553528e+00
-2.840263320076274134e+00
-1.337037560914851486e+00
-4.554890022951828321e+00
-3.202263231293220436e+00
-4.966091502288978887e+00
-4.155692877661595119e+00
-7.283079321766569691e+00
-2.953314684352596586e+00
-1.755815596053802663e+00
-6.030323283247569499e+00
-2.536275100702168217e+00
-7.233870480590867125e-01
-6.636008734671142939e+00
-3.398517695693639595e+00
6.919122022539586636e-01
-6.510384153558606002e+00
-4.538787297174244451e+00
1.192019685145534469e+00
-7.531246661916140006e+00
-1.072307924002560142e+00
-4.671486896521898080e-01
-5.079983950128437176e-01
-2.719306689341308481e+00
-6.972959795472352340e+00
-2.374943471390099869e+00
1.074821424795982194e+00
-6.916527743042949261e+00
-2.281323669470835203e+00
-1.334095139673884267e+00
-8.315980679897279515e+00
-1.901923208511389296e+00
2.958533240140105436e-01
-6.876165155315105970e+00
-1.314423383563774861e+00
8.674667364073554987e-01
-7.314411548493489512e+00
-2.264194062157782295e+00
4.951824363570429544e-01
-7.103530803017696904e+00
-1.554958832190090012e+00
-6.126266882819225046e+00
-3.089853499185685859e+00
-6.077350922580452064e+00
-2.398920473420250499e+00
-5.291711805385288514e+00
-2.254521459050016663e+00
-5.528861044090451315e+00
-2.120952509976062217e+00
-5.794423961313013294e+00
-2.225794057247983293e+00
-5.429788432271664078e+00
-1.620738359191207234e+00
-5.507906057443452852e+00
-7.978673443942664312e-01
-6.130586492631127093e+00
-2.807130231793553587e+00
-4.844513347819857429e+00
-2.472956456856087559e+00
-4.514233490053643827e+00
-3.447379472855519822e+00
-3.649070114672018139e+00
-2.644298873500207314e+00
-2.561251708688417672e+00
-2.269899633484246504e+00
-4.740673351175690442e+00
-2.996574302964897907e+00
-3.696851460601017436e+00
-3.330681335484642958e+00
-4.588929530781753918e+00
-2.421995131963334380e+00
-2.544083343199497360e+00
-3.864254157772195608e+00
8.146133725998999653e-01
-3.936604327340538223e+00
-3.144761881751128918e+00
1.107190348107810030e+00
-3.789453249658105705e+00
-3.481380804337662394e+00
1.030301296044967341e+00
-6.544068022635552317e+00
-2.161538344440289805e+00
7.099796505853779305e-01
