-7.549426397685854440e+00
-2.734811675770200790e+00
-6.010370492170617140e+00
-8.000000000000000000e+00
-3.153954658036099978e+00
1.534370130619167050e+00
-6.328884456669947589e+00
-2.546245258368876829e+00
1.354694570794163999e+00
-4.968429881750767052e+00
-3.796431505026344411e+00
-5.895158101396775763e+00
-1.172629809843988902e+00
-1.063678643266303903e+00
-4.000000000000000000e+00
-3.188498502720390260e+00
-2.104264207758991478e+00
-6.027301850115019732e+00
-2.162171563311335643e+00
-4.777949417558743361e-01
-5.827373942854952915e+00
-3.033491424653908641e+00
-7.754376755319053238e+00
-2.633525969688147672e+00
2.000000000000000000e+00
-4.895468024929080286e+00
-2.215233164664854648e+00
-4.367565010175798790e+00
-3.595101351571199366e+00
-5.924598822063654069e+00
-4.039810248863958009e+00
-6.346944160181982042e-01
-6.452094958881381181e+00
-2.952032732429835882e+00
-5.882532400493321045e-01
-4.948428324270234491e+00
-2.802076658874081083e+00
-1.265468720278983383e+00
-5.808815023857230919e+00
-5.000000000000000000e+00
-7.915419553191929136e-01
-6.392214966377522067e+00
-2.696281599640082849e+00
-2.402797933507712924e-01
-1.187692581386845081e+00
-3.049454450554404339e+00
-7.709885418261936074e+00
-3.192059054485972602e+00
1.099006198188561545e-01
-7.012714067361440762e+00
-2.848887488329775231e+00
1.982919066699180055e+00
-6.288783394182209996e+00
-3.667786889832698627e+00
-3.856649858725489377e-01
-5.547580827717673913e+00
-3.198588985739647228e+00
-1.948087279916699721e+00
-8.804311482399914013e+00
-1.693640447173750507e+00
-2.345595379454518681e-01
-6.951052131408976820e+00
-1.605420401468055536e+00
-5.571138011878481677e+00
-1.910564048137399995e+00
-5.786530598962077221e+00
-9.464118976498961944e-01
-5.825217370787808768e+00
-1.488699114565633863e+00
-5.772718796068223135e+00
-1.452314371372046775e+00
-4.000000000000000000e+00
-2.274564903353967882e+00
-6.613018245225519287e+00
-1.729979551069054322e+00
-5.936634553671079395e+00
-1.094154794092658145e+00
-5.695261710560167501e+00
-1.128831717453935291e+00
-6.227579751694102050e+00
-2.105197229662958858e+00
-2.026881846790385300e+00
-2.736949214016650700e+00
-2.390922688243928729e+00
-2.087159131390962319e+00
-4.971641977496227049e+00
-3.720409776458038831e+00
-3.982661767583182133e+00
-1.856981094648920916e+00
-4.295611121260721532e+00
-1.681998846531536751e+00
-3.807007612416000608e+00
-3.806383990462111289e+00
-3.623536751046756432e+00
-4.044629803677663560e+00
1.796103198424130465e+00
-6.388277481883873676e+00
-1.000000000000000000e+00
1.269639686014816027e+00
-4.964929062809479099e+00
-3.690261387939602677e+00
1.422937592733181100e+00
-2.544068022635552317e+00
-2.613887895462194688e+00
7.121765092209690895e-01
