-7.899095742888101235e+00
-2.977319548454683940e+00
-5.427624242267107491e+00
-5.596049379371279997e+00
-1.626311494314306438e+00
3.692557257862397191e-02
-5.346318749889452882e+00
-2.952267473118929786e+00
-2.017761154658073153e-01
-6.315238560269125223e+00
-2.951423207318871533e+00
-7.593915620393539179e+00
-3.124693970639783380e+00
-3.988888181425094825e-01
-2.940702854545056422e+00
-2.367594443705153040e+00
-2.620358634827777866e+00
-7.561516595484200742e+00
-2.601896676254570995e+00
-9.452788069478715860e-01
-8.090036960308101044e+00
-3.367015226888949719e+00
-6.488833129744902450e+00
-4.123256636434539324e+00
4.377504679976949031e-01
-7.010280271634808713e+00
-2.325340001220450592e+00
-4.816168783888182148e+00
-3.318510334482881685e+00
-7.163461018040726103e+00
-2.520858229402363371e+00
-4.071125421912843989e-01
-6.478067001792516599e+00
-1.701674860075708562e+00
4.259831484958434555e-01
-5.581371388350553353e+00
-2.076941818169924847e+00
-6.740829841719007121e-01
-7.191493489038412790e+00
-1.000000000000000000e+00
1.536960920772767025e+00
-6.961278952904051742e+00
-2.884028396573649733e+00
5.273153973379113291e-02
-1.430171298825841708e+00
-3.598042423165625170e+00
-5.404469913769508693e+00
-5.000000000000000000e+00
2.808599226576839469e-01
-5.322549006016745743e+00
-3.507361684676816083e+00
-3.750571663138513867e-01
-6.523979223755367762e+00
-3.697716606359535252e+00
-3.387617082065055851e-01
-7.577355994067942468e+00
-2.629498854273250252e+00
-2.060952812178832583e-01
-6.848576387301115176e+00
-3.800600744040712797e+00
-5.612119511966559005e-01
-5.948477892950867485e+00
-1.736072000509353563e-01
-4.000000000000000000e+00
-3.314704793774460256e+00
-7.169285892483113543e+00
-2.588457523921000814e+00
-7.359359656513971615e+00
-1.275103932303252474e+00
-7.257204232961604440e+00
-1.150466593019167316e+00
-6.382156439336267084e+00
-1.358043739134314754e+00
-6.186495078372085565e+00
-2.739149185644758511e+00
-6.780447738382323841e+00
-2.088985334397098992e+00
-4.809246330182109119e+00
-4.000000000000000000e+00
-4.000000000000000000e+00
-2.450720111811464097e+00
-2.745420648516919471e+00
-2.746687105636592463e+00
-5.690196149515636570e+00
-2.722752805979539836e+00
-2.783168810624661926e+00
-3.191954651068499071e+00
-2.193590438850872903e+00
-2.084082395145737454e+00
-5.690196149515636570e+00
-3.233867223651357925e+00
-2.096328785203651623e+00
-2.009293160981159510e+00
-2.786248583437545889e+00
-1.000000000000000000e+00
1.058940424720903106e+00
-3.361179992240245440e+00
-4.429496655174937736e+00
1.076926502342417047e+00
-3.948361554973538023e+00
-2.345825122659579876e+00
1.150695473041087435e+00
-3.609926756195137809e+00
-3.463124957121764602e+00
-4.899518299654707087e-01
