-4.397940008672037493e+00
-2.947798156251959067e+00
-4.480915241796493476e+00
-7.635624265705287073e+00
-4.306214136876503673e+00
-5.172577935309052855e-01
-5.988465457883336285e+00
-3.423441018632731314e+00
1.305681143607455352e+00
-4.308060340755130113e+00
-2.519268545420597860e+00
-5.598122970387191977e+00
-1.586004163323761151e+00
0.000000000000000000e+00
-1.041505360919571244e+00
-3.174204155375384140e+00
-2.817581262345823401e+00
-6.376080154168402458e+00
-1.859866942022186276e+00
-4.840889517200529513e-01
-9.301029995663981254e+00
-1.000000000000000000e+00
-8.480861723071219771e+00
-3.815373834193098279e+00
-5.464781018280758795e-01
-6.099504961467411945e+00
-1.995304021025587904e+00
-3.157705071074998315e+00
-3.196649442296582766e+00
-5.647742790426192094e+00
-1.000000000000000000e+00
-1.072676072784437773e+00
-6.482047210188198072e+00
-2.069796811446083851e+00
1.000000000000000000e+00
-6.148731349171699279e+00
-1.099382683552437845e+00
-1.379458813760662261e-01
-6.640043172987095232e+00
-1.736668777021987964e+00
1.032473654359372661e+00
-7.521129491618773422e+00
-4.115478499105312160e+00
-8.114593864110777321e-01
7.730718492900894301e-01
-1.973133230549706241e+00
-6.239697687141862126e+00
-4.712952767894863726e+00
2.000000000000000000e+00
-5.000010262262629901e+00
-3.752881776414300763e+00
1.823574035306963159e+00
-7.146569542035564382e+00
-1.461532039567585484e+00
1.618981922625828851e+00
-8.067463885478829866e+00
-2.469801371856671590e+00
-2.000000000000000000e+00
-5.725398801334026011e+00
-4.419473169361147313e+00
8.031957012400542384e-01
-4.768927872094168130e+00
-2.449685380743317431e+00
-4.385295768085076595e+00
-3.920818753952374891e+00
-5.367833301363257981e+00
-2.831290688616383999e+00
-5.905178939941396976e+00
-1.766411646717911177e+00
-7.660064080493117267e+00
-1.284928667304928496e+00
-4.000646516372297512e+00
-1.190991250911459520e+00
-7.096507586743579843e+00
-2.896435887915980611e+00
-4.892725354820735895e+00
-1.120839272964545552e+00
-8.000000000000000000e+00
-8.473795157579331327e-01
-5.315811222237827316e+00
-1.197721676370684163e+00
-3.943076096835879785e+00
-4.379884620178651211e+00
-1.971675890192954084e+00
-2.281803088085925690e+00
-1.690196149515636570e+00
-1.525663975605613842e+00
-5.690196149515636570e+00
-4.519084586639259271e+00
-5.479865885462483988e+00
-2.357855856255179017e+00
-4.447317863068899868e+00
-3.185392294979124017e+00
-3.887479380658386940e+00
-2.720652696684219940e+00
2.999814687330811136e+00
-3.564411686482527042e+00
-2.909984487872022019e+00
-1.000000000000000000e+00
-3.283524661764767316e+00
-1.276315949571597219e+00
1.365352865385187631e+00
-3.627222477804734169e+00
-2.098511946493334612e+00
2.111184882711499844e-01
