-7.326497946753027790e+00
-4.134543183664711741e+00
-4.848697353775168750e+00
-6.324884116637417009e+00
-2.870573747527300323e+00
5.374342075715912020e-02
-6.003303316941843271e+00
-2.444478344302656314e+00
-5.279263019284843317e-01
-5.281988605780999713e+00
-2.594295580923521971e+00
-5.576250905216662446e+00
-1.859102970714139547e+00
-1.095274257456172462e+00
-2.467936666236841603e+00
-3.048775364722339898e+00
-6.618524864827931564e-01
-5.884158493369308296e+00
-1.576624245011917891e+00
-1.397043502020608230e+00
-7.346131747969739223e+00
-3.353458443912100240e+00
-7.989551471520406345e+00
-2.114312608685958494e+00
-7.574098499265059514e-01
-5.706051508377264270e+00
-1.631197806761193636e+00
-3.783181469006341668e+00
-4.694857114942022847e+00
-7.376226654404220540e+00
-3.321372492536193821e+00
5.734184631986699587e-01
-4.531375578320475661e+00
-3.131612702623665090e+00
-1.678378811212049682e+00
-5.919533373204236781e+00
-2.177004097096574942e+00
3.204906306378140224e-01
-5.410819076833623065e+00
-2.394343731691827237e+00
-4.361810333788795901e-01
-7.629178158566364054e+00
-3.457698918937742505e+00
-1.266730424435087210e+00
-1.219944748711110138e+00
-2.880666564809046370e+00
-6.879902688770504149e+00
-1.874636410161789390e+00
2.960763002016711942e-01
-5.670760500193055442e+00
-1.368350157618814844e+00
1.025804574841371331e+00
-7.769453753167785415e+00
-3.430471019534599098e+00
-5.625748328549914912e-02
-7.528549273213196003e+00
-3.370660307776517151e+00
3.752764914255654616e-01
-6.873355594750799824e+00
-5.000000000000000000e+00
-8.395523124567224604e-01
-6.279293835520163292e+00
-9.147538427929697846e-01
-5.966019238591892204e+00
-3.485523497520358394e+00
-7.307850239930980152e+00
-1.597493768192737251e+00
-5.607549093382491634e+00
-7.954846044522614346e-01
-4.740415454446112342e+00
-1.959683414419712388e+00
-5.561893762908554528e+00
-2.207691924543308204e+00
-5.735995645326680048e+00
-2.743004211695259542e+00
-5.191387775735080368e+00
-2.826516735324626328e+00
-5.599489900846521984e+00
-1.493554533696776154e+00
-5.374914941830206239e+00
-6.077220588121975270e-02
-4.067626365685436340e+00
-5.000000000000000000e+00
-2.888529626804889894e+00
-2.077245400099447803e+00
-4.143870700373414095e+00
-3.756211322904397854e+00
-3.481397435506840665e+00
-3.255184581749423600e+00
-4.147834362591465762e+00
-2.462187422194954234e+00
-3.252877343420850664e+00
-1.708742115301060460e+00
-2.544068022635552317e+00
-4.378667384691147468e+00
-7.968775336537685661e-01
-5.465721165981376473e+00
-2.136252680206391918e+00
1.590657637087020460e+00
-3.917500733026093140e+00
-3.082741156901271928e+00
2.938848243694983653e-01
-5.140707151263564256e+00
-1.875349825373906043e+00
1.707437454466419258e+00
