-8.397940008672037493e+00
-1.000000000000000000e+00
-6.314147755151009456e+00
-7.070690973992097561e+00
-3.234085167357808821e+00
-5.571133300784516518e-01
-6.997292521757970007e+00
-2.554981936820119426e+00
-1.094237829501658155e+00
-6.917387489332339712e+00
-1.000000000000000000e+00
-8.000000000000000000e+00
-3.234766828108978309e+00
0.000000000000000000e+00
-3.320046494768772671e+00
-2.708314837125925134e+00
-2.181018204947887895e+00
-6.835476709003228457e+00
-3.112628382350226985e+00
5.172032993032341652e-01
-5.301029995663981254e+00
-2.060642480421792211e+00
-8.214468611826479361e+00
-2.134109564841315088e+00
-1.366412504626737023e+00
-3.854106230186973736e+00
-2.728723210286855494e+00
-5.711508604781784904e+00
-2.747568843950157547e+00
-5.000000000000000000e+00
-2.674933343474649838e+00
-2.000000000000000000e+00
-6.351912746934458731e+00
-3.543440884555494552e+00
1.000000000000000000e+00
-5.898755722198812279e+00
-1.389817690224028457e+00
-1.497697998137766051e+00
-5.749663744738146676e+00
-3.570576978556144976e+00
-4.736579801468785433e-01
-7.063843595306278367e+00
-1.915684963927740903e+00
-1.975637785822490222e-01
-8.727461533541953642e-01
-3.069430148862358099e+00
-9.000000000000000000e+00
-1.754394734344398854e+00
-5.852494044114527894e-01
-6.869854891867186453e+00
-1.488783859986816616e+00
2.000000000000000000e+00
-5.000000000000000000e+00
-4.021204126039576110e+00
9.586338047338702761e-01
-7.285075652305401661e+00
-1.762290271611373527e+00
1.278544934007957767e+00
-5.299505431416399404e+00
-2.953790203479421894e+00
-3.971487693977031330e-02
-6.006435926745184339e+00
8.195439355418687732e-01
-4.609250982513739991e+00
-2.683397874352959622e+00
-7.501727708790110860e+00
-2.710143765054838116e+00
-4.000000000000000000e+00
-3.146371229383610135e+00
-5.853253712272899811e+00
-1.180894854955365059e+00
-4.087436335935948684e+00
-1.213552493293784673e+00
-7.402118440244405129e+00
0.000000000000000000e+00
-6.456731260529728011e+00
-1.880192209215889143e+00
-7.021073129804195290e+00
-6.796860355608915771e-01
-7.824128356877061208e+00
-1.793043311879425339e+00
-4.817124779250696598e+00
-2.561917214937578624e+00
-4.122544589844465257e+00
-4.880044742588171225e+00
-4.221418244128345876e+00
-2.809200661967409474e+00
-4.943613301726335507e+00
-1.140158140794489405e+00
-3.500831304855848813e+00
-1.417448413422472742e+00
-2.018867467136642446e+00
-1.000000000000000000e+00
-5.586095260586757760e+00
-3.633000246270513323e+00
1.946844709940639184e+00
-4.237047359507993605e+00
-1.000000000000000000e+00
6.864145660247655822e-01
-4.914733929230473919e+00
-2.321024503841015552e+00
2.986242258141816208e+00
-2.962474263978610356e+00
-1.767946165575194239e+00
7.404609332963274504e-01
