-6.407504634146581779e+00
-3.110071360411346131e+00
-3.887917598221897642e+00
-7.404874451510484512e+00
-2.758663937440657410e+00
1.714024665592080776e+00
-5.198696186154394994e+00
-4.880091199666770407e+00
-1.702166687813193802e+00
-7.365770988923424412e+00
-3.049774627315256836e+00
-4.399390478649587877e+00
-3.106850065101154357e+00
-4.275035175262371229e-02
-2.033113763011114461e+00
-3.345536493839924574e-01
-9.583827439721627206e-01
-8.301029995663981254e+00
-1.245070191338662591e+00
-3.081460000468784766e-01
-7.893468433737982792e+00
-2.484256534771148495e+00
-8.565300365507823699e+00
-3.357357934976131553e+00
-2.000000000000000000e+00
-6.007089010655124461e+00
-2.731400212482726353e+00
-4.112378342725699909e+00
-4.130215992701478100e+00
-6.531915504860124955e+00
-3.694443569015802620e+00
-8.044020031293632744e-01
-7.628932218005131105e+00
-2.632181534878276885e+00
7.466930134687107534e-01
-5.289481741860236674e+00
-1.626613009832042378e+00
2.607968616953760255e-01
-5.490147841487131863e+00
-2.599755072695443037e+00
-5.546559807773764339e-01
-7.685402699797562853e+00
-4.210227933964816316e+00
-4.947793100067385264e-02
-1.194536991161006645e+00
-2.241613821813642105e+00
-6.016048713864963204e+00
-2.776913050463389876e+00
1.631853592307568601e-01
-6.341933121045530086e+00
-1.638810728524275007e+00
-3.193282117038504508e-01
-7.487669760831139776e+00
-4.245708179688805650e+00
-1.082688315016769653e+00
-8.776035512126437510e+00
-2.420165777557383713e+00
2.495637075878182412e-02
-7.412587077436898930e+00
-1.949026217766996361e+00
-9.792944316275761230e-01
-6.233435220618972039e+00
-1.914028388673282510e+00
-4.226880994110006284e+00
-3.435814200645925798e+00
-5.064735839516804283e+00
-1.689443240454104433e+00
-5.862774070430497808e+00
-2.324649187312668897e+00
-7.001956999014527838e+00
-1.962049262352297818e+00
-6.552352231961608986e+00
1.650492653861260761e-01
-6.643461451361497794e+00
-4.000000000000000000e+00
-5.717931783750878516e+00
-3.958607314841775082e+00
-4.234887182532988348e+00
0.000000000000000000e+00
-5.610567776300599441e+00
-1.932049050877659102e+00
-5.436841349448696015e+00
-3.472601870140425540e+00
-2.985723294243686876e+00
-4.964932022293143454e+00
-3.770392275062529386e+00
-4.753458940449901249e+00
-5.690196149515636570e+00
-3.843064134765287410e+00
-4.475478635824632789e+00
-2.783961638686843099e+00
-4.986529269673141584e+00
-3.682637705794799654e+00
-4.786792442362642674e+00
-2.339405069289465455e+00
1.586159474989703444e+00
-3.208412735212554878e+00
-2.066391242093333247e+00
1.078718307944672050e+00
-2.544068022635552317e+00
-5.000000000000000000e+00
-6.401319665504928702e-01
-4.634892959299063087e+00
-2.773392561055020078e+00
-1.035524805733153142e-01
