6.537860906589170895e+01
4.415942331033188140e+01
3.309040566172573961e+01
1.690626980029930948e+01
1.566691105369149639e+01
1.479462918714344966e+01
1.479462918714344966e+01
1.273252227461773600e+01
1.273252227461773600e+01
1.105877187478192170e+01
7.451027855079118467e+00
6.129367553568945581e+00
6.129367553568945581e+00
5.771162035715340366e+00
5.254455779845497609e+00
4.521742033342951217e+00
2.972372662992665227e+00
2.972372662992665227e+00
2.600006229510667843e+00
2.600006229510667843e+00
2.600006229510667843e+00
2.600006229510667843e+00
2.282746379120855540e+00
1.801308171719473217e+00
1.786799460472001666e+00
1.786799460472001666e+00
1.483100521617741530e+00
1.480897381753609743e+00
1.107919830308176312e+00
1.047850494098746754e+00
8.053500429908826419e-01
6.501137793994701264e-01
6.501137793994701264e-01
6.501137793994701264e-01
6.501137793994701264e-01
6.501137793994701264e-01
6.501137793994701264e-01
6.094103370856092106e-01
5.711628372607778781e-01
5.711628372607778781e-01
5.711628372607778781e-01
4.824286802115564377e-01
4.162728646696919332e-01
4.162728646696919332e-01
4.162728646696919332e-01
4.162728646696919332e-01
4.162728646696919332e-01
4.162728646696919332e-01
4.030392692088413664e-01
4.030392692088413664e-01
3.373057443883509809e-01
3.373057443883509809e-01
3.373057443883509809e-01
3.217781993123068895e-01
3.217781993123068895e-01
2.916982857083016967e-01
2.916982857083016967e-01
2.916982857083016967e-01
2.916982857083016967e-01
2.916982857083016967e-01
2.916982857083016967e-01
2.916982857083016967e-01
2.916982857083016967e-01
2.916982857083016967e-01
2.739389165170978413e-01
2.739389165170978413e-01
2.604996904819254500e-01
2.604996904819254500e-01
2.604996904819254500e-01
2.604996904819254500e-01
2.303997812063648398e-01
2.303997812063648398e-01
2.303997812063648398e-01
2.303997812063648398e-01
2.303997812063648398e-01
2.303997812063648398e-01
2.111001082444023680e-01
2.111001082444023680e-01
2.111001082444023680e-01
2.111001082444023680e-01
2.111001082444023680e-01
2.111001082444023680e-01
2.111001082444023680e-01
2.111001082444023680e-01
2.111001082444023680e-01
2.111001082444023680e-01
2.111001082444023680e-01
2.111001082444023680e-01
2.111001082444023680e-01
2.111001082444023680e-01
2.111001082444023680e-01
2.111001082444023680e-01
2.111001082444023680e-01
2.111001082444023680e-01
2.111001082444023680e-01
2.111001082444023680e-01
2.111001082444023680e-01
2.111001082444023680e-01
2.067590229657969569e-01
2.067590229657969569e-01
2.050116281494922532e-01
2.050116281494922532e-01
2.050116281494922532e-01
2.050116281494922532e-01
2.050116281494922532e-01
2.050116281494922532e-01
2.050116281494922532e-01
2.050116281494922532e-01
2.050116281494922532e-01
2.050116281494922532e-01
1.973740072787360522e-01
1.973740072787360522e-01
1.973740072787360522e-01
1.973740072787360522e-01
1.973740072787360522e-01
1.973740072787360522e-01
1.973740072787360522e-01
1.634620723474957127e-01
1.522835444372887814e-01
1.510994761589881663e-01
1.510994761589881663e-01
1.452788896621838299e-01
1.443100132267162161e-01
1.441279358775348074e-01
1.440870124035986966e-01
1.440755374194668259e-01
1.440713601712464431e-01
1.440700663328967346e-01
1.420902938134734894e-01
1.420902938134734894e-01
1.379838109657804124e-01
1.296290540698637750e-01
1.248030427063253761e-01
1.246352715025658559e-01
1.242360394149548131e-01
1.242360394149548131e-01
1.242360394149548131e-01
1.242360394149548131e-01
1.242360394149548131e-01
1.242360394149548131e-01
1.242360394149548131e-01
1.182322675459250433e-01
1.182322675459250433e-01
1.182322675459250433e-01
1.182322675459250433e-01
1.182322675459250433e-01
1.139430172779842126e-01
1.100404228288090203e-01
1.100404228288090203e-01
1.100404228288090203e-01
1.098407009318198568e-01
1.097907109352714294e-01
1.097807564302025335e-01
9.180729116806186918e-02
8.920229775156215957e-02
8.892053657258558452e-02
8.883872894978289692e-02
8.882212956083970767e-02
8.881884725571591310e-02
8.786145447176724188e-02
8.762453691437910308e-02
8.513892171132304842e-02
8.235443555907388802e-02
8.235443555907388802e-02
8.235443555907388802e-02
7.658654545163862126e-02
7.658654545163862126e-02
7.658654545163862126e-02
7.658654545163862126e-02
7.658654545163862126e-02
7.658654545163862126e-02
7.658654545163862126e-02
7.658654545163862126e-02
7.658654545163862126e-02
7.658654545163862126e-02
7.658654545163862126e-02
7.658654545163862126e-02
7.658654545163862126e-02
7.658654545163862126e-02
7.658654545163862126e-02
7.658654545163862126e-02
7.658654545163862126e-02
7.658654545163862126e-02
7.658654545163862126e-02
7.423594846240620659e-02
7.423594846240620659e-02
7.268203969146679044e-02
7.239284836196349660e-02
7.237478476116049331e-02
7.237374763618145690e-02
7.237362458170437662e-02
7.237362458170437662e-02
7.237362458170437662e-02
7.237362458170437662e-02
7.237362458170437662e-02
7.237362458170437662e-02
7.192417848815930992e-02
7.192417848815930992e-02
7.057565029809183266e-02
6.587513285495463777e-02
