5.305350847645571122e+01
3.036666154331350498e+01
1.696362755280834378e+01
1.696362755280834378e+01
1.696362755280834378e+01
1.696362755280834378e+01
8.240829847365652938e+00
6.985603894026835015e+00
6.985603894026835015e+00
6.900430703223726425e+00
6.900430703223726425e+00
4.403687550702393594e+00
3.471881854019466473e+00
3.471881854019466473e+00
2.514402958983005476e+00
2.153769272970658122e+00
2.014478120230779545e+00
2.014478120230779545e+00
2.014478120230779545e+00
2.014478120230779545e+00
2.014478120230779545e+00
2.014478120230779545e+00
1.568196550446458559e+00
1.397608973261820653e+00
1.397608973261820653e+00
1.397608973261820653e+00
1.397608973261820653e+00
1.321354783956309786e+00
1.321354783956309786e+00
1.321354783956309786e+00
1.321354783956309786e+00
1.321354783956309786e+00
1.311499997880663404e+00
1.311499997880663404e+00
1.311499997880663404e+00
1.311499997880663404e+00
1.311499997880663404e+00
1.311499997880663404e+00
1.311499997880663404e+00
1.311499997880663404e+00
1.311499997880663404e+00
1.311499997880663404e+00
1.224921281875902768e+00
1.224921281875902768e+00
1.224921281875902768e+00
1.224921281875902768e+00
1.224921281875902768e+00
1.083507742234314009e+00
1.004527116626591887e+00
1.004527116626591887e+00
9.857896090719872051e-01
9.857896090719872051e-01
9.857896090719872051e-01
9.857896090719872051e-01
9.857896090719872051e-01
9.857896090719872051e-01
9.857896090719872051e-01
9.508971301988484726e-01
9.204814774927065901e-01
9.204814774927065901e-01
9.204814774927065901e-01
9.204814774927065901e-01
9.204814774927065901e-01
9.204814774927065901e-01
8.457203927388273756e-01
8.457203927388273756e-01
8.457203927388273756e-01
8.385083064794360830e-01
8.323035074805618105e-01
7.581382786243856531e-01
7.399648009461178289e-01
7.399648009461178289e-01
7.399648009461178289e-01
7.356568359059459938e-01
7.356568359059459938e-01
7.346565965069598025e-01
6.892324493111622319e-01
6.892324493111622319e-01
6.892324493111622319e-01
6.892324493111622319e-01
6.892324493111622319e-01
6.892324493111622319e-01
6.892324493111622319e-01
6.892324493111622319e-01
6.892324493111622319e-01
6.892324493111622319e-01
6.892324493111622319e-01
6.587087168767180589e-01
6.587087168767180589e-01
6.587087168767180589e-01
6.587087168767180589e-01
6.587087168767180589e-01
6.545768130606686164e-01
6.545768130606686164e-01
6.545768130606686164e-01
6.545768130606686164e-01
6.545768130606686164e-01
6.187625845450778206e-01
6.187625845450778206e-01
6.187625845450778206e-01
6.187625845450778206e-01
6.187625845450778206e-01
6.187625845450778206e-01
6.187625845450778206e-01
6.187625845450778206e-01
6.187625845450778206e-01
6.187625845450778206e-01
5.819711923763725148e-01
5.819711923763725148e-01
5.777902403603771830e-01
5.777902403603771830e-01
5.777902403603771830e-01
5.777902403603771830e-01
5.777902403603771830e-01
5.777902403603771830e-01
5.567977920741344899e-01
5.470552084892015277e-01
5.470552084892015277e-01
5.470552084892015277e-01
5.470552084892015277e-01
5.176873864092188526e-01
5.176873864092188526e-01
5.176873864092188526e-01
4.981924510641663195e-01
4.914609989129775092e-01
4.914595189879105708e-01
4.914595189879105708e-01
4.914595189879105708e-01
4.914595189879105708e-01
4.914595189879105708e-01
4.833808219722453003e-01
4.670154265771120361e-01
4.499814176762027551e-01
4.485975394664506455e-01
4.485975394664506455e-01
4.444099821808557560e-01
4.444099821808557560e-01
4.444099821808557560e-01
4.440816608670447585e-01
4.440816608670447585e-01
4.375805162081272126e-01
4.251055227785040525e-01
3.966879869284579696e-01
3.905920473293634232e-01
3.724337902980195958e-01
3.724337902980195958e-01
3.724337902980195958e-01
3.548908811753547221e-01
3.464357811595433212e-01
3.413982952728834008e-01
3.407542634350812505e-01
3.372183175735607441e-01
3.341935878314542530e-01
3.311699550018153415e-01
3.305503412841138688e-01
3.304137665072642283e-01
3.303841099754749044e-01
3.303769599852237060e-01
3.303750653262880754e-01
3.303746707271785210e-01
3.303746707271785210e-01
3.289689473849773393e-01
3.260902606895902944e-01
3.238696818027036461e-01
3.238696818027036461e-01
3.238696818027036461e-01
3.238424474317509461e-01
3.168658103290610262e-01
3.168658103290610262e-01
3.168658103290610262e-01
3.152394399429215288e-01
3.117293770467135516e-01
3.110074829414312125e-01
3.110074829414312125e-01
2.970298484854502208e-01
2.970298484854502208e-01
2.945121801781606652e-01
2.942321956271980454e-01
2.942044062179439701e-01
2.888462718630023796e-01
2.844130568878183163e-01
2.841499368250248736e-01
2.765705508628711895e-01
2.765137346183221823e-01
2.765137346183221823e-01
2.759702618081098513e-01
2.759229325056018478e-01
2.759206104814205807e-01
2.669249581994599385e-01
2.669091008849687197e-01
2.669091008849687197e-01
2.669091008849687197e-01
2.667445484855289761e-01
2.667355357701335916e-01
2.667349154083045182e-01
2.667349154083045182e-01
2.667346612786232196e-01
2.667346612786232196e-01
2.667345435264741327e-01
2.667345435264741327e-01
