1.085615771485567507e+02
1.085615771485567507e+02
1.085615771485567507e+02
5.794637728903215645e+01
3.815858408167365212e+01
3.074953854408823517e+01
2.741217944245066107e+01
2.296834561466810953e+01
1.909344690239812792e+01
1.665625910090357564e+01
6.055597582511757615e+00
4.360870062401634328e+00
4.073899975528341599e+00
2.954505110636564957e+00
2.483942027711143030e+00
2.483942027711143030e+00
1.774289558920386201e+00
1.774289558920386201e+00
1.728541105312712212e+00
1.629470816250410570e+00
1.573138659618463331e+00
1.573138659618463331e+00
1.573138659618463331e+00
1.573138659618463331e+00
1.220798097940784421e+00
1.220798097940784421e+00
1.220798097940784421e+00
1.220798097940784421e+00
1.220798097940784421e+00
1.177240298353136483e+00
9.061034526159040814e-01
9.061034526159040814e-01
9.061034526159040814e-01
8.387877737452613669e-01
8.387877737452613669e-01
8.387877737452613669e-01
8.387877737452613669e-01
8.387877737452613669e-01
8.387877737452613669e-01
8.387877737452613669e-01
8.387877737452613669e-01
8.387877737452613669e-01
7.916032590932385871e-01
7.731299942694161986e-01
7.731299942694161986e-01
7.731299942694161986e-01
7.731299942694161986e-01
7.731299942694161986e-01
7.731299942694161986e-01
7.731299942694161986e-01
7.731299942694161986e-01
7.731299942694161986e-01
7.731299942694161986e-01
7.731299942694161986e-01
7.731299942694161986e-01
7.731299942694161986e-01
7.535169891943079845e-01
7.535169891943079845e-01
7.535169891943079845e-01
7.535169891943079845e-01
7.535169891943079845e-01
7.535169891943079845e-01
7.535169891943079845e-01
7.535169891943079845e-01
7.161207999050593909e-01
5.681817510749747058e-01
5.681817510749747058e-01
5.681817510749747058e-01
5.681817510749747058e-01
4.551288783855709785e-01
4.551288783855709785e-01
4.551288783855709785e-01
4.551288783855709785e-01
4.551288783855709785e-01
4.551288783855709785e-01
4.551288783855709785e-01
4.551288783855709785e-01
4.551288783855709785e-01
4.551288783855709785e-01
4.551288783855709785e-01
4.551288783855709785e-01
4.518771511947456965e-01
4.202793408217758708e-01
4.202793408217758708e-01
4.202793408217758708e-01
4.202793408217758708e-01
4.202793408217758708e-01
4.113349364015037590e-01
4.113349364015037590e-01
3.970732679870299098e-01
3.970732679870299098e-01
3.970732679870299098e-01
3.970732679870299098e-01
3.970732679870299098e-01
3.970732679870299098e-01
3.970732679870299098e-01
3.970732679870299098e-01
3.970732679870299098e-01
3.548682898338040292e-01
3.548682898338040292e-01
3.548682898338040292e-01
3.548682898338040292e-01
3.548682898338040292e-01
3.548682898338040292e-01
3.548682898338040292e-01
3.548682898338040292e-01
3.548682898338040292e-01
3.548682898338040292e-01
3.548682898338040292e-01
3.548682898338040292e-01
3.548682898338040292e-01
3.546040690366942250e-01
3.531678537161577203e-01
3.527878914693320933e-01
3.526678117925950429e-01
3.526251632117759494e-01
3.524618541363206403e-01
3.524618541363206403e-01
3.359731975433412066e-01
3.359731975433412066e-01
3.359731975433412066e-01
3.256680480932869770e-01
3.184224362548558340e-01
3.071680729708651802e-01
3.071680729708651802e-01
2.912377846661761693e-01
2.527608004942348274e-01
2.494425068647239674e-01
2.364312904048084529e-01
2.282370718654329333e-01
2.280198214880733154e-01
2.280198214880733154e-01
2.276274071591818104e-01
2.276274071591818104e-01
2.276274071591818104e-01
2.022185118332982257e-01
1.864773995927779815e-01
1.864773995927779815e-01
1.864773995927779815e-01
1.864773995927779815e-01
1.864773995927779815e-01
1.864773995927779815e-01
1.864773995927779815e-01
1.864773995927779815e-01
1.864773995927779815e-01
1.852594538222615272e-01
1.852594538222615272e-01
1.852594538222615272e-01
1.852594538222615272e-01
1.852594538222615272e-01
1.850856458807981775e-01
1.848899159919864532e-01
1.848470066097595566e-01
1.848372507284395394e-01
1.774406029523011852e-01
1.646137345284065523e-01
1.646137345284065523e-01
1.646137345284065523e-01
1.638187164475536362e-01
1.638187164475536362e-01
1.638187164475536362e-01
1.638187164475536362e-01
1.638187164475536362e-01
1.638187164475536362e-01
1.638187164475536362e-01
1.638187164475536362e-01
1.638187164475536362e-01
1.638187164475536362e-01
1.638187164475536362e-01
1.502643023982516979e-01
1.458625714710416743e-01
1.458625714710416743e-01
1.297170455116535004e-01
1.297170455116535004e-01
1.169710514582212313e-01
1.154624487082056561e-01
1.152089787733627385e-01
1.151775369309211289e-01
1.151737659408539755e-01
1.151733247556206291e-01
1.151732864201420736e-01
1.151732864201420736e-01
9.749779452306345240e-02
9.749779452306345240e-02
9.550270055216755760e-02
9.550270055216755760e-02
9.522521925260048203e-02
9.522521925260048203e-02
9.517525594705250613e-02
9.517281468598891292e-02
9.517271702419236035e-02
9.517268693314821781e-02
9.517268693314821781e-02
9.517268510464166331e-02
9.402330149551019201e-02
9.396998444923181093e-02
9.396831585473765236e-02
9.396776611907353693e-02
9.396710274385378092e-02
9.396708789876800916e-02
