1.703739207266077074e+02
1.272339358642175853e+02
1.171001137487131416e+02
1.119274889044529715e+02
1.119274889044529715e+02
8.935331047455113662e+01
7.456890146987932155e+01
6.299673640626143367e+01
4.298342064385826689e+01
3.633959763765128059e+01
3.166705440644039271e+01
2.499822011272685529e+01
1.837590733317945890e+01
1.676911230402394537e+01
1.174001967926752954e+01
9.981729370183344940e+00
9.663898812425301799e+00
6.172895814050079366e+00
4.906672172190142511e+00
4.234527660662561033e+00
3.555268425045766012e+00
3.320901536426694278e+00
3.320901536426694278e+00
3.045868331903364368e+00
3.045868331903364368e+00
3.045868331903364368e+00
3.045868331903364368e+00
3.045868331903364368e+00
2.822410432122067991e+00
2.822410432122067991e+00
2.822410432122067991e+00
2.822410432122067991e+00
2.792551425292949752e+00
2.792551425292949752e+00
2.725711338836986464e+00
2.725711338836986464e+00
2.725711338836986464e+00
2.684954624332526407e+00
2.680514631839996831e+00
2.680514631839996831e+00
2.648148052600484803e+00
2.611208639718995084e+00
2.611208639718995084e+00
2.611208639718995084e+00
2.611208639718995084e+00
2.576067893720455526e+00
2.576067893720455526e+00
2.576067893720455526e+00
2.448457896258929622e+00
2.448457896258929622e+00
2.448457896258929622e+00
2.448457896258929622e+00
2.419178492919560330e+00
2.419178492919560330e+00
2.374412724336677716e+00
2.374412724336677716e+00
2.374412724336677716e+00
2.374412724336677716e+00
2.374412724336677716e+00
2.374412724336677716e+00
2.374412724336677716e+00
2.371971391432116327e+00
2.371971391432116327e+00
2.371971391432116327e+00
2.371971391432116327e+00
2.303699968658173169e+00
2.291901798112600641e+00
2.291901798112600641e+00
2.291118674676748679e+00
2.150707351383222665e+00
2.150707351383222665e+00
2.150707351383222665e+00
2.150707351383222665e+00
2.150707351383222665e+00
2.150707351383222665e+00
2.150707351383222665e+00
2.150707351383222665e+00
2.150707351383222665e+00
2.150707351383222665e+00
2.150707351383222665e+00
2.150707351383222665e+00
2.150707351383222665e+00
2.150707351383222665e+00
2.150707351383222665e+00
2.150707351383222665e+00
2.150707351383222665e+00
2.150707351383222665e+00
2.150707351383222665e+00
2.144858867743463904e+00
2.144858867743463904e+00
2.136883024787413099e+00
2.136883024787413099e+00
2.124539961810512523e+00
2.121047286706257751e+00
2.119908535676407801e+00
2.119322970508709769e+00
2.115672370813891590e+00
2.115672370813891590e+00
2.020786588168364428e+00
2.020786588168364428e+00
2.020786588168364428e+00
2.000206360403500305e+00
2.000206360403500305e+00
1.975898363906616328e+00
1.975898363906616328e+00
1.975898363906616328e+00
1.975898363906616328e+00
1.970060118842758223e+00
1.970060118842758223e+00
1.952366804151159929e+00
1.952366804151159929e+00
1.952366804151159929e+00
1.952366804151159929e+00
1.952366804151159929e+00
1.949567109068224280e+00
1.931653055991905843e+00
1.931653055991905843e+00
1.931653055991905843e+00
1.931653055991905843e+00
1.931653055991905843e+00
1.902880348143442646e+00
1.902880348143442646e+00
1.901438381273925504e+00
1.901438381273925504e+00
1.901438381273925504e+00
1.901438381273925504e+00
1.901438381273925504e+00
1.901438381273925504e+00
1.900562516849572336e+00
1.899421197093580593e+00
1.899421197093580593e+00
1.899421197093580593e+00
1.899421197093580593e+00
1.899421197093580593e+00
1.899421197093580593e+00
1.899421197093580593e+00
1.899421197093580593e+00
1.899421197093580593e+00
1.899421197093580593e+00
1.899421197093580593e+00
1.899421197093580593e+00
1.899421197093580593e+00
1.899349529548575610e+00
1.899349529548575610e+00
1.896175716084649743e+00
1.896175716084649743e+00
1.895743843862477851e+00
1.895743843862477851e+00
1.895743843862477851e+00
1.895743843862477851e+00
1.895743843862477851e+00
1.895135696981169904e+00
1.895135696981169904e+00
1.892399350537224301e+00
1.892399350537224301e+00
1.892399350537224301e+00
1.892399350537224301e+00
1.885498776645906815e+00
1.880556084895202762e+00
1.880556084895202762e+00
1.876739152704308022e+00
1.876739152704308022e+00
1.876739152704308022e+00
1.875954930060177883e+00
1.867754272086619149e+00
1.867739163404666280e+00
1.867438435212739334e+00
1.867355056440090477e+00
1.867355056440090477e+00
1.867355056440090477e+00
1.867060409652518738e+00
1.866964482325172536e+00
1.866951542456597668e+00
1.866949560155614529e+00
1.866949560155614529e+00
1.866137331968601432e+00
1.866137331968601432e+00
1.866042459572900825e+00
1.866027470638646379e+00
1.866024939631632851e+00
1.864264470359007886e+00
1.864264470359007886e+00
1.864264470359007886e+00
1.864210746653091277e+00
1.863307483186072755e+00
1.863257803208866026e+00
1.863255051716064203e+00
1.863224711963364699e+00
1.863169690994269434e+00
1.863167913212791849e+00
1.860393079945047878e+00
1.859982091833783047e+00
1.859855239195890686e+00
1.859571623372543892e+00
1.859387971768096559e+00
1.857455670297445405e+00
1.857247768584991743e+00
1.857243574749887216e+00
1.857242929616295113e+00
1.857242929616295113e+00
