-7.711426541325800521e+00
-3.010973553806745251e+00
-4.836699293746769435e+00
-5.897124131720999252e+00
-3.561818743081858418e+00
-1.763033881385270563e-01
-5.905795193729811210e+00
-2.417794666745764154e+00
-8.351051017680706512e-02
-5.555534624926753651e+00
-3.029302533944087994e+00
-6.041466489444889731e+00
-3.802226280799286151e+00
-8.774982128542960780e-01
-3.961524518624517821e+00
-1.274766162057692886e+00
-1.435958450914204265e+00
-5.276720540257599623e+00
-3.021813944515218342e+00
-9.293832432944547639e-01
-7.722861407553745394e+00
-2.435253961460535521e+00
-7.407033874749108016e+00
-2.224433508532382753e+00
-6.536867985748163745e-01
-6.042926896289475991e+00
-3.133955195660763859e+00
-4.325273920590444021e+00
-3.426522931469948574e+00
-5.707838313702534805e+00
-1.740928070003220363e+00
-8.321463244140410442e-03
-6.185150897520269808e+00
-2.576326792509350039e+00
-1.145114868176718925e+00
-6.021458159093119988e+00
-1.823695047168290895e+00
7.300191499876300671e-01
-6.243091302046690494e+00
-3.469876628723508549e+00
-4.817352882468596831e-01
-7.709095893223625318e+00
-1.863758471047082921e+00
1.632031431613000461e+00
-6.068574379979200240e-01
-2.213932537315303595e+00
-6.627734098173517552e+00
-3.097336221310731386e+00
3.236344775809387730e-01
-7.806299850484891500e+00
-2.284895576274549089e+00
1.064486496368926005e+00
-7.429338541032489474e+00
-4.352074356695758262e+00
1.508848627023278710e-01
-5.196554341560942980e+00
-2.048711393609006226e+00
3.797143311636911461e-02
-8.200157367733957869e+00
-3.887840061522603197e+00
-3.470545423156019549e-01
-7.023370233481173841e+00
-1.269745659263164184e+00
-5.240542802242800668e+00
-3.006829398747065341e+00
-6.979859086629266685e+00
-1.839868709970344796e+00
-5.394639406588186858e+00
-3.091654269202323224e+00
-5.502316295869293050e+00
-1.877388987534003739e+00
-5.811301890457062136e+00
-1.776554395101509032e+00
-5.018418644289950770e+00
-2.345997738132495236e+00
-5.958483167666687841e+00
-5.045724132383069271e-01
-6.250297003249255745e+00
-2.077874258543995101e+00
-5.848748257459319255e+00
-1.056821186737950669e+00
-4.770662470583313386e+00
-3.323713461602869401e+00
-3.973780516133611940e+00
-3.228105319021573827e+00
-4.328397968348162372e+00
-4.142212408299872806e+00
-2.959838742441907034e+00
-2.252387587086358778e+00
-4.172994277476328229e+00
-2.897186898831135782e+00
-3.238475598549105161e+00
-3.602141608986314303e+00
-4.819081536887116712e+00
-3.314737964731997444e+00
6.246946631435997821e-01
-3.639383176764076744e+00
-3.403323116995804920e+00
1.266188992833089388e+00
-3.952017299539165585e+00
-2.909451942947777425e+00
5.413339158547534335e-01
-4.471113182054534008e+00
-2.322761987517453885e+00
5.013266681511991951e-01
