-4.955758561591576239e+00
-2.735908871787685381e+00
-5.818630657502104064e+00
-5.831111673676516283e+00
-2.651939140764827840e+00
9.471856602699961769e-01
-6.212075280775656516e+00
-2.773741145161233934e+00
4.766716171571496741e-01
-5.172808314441712518e+00
-3.722054334751024651e+00
-6.174677622953823608e+00
-4.533066805364585505e+00
-1.492063920078370853e-01
-3.781912276750297952e+00
-1.932849493927940809e+00
-1.550710601470875138e+00
-6.932301753197564587e+00
-4.289742175069969576e+00
-1.273731982988164591e+00
-6.149123969536749890e+00
-3.293719381104457167e+00
-7.644061314867978574e+00
-3.283260376463693397e+00
2.696597960326758692e-01
-5.692954416987119792e+00
-3.829234779991827153e+00
-5.806949526035235287e+00
-3.994510383513423690e+00
-7.094779653057390334e+00
-1.579920019085812921e+00
2.247498633570015614e-01
-6.809016158771253657e+00
-3.920527778129211605e+00
-7.101393686410920614e-01
-5.587848230527359128e+00
-3.490299951919130894e+00
-6.271426017553846655e-02
-7.194914004357550574e+00
-3.303222500799693151e+00
2.383325460550702601e-01
-6.040394894032518280e+00
-3.324592184086900826e+00
1.881826033014842303e-01
-1.699878305676919554e+00
-3.844748500228893029e+00
-7.424663514216539362e+00
-2.078101279714746674e+00
-1.022063953447775564e+00
-7.216725117990020699e+00
-3.485645182459374603e+00
-4.360429901150404963e-01
-8.127603548753029372e+00
-3.982951895477878868e+00
1.761993604289188442e-01
-6.433207921369914928e+00
-4.596430961927250536e+00
-1.148319970038240607e-02
-8.228604485980344663e+00
-3.994554723188425971e+00
3.004971436248132233e-01
-5.618645459124123498e+00
-6.764021954681219695e-01
-4.255682785892265230e+00
-6.677820936598733992e-01
-5.949310395035241505e+00
-9.850099679814706688e-01
-5.855576892640554476e+00
-3.751550945202599685e+00
-4.847877659113305704e+00
-2.777927020159418170e+00
-6.502239101445439040e+00
-1.268733771508511188e+00
-5.083634337405830372e+00
-2.753030380967573354e+00
-5.000793752498498890e+00
-3.000281422817084653e+00
-4.943731653884690047e+00
-1.287379154340685172e+00
-6.719395651927971613e+00
-2.209595184148291924e+00
-2.724093088968615461e+00
-3.056431787660936372e+00
-2.865011281643664365e+00
-3.246693752533017729e+00
-2.617956565106986044e+00
-3.899732877321332225e+00
-4.070214470856353017e+00
-1.906966215027625644e+00
-4.240262006871268419e+00
-1.952213386999096523e+00
-3.148148113505140344e+00
-1.518879927058337742e+00
-3.219014590369130513e+00
-2.371642926936674112e+00
4.821770589122672396e-02
-4.885248631918959639e+00
-1.493383538654002418e+00
1.274218471520441653e+00
-4.997201378589059217e+00
-2.425135648810258893e+00
-1.121260592837206582e-01
-5.479378537552655359e+00
-2.278932646894510583e+00
-2.201103926523482746e-01
