-5.255120508306116989e+00
-2.845163416234903320e+00
-5.924835898832648162e+00
-4.861893784890311210e+00
-3.681492894190998566e+00
-2.000000000000000000e+00
-5.983063617460620875e+00
-2.425756164849214080e+00
2.000000000000000000e+00
-5.801766535007388370e+00
-3.523068987891790460e+00
-6.271889776144745632e+00
-2.589578249315205749e+00
0.000000000000000000e+00
-3.833038648665562320e+00
-2.217533520212786158e+00
-6.587591445389219258e-01
-6.285120358969829901e+00
-2.864270212557489703e+00
-7.198417423264606707e-02
-7.107499380640438957e+00
-1.931750331181157687e+00
-7.579253125180332340e+00
-1.000000000000000000e+00
5.601315381287563788e-01
-5.596430692874359458e+00
-2.491414219548873987e+00
-6.858779733836442460e+00
-3.089658376847149945e+00
-7.498671266819659564e+00
-2.867664460305026086e+00
1.473879475111355752e+00
-5.338303776112338639e+00
-1.000000000000000000e+00
-1.461073089905050137e+00
-4.542078216037324978e+00
-2.794907028360822832e+00
-4.595619952279890730e-01
-4.316086026752346427e+00
-3.972198847944847788e+00
-8.276174739224015919e-01
-7.851504982764705431e+00
-3.671591531820026066e+00
1.442470067166134351e+00
-1.372083149472688834e+00
-3.404531647060917710e+00
-5.673777083062931048e+00
-3.531168711037411700e+00
-1.999998087688772630e+00
-8.145275540988215823e+00
-3.040113773390958674e+00
2.000000000000000000e+00
-7.610965880843590270e+00
-1.407488669080142252e+00
2.291500684616370742e-01
-6.172207841992631394e+00
-2.917827536205350292e+00
-4.668892621920082697e-01
-6.662154306047914254e+00
-3.575887079790673884e+00
2.000000000000000000e+00
-7.126296463670409587e+00
-2.606513220294197186e+00
-4.541537384651149090e+00
-1.826073069563228790e+00
-6.889036662189441884e+00
-3.838018657920935772e-01
-6.557844401060103579e+00
-1.644742265215832111e+00
-5.453924813816374950e+00
-3.388450977291832533e+00
-7.244309279329895546e+00
-6.109651785811790470e-01
-5.333162819857925285e+00
-2.230730806515132336e+00
-5.989912868992722572e+00
-1.555973102783093420e+00
-4.854254911632420288e+00
-8.271729023298337591e-01
-7.547199698513022526e+00
2.787536009528290837e-01
-5.690196149515636570e+00
-2.060572082059844323e+00
-2.556021270156482839e+00
-4.092114053077612112e+00
-2.313612970933077939e+00
-3.175242652638053720e+00
-3.634861517799488961e+00
-1.421952812965793234e+00
-4.321037627512687607e+00
-5.000000000000000000e+00
-5.690196149515636570e+00
-2.292830730115210436e+00
-4.836341214993032267e+00
-2.768141070384692259e+00
2.817363535916474593e+00
-4.013916349113805460e+00
-2.259206848874701024e+00
1.299696967103336709e+00
-5.372930002380349457e+00
-3.251670393930647496e+00
9.282526458167210670e-01
-5.760016047223063040e+00
-2.353502232849626452e+00
2.063064314163664648e+00
