-5.496300522267475230e+00
-2.862435169433333648e+00
-5.842413992036652459e+00
-4.181555948743387319e+00
-2.285118806452655527e+00
-2.000000000000000000e+00
-6.171643197304359951e+00
-2.709205308923067435e+00
1.174519271697116451e+00
-5.218117227221908294e+00
-4.173592952229166819e+00
-7.218899509616877985e+00
-2.907681292000117601e+00
-1.599498209880581001e-01
-2.787718489530700339e+00
-3.094281054819360222e+00
-1.930576372262317264e+00
-6.643266488802787251e+00
-3.129187395186076692e+00
-2.469618912325359517e-01
-8.362964748667314652e+00
-3.485482807679641581e+00
-8.439294527274304514e+00
-3.529673173282719567e+00
1.747415939244740368e+00
-5.438896417708146025e+00
-1.311102461274374020e+00
-5.544048450270381956e+00
-4.069055993771461210e+00
-7.006063638503368551e+00
-1.630766423025383327e+00
5.533260115014463354e-01
-7.090223553064855189e+00
-2.829888652153884188e+00
-1.117134937012123297e+00
-5.971370022763220931e+00
-2.831310194566660332e+00
1.196317110928409866e+00
-6.773060845538457109e+00
-3.898689795467094932e+00
8.140814613295432878e-01
-7.137575370922820461e+00
-2.270161359529373701e+00
6.567876349621234455e-01
-1.732871788359422904e+00
-5.000000000000000000e+00
-6.652074491684549784e+00
-3.505139087835466682e+00
-1.417742371867806384e+00
-5.766076529133322914e+00
-3.321418174101794296e+00
-9.821703265465611121e-01
-8.046132912670586279e+00
-4.353637549089997449e+00
-1.011658805818651086e+00
-8.397391782738848676e+00
-2.562165759791755537e+00
5.084040920093833016e-01
-7.471526448781366625e+00
-3.701159888736024861e+00
2.554019260467922936e-01
-5.912507568078128273e+00
-3.982793193600831505e-01
-4.658661224972121317e+00
-2.180938855425330392e+00
-7.011854914174287856e+00
-2.283104887916559633e+00
-7.086985005711309960e+00
-2.497190889502378219e+00
-5.938395098018266260e+00
-1.826788445171293240e+00
-6.366786046365872309e+00
-6.892371859605148643e-01
-7.549329395111898044e+00
-9.419977471255754908e-01
-6.656374100791301984e+00
4.139268515822491779e-02
-7.911804190532553349e+00
-1.852280387331610934e+00
-5.202579131845896931e+00
-3.721246399047171138e+00
-4.103332203278496237e+00
-2.996196765398622119e+00
-3.013593704332629741e+00
-2.047339864684018185e+00
-3.321914340723151060e+00
-3.105502943773835511e+00
-2.013739401827941755e+00
-4.749785350357623948e+00
-3.315939058897868108e+00
-2.730290387484745729e+00
-3.443133147830490959e+00
-3.424729166291795579e+00
-3.144701235406015982e+00
-3.081403204308022836e+00
-3.890390489440864741e-01
-4.373200086996098079e+00
-3.125911032354660612e+00
1.195595377274364601e+00
-4.072896776004074404e+00
-2.101631454336691185e+00
1.011245256241102064e+00
-4.074590914220343585e+00
-3.806989024629494178e+00
-5.697737007079567428e-01
