-5.920454839277258685e+00
-2.716663269200019215e+00
-5.590535102471970497e+00
-6.802329980359584916e+00
-3.542493871758420898e+00
1.728710726158982469e+00
-5.819415500026681620e+00
-1.000000000000000000e+00
3.541283927411099097e-01
-5.910611442659929438e+00
-4.517221733790620419e+00
-6.158498302737412722e+00
-3.453280491336726321e+00
-1.075612977656509539e+00
-2.679993061752921957e+00
-1.375753931361352489e+00
-6.202626059240984313e-01
-6.708177535208279529e+00
-2.037177160313453861e+00
7.402573660398512612e-01
-6.561592901564395675e+00
-3.766134079620985453e+00
-1.030102999566398125e+01
-3.260711851141835815e+00
1.847465441482582515e-01
-7.667974498666060512e+00
-1.416850297413873916e+00
-3.154901959985743076e+00
-3.117294231846276631e+00
-6.229548530127432926e+00
-1.496476543459532182e+00
8.750433569618039087e-01
-7.549712497892337559e+00
-3.908750023444504063e+00
-8.671584662813570654e-01
-5.353001577066793359e+00
-1.814885338880269483e+00
-9.588308492656320015e-01
-7.236856255906512381e+00
-3.006410999617711521e+00
-1.256175979781494756e-01
-6.407406050779888673e+00
-3.612884039982370510e+00
-5.186975114224368077e-01
-5.635614076774585479e-01
-2.394364063023314504e+00
-5.971851782760413840e+00
-1.965941281276445851e+00
1.529417533905480742e+00
-6.167048858982120407e+00
-4.453802394918385588e+00
-7.267127675363942441e-01
-7.395042492894813968e+00
-1.977525142207262165e+00
-9.702579764876724244e-01
-7.994799329700911450e+00
-2.190769343614048292e+00
-5.640967552891937853e-01
-6.926370799768097442e+00
-3.969230718360581722e+00
-1.699129251309752009e+00
-5.096647196255381651e+00
-5.766975785216980899e-02
-5.575843071744860602e+00
-1.314074717420245175e+00
-5.141791193031310492e+00
-3.032616946619742571e+00
-6.638983048333596315e+00
-2.713690407358713141e+00
-5.059706810566718893e+00
-2.344273672268936792e+00
-7.308364022784685332e+00
-2.669581817271861723e+00
-4.534758106932763155e+00
-2.915923938578717678e+00
-4.937421348718046055e+00
-7.483649408214543275e-01
-4.495606154871989446e+00
-4.674638146820143669e-01
-6.345915816631009676e+00
-1.848087438131615023e+00
-5.566318638728970924e+00
-2.818790475485129399e+00
-5.690196149515636570e+00
-2.405682744760987202e+00
-4.113209704197352323e+00
-3.578774942407125792e+00
-4.913324211195003954e+00
-3.571524903049955846e+00
-4.013030628165503266e+00
-2.031070488144319341e+00
-4.911818410607844854e+00
-2.108907879324011692e+00
-3.052969551676271820e+00
-5.000000000000000000e+00
1.585302204647017099e+00
-4.450439390842620746e+00
-2.080135002457821347e+00
-2.821007570721699720e-01
-4.891097643341239198e+00
-2.824973508600453265e+00
2.927621448634163959e-01
-5.328574293218467872e+00
-1.671465734187111307e+00
2.181249301873642299e+00
