-6.387005778786766896e+00
-1.466657853044959214e+00
-3.217193433360676202e+00
-6.804731203725615352e+00
-2.252199621617972713e+00
-1.607965225033221035e+00
-5.928565806844189545e+00
-4.503775868701269225e+00
-5.244137497152685512e-01
-5.626220306562768947e+00
-3.639552660973266907e+00
-4.514789843206326481e+00
-2.251515423566902818e+00
-8.739452288542584046e-01
-3.718462546878412933e+00
-2.276450627410221639e+00
-2.358716378976513095e+00
-7.629351015815323933e+00
-4.032796543767391384e+00
2.054091770313912768e-01
-7.909162085390867958e+00
-1.041826314197824566e+00
-9.479120842594586094e+00
-4.212067622816787704e+00
9.705676125111763197e-02
-5.286808157666042618e+00
-3.563320879258521146e+00
-4.003003138046798526e+00
-4.343943966815187352e+00
-6.374077962046760248e+00
-2.693212717924336363e+00
-7.071784815748226594e-01
-5.824009570090765031e+00
-4.146422273322918350e+00
-2.229095466542625470e+00
-5.855342464638657596e+00
-2.253625712314981655e+00
-9.730948858285428660e-01
-6.813392024679656878e+00
-3.154212835639119916e+00
-6.352759385474114895e-01
-7.093950950654707377e+00
-3.681319086615274738e+00
-2.039419769096273705e-01
-1.342593965565185288e+00
-3.582773819098113322e+00
-6.191364447481864097e+00
-2.994857322962641621e+00
-3.274773887664815253e-01
-7.961311269030717952e+00
-2.426156558978557864e+00
2.337637178962214679e-01
-5.000000000000000000e+00
-3.822583300165584674e+00
2.838849469033869477e-01
-7.990684864941505872e+00
-2.289785239596970001e+00
8.668597497368035754e-02
-6.181586122396580230e+00
-1.960649272084366679e+00
5.345014489495238941e-01
-5.636108520548105183e+00
3.626841075395166869e-01
-6.089838029410095110e+00
-6.234349963094254488e-01
-6.527271525553079101e+00
-1.006277963976604628e+00
-5.987443336383086567e+00
-1.119862763764058133e+00
-6.421558375659841111e+00
-1.338113307422219345e+00
-6.529517887125228626e+00
-9.712592047681845031e-01
-4.425262151615263484e+00
-1.864677912424551387e+00
-6.585924083547158858e+00
-1.733636116467391908e+00
-6.938358280250782606e+00
-2.680527551776248352e+00
-5.173040389748029710e+00
-1.525684969263244817e+00
-4.579078387584896603e+00
-4.637912127327249223e+00
-3.728740015969655541e+00
-3.674373180467234601e+00
-3.841275396414269405e+00
-3.707575458106886490e+00
-3.271377998998653336e+00
-3.619095555843818257e+00
-3.929108027621266430e+00
-3.064408582543889814e+00
-2.999650889342891702e+00
-3.553484904594846672e+00
-4.583435471059007504e+00
-3.383386440021591834e+00
1.377597282705881998e+00
-5.271793608053533475e+00
-3.653849609356571992e+00
3.533377137015265568e-01
-5.542906506690072455e+00
-1.810362715487901841e+00
1.278336623453779852e+00
-2.544161268576510704e+00
-1.747465759144727571e+00
1.551910827034895801e+00
