2.061425329314963761e+01
2.061425329314963761e+01
2.061425329314963761e+01
2.061425329314963761e+01
1.689142295438490038e+01
1.377268893888959056e+01
1.153629145268273959e+01
1.006978691870305376e+01
9.342211836838075101e+00
9.091583790566069467e+00
8.568329476778229647e+00
4.981736283984832703e+00
4.981736283984832703e+00
4.961017925694314101e+00
4.064890914358774587e+00
4.064890914358774587e+00
3.566735557606715901e+00
3.566735557606715901e+00
3.566735557606715901e+00
2.922355463447805946e+00
2.584170991953921082e+00
1.245774659917276095e+00
1.245774659917276095e+00
1.227099614914072490e+00
1.149297278356889551e+00
9.010994852907255881e-01
9.010994852907255881e-01
6.580391437851179637e-01
6.580391437851179637e-01
5.965125488239110263e-01
5.965125488239110263e-01
4.372691618222243060e-01
4.182430218306964487e-01
4.182430218306964487e-01
3.954736106070086410e-01
3.954736106070086410e-01
3.906110165289660707e-01
3.906110165289660707e-01
3.906110165289660707e-01
3.906110165289660707e-01
3.906110165289660707e-01
3.906110165289660707e-01
3.906110165289660707e-01
3.906110165289660707e-01
3.906110165289660707e-01
3.878521340606846390e-01
3.743405401133750310e-01
3.489797141440418859e-01
3.466387114395914071e-01
3.417734962037052848e-01
3.417734962037052848e-01
3.349650307859464715e-01
3.349650307859464715e-01
3.349650307859464715e-01
3.349650307859464715e-01
3.081657890590015492e-01
3.081657890590015492e-01
3.081657890590015492e-01
3.081657890590015492e-01
2.944855625395040866e-01
2.807145078185701026e-01
2.807145078185701026e-01
2.807145078185701026e-01
2.690349965088988382e-01
2.690349965088988382e-01
2.393167032628277513e-01
2.393167032628277513e-01
2.363604646410917831e-01
2.363604646410917831e-01
2.363604646410917831e-01
2.363604646410917831e-01
2.363604646410917831e-01
2.363604646410917831e-01
2.363604646410917831e-01
2.363604646410917831e-01
2.200284120437913382e-01
2.074864450389389270e-01
2.055104913717431259e-01
2.046361357798112124e-01
2.046361357798112124e-01
2.014968319703594191e-01
1.854339817866572093e-01
1.854339817866572093e-01
1.854339817866572093e-01
1.854339817866572093e-01
1.654768319209910798e-01
1.654768319209910798e-01
1.516897188800947760e-01
1.506840095462146922e-01
1.465264807507410949e-01
1.465264807507410949e-01
1.465264807507410949e-01
1.465264807507410949e-01
1.465264807507410949e-01
1.465264807507410949e-01
1.465264807507410949e-01
1.406783193000049892e-01
1.335062380435856066e-01
1.274995851041438033e-01
1.274995851041438033e-01
1.274995851041438033e-01
1.246793180685639713e-01
1.246793180685639713e-01
1.246793180685639713e-01
1.217912394132192877e-01
1.190468874884921674e-01
1.174625365854891496e-01
1.174625365854891496e-01
1.174625365854891496e-01
1.106935739770990718e-01
1.106935739770990718e-01
1.090983266343002883e-01
1.090983266343002883e-01
1.090983266343002883e-01
1.090983266343002883e-01
1.090983266343002883e-01
1.085792385287967649e-01
1.078998993711600685e-01
1.077042312084497966e-01
1.027575909202654569e-01
1.017048391879413899e-01
9.633991669403815794e-02
9.633991669403815794e-02
9.633991669403815794e-02
9.580182903870131106e-02
9.580182903870131106e-02
9.572971740148562836e-02
9.231497689777710958e-02
9.231497689777710958e-02
9.231497689777710958e-02
9.231497689777710958e-02
9.231497689777710958e-02
9.231497689777710958e-02
9.231497689777710958e-02
9.151037039985142341e-02
9.151037039985142341e-02
8.956780779983608554e-02
8.898946943430199874e-02
8.890891843692244612e-02
8.889034705666594427e-02
8.888507217081523248e-02
8.888339189456193057e-02
8.888309950461481534e-02
8.888300392501968794e-02
8.888277448962214611e-02
8.888277448962214611e-02
8.883222627751667655e-02
8.883222627751667655e-02
8.856805186100680238e-02
8.856331004750382652e-02
8.671626757151612575e-02
8.637938521817006832e-02
8.635753840064902542e-02
8.635592004238644426e-02
8.635536512083488714e-02
8.581344268387293417e-02
8.527198753465893566e-02
8.521484037883453322e-02
8.520509646888316246e-02
8.520335766515531317e-02
8.520293504310438859e-02
8.520282658850998614e-02
8.512226785900602055e-02
8.508039434563186010e-02
8.507268867173059523e-02
8.490915959066586138e-02
8.490915959066586138e-02
8.478597954709707341e-02
8.475990581371012356e-02
8.475738099806146009e-02
8.354196721577840379e-02
8.354196721577840379e-02
8.354196721577840379e-02
8.354196721577840379e-02
8.354196721577840379e-02
8.354196721577840379e-02
8.354196721577840379e-02
8.157307567669386250e-02
8.107896769658588798e-02
8.098452061868514906e-02
8.097667379393351517e-02
8.062976942596589147e-02
8.061810214791330365e-02
8.057823059681663846e-02
7.898746031606362905e-02
7.755395882642153460e-02
7.748769162551237544e-02
7.600398328067854703e-02
7.600398328067854703e-02
7.591009618110998447e-02
7.589944568722174767e-02
7.589910213969570940e-02
7.589906306870020103e-02
7.569545074235581317e-02
7.478092696074356560e-02
7.477164368930426519e-02
7.414748051531129536e-02
7.409356298590411005e-02
7.409300901234268377e-02
7.365400164244149950e-02
