2.570008512064086403e+01
2.570008512064086403e+01
2.570008512064086403e+01
1.991611548587704661e+01
1.627362098803258661e+01
1.492076926408795501e+01
1.492076926408795501e+01
1.065542400298706482e+01
6.168940892227064765e+00
6.168940892227064765e+00
6.168940892227064765e+00
6.168940892227064765e+00
6.168940892227064765e+00
6.168940892227064765e+00
5.454224477745061250e+00
4.390632482003457682e+00
4.390632482003457682e+00
4.390632482003457682e+00
4.390632482003457682e+00
3.713169382477144786e+00
3.713169382477144786e+00
3.713169382477144786e+00
3.713169382477144786e+00
3.713169382477144786e+00
3.713169382477144786e+00
2.754111203892096960e+00
2.754111203892096960e+00
2.754111203892096960e+00
2.754111203892096960e+00
2.473391874021457326e+00
2.413632018301285598e+00
2.021388445096736319e+00
1.889345700588728860e+00
1.710038972912294231e+00
1.574462944041075119e+00
1.553587246364130481e+00
1.506505273657465338e+00
1.384639341543272506e+00
1.335922747709758607e+00
1.335922747709758607e+00
1.335922747709758607e+00
1.335922747709758607e+00
1.317555230804090316e+00
1.317555230804090316e+00
1.290688016032054852e+00
1.290688016032054852e+00
1.275993560629295587e+00
1.244159795372197230e+00
1.244159795372197230e+00
1.244159795372197230e+00
1.244159795372197230e+00
1.244159795372197230e+00
1.208088195915496321e+00
1.207219185010184548e+00
1.196973317874862941e+00
1.196973317874862941e+00
1.196973317874862941e+00
1.171619763389904811e+00
1.171619763389904811e+00
1.154828573664656410e+00
1.154828573664656410e+00
1.140087866007697404e+00
1.140087866007697404e+00
1.140087866007697404e+00
1.131053988250459108e+00
1.106326072078503087e+00
1.106326072078503087e+00
1.106326072078503087e+00
1.106326072078503087e+00
1.106326072078503087e+00
1.106326072078503087e+00
1.101312094546089027e+00
1.097937532662890625e+00
1.097937532662890625e+00
1.097937532662890625e+00
1.097937532662890625e+00
1.097937532662890625e+00
1.097937532662890625e+00
1.094949138946440526e+00
1.094949138946440526e+00
1.094949138946440526e+00
1.093845877981954429e+00
1.092205364574850623e+00
1.092205364574850623e+00
1.092205364574850623e+00
1.092205364574850623e+00
1.092205364574850623e+00
1.092205364574850623e+00
1.092205364574850623e+00
1.092205364574850623e+00
1.092205364574850623e+00
1.082133407774744871e+00
1.082133407774744871e+00
1.082133407774744871e+00
1.082133407774744871e+00
1.082133407774744871e+00
1.082133407774744871e+00
1.082133407774744871e+00
1.082133407774744871e+00
1.078994509664568335e+00
1.078504871358420880e+00
1.073233335802347810e+00
1.063097413252584555e+00
1.063097413252584555e+00
1.063097413252584555e+00
1.061684558726137428e+00
1.061556973691176742e+00
1.061556973691176742e+00
1.061556973691176742e+00
1.061556973691176742e+00
1.059925755796155000e+00
1.059925755796155000e+00
1.059925755796155000e+00
1.059925755796155000e+00
1.058059656277205995e+00
1.058059656277205995e+00
1.058059656277205995e+00
1.058059656277205995e+00
1.058059656277205995e+00
1.058059656277205995e+00
1.058059656277205995e+00
1.056934561175175480e+00
1.055761810502117370e+00
1.055761810502117370e+00
1.055761810502117370e+00
1.055761810502117370e+00
1.052969481796786955e+00
1.049809658426010150e+00
1.049809658426010150e+00
1.048161822614871230e+00
1.048161822614871230e+00
1.048105857805766039e+00
1.048105857805766039e+00
1.046549250785985485e+00
1.046549250785985485e+00
1.046549250785985485e+00
1.046549250785985485e+00
1.046549250785985485e+00
1.046549250785985485e+00
1.046549250785985485e+00
1.046549250785985485e+00
1.046549250785985485e+00
1.046549250785985485e+00
1.046247424807344339e+00
1.046247424807344339e+00
1.046247424807344339e+00
1.044347505106040463e+00
1.044211694079533626e+00
1.044211694079533626e+00
1.044211694079533626e+00
1.044211694079533626e+00
1.042871356203228128e+00
1.042369836779471592e+00
1.042369836779471592e+00
1.042369836779471592e+00
1.042369836779471592e+00
1.042369836779471592e+00
1.042369836779471592e+00
1.042369836779471592e+00
1.042369836779471592e+00
1.040611510981278576e+00
1.040611510981278576e+00
1.037636976004788325e+00
1.037636976004788325e+00
1.037636976004788325e+00
1.037636976004788325e+00
1.037636976004788325e+00
1.037636976004788325e+00
1.037485404853828452e+00
1.037485404853828452e+00
1.036110148341991222e+00
1.034945840683912488e+00
1.034816902267521987e+00
1.034801171925460839e+00
1.034799025703367903e+00
1.034055411712199390e+00
1.034055411712199390e+00
1.033625678542115400e+00
1.033560824723447125e+00
1.032925832565846358e+00
1.032925832565846358e+00
1.032304854200060129e+00
1.030443696849416169e+00
1.029650805490589960e+00
1.029604689630817527e+00
1.029600635297596156e+00
1.025925281467019001e+00
1.025925281467019001e+00
1.025925281467019001e+00
1.025925281467019001e+00
1.025925281467019001e+00
1.025925281467019001e+00
1.025925281467019001e+00
1.025198369443788060e+00
1.025165002212759857e+00
1.025164094488602240e+00
1.025164052459374142e+00
1.025164052459374142e+00
1.025164052459374142e+00
1.025164052459374142e+00
