2.058878204522199695e+01
1.995498441457376870e+01
1.760335763262140318e+01
1.597545512500399667e+01
1.597545512500399667e+01
9.460805177040951364e+00
9.460805177040951364e+00
9.460805177040951364e+00
9.460805177040951364e+00
9.460805177040951364e+00
9.460805177040951364e+00
7.575502301468315380e+00
7.575502301468315380e+00
7.575502301468315380e+00
7.575502301468315380e+00
7.425972653109243815e+00
7.026062815581616050e+00
7.026062815581616050e+00
5.771110924500089112e+00
5.771110924500089112e+00
5.771110924500089112e+00
4.818472517560052459e+00
4.677943610414822651e+00
4.128080551756579730e+00
3.823333150641110123e+00
3.823333150641110123e+00
3.823333150641110123e+00
3.823333150641110123e+00
3.823333150641110123e+00
3.823333150641110123e+00
3.287531607044970272e+00
3.129402971847465409e+00
2.357685062388695574e+00
2.023205763435860671e+00
1.890156259479179202e+00
1.890156259479179202e+00
1.890156259479179202e+00
1.890156259479179202e+00
1.637477999676127505e+00
1.637477999676127505e+00
1.581607836555892987e+00
1.581607836555892987e+00
1.581607836555892987e+00
1.581607836555892987e+00
1.512897459677750689e+00
1.512897459677750689e+00
1.512897459677750689e+00
1.512897459677750689e+00
1.482309691539047014e+00
1.469733963508668584e+00
1.429219263381177329e+00
1.308991631358561447e+00
1.308991631358561447e+00
1.282305209163776993e+00
1.246649704401321612e+00
1.246649704401321612e+00
1.246649704401321612e+00
1.246649704401321612e+00
1.246649704401321612e+00
1.233495577732632631e+00
1.198224662711002697e+00
1.191401617413914371e+00
1.191401617413914371e+00
1.191401617413914371e+00
1.170789880654579118e+00
1.093306121055628521e+00
1.044589242448097810e+00
1.044589242448097810e+00
1.044589242448097810e+00
9.412899143750425024e-01
9.412899143750425024e-01
9.412899143750425024e-01
9.412899143750425024e-01
9.412899143750425024e-01
9.412899143750425024e-01
9.020267081493793526e-01
8.552153666698508738e-01
7.853364921464561776e-01
7.093508132364501062e-01
6.718899478182307483e-01
6.718899478182307483e-01
6.285220184958322243e-01
6.285220184958322243e-01
5.941323839235483906e-01
5.941323839235483906e-01
5.941323839235483906e-01
5.545485989141079042e-01
4.791281184200056886e-01
4.182905489707619551e-01
4.169169131688093000e-01
4.075588398382972155e-01
4.022370480996533826e-01
3.757049216212276499e-01
3.420901830355629891e-01
3.256461016698905531e-01
3.192496669693788425e-01
2.825010560800176873e-01
2.825010560800176873e-01
2.825010560800176873e-01
2.825010560800176873e-01
2.734093155882805770e-01
2.734093155882805770e-01
2.691970726055337715e-01
2.664799976809310023e-01
2.664799976809310023e-01
2.664799976809310023e-01
2.436695412494090662e-01
2.434484050792297127e-01
2.434484050792297127e-01
2.434484050792297127e-01
2.245432545625258014e-01
2.243624420602503278e-01
2.243624420602503278e-01
2.141783643484274913e-01
2.104891728015805263e-01
2.053522586275689232e-01
1.991967911165637983e-01
1.975862316879825331e-01
1.975862316879825331e-01
1.975862316879825331e-01
1.975862316879825331e-01
1.975862316879825331e-01
1.840668269406228186e-01
1.764864384912636364e-01
1.628768925818009916e-01
1.616167201827284627e-01
1.616167201827284627e-01
1.616167201827284627e-01
1.543443288675666047e-01
1.471898515544544650e-01
1.471898515544544650e-01
1.471898515544544650e-01
1.471898515544544650e-01
1.471898515544544650e-01
1.424587487969801725e-01
1.239201434836274124e-01
1.106908698222825171e-01
1.106908698222825171e-01
1.093659615488740133e-01
1.075421162947015757e-01
9.459775099075336258e-02
9.459775099075336258e-02
9.459775099075336258e-02
9.459775099075336258e-02
9.459775099075336258e-02
9.330391476766568271e-02
9.193067198071211421e-02
9.193067198071211421e-02
9.193067198071211421e-02
9.193067198071211421e-02
9.193067198071211421e-02
8.438443359137351441e-02
8.438443359137351441e-02
7.369334634314178567e-02
7.000820758820530676e-02
6.948308816770530638e-02
6.683574712599152368e-02
6.683574712599152368e-02
6.203089271034344793e-02
6.037313460989657959e-02
5.745283356884797743e-02
4.768229534995620245e-02
4.551137959482250139e-02
4.524932748845942460e-02
4.520577894941772007e-02
4.519840872839098189e-02
4.519682914161973070e-02
4.474548827149534003e-02
4.413790653454580798e-02
4.369244755141113434e-02
4.340462189750686484e-02
4.161213613692055224e-02
4.151646818236386094e-02
4.150838806914729229e-02
4.150737334886740043e-02
4.150724050777800100e-02
4.150722906431719705e-02
4.148486534885707094e-02
4.144902576748603351e-02
4.116986634231329517e-02
4.116986634231329517e-02
4.109231715657596373e-02
4.105920573050707290e-02
4.105272820313580345e-02
4.095613844935821340e-02
4.095094339828770497e-02
4.095052823767323519e-02
4.094277594244336710e-02
4.093403843056816344e-02
4.093367592837998670e-02
4.086259100484092299e-02
4.086259100484092299e-02
4.086168730150292056e-02
4.085776188894574279e-02
4.085310130141869833e-02
4.082946905778520041e-02
4.082730385637169113e-02
4.082621717933194311e-02
4.082571196336313296e-02
4.082567288229764502e-02
