3.027228758468320891e+01
2.465532951233631920e+01
1.805764060717871544e+01
7.813083833476108353e+00
7.813083833476108353e+00
7.813083833476108353e+00
7.813083833476108353e+00
7.813083833476108353e+00
7.813083833476108353e+00
7.813083833476108353e+00
6.396410521874511090e+00
6.396410521874511090e+00
6.133284296823051207e+00
6.133284296823051207e+00
6.133284296823051207e+00
5.978590448241043021e+00
5.978590448241043021e+00
5.978590448241043021e+00
2.235726274470345665e+00
2.235726274470345665e+00
2.235726274470345665e+00
2.235726274470345665e+00
2.235726274470345665e+00
2.235726274470345665e+00
2.085836751473442163e+00
2.085836751473442163e+00
2.085836751473442163e+00
1.864668349197469821e+00
1.514846503282911483e+00
1.482039916180727612e+00
1.217804523017647300e+00
1.162012456409394989e+00
1.162012456409394989e+00
1.162012456409394989e+00
1.162012456409394989e+00
1.135771033758311344e+00
1.111377795808071500e+00
1.111377795808071500e+00
1.080069172981864334e+00
1.062548541887963216e+00
9.675206481355229648e-01
9.226985507058057534e-01
9.127658519872100529e-01
9.127658519872100529e-01
9.127658519872100529e-01
9.016748661452388403e-01
9.016748661452388403e-01
8.856923156174677514e-01
8.856923156174677514e-01
8.856923156174677514e-01
8.856923156174677514e-01
8.525248378988558029e-01
8.525248378988558029e-01
8.371907316325137849e-01
8.177171463675445562e-01
8.177171463675445562e-01
8.177171463675445562e-01
8.177171463675445562e-01
8.177171463675445562e-01
8.177171463675445562e-01
8.177171463675445562e-01
8.177171463675445562e-01
8.177171463675445562e-01
8.172644369604792347e-01
7.932177361363188517e-01
7.891589451808161959e-01
7.700513206871836269e-01
7.578523872437387121e-01
7.549270943185478755e-01
7.549270943185478755e-01
7.358572216795918886e-01
7.236009049948760596e-01
7.164827885363740378e-01
7.120707733122089156e-01
6.953736212906634906e-01
6.953736212906634906e-01
6.953736212906634906e-01
6.924396014296875235e-01
6.810317720453384904e-01
6.593529792725633110e-01
6.452571923738418258e-01
6.452571923738418258e-01
6.428959856215556989e-01
6.416364721762078949e-01
6.416364721762078949e-01
6.340903928150287694e-01
5.956712378453644652e-01
5.956712378453644652e-01
5.803102070379775324e-01
5.633850548545511483e-01
5.477555759726961959e-01
5.225049641402299549e-01
5.143958443369104350e-01
5.125104735154789592e-01
5.123867377100664866e-01
5.039466657183423459e-01
5.036438315234007534e-01
4.874054277491650100e-01
4.874054277491650100e-01
4.842896794965121376e-01
4.835414843993200984e-01
4.835414843993200984e-01
4.797351991253820391e-01
4.752986698732510340e-01
4.752986698732510340e-01
4.520268916161709338e-01
4.520268916161709338e-01
4.520268916161709338e-01
4.471763163773462835e-01
4.471763163773462835e-01
4.324298964811473245e-01
4.324298964811473245e-01
4.230635990475906105e-01
4.230635990475906105e-01
4.230635990475906105e-01
4.230635990475906105e-01
4.197551367654841492e-01
4.195213547361172912e-01
4.195213547361172912e-01
4.171171708572996017e-01
4.097685417394210106e-01
4.097685417394210106e-01
4.002236620434753145e-01
3.765974037011888820e-01
3.530333090312796074e-01
3.452912477899007793e-01
3.308492238274103325e-01
3.226389380130171847e-01
3.226389380130171847e-01
3.197829717661689330e-01
3.197829717661689330e-01
3.197829717661689330e-01
3.197829717661689330e-01
3.190827869514530901e-01
3.162356238144136134e-01
3.098358756426319305e-01
3.078371010595790103e-01
3.046449395073241306e-01
3.046449395073241306e-01
3.046449395073241306e-01
3.017396746834158927e-01
2.961801511901934192e-01
2.961801511901934192e-01
2.938990380587592766e-01
2.938990380587592766e-01
2.937954307908006713e-01
2.935712889019952976e-01
2.935712889019952976e-01
2.917004944501171426e-01
2.844906718450203043e-01
2.817189872423174757e-01
2.795575047153346926e-01
2.780658164396535015e-01
2.722207374125248935e-01
2.722207374125248935e-01
2.717321938004173543e-01
2.621471605666599869e-01
2.593037922836043396e-01
2.557631323170448390e-01
2.526636717608528038e-01
2.526636717608528038e-01
2.508107927575435325e-01
2.484891606554351096e-01
2.484891606554351096e-01
2.472185013552449517e-01
2.455211488655348329e-01
2.455211488655348329e-01
2.422516879083294328e-01
2.422516879083294328e-01
2.416379938521993898e-01
2.361791562605413397e-01
2.357195215807661171e-01
2.298941202266714112e-01
2.272974692816966402e-01
2.272974692816966402e-01
2.255335866208277029e-01
2.250860922089150951e-01
2.212245074260827393e-01
2.195322851897627270e-01
2.139248859585041462e-01
2.019803898099463146e-01
1.981882273908975312e-01
1.944117313932811342e-01
1.908991286672015453e-01
1.880059796797540483e-01
1.861352373842408425e-01
1.861146550635882357e-01
1.851136578278926303e-01
1.847168132149094311e-01
1.833745619438067465e-01
1.812290280626446537e-01
1.796075849225340637e-01
1.730322650289582154e-01
1.719988980424169422e-01
1.695275130554639853e-01
1.625009133054978461e-01
1.587087554551239177e-01
1.587087554551239177e-01
1.489811586203675930e-01
1.488534783959502839e-01
