4.901657359546106107e+01
4.865335539725386838e+01
4.780679786658686936e+01
4.703362584780829536e+01
4.703362584780829536e+01
4.424187421462350045e+01
4.166723788710517340e+01
3.988263625241011567e+01
3.721969155773025761e+01
3.213503257336150654e+01
2.752623206594995864e+01
2.678147689058934589e+01
2.678147689058934589e+01
2.661292670610301059e+01
2.343380557073094650e+01
2.199166745905395359e+01
2.192740112697231680e+01
2.192740112697231680e+01
1.957252288854414601e+01
1.736932534106820825e+01
1.543437367523216075e+01
9.912783087889742717e+00
4.700378659971127249e+00
3.704274190474142969e+00
2.798529220933336337e+00
1.821869753965123850e+00
1.821869753965123850e+00
1.720719196772903858e+00
1.422241764366971584e+00
1.183970716277230162e+00
1.057813176011691780e+00
1.014628903805398386e+00
8.583119592894976613e-01
7.469209049776908138e-01
5.944163882390157694e-01
4.585812025432819961e-01
4.034149400174155686e-01
3.493854903998028227e-01
2.954767219734997230e-01
2.767719225898658264e-01
2.767719225898658264e-01
2.592390460041951172e-01
2.592390460041951172e-01
2.587089986476286962e-01
2.196444884970685518e-01
1.976437082419355007e-01
1.976437082419355007e-01
1.976437082419355007e-01
1.976437082419355007e-01
1.926631833963770857e-01
1.851398112370782056e-01
1.851398112370782056e-01
1.811603814168383231e-01
1.738535131946398749e-01
1.738535131946398749e-01
1.530330193908712999e-01
1.485707802211710393e-01
1.420555139932249133e-01
1.420555139932249133e-01
1.410793713868256916e-01
1.410793713868256916e-01
1.410793713868256916e-01
1.231067900634935514e-01
1.231067900634935514e-01
1.231067900634935514e-01
1.231067900634935514e-01
1.231067900634935514e-01
1.216313095881984413e-01
1.083222862660196822e-01
1.083222862660196822e-01
1.083222862660196822e-01
1.048060869222122438e-01
1.035464736137619163e-01
1.035464736137619163e-01
1.035464736137619163e-01
1.035464736137619163e-01
1.035464736137619163e-01
1.013620042749726335e-01
9.846656000242022533e-02
9.846656000242022533e-02
9.846656000242022533e-02
9.846656000242022533e-02
9.846656000242022533e-02
9.846656000242022533e-02
9.467396254962692770e-02
9.067972806070882796e-02
9.067972806070882796e-02
8.584512858728350626e-02
8.584512858728350626e-02
8.186789956308812566e-02
7.957019941646117922e-02
7.922514244640241343e-02
7.922514244640241343e-02
7.922514244640241343e-02
7.922514244640241343e-02
7.887255403377672891e-02
7.887255403377672891e-02
7.865671822223972709e-02
7.865671822223972709e-02
7.711330440125611918e-02
7.628113611381084902e-02
7.628113611381084902e-02
7.628113611381084902e-02
7.628113611381084902e-02
7.628113611381084902e-02
7.628113611381084902e-02
7.510597389024742387e-02
7.510597389024742387e-02
7.325832070868917856e-02
7.325832070868917856e-02
7.325832070868917856e-02
7.325832070868917856e-02
7.325832070868917856e-02
7.325832070868917856e-02
7.061315869786388699e-02
7.061315869786388699e-02
6.791838280025686014e-02
6.791838280025686014e-02
6.791838280025686014e-02
6.791838280025686014e-02
6.717811670501777632e-02
6.557827482024465582e-02
6.524146694147599235e-02
6.516992252040951228e-02
6.515221645888946700e-02
6.397458994581659009e-02
6.241337842794428270e-02
6.187961625384346548e-02
6.187961625384346548e-02
5.994693160908779600e-02
5.994693160908779600e-02
5.782556879072953127e-02
5.747831345462024732e-02
5.747831345462024732e-02
5.732850678594273580e-02
5.732850678594273580e-02
5.732850678594273580e-02
5.679706773035416573e-02
5.673774590020520814e-02
5.673774590020520814e-02
5.673774590020520814e-02
5.670440896225661248e-02
5.670440896225661248e-02
5.670440896225661248e-02
5.670440896225661248e-02
5.616071066180595983e-02
5.616071066180595983e-02
5.616071066180595983e-02
5.616071066180595983e-02
5.616071066180595983e-02
5.616071066180595983e-02
5.616071066180595983e-02
5.616071066180595983e-02
5.616071066180595983e-02
5.616071066180595983e-02
5.601575368169198210e-02
5.599515846510462469e-02
5.598897473901693483e-02
5.598809131202352185e-02
5.598764188470876230e-02
5.556564099024629416e-02
5.530911165376478644e-02
5.530911165376478644e-02
5.500689567201960672e-02
5.497979783459819303e-02
5.497691414687251588e-02
5.497635309753413219e-02
5.497615520727921340e-02
5.497615375043464481e-02
5.497613589366263237e-02
5.497613589366263237e-02
5.457217589961922688e-02
5.457217589961922688e-02
5.457217589961922688e-02
5.457217589961922688e-02
5.457217589961922688e-02
5.457217589961922688e-02
5.457217589961922688e-02
5.383331227216218984e-02
5.383331227216218984e-02
5.342506319718275803e-02
5.342506319718275803e-02
5.342506319718275803e-02
5.340798586927088948e-02
5.340798586927088948e-02
5.335617230768787550e-02
5.335423840860154671e-02
5.335396463403473122e-02
5.335392763091594687e-02
5.335392763091594687e-02
5.335392763091594687e-02
5.335392763091594687e-02
5.335388408277186995e-02
5.335375565970178202e-02
5.335375565970178202e-02
5.335375565970178202e-02
5.335368186969994403e-02
5.335368186969994403e-02
5.335359857873148842e-02
5.282630099895684744e-02
