3.106524292054155723e+01
3.106524292054155723e+01
2.953153328873647965e+01
2.628360734405906740e+01
2.417864163817717227e+01
2.297041137464839977e+01
1.690944948700587958e+01
1.120434517371438687e+01
7.840608454550616280e+00
5.891541121224246780e+00
4.792971370307253842e+00
4.198353287968645375e+00
4.198353287968645375e+00
3.709586323548580644e+00
3.489559865466628885e+00
3.418653042778555751e+00
3.418653042778555751e+00
2.652889938908766787e+00
2.609646464499222773e+00
2.609646464499222773e+00
2.609646464499222773e+00
2.609646464499222773e+00
2.609646464499222773e+00
2.602209036447929336e+00
2.552996622187555520e+00
2.552996622187555520e+00
2.552996622187555520e+00
1.951481410297228880e+00
1.858151928662515218e+00
1.433687016261874891e+00
1.035641136749378077e+00
8.958468941004662511e-01
8.958468941004662511e-01
6.751159792882824862e-01
6.449743125464850735e-01
6.073637341362173592e-01
6.073637341362173592e-01
6.018962963904227470e-01
6.018962963904227470e-01
5.844326230418170898e-01
4.796104026736317527e-01
4.754314973109354803e-01
4.754314973109354803e-01
4.393441138222202724e-01
4.393441138222202724e-01
4.393441138222202724e-01
4.338974605439027132e-01
3.941142416444867735e-01
3.769321000138836641e-01
3.728788596383307841e-01
3.728788596383307841e-01
3.728788596383307841e-01
3.571486700082724952e-01
3.535184575160900677e-01
3.535184575160900677e-01
3.535184575160900677e-01
3.453116498007580693e-01
3.237058446134509770e-01
3.237058446134509770e-01
3.067761373135532432e-01
3.067761373135532432e-01
3.067761373135532432e-01
3.067761373135532432e-01
3.067761373135532432e-01
3.067761373135532432e-01
3.067761373135532432e-01
3.067761373135532432e-01
3.067761373135532432e-01
3.040049405448023156e-01
3.040049405448023156e-01
3.040049405448023156e-01
3.033773189307189533e-01
2.713187019481089202e-01
2.713187019481089202e-01
2.657905316924383810e-01
2.646876244316078153e-01
2.646876244316078153e-01
2.592615765836250863e-01
2.592615765836250863e-01
2.592615765836250863e-01
2.456899747093120590e-01
2.456899747093120590e-01
2.456899747093120590e-01
2.252526522944522658e-01
2.222348356078879816e-01
2.222348356078879816e-01
2.222348356078879816e-01
2.220825042703009067e-01
2.220825042703009067e-01
2.090486494372286730e-01
2.021819198809153839e-01
2.013370512266196843e-01
2.013370512266196843e-01
2.013370512266196843e-01
2.013370512266196843e-01
2.013370512266196843e-01
1.935175049438181138e-01
1.935175049438181138e-01
1.909844131396240263e-01
1.909844131396240263e-01
1.909844131396240263e-01
1.694814730032853101e-01
1.649701665518219229e-01
1.605927359947302013e-01
1.605927359947302013e-01
1.605927359947302013e-01
1.605927359947302013e-01
1.605927359947302013e-01
1.477707612587279284e-01
1.411067119361709699e-01
1.411067119361709699e-01
1.411067119361709699e-01
1.411067119361709699e-01
1.390732901120735054e-01
1.390732901120735054e-01
1.372464359052167626e-01
1.372464359052167626e-01
1.372464359052167626e-01
1.365064294927229860e-01
1.365064294927229860e-01
1.365064294927229860e-01
1.342007093164210019e-01
1.322759438735443549e-01
1.307742778854878996e-01
1.307742778854878996e-01
1.264478569171286204e-01
1.204256336010442047e-01
1.141706743179409234e-01
1.141706743179409234e-01
1.141706743179409234e-01
1.141706743179409234e-01
1.128459992105609044e-01
1.128459992105609044e-01
1.127963450308339111e-01
1.125894990544707569e-01
1.113696823722628015e-01
1.100148439061342243e-01
1.097519440422052434e-01
1.067666806837551802e-01
1.044363560311722117e-01
1.044363560311722117e-01
1.044363560311722117e-01
1.044363560311722117e-01
1.044363560311722117e-01
1.018301029316429629e-01
1.018301029316429629e-01
9.622229720142283504e-02
9.622229720142283504e-02
9.110652502416437259e-02
8.862124386127272213e-02
8.648523285532988547e-02
8.609027653536889535e-02
8.597995808933400763e-02
8.595276715451230509e-02
8.594613118218757952e-02
8.497905110776232673e-02
8.446209762851097924e-02
8.435183378786691166e-02
8.435183378786691166e-02
8.435183378786691166e-02
8.435183378786691166e-02
8.424278447044214468e-02
8.424278447044214468e-02
8.071773959009290178e-02
8.061944586765765197e-02
7.960098207074317589e-02
7.930648269197858313e-02
7.695669123455124716e-02
7.646041333055700329e-02
7.639324967263162736e-02
7.638317150840322201e-02
7.593592923826363028e-02
7.435112785929234858e-02
7.435112785929234858e-02
7.435112785929234858e-02
7.326647965278262897e-02
7.302183641479700893e-02
7.268027106667654391e-02
7.264318269524783211e-02
7.263985188765964551e-02
7.263927794059153731e-02
7.223738946720449638e-02
7.223738946720449638e-02
7.150662652702881317e-02
7.144966181747262890e-02
7.144387328676454763e-02
7.127552778581529302e-02
7.069980460172360648e-02
7.066831882376257978e-02
7.066731337614774733e-02
7.066731337614774733e-02
7.066731337614774733e-02
6.908999743050060760e-02
6.897971118979742688e-02
6.859303937245332661e-02
6.859101142814369445e-02
6.859098464900416359e-02
6.859085764903777305e-02
6.859078563369955250e-02
6.859078222369158206e-02
