2.508062539603135974e+02
1.804606294819614334e+02
1.283078335814317086e+02
9.464098200461339161e+01
7.384368165032506681e+01
6.665547669284414667e+01
6.665547669284414667e+01
6.665547669284414667e+01
6.665547669284414667e+01
6.095903112128347345e+01
5.013048004747621178e+01
3.692745582752440470e+01
3.079103354379720514e+01
2.836946288244145364e+01
2.812832281783020605e+01
2.812832281783020605e+01
2.554935993807551498e+01
2.554935993807551498e+01
2.554935993807551498e+01
2.234375418460003004e+01
2.234375418460003004e+01
2.136322242348807876e+01
2.136322242348807876e+01
2.136322242348807876e+01
2.136322242348807876e+01
2.073155282024403334e+01
1.771423564915781412e+01
1.771423564915781412e+01
1.655419846468828737e+01
1.428040055704727607e+01
1.169719635638230670e+01
9.520555431789810896e+00
8.667162016073881148e+00
7.080478836761125550e+00
5.657080641565155332e+00
4.109246878318517204e+00
2.896515849611487781e+00
1.900126369695352757e+00
1.699921398355901170e+00
1.368449671840425985e+00
1.255487232650396301e+00
9.040752373622125138e-01
9.040752373622125138e-01
8.550580899433214421e-01
6.670818352417512420e-01
6.670818352417512420e-01
6.047612390064274202e-01
6.047612390064274202e-01
5.510311629524458077e-01
5.510311629524458077e-01
3.974451617700376360e-01
3.974451617700376360e-01
3.974451617700376360e-01
3.974451617700376360e-01
3.779917047841960809e-01
3.779917047841960809e-01
3.694032431490585910e-01
3.459891232518245152e-01
3.164967294258211883e-01
3.164967294258211883e-01
3.079046802497958368e-01
3.079046802497958368e-01
3.070075918787504854e-01
2.727876649726213021e-01
2.727876649726213021e-01
2.727876649726213021e-01
2.328414808413146742e-01
2.323552314021084531e-01
1.973650345568693232e-01
1.973650345568693232e-01
1.803753017828075567e-01
1.803753017828075567e-01
1.803753017828075567e-01
1.698947948528896634e-01
1.640846171839670242e-01
1.640846171839670242e-01
1.382840802129752522e-01
1.323891355677150050e-01
1.323891355677150050e-01
1.323891355677150050e-01
1.223889071397590567e-01
1.108984812115046265e-01
1.102290055667580759e-01
1.102290055667580759e-01
1.102290055667580759e-01
1.102290055667580759e-01
1.102290055667580759e-01
1.016510026846051407e-01
1.016510026846051407e-01
1.016510026846051407e-01
9.897231261465495866e-02
9.726030050406574146e-02
9.726030050406574146e-02
9.726030050406574146e-02
9.726030050406574146e-02
9.726030050406574146e-02
9.726030050406574146e-02
9.726030050406574146e-02
9.726030050406574146e-02
9.726030050406574146e-02
9.726030050406574146e-02
9.726030050406574146e-02
9.726030050406574146e-02
9.726030050406574146e-02
9.726030050406574146e-02
9.726030050406574146e-02
9.726030050406574146e-02
9.726030050406574146e-02
9.726030050406574146e-02
9.373914763966009756e-02
9.373914763966009756e-02
9.373914763966009756e-02
9.373914763966009756e-02
9.373914763966009756e-02
9.373914763966009756e-02
9.231001605351249473e-02
9.092786497351210140e-02
8.938208592638183236e-02
8.266519658324990305e-02
8.266519658324990305e-02
8.266519658324990305e-02
8.266519658324990305e-02
8.266519658324990305e-02
8.266519658324990305e-02
8.182620754493552528e-02
8.182620754493552528e-02
8.182620754493552528e-02
8.182620754493552528e-02
8.182620754493552528e-02
8.182620754493552528e-02
8.182620754493552528e-02
8.182620754493552528e-02
8.160866833995039649e-02
8.160866833995039649e-02
8.160866833995039649e-02
8.144521906962207125e-02
8.144521906962207125e-02
8.144521906962207125e-02
8.144521906962207125e-02
8.132442653614831152e-02
8.132442653614831152e-02
8.132442653614831152e-02
8.132442653614831152e-02
8.132442653614831152e-02
8.124508255478751773e-02
8.124433369948769190e-02
8.124433369948769190e-02
8.124433369948769190e-02
8.122058142521187962e-02
8.120534592325248657e-02
8.120160575524312807e-02
8.120095913294331225e-02
7.777132154724318569e-02
7.777132154724318569e-02
7.777132154724318569e-02
7.777132154724318569e-02
7.777132154724318569e-02
7.777132154724318569e-02
7.777132154724318569e-02
7.777132154724318569e-02
7.777132154724318569e-02
7.777132154724318569e-02
7.777132154724318569e-02
7.777132154724318569e-02
7.741887833364295701e-02
7.733410520122879772e-02
7.732085012915260180e-02
7.731850920370408886e-02
7.534991282747631469e-02
7.534991282747631469e-02
7.534991282747631469e-02
7.534991282747631469e-02
7.534991282747631469e-02
7.534991282747631469e-02
7.366864711962729795e-02
7.366864711962729795e-02
7.189236321096849347e-02
7.189236321096849347e-02
7.189236321096849347e-02
7.189236321096849347e-02
7.189236321096849347e-02
7.099297402105350652e-02
7.099297402105350652e-02
7.099297402105350652e-02
7.099297402105350652e-02
7.074059814377151034e-02
7.070409352921055990e-02
7.070167548899583543e-02
7.070167548899583543e-02
7.070167548899583543e-02
7.070143094616215818e-02
7.070126918236502300e-02
7.070126918236502300e-02
7.070126918236502300e-02
7.070126918236502300e-02
7.070126918236502300e-02
7.070126918236502300e-02
7.070126918236502300e-02
7.070126918236502300e-02
7.070126918236502300e-02
