3.313191808505492730e+01
3.313191808505492730e+01
3.313191808505492730e+01
2.002044417465410930e+01
1.276522750443261600e+01
1.102259573624336397e+01
1.102259573624336397e+01
9.652055432905029875e+00
9.652055432905029875e+00
9.652055432905029875e+00
9.652055432905029875e+00
9.652055432905029875e+00
9.652055432905029875e+00
9.652055432905029875e+00
9.652055432905029875e+00
9.652055432905029875e+00
9.652055432905029875e+00
9.564117957054781627e+00
9.564117957054781627e+00
9.564117957054781627e+00
9.564117957054781627e+00
9.564117957054781627e+00
9.564117957054781627e+00
8.567447958160993693e+00
8.567447958160993693e+00
8.567447958160993693e+00
6.978736412757850616e+00
6.978736412757850616e+00
6.458274914407104106e+00
6.458274914407104106e+00
5.757479088859597915e+00
5.757479088859597915e+00
5.322845357809036670e+00
4.072337566193816372e+00
3.509028204333567658e+00
2.982861113903465533e+00
2.651900828810046296e+00
2.405679702583123802e+00
2.125592741394725760e+00
1.948327994641457561e+00
1.940315889568917207e+00
1.940315889568917207e+00
1.775620727010215338e+00
1.775620727010215338e+00
1.775620727010215338e+00
1.661225646456077509e+00
1.656520840772711667e+00
1.656520840772711667e+00
1.654399336581109603e+00
1.654399336581109603e+00
1.654399336581109603e+00
1.654399336581109603e+00
1.636064595186888404e+00
1.567186814970362052e+00
1.567186814970362052e+00
1.560531803335621692e+00
1.557252069352279555e+00
1.553639512575132553e+00
1.553639512575132553e+00
1.553639512575132553e+00
1.553639512575132553e+00
1.508684770839820111e+00
1.489721273892990805e+00
1.485193212980245425e+00
1.441724948541850626e+00
1.441724948541850626e+00
1.433076794027903222e+00
1.433076794027903222e+00
1.433076794027903222e+00
1.433076794027903222e+00
1.411842119685137842e+00
1.411842119685137842e+00
1.411842119685137842e+00
1.387299032741767357e+00
1.387299032741767357e+00
1.387299032741767357e+00
1.372171802071363800e+00
1.372171802071363800e+00
1.372171802071363800e+00
1.372171802071363800e+00
1.372171802071363800e+00
1.372171802071363800e+00
1.356360759954981621e+00
1.347180752980952523e+00
1.344173379407905378e+00
1.344173379407905378e+00
1.336970839779985321e+00
1.332021908850095526e+00
1.332021908850095526e+00
1.326099603700118479e+00
1.326099603700118479e+00
1.307220376077910196e+00
1.292198831071510012e+00
1.258023876235158989e+00
1.234078700896825698e+00
1.215347029089212327e+00
1.194845075522359190e+00
1.190633665733580759e+00
1.190633665733580759e+00
1.190633665733580759e+00
1.190633665733580759e+00
1.166642306822352815e+00
1.114096388532372917e+00
1.114096388532372917e+00
1.096873682676187345e+00
1.096873682676187345e+00
1.096873682676187345e+00
1.096873682676187345e+00
1.096873682676187345e+00
1.072856327899865292e+00
1.068009427526015021e+00
1.040328402169444999e+00
1.037678563337572024e+00
1.037678563337572024e+00
1.022109277927520266e+00
1.005866086984528618e+00
9.934237934052090324e-01
9.934237934052090324e-01
9.934237934052090324e-01
9.934237934052090324e-01
9.934237934052090324e-01
9.860121653127160712e-01
9.650424947143728671e-01
9.542909816079200302e-01
9.304365439889228373e-01
9.116632729030638149e-01
8.978292977975015354e-01
8.900880831086273037e-01
8.880852959385886480e-01
8.880852959385886480e-01
8.298946831864766338e-01
8.179861841363831321e-01
8.158832126976555132e-01
8.096238702681711752e-01
7.854155734456584881e-01
7.506744532496810729e-01
7.375546357226242522e-01
7.006866727198379774e-01
6.743476756956936491e-01
6.580315262888749572e-01
6.421953542988488861e-01
6.140668523216347152e-01
5.937812497790124766e-01
5.881628324321473977e-01
5.670001344069933724e-01
5.448457577942057428e-01
5.331583738565121022e-01
5.193212030080531783e-01
5.078177803530659062e-01
5.002232641083679265e-01
4.911675958327595404e-01
4.882189693708859357e-01
4.649211636643250101e-01
4.482396192571374005e-01
4.222987007952664906e-01
4.010520676559418685e-01
3.861698259949179479e-01
3.802406465926344570e-01
3.665430916828701924e-01
3.561260725256101822e-01
3.430957962212284884e-01
3.334602441890354707e-01
3.246192668065942533e-01
2.933282873321630402e-01
2.807270176813983498e-01
2.747533137839572870e-01
2.701338145341204977e-01
2.664198673399359452e-01
2.640434185654889077e-01
2.633493234631338331e-01
2.578533137080982196e-01
2.536232133577943637e-01
2.489299800538967433e-01
2.468474581680223379e-01
2.449093733431936537e-01
2.292698797917724074e-01
2.162799550434263973e-01
1.980311140373564316e-01
1.823272419875843209e-01
1.726025550821879140e-01
1.610735134360709864e-01
1.583115888111150393e-01
1.498223942029428823e-01
1.458315827455387292e-01
1.385707900880974730e-01
1.372246176491496161e-01
1.350278144755998888e-01
1.344578063410162561e-01
1.291917057746057862e-01
1.224169799066345959e-01
1.193686032279030473e-01
1.187217570771905706e-01
1.171705222937917679e-01
1.114743473045330530e-01
1.059228747608815940e-01
1.039181406851969053e-01
1.002886756834269755e-01
9.583459326193956296e-02
9.453553861670067893e-02
9.074589893694141873e-02
