9.446927563874703893e+00
9.446927563874703893e+00
9.446927563874703893e+00
9.446927563874703893e+00
8.518674150691509794e+00
8.518674150691509794e+00
7.426862476131850244e+00
6.702252634272118925e+00
6.702252634272118925e+00
6.702252634272118925e+00
6.702252634272118925e+00
6.702252634272118925e+00
6.702252634272118925e+00
6.356786245832577009e+00
6.356786245832577009e+00
6.356786245832577009e+00
6.356786245832577009e+00
6.356786245832577009e+00
6.333236841600756506e+00
6.333236841600756506e+00
5.081290641261086094e+00
4.214537629685590758e+00
4.214537629685590758e+00
4.199128823611843586e+00
4.199128823611843586e+00
3.820121550442955094e+00
3.799695914399588759e+00
3.717099860400425282e+00
3.663400137591201755e+00
3.580617820842690868e+00
3.445564719211750671e+00
3.313315726443009979e+00
2.999115236053652822e+00
2.889270652154079855e+00
2.738046130486704755e+00
2.503474557924253219e+00
2.252920820543272029e+00
2.091194989732312326e+00
2.037453974770921938e+00
1.845045844425687198e+00
1.746349383720124271e+00
1.612836035036592452e+00
1.435114917214642460e+00
1.274230134307877016e+00
1.142199529711483752e+00
1.025574773639090331e+00
8.537831714317516418e-01
7.363818677252393918e-01
5.813874264772025402e-01
5.448669753999351162e-01
4.613435695616782128e-01
4.613435695616782128e-01
4.336151984860010522e-01
4.285118963788503432e-01
4.116898409545440285e-01
3.873815649667627925e-01
3.873815649667627925e-01
3.873815649667627925e-01
3.873815649667627925e-01
3.873815649667627925e-01
3.873815649667627925e-01
3.699278934079901493e-01
3.699278934079901493e-01
3.699278934079901493e-01
3.699278934079901493e-01
3.699278934079901493e-01
3.699278934079901493e-01
3.699278934079901493e-01
3.621709253093313152e-01
3.552684772833439864e-01
3.552684772833439864e-01
3.552684772833439864e-01
3.552684772833439864e-01
3.552684772833439864e-01
3.551713564283428548e-01
3.356543118960728100e-01
3.356543118960728100e-01
3.356543118960728100e-01
3.307830744864688199e-01
3.304171168243862922e-01
3.304171168243862922e-01
3.247560347640885969e-01
3.228277039004386340e-01
3.204359882820163596e-01
2.986648580068396175e-01
2.888670716766296165e-01
2.781748660320453315e-01
2.674732002958665200e-01
2.670547230270712280e-01
2.670547230270712280e-01
2.662142107007797187e-01
2.662142107007797187e-01
2.613521577690098852e-01
2.578919023115527898e-01
2.575814189539541998e-01
2.575814189539541998e-01
2.575814189539541998e-01
2.575814189539541998e-01
2.575814189539541998e-01
2.575814189539541998e-01
2.575814189539541998e-01
2.551234294379967626e-01
2.485180111755221632e-01
2.473043100079667655e-01
2.462247485126433932e-01
2.462247485126433932e-01
2.462247485126433932e-01
2.462247485126433932e-01
2.462247485126433932e-01
2.415571469507233893e-01
2.415571469507233893e-01
2.415571469507233893e-01
2.415571469507233893e-01
2.346089703074482058e-01
2.315129450447919457e-01
2.298141368239133842e-01
2.298141368239133842e-01
2.298141368239133842e-01
2.298141368239133842e-01
2.298141368239133842e-01
2.254445623758013773e-01
2.254445623758013773e-01
2.254445623758013773e-01
2.246116480033996388e-01
2.246116480033996388e-01
2.219534825384028853e-01
2.219534825384028853e-01
2.219534825384028853e-01
2.219534825384028853e-01
2.216468527819220602e-01
2.211283412842175722e-01
2.195616046786680042e-01
2.193820214482049280e-01
2.193820214482049280e-01
2.193820214482049280e-01
2.193820214482049280e-01
2.193820214482049280e-01
2.178101154757725866e-01
2.177883040782400137e-01
2.166983017997008709e-01
2.152187190131985839e-01
2.152187190131985839e-01
2.108338960877434998e-01
2.108338960877434998e-01
2.097136468089598194e-01
2.097136468089598194e-01
2.097136468089598194e-01
2.093581858626248071e-01
2.087180616048897042e-01
2.069571933578642775e-01
2.068340579490290931e-01
2.061609898378203576e-01
2.061609898378203576e-01
2.058798492900782151e-01
2.057850525251024576e-01
2.052265118903313923e-01
2.046403262439449866e-01
2.035639980665411020e-01
2.035639980665411020e-01
2.035639980665411020e-01
2.035639980665411020e-01
2.033054528119456472e-01
2.033054528119456472e-01
2.021431987718886325e-01
2.021431987718886325e-01
2.019221300513471817e-01
2.019221300513471817e-01
2.019047475429968652e-01
2.012407161815777668e-01
2.005680407413785726e-01
2.004853230987785895e-01
2.001267363686587142e-01
1.995505145160182403e-01
1.994701493505909029e-01
1.986445034671169285e-01
1.986445034671169285e-01
1.986105640353368895e-01
1.986105640353368895e-01
1.986105640353368895e-01
1.986105640353368895e-01
1.981549697206903549e-01
1.979875609671399583e-01
1.979725648820931660e-01
1.978794583034988175e-01
1.975342707768895922e-01
1.975342707768895922e-01
1.970271877579045372e-01
1.970271877579045372e-01
1.970271877579045372e-01
1.969832705815461049e-01
1.969832705815461049e-01
1.969546931510818555e-01
1.969143188141639911e-01
1.969024858822650548e-01
1.969021303539119916e-01
1.969018206529568049e-01
1.969018206529568049e-01
1.968770266106271150e-01
1.968537588076123279e-01
1.968453813254112394e-01
