8.974221972417861082e+01
8.974221972417861082e+01
7.621375184685636839e+01
4.543395062949505814e+01
4.062305980097089275e+01
4.062305980097089275e+01
4.062305980097089275e+01
4.062305980097089275e+01
3.589975492735881346e+01
2.803946291428303539e+01
2.303421990896814009e+01
1.987764084708253876e+01
1.803977846714392896e+01
1.727809637669117393e+01
1.727809637669117393e+01
1.694926849751115938e+01
1.694926849751115938e+01
1.659828738520930003e+01
1.361650607724916284e+01
1.090893460856435127e+01
6.975399067307802348e+00
5.131683173443852830e+00
4.909225110616090682e+00
4.748829190555582613e+00
4.744513227423590607e+00
4.551538526637250115e+00
4.279886642249978834e+00
4.147631888263993538e+00
3.711391667878944478e+00
3.365617464096442024e+00
3.040267835563896792e+00
2.950448408551522572e+00
2.859906634257004310e+00
2.830279787559359050e+00
2.830279787559359050e+00
2.820201542087031221e+00
2.820201542087031221e+00
2.820201542087031221e+00
2.791841337951534108e+00
2.703631428112793333e+00
2.605632306689975142e+00
2.509311689849632820e+00
2.384597292549988978e+00
2.310207490059241309e+00
2.310207490059241309e+00
2.297003092035017957e+00
2.297003092035017957e+00
2.291643937483838211e+00
2.275735790864463759e+00
2.242097413813398887e+00
2.242097413813398887e+00
2.242097413813398887e+00
2.229311393033990729e+00
2.229311393033990729e+00
2.212461061619038105e+00
2.212461061619038105e+00
2.187008218235047430e+00
2.166816754223487962e+00
2.166816754223487962e+00
2.166816754223487962e+00
2.166816754223487962e+00
2.166816754223487962e+00
2.166750814443101802e+00
2.152438575678648380e+00
2.138166770056063370e+00
2.138166770056063370e+00
2.123524161185813330e+00
2.106419509780540711e+00
2.073429995230240408e+00
2.047911953203887858e+00
2.042446815470640331e+00
2.042446815470640331e+00
2.032417143263365755e+00
2.022277154201000293e+00
2.003478314048335207e+00
1.994936845725585162e+00
1.969188894763910680e+00
1.963050756000895403e+00
1.963050756000895403e+00
1.961292202843937460e+00
1.961292202843937460e+00
1.961292202843937460e+00
1.961292202843937460e+00
1.927722837250148924e+00
1.927722837250148924e+00
1.927722837250148924e+00
1.910834605525513652e+00
1.898924289311099800e+00
1.896762707212086729e+00
1.896762707212086729e+00
1.877188615521360182e+00
1.871809018968311644e+00
1.871409899551879974e+00
1.862615281665046085e+00
1.862615281665046085e+00
1.855112963086342326e+00
1.855112963086342326e+00
1.855112963086342326e+00
1.855112963086342326e+00
1.855112963086342326e+00
1.855112963086342326e+00
1.847379046822788640e+00
1.830389625550667532e+00
1.812807343650761460e+00
1.803239469966660291e+00
1.803239469966660291e+00
1.803239469966660291e+00
1.803239469966660291e+00
1.797365262967739019e+00
1.789646244297774302e+00
1.789646244297774302e+00
1.789646244297774302e+00
1.788330926102939200e+00
1.767215442992206897e+00
1.763739298672059030e+00
1.763739298672059030e+00
1.759159277640862440e+00
1.731971762540109427e+00
1.726915444332006278e+00
1.709316437833047875e+00
1.700837090117468087e+00
1.689005769864812212e+00
1.689005769864812212e+00
1.673999329383609513e+00
1.670965733502677963e+00
1.657214890398952756e+00
1.655623881124005825e+00
1.644934693160572392e+00
1.637702980498817462e+00
1.637702980498817462e+00
1.634394167204798132e+00
1.634394167204798132e+00
1.617237794409864371e+00
1.614034080506294710e+00
1.609673291784429416e+00
1.602715426640069385e+00
1.599266003909935341e+00
1.599060914696837310e+00
1.599060914696837310e+00
1.591723996807674624e+00
1.570309040056539374e+00
1.569653085765474243e+00
1.569135832463898872e+00
1.564546948373701785e+00
1.564546948373701785e+00
1.563024976450285042e+00
1.546812335141964923e+00
1.546065402434624314e+00
1.542569278145022427e+00
1.539830521560084486e+00
1.537669103182146113e+00
1.535237070572076590e+00
1.534377385550546258e+00
1.534377385550546258e+00
1.534377385550546258e+00
1.533984367497847057e+00
1.528671410361736038e+00
1.528671410361736038e+00
1.524614698148009762e+00
1.520641003384304968e+00
1.520641003384304968e+00
1.520641003384304968e+00
1.518769747178141838e+00
1.508525548483508505e+00
1.505927186899484793e+00
1.503599647878369971e+00
1.499507956853310731e+00
1.499507956853310731e+00
1.498145536786476661e+00
1.497696882646284644e+00
1.497152654268794958e+00
1.493211953918045287e+00
1.492815427611842605e+00
1.491589082823751244e+00
1.490997894024354453e+00
1.490133939438867516e+00
1.488156827741518473e+00
1.482097439524140636e+00
1.478726057573620079e+00
1.474889008927069867e+00
1.469237825371266348e+00
1.453792787415058241e+00
1.443309758615993310e+00
1.441713737585672339e+00
1.438383527139016627e+00
1.436128016870576563e+00
1.433594208902488010e+00
1.426204455297188201e+00
1.422325587298414629e+00
1.420581289233243227e+00
1.417566133896606129e+00
1.415555425581800364e+00
1.412903980977023188e+00
1.410980051341536923e+00
1.409421239153577199e+00
1.408552392301782419e+00
1.407304646762935763e+00
1.403955807994015093e+00
1.402426973986619751e+00
1.399885745126218328e+00
