5.032655149996644184e+01
3.590319441665874933e+01
2.901302523602243966e+01
2.901302523602243966e+01
2.901302523602243966e+01
2.826613274302034284e+01
2.485997998791457775e+01
1.075808517551471866e+01
1.075808517551471866e+01
1.075808517551471866e+01
1.075808517551471866e+01
9.054092511883666816e+00
9.054092511883666816e+00
9.054092511883666816e+00
9.054092511883666816e+00
9.054092511883666816e+00
9.054092511883666816e+00
9.054092511883666816e+00
9.054092511883666816e+00
9.054092511883666816e+00
9.054092511883666816e+00
9.054092511883666816e+00
9.054092511883666816e+00
9.054092511883666816e+00
9.054092511883666816e+00
8.804101592273202215e+00
8.804101592273202215e+00
7.975597549102284134e+00
7.329282079625888180e+00
6.316297751804768268e+00
6.316297751804768268e+00
6.316297751804768268e+00
5.584407057080812642e+00
5.584407057080812642e+00
3.944447916593115444e+00
3.944447916593115444e+00
3.944447916593115444e+00
3.944447916593115444e+00
3.662430521169390829e+00
3.302004651667344248e+00
3.042960874860371145e+00
2.699442392651778988e+00
2.079833411042000701e+00
1.945089998730179293e+00
1.945089998730179293e+00
1.915009651302401528e+00
1.840110487713310539e+00
1.818578805388727293e+00
1.766058531271547771e+00
1.706065834987382956e+00
1.633165435462625936e+00
1.618552264729650414e+00
1.618552264729650414e+00
1.618552264729650414e+00
1.618552264729650414e+00
1.618552264729650414e+00
1.503159880520956504e+00
1.475849315123576755e+00
1.452923868418750875e+00
1.452923868418750875e+00
1.452923868418750875e+00
1.452923868418750875e+00
1.448635164099120853e+00
1.446652206686023678e+00
1.446652206686023678e+00
1.434171062443768907e+00
1.434171062443768907e+00
1.395372391740339557e+00
1.395372391740339557e+00
1.352754570901841369e+00
1.335862541991217789e+00
1.324403179097072503e+00
1.320728972293365722e+00
1.302832929772204551e+00
1.275746141762864383e+00
1.265664761017181839e+00
1.221052471193541766e+00
1.204965158581818407e+00
1.204965158581818407e+00
1.203724345179766786e+00
1.203724345179766786e+00
1.203724345179766786e+00
1.187024615075954248e+00
1.180161607984457461e+00
1.178910968253827685e+00
1.177189864586318802e+00
1.177189864586318802e+00
1.177189864586318802e+00
1.151975943178323858e+00
1.148410372396189594e+00
1.134287590504376775e+00
1.111858824332476736e+00
1.107501674585027018e+00
1.105609145985006592e+00
1.105609145985006592e+00
1.105609145985006592e+00
1.105609145985006592e+00
1.097213745747270153e+00
1.097213745747270153e+00
1.097213745747270153e+00
1.090282673312448436e+00
1.090282673312448436e+00
1.090282673312448436e+00
1.090282673312448436e+00
1.090282673312448436e+00
1.080221818184829541e+00
1.080221818184829541e+00
1.075179696215533331e+00
1.075179696215533331e+00
1.049964623282431120e+00
1.038445164530332754e+00
1.004806279944231662e+00
9.700594572034533236e-01
9.378093055260142696e-01
9.231662140389078619e-01
8.803312378809463601e-01
8.803312378809463601e-01
8.429624035642552249e-01
8.352865128626542068e-01
7.960416795609297491e-01
7.398856137989793247e-01
6.989309176402696000e-01
6.801714902005752128e-01
6.637611140667545317e-01
6.199999308286414657e-01
5.532035044091514475e-01
4.352842266946909122e-01
4.104724711278476823e-01
3.414388369704164372e-01
3.401830816864019891e-01
3.032389347980356531e-01
3.032389347980356531e-01
2.969941225306977350e-01
2.837344716565812774e-01
2.811929094868451662e-01
2.338823766099801249e-01
2.338823766099801249e-01
2.338823766099801249e-01
2.338823766099801249e-01
2.338823766099801249e-01
2.241861394918950312e-01
2.003598815830393565e-01
1.911672583156107108e-01
1.876641442771418977e-01
1.844844995552653300e-01
1.820952679514350470e-01
1.812961428529124563e-01
1.789063861696520708e-01
1.784424877157548273e-01
1.766462423579949204e-01
1.680557729048740845e-01
1.644325033867904406e-01
1.642120510628056751e-01
1.640870934186809960e-01
1.628454469746281053e-01
1.560274463788187960e-01
1.508694525452550783e-01
1.508694525452550783e-01
1.508694525452550783e-01
1.430701331382294161e-01
1.430701331382294161e-01
1.430701331382294161e-01
1.430701331382294161e-01
1.430701331382294161e-01
1.430701331382294161e-01
1.423810633959828320e-01
1.423810633959828320e-01
1.406629801566581794e-01
1.406629801566581794e-01
1.397035914903895504e-01
1.375508036142417401e-01
1.372898270092314521e-01
1.372528742897122511e-01
1.342145811612862893e-01
1.326327680985504021e-01
1.290098937332835871e-01
1.258060297272801387e-01
1.225841816332756684e-01
1.205361615875013559e-01
1.200827433902185715e-01
1.191963699143563371e-01
1.148072890940547430e-01
1.132613530250237699e-01
1.096664231192666372e-01
1.096338525326943369e-01
1.096284269434544684e-01
1.073099354013545559e-01
1.061539877097666118e-01
1.027879016810640256e-01
1.022342432658168571e-01
1.012778947883644920e-01
1.007898456223650929e-01
1.004332627264527267e-01
1.004332627264527267e-01
1.000720730435253614e-01
9.977169387042278403e-02
9.972821497100659016e-02
9.957206708327079325e-02
9.952512553059303380e-02
9.856660490772205241e-02
