6.787879172064177169e+01
5.618154424631880062e+01
4.694165521483846248e+01
3.991794730888375398e+01
3.476038791625836666e+01
3.101826759070726780e+01
2.828583882651405190e+01
2.647483985649006399e+01
2.517396100021201732e+01
2.438124587689932099e+01
2.395086378021965956e+01
2.378161725549582428e+01
2.378161725549582428e+01
2.378161725549582428e+01
2.353851837393216684e+01
2.218460805681940684e+01
2.218460805681940684e+01
2.218460805681940684e+01
2.218460805681940684e+01
2.180501017520303719e+01
2.162667915568084354e+01
2.162667915568084354e+01
2.059248963284525047e+01
1.735741003423381201e+01
1.560312270275474411e+01
1.495375287413355281e+01
1.475055621996802380e+01
1.474402907363958448e+01
1.474402907363958448e+01
1.304938444261305364e+01
9.593634556509840650e+00
7.759161413347862357e+00
5.463460088964790629e+00
5.016493006183997849e+00
4.195054175821266718e+00
4.195054175821266718e+00
4.194299974703591616e+00
3.971413418012185836e+00
3.908830567370945808e+00
3.770561492204636433e+00
3.769961846249229254e+00
3.714764760484842832e+00
3.678249988026901285e+00
3.678249988026901285e+00
3.601203886578193458e+00
3.520070514093176950e+00
3.520070514093176950e+00
3.475189612601242040e+00
3.463548436347853254e+00
3.463548436347853254e+00
3.442351355259001711e+00
3.401435536032565654e+00
3.375802731353426012e+00
3.285341701365755540e+00
3.232224841865261489e+00
3.153565452004629677e+00
3.043408861596552661e+00
2.950797818626057722e+00
2.931333613421856388e+00
2.854181782275725610e+00
2.824169542654661136e+00
2.799852715482326726e+00
2.728501663291226897e+00
2.723539233905569290e+00
2.718132194781481381e+00
2.685229150680694232e+00
2.653682886817620989e+00
2.653682886817620989e+00
2.640969720979772006e+00
2.639365858156386579e+00
2.621209681640456424e+00
2.621209681640456424e+00
2.606131994292570475e+00
2.579752685847778615e+00
2.533026826308669932e+00
2.515657088422016407e+00
2.504248480200722327e+00
2.492150306783940117e+00
2.489688640427208721e+00
2.470714786699283572e+00
2.458192200219930346e+00
2.458192200219930346e+00
2.458192200219930346e+00
2.456407699249028020e+00
2.440943310603476579e+00
2.440943310603476579e+00
2.440943310603476579e+00
2.417922691051380468e+00
2.386883922415228731e+00
2.386883922415228731e+00
2.377135950104462214e+00
2.357007147770814548e+00
2.357007147770814548e+00
2.353514736309283428e+00
2.352660687362036818e+00
2.333281498871544457e+00
2.297126901993513659e+00
2.265663288481588822e+00
2.252090712865022937e+00
2.217265764376616488e+00
2.188094869523973252e+00
2.167911446627219796e+00
2.160902968051578110e+00
2.158120445110101038e+00
2.115427647999445604e+00
2.084172722194308047e+00
2.061162651232530951e+00
2.005477755737383738e+00
1.981623274300307269e+00
1.952852392410543425e+00
1.934010699888259799e+00
1.905501466538554123e+00
1.891194460752274598e+00
1.865575073997770783e+00
1.832491502086925461e+00
1.822802073478364093e+00
1.809142153327831348e+00
1.785174579966474662e+00
1.785174579966474662e+00
1.785174579966474662e+00
1.775021822887417500e+00
1.752312186457696264e+00
1.734394663141323623e+00
1.727233564373982899e+00
1.716722614032687444e+00
1.699702651294570765e+00
1.692919803363076348e+00
1.692919803363076348e+00
1.682642042430733564e+00
1.676697265441351448e+00
1.661739498413362659e+00
1.655815596442496540e+00
1.655815596442496540e+00
1.643137200557904354e+00
1.643137200557904354e+00
1.633368697200475284e+00
1.633368697200475284e+00
1.630942363734786849e+00
1.620509521489905680e+00
1.612997157794985759e+00
1.607386672267323569e+00
1.605483135745335410e+00
1.597515036177983294e+00
1.594922919234548431e+00
1.593712450925901303e+00
1.589026727323965993e+00
1.585956162594868823e+00
1.580994758491233165e+00
1.571922587890012268e+00
1.567574218920609441e+00
1.555323072737627044e+00
1.540378405339957180e+00
1.533290265099176208e+00
1.527619424000327131e+00
1.523731558611067127e+00
1.523341261096137655e+00
1.521913072661138955e+00
1.518678645477477662e+00
1.504841888362629554e+00
1.494230010882906523e+00
1.490574412494239276e+00
1.482013740060040385e+00
1.472961966078991436e+00
1.465360582553308255e+00
1.453583394886290403e+00
1.445501930726683648e+00
1.439115468287989419e+00
1.433957257244112604e+00
1.421724436931394608e+00
1.410080175962792559e+00
1.401872275295584558e+00
1.399185394760313450e+00
1.389065590807280426e+00
1.380692901697231134e+00
1.377337670835135031e+00
1.372537733548428562e+00
1.366730926419604142e+00
1.364536831574664211e+00
1.362403497347174586e+00
1.358570856335415966e+00
1.350684814030405301e+00
1.345468155583367187e+00
1.341783356944592276e+00
1.336092653323673218e+00
1.331119867447307259e+00
1.327717926071864563e+00
1.325080075868425800e+00
1.320582127715767662e+00
1.303435236777197748e+00
1.290857462568057334e+00
1.283637018674307795e+00
1.279439615945747954e+00
1.274823443845795490e+00
1.268925099808046131e+00
1.265652372633911726e+00
1.259607799449768750e+00
1.252923928684494204e+00
1.248761814301687867e+00
1.244216953902872014e+00
1.239512117739995478e+00
