1.603564758485441288e+01
1.501630972996036029e+01
1.427279188716391722e+01
1.364186979495356056e+01
1.290747619325352957e+01
1.214121633135690814e+01
1.131115807751700331e+01
1.037021825153915344e+01
9.314424727576090746e+00
8.147496847683520116e+00
6.801703044711078228e+00
5.485562511687592568e+00
4.459543231811593955e+00
4.036569475461594614e+00
4.036569475461594614e+00
4.036569475461594614e+00
4.036569475461594614e+00
3.391415515539067282e+00
3.186756690641641576e+00
3.186756690641641576e+00
3.152071032213262569e+00
3.047888533075728823e+00
2.430547714276499516e+00
1.968292466296510668e+00
1.968292466296510668e+00
1.968292466296510668e+00
1.910363240130574347e+00
1.788260617239452621e+00
1.703408769469431316e+00
1.657438587854151990e+00
1.603666943723246696e+00
1.386693530315032286e+00
1.314589476256058376e+00
1.154236438866032666e+00
1.101662963613046387e+00
1.037212999503439370e+00
9.811836904325446085e-01
9.658185497343122483e-01
9.657281305705601726e-01
9.283715519453127341e-01
8.931434477876388778e-01
8.887777544963704202e-01
8.260866227262928518e-01
7.938865421450829185e-01
7.458266065651474319e-01
7.359947386469446462e-01
7.329028671141958329e-01
7.107526779753710056e-01
7.016162518565079997e-01
6.926894041301011606e-01
6.786150959748716849e-01
6.786150959748716849e-01
6.640652344559717646e-01
6.352535719052972984e-01
6.295792287209537319e-01
6.295792287209537319e-01
6.295792287209537319e-01
6.275784447708172564e-01
5.990751105887544004e-01
5.777845765424497460e-01
5.777845765424497460e-01
5.777845765424497460e-01
5.777845765424497460e-01
5.777845765424497460e-01
5.777845765424497460e-01
5.579072323019881319e-01
5.579072323019881319e-01
5.454197860394047748e-01
5.247435480162304655e-01
4.958380953117670908e-01
4.908876917529384487e-01
4.870963661645454357e-01
4.824490456583307996e-01
4.662705203421393385e-01
4.508749548359045622e-01
4.451704617304394485e-01
4.406058630754579042e-01
4.406058630754579042e-01
4.406058630754579042e-01
4.406058630754579042e-01
4.406058630754579042e-01
4.401197968956850892e-01
4.400303241467823923e-01
4.297973016551657199e-01
4.264399484151319975e-01
4.139401112321085541e-01
3.994562604298156905e-01
3.912248501205516371e-01
3.841888847108675398e-01
3.809906792774875317e-01
3.789288678611634209e-01
3.777773054563419719e-01
3.574945248313458057e-01
3.574945248313458057e-01
3.385573462310184079e-01
3.385573462310184079e-01
3.385573462310184079e-01
3.385573462310184079e-01
3.385573462310184079e-01
3.385573462310184079e-01
3.385573462310184079e-01
3.351659906409425460e-01
3.351659906409425460e-01
3.351659906409425460e-01
3.317146867156919865e-01
3.245165629472041569e-01
3.244893059060613982e-01
3.244893059060613982e-01
3.244893059060613982e-01
3.197106940801469621e-01
3.197106940801469621e-01
3.145184667682983659e-01
3.145184667682983659e-01
3.140987144128636888e-01
3.140987144128636888e-01
3.140987144128636888e-01
3.140987144128636888e-01
3.135550328359050787e-01
3.135550328359050787e-01
3.135550328359050787e-01
3.135550328359050787e-01
3.132994628070301935e-01
3.132994628070301935e-01
3.043250757029367648e-01
3.017617210502345215e-01
3.017617210502345215e-01
3.017617210502345215e-01
3.017617210502345215e-01
2.997803080840750756e-01
2.985008502734148306e-01
2.985008502734148306e-01
2.983694958754976034e-01
2.976230681783679777e-01
2.976230681783679777e-01
2.953021354464870907e-01
2.939472899890583912e-01
2.930709091650321452e-01
2.897991992517012227e-01
2.897991992517012227e-01
2.897991992517012227e-01
2.897991992517012227e-01
2.897991992517012227e-01
2.897991992517012227e-01
2.897991992517012227e-01
2.883159519356595091e-01
2.864857653716972874e-01
2.850308109479851026e-01
2.850308109479851026e-01
2.804711146636755248e-01
2.802692337332035044e-01
2.802692337332035044e-01
2.802692337332035044e-01
2.802692337332035044e-01
2.802692337332035044e-01
2.801996514231161473e-01
2.791175657755828876e-01
2.789466607715257451e-01
2.787381710234687615e-01
2.787381710234687615e-01
2.778254788307262801e-01
2.773671812374890466e-01
2.767052271898217120e-01
2.742002649982513418e-01
2.738856680949980915e-01
2.731491133198932775e-01
2.731491133198932775e-01
2.720097329718965673e-01
2.716680924531765795e-01
2.716146067253309426e-01
2.716043895939614372e-01
2.694224963011067064e-01
2.693101108375692831e-01
2.686903469085349938e-01
2.616614338382144411e-01
2.596051142728259542e-01
2.592873016681855325e-01
2.562254796279574975e-01
2.558717012790523437e-01
2.553348939805613060e-01
2.552866976615446037e-01
2.552774585728132539e-01
2.520109669459699719e-01
2.520109669459699719e-01
2.513759637088554544e-01
2.498172147009816157e-01
2.493435588756337529e-01
2.493083620266293987e-01
2.489605703513127211e-01
2.489605703513127211e-01
2.464559510126863306e-01
2.459226169981445775e-01
2.451608364694302378e-01
2.451608364694302378e-01
2.451608364694302378e-01
2.423420164966503809e-01
2.421317701379460396e-01
2.421317701379460396e-01
2.421317701379460396e-01
2.411089368866769223e-01
2.410987668205017975e-01
