3.021542533221400362e+01
2.688483425870553134e+01
2.058781633029741087e+01
1.881025402622126563e+01
1.409149695771726840e+01
1.333537123820493875e+01
1.333537123820493875e+01
1.333537123820493875e+01
8.718432790108463948e+00
6.815591704039199783e+00
6.815591704039199783e+00
6.815591704039199783e+00
6.815591704039199783e+00
5.669289053421458391e+00
4.945493204051679470e+00
4.765893066051218874e+00
4.765893066051218874e+00
4.765893066051218874e+00
4.699312344109782380e+00
4.425397354888630730e+00
4.280679478712665187e+00
3.877066200176837008e+00
3.618616838079078413e+00
3.248505639264514855e+00
3.248505639264514855e+00
2.848204831678293747e+00
2.733083228322557900e+00
2.484732006019703565e+00
2.351792140860089919e+00
2.351792140860089919e+00
2.097703859609352239e+00
1.715007220230958751e+00
1.646806339587857382e+00
1.356493079657691947e+00
1.072746142326697960e+00
9.529411793914537299e-01
8.785264276199182820e-01
7.372266937994651492e-01
6.640318281547504808e-01
5.113288184534841019e-01
5.113288184534841019e-01
3.979398450886721395e-01
3.894531449545344803e-01
3.770899243942380519e-01
3.331373707420446362e-01
3.161687769573628959e-01
2.370976442942009932e-01
2.281930854839888667e-01
1.898415109734676309e-01
1.583268476225752619e-01
1.372196053486750000e-01
1.372196053486750000e-01
1.372196053486750000e-01
1.367446770064622286e-01
1.103168698982393003e-01
1.103168698982393003e-01
1.103168698982393003e-01
1.103168698982393003e-01
1.103168698982393003e-01
1.103168698982393003e-01
1.061299190823181693e-01
1.061299190823181693e-01
8.912762790119144185e-02
8.912762790119144185e-02
8.782833765992056896e-02
8.755387318351623427e-02
8.755387318351623427e-02
8.755387318351623427e-02
8.755387318351623427e-02
8.755387318351623427e-02
8.755387318351623427e-02
8.755387318351623427e-02
8.755387318351623427e-02
8.755387318351623427e-02
8.755387318351623427e-02
8.722724032633778768e-02
8.722724032633778768e-02
8.722724032633778768e-02
8.722724032633778768e-02
8.722724032633778768e-02
8.722724032633778768e-02
8.722724032633778768e-02
8.722724032633778768e-02
8.563169213466495511e-02
7.982511530017219470e-02
7.982511530017219470e-02
7.982511530017219470e-02
7.982511530017219470e-02
7.982511530017219470e-02
7.982511530017219470e-02
7.982511530017219470e-02
7.982511530017219470e-02
7.982511530017219470e-02
7.982511530017219470e-02
7.982511530017219470e-02
7.982511530017219470e-02
7.982511530017219470e-02
7.890364689105573703e-02
7.890364689105573703e-02
7.890364689105573703e-02
7.890364689105573703e-02
7.890364689105573703e-02
7.890364689105573703e-02
7.890364689105573703e-02
7.890364689105573703e-02
7.890364689105573703e-02
7.890364689105573703e-02
7.869720157547591133e-02
7.869720157547591133e-02
7.869720157547591133e-02
7.869363365614287509e-02
7.869363365614287509e-02
7.868826255806753156e-02
7.868826255806753156e-02
7.868826255806753156e-02
7.868826255806753156e-02
7.868826255806753156e-02
7.868826255806753156e-02
7.868826255806753156e-02
7.868826255806753156e-02
7.868630821405227238e-02
7.868630821405227238e-02
7.868380235767148678e-02
7.763334829033254059e-02
7.763334829033254059e-02
7.745116615899964863e-02
7.745116615899964863e-02
7.684631909292674590e-02
7.684631909292674590e-02
7.684631909292674590e-02
7.684631909292674590e-02
7.675920003744771125e-02
7.675920003744771125e-02
7.675920003744771125e-02
7.669922995098051033e-02
7.627077999827827637e-02
7.595638093268364255e-02
7.578389213484151843e-02
7.566503237292354633e-02
7.566503237292354633e-02
7.566503237292354633e-02
7.566503237292354633e-02
7.566503237292354633e-02
7.566503237292354633e-02
7.562919759183453494e-02
7.562919759183453494e-02
7.559065836785719417e-02
7.558627192094263814e-02
7.558627192094263814e-02
7.557882513264772839e-02
7.557871195742456305e-02
7.557871195742456305e-02
7.557737593127338005e-02
7.557704362660298825e-02
7.557692186417462599e-02
7.557692186417462599e-02
7.557692186417462599e-02
7.557689933497797885e-02
7.557688074877565165e-02
7.557687107310320784e-02
7.555007482414406728e-02
7.555007482414406728e-02
7.555007482414406728e-02
7.547033179689642546e-02
7.547033179689642546e-02
7.547033179689642546e-02
7.473717618033685894e-02
7.429769408545253140e-02
7.428196623295030276e-02
7.428196623295030276e-02
7.279935567774323268e-02
7.279935567774323268e-02
7.271067409229065026e-02
7.271067409229065026e-02
7.271067409229065026e-02
7.271067409229065026e-02
7.270128251892231386e-02
7.270128251892231386e-02
7.270128251892231386e-02
7.267391041544586650e-02
7.266577087248393685e-02
7.266491657077453481e-02
7.266484866442256274e-02
7.259292924522287027e-02
7.258675974141981513e-02
7.258633611226676663e-02
7.258616989363377014e-02
7.258616989363377014e-02
7.253622061140835298e-02
7.253114157760001679e-02
7.251952112601869893e-02
7.251800051926905744e-02
7.251510277717840292e-02
7.251445300635452063e-02
7.251442534102287008e-02
7.250929749797593860e-02
7.233248407461131957e-02
7.233248407461131957e-02
7.233248407461131957e-02
7.233248407461131957e-02
