1.361374911392327647e+01
1.361374911392327647e+01
1.245144581568337649e+01
9.127147819337221080e+00
9.127147819337221080e+00
7.883601126398060543e+00
7.883601126398060543e+00
7.883601126398060543e+00
7.883601126398060543e+00
7.883601126398060543e+00
7.371895693643660152e+00
6.719323895375435285e+00
6.719323895375435285e+00
6.421092428775009964e+00
6.074407009697489812e+00
4.963191991063593100e+00
4.963191991063593100e+00
4.404756679286579768e+00
1.973570897248369649e+00
8.853535938239518455e-01
8.853535938239518455e-01
8.047171630592238056e-01
8.047171630592238056e-01
6.585263068703683942e-01
5.368150187067883827e-01
5.368150187067883827e-01
4.427711139135175333e-01
4.410800967198857947e-01
3.018067054951355521e-01
3.018067054951355521e-01
3.018067054951355521e-01
2.698380519386224252e-01
2.403970532380073633e-01
2.403970532380073633e-01
2.227877920742870610e-01
2.065364622054768340e-01
2.065364622054768340e-01
2.065364622054768340e-01
1.895757858785658556e-01
1.895757858785658556e-01
1.895757858785658556e-01
1.895757858785658556e-01
1.895757858785658556e-01
1.895757858785658556e-01
1.895757858785658556e-01
1.895757858785658556e-01
1.895757858785658556e-01
1.895757858785658556e-01
1.895757858785658556e-01
1.895757858785658556e-01
1.895757858785658556e-01
1.895757858785658556e-01
1.895757858785658556e-01
1.895757858785658556e-01
1.895757858785658556e-01
1.721705150255693761e-01
1.721705150255693761e-01
1.721705150255693761e-01
1.721705150255693761e-01
1.721705150255693761e-01
1.721705150255693761e-01
1.721705150255693761e-01
1.721705150255693761e-01
1.721705150255693761e-01
1.721705150255693761e-01
1.721705150255693761e-01
1.721705150255693761e-01
1.721705150255693761e-01
1.721705150255693761e-01
1.721705150255693761e-01
1.709837515623144066e-01
1.709837515623144066e-01
1.707679921910478793e-01
1.707679921910478793e-01
1.707679921910478793e-01
1.707679921910478793e-01
1.544950467064182542e-01
1.544950467064182542e-01
1.544950467064182542e-01
1.544950467064182542e-01
1.544950467064182542e-01
1.544950467064182542e-01
1.498738754239496429e-01
1.498738754239496429e-01
1.498738754239496429e-01
1.498738754239496429e-01
1.475868199559867699e-01
1.429198501099502305e-01
1.414673808812327849e-01
1.410645052610498273e-01
1.410579318159272122e-01
1.410579318159272122e-01
1.344034160297410130e-01
1.344034160297410130e-01
1.344034160297410130e-01
1.344034160297410130e-01
1.344034160297410130e-01
1.344034160297410130e-01
1.344034160297410130e-01
1.308838688648107651e-01
1.308838688648107651e-01
1.308838688648107651e-01
1.308838688648107651e-01
1.308838688648107651e-01
1.308838688648107651e-01
1.308838688648107651e-01
1.283504485776014170e-01
1.201119769243005481e-01
1.201119769243005481e-01
1.201119769243005481e-01
1.201119769243005481e-01
1.201119769243005481e-01
1.201119769243005481e-01
1.201119769243005481e-01
1.201119769243005481e-01
1.201119769243005481e-01
1.201119769243005481e-01
1.201119769243005481e-01
1.161984200239168930e-01
1.161984200239168930e-01
1.120359430287059532e-01
1.120359430287059532e-01
1.120359430287059532e-01
1.120359430287059532e-01
1.120359430287059532e-01
1.120359430287059532e-01
1.099208593952367696e-01
1.073260869754200930e-01
1.073260869754200930e-01
1.073260869754200930e-01
1.073260869754200930e-01
1.073260869754200930e-01
1.049837343471548973e-01
1.049837343471548973e-01
1.049837343471548973e-01
1.049837343471548973e-01
1.007216048495541694e-01
1.007216048495541694e-01
1.007216048495541694e-01
9.996753427219162713e-02
9.945184155365613399e-02
9.871132099874106725e-02
9.871132099874106725e-02
9.661128432377015518e-02
9.661128432377015518e-02
9.622707402908102503e-02
9.297408889889879902e-02
9.249881404059701051e-02
9.239584979151688193e-02
9.237053174941281530e-02
9.236420387133247034e-02
9.236262321116524288e-02
8.873410010230611822e-02
8.873410010230611822e-02
8.873410010230611822e-02
8.873410010230611822e-02
8.873410010230611822e-02
8.873410010230611822e-02
8.749439554451340917e-02
8.749439554451340917e-02
8.635161460077217521e-02
8.621558765665177093e-02
8.034181170889291568e-02
7.985266940065718910e-02
7.981832827409658659e-02
7.981405973234032003e-02
7.981320239573051756e-02
7.981320239573051756e-02
7.981311734490473264e-02
7.981309983360121429e-02
7.981309983360121429e-02
7.981309983360121429e-02
7.981309983360121429e-02
7.861659639323394233e-02
7.861659639323394233e-02
7.861659639323394233e-02
7.861659639323394233e-02
7.861659639323394233e-02
7.697653476630464398e-02
7.690604286072275086e-02
7.685153434924249516e-02
7.684641721519336333e-02
7.684597576329425805e-02
7.684597576329425805e-02
7.684597576329425805e-02
7.655770471517657494e-02
7.654837486871321484e-02
7.651330105771361745e-02
7.650150948968077735e-02
7.650103123167464880e-02
7.650099787957057029e-02
7.650099787957057029e-02
7.650099787957057029e-02
7.633231311479622694e-02
7.474340547339969332e-02
7.474340547339969332e-02
7.446841574414354847e-02
7.446392966616137421e-02
7.446359150114212344e-02
7.446349676106056581e-02
