5.518213986635286261e+01
5.518213986635286261e+01
5.351913762361261462e+01
4.462839156643050842e+01
4.136029043945917749e+01
3.423000869756627651e+01
2.958913548833114504e+01
2.836161325859022142e+01
2.836161325859022142e+01
2.812959049525435518e+01
2.812959049525435518e+01
2.812959049525435518e+01
2.812959049525435518e+01
2.812959049525435518e+01
2.685719661887763721e+01
2.627266450146655075e+01
2.627266450146655075e+01
2.471589982476944414e+01
2.286975343839920072e+01
1.907596334260253812e+01
1.565681860454062857e+01
1.412376014544037162e+01
1.177131959512751891e+01
9.122905106231165462e+00
8.801549502385316970e+00
7.798540896408606038e+00
5.313780193097223048e+00
4.735297532988836267e+00
3.823545191888827688e+00
3.372351822031896429e+00
3.008358694333991501e+00
2.881022930327276299e+00
2.800365591874457216e+00
2.542705469878769442e+00
2.310102578105508453e+00
2.263827327891125840e+00
1.947457489716093448e+00
1.798813025898504669e+00
1.611803489164048253e+00
1.495637492787913247e+00
1.455689102956853720e+00
1.390124036660983275e+00
1.275493348306897090e+00
1.275493348306897090e+00
1.275493348306897090e+00
1.172917823055375175e+00
1.146962304098913865e+00
1.060802646191673748e+00
1.015363417872806595e+00
9.717707120464493808e-01
9.176054562452422569e-01
9.176054562452422569e-01
9.176054562452422569e-01
9.169976904137217000e-01
8.862017886615800588e-01
8.449313766801920256e-01
8.156581336455037690e-01
7.696053854456257337e-01
7.388531785408155583e-01
6.952821973606808648e-01
6.567726036769722109e-01
5.978140352199609042e-01
5.538332635640736967e-01
5.207048836803342962e-01
4.986975848192212180e-01
4.986975848192212180e-01
4.481544645665970217e-01
3.841325046822221534e-01
3.553288866283536573e-01
3.356929143010077277e-01
3.356929143010077277e-01
3.356929143010077277e-01
3.356929143010077277e-01
3.251978231580519574e-01
3.251978231580519574e-01
3.251978231580519574e-01
3.251978231580519574e-01
2.916613312741120345e-01
2.916613312741120345e-01
2.916613312741120345e-01
2.786124333405533560e-01
2.582117830119212698e-01
2.335120389856698009e-01
2.241784492507669091e-01
2.074702326333250635e-01
2.074702326333250635e-01
2.074702326333250635e-01
1.990599817031843410e-01
1.866216650864830906e-01
1.782220802214353195e-01
1.416876893345246913e-01
1.416876893345246913e-01
1.349674145888262178e-01
1.334951905530628868e-01
1.334951905530628868e-01
1.334951905530628868e-01
1.334951905530628868e-01
1.317508104230152577e-01
1.317508104230152577e-01
1.287384986658153541e-01
1.287384986658153541e-01
1.281760122190387097e-01
1.281760122190387097e-01
1.274179194858824915e-01
1.274179194858824915e-01
1.274179194858824915e-01
1.274179194858824915e-01
1.274179194858824915e-01
1.274179194858824915e-01
1.065943023418240154e-01
1.065943023418240154e-01
1.065943023418240154e-01
1.004724824139089229e-01
9.803588221617298704e-02
9.803588221617298704e-02
9.803588221617298704e-02
9.803588221617298704e-02
9.242353630175700885e-02
9.242353630175700885e-02
9.116059735440883161e-02
9.116059735440883161e-02
9.116059735440883161e-02
9.047344451236145890e-02
9.047344451236145890e-02
8.769743123809731200e-02
8.769743123809731200e-02
8.769743123809731200e-02
8.769743123809731200e-02
7.955330409611299780e-02
7.955330409611299780e-02
7.935575132338767990e-02
7.619170440043010473e-02
7.550797093645171543e-02
7.531304176278251494e-02
7.525186829321894866e-02
7.229728440538274459e-02
7.229728440538274459e-02
7.211489657095340733e-02
7.192483626321233281e-02
7.191889722330693790e-02
7.190942014659447434e-02
7.190942014659447434e-02
7.180346072304499838e-02
7.180346072304499838e-02
7.108343914847012335e-02
7.108343914847012335e-02
6.859992576905177275e-02
6.796097713161290688e-02
6.796097713161290688e-02
6.796097713161290688e-02
6.796097713161290688e-02
6.796097713161290688e-02
6.796097713161290688e-02
6.796097713161290688e-02
6.796097713161290688e-02
6.796097713161290688e-02
6.762614738947543558e-02
6.762614738947543558e-02
6.718832272427348318e-02
6.718832272427348318e-02
6.694211953365009071e-02
6.690979842629132812e-02
6.422236417455944035e-02
6.422236417455944035e-02
6.422236417455944035e-02
6.422236417455944035e-02
6.379923912857024537e-02
6.379923912857024537e-02
6.339589502972067803e-02
6.339589502972067803e-02
6.258085559858356239e-02
6.258085559858356239e-02
6.258085559858356239e-02
6.258085559858356239e-02
6.258085559858356239e-02
6.258085559858356239e-02
6.258085559858356239e-02
6.258085559858356239e-02
6.258085559858356239e-02
6.245513149616723630e-02
6.245513149616723630e-02
6.245513149616723630e-02
6.245513149616723630e-02
6.240621400545639380e-02
6.240621400545639380e-02
6.206372050626171588e-02
6.206372050626171588e-02
6.099101186264978269e-02
6.099101186264978269e-02
6.097165788500772537e-02
6.097149970891845711e-02
6.097149970891845711e-02
6.097131742506392560e-02
6.097122089623738250e-02
6.097122089623738250e-02
6.097114125249455258e-02
6.097114125249455258e-02
6.097114125249455258e-02
6.097114125249455258e-02
6.097114125249455258e-02
