-7.470916199167153771e+00
-2.810225535357507187e+00
-4.568013885910074734e+00
-5.491757018123854195e+00
-2.443199655226194089e+00
-1.996482239857801044e+00
-4.812914605141630275e+00
-2.640412514970988056e+00
-1.181952501967504565e+00
-4.351487018532348650e+00
-4.063849657941553062e+00
-6.336536011539881663e+00
-4.292117189049394099e+00
-2.265051994336070296e-01
-2.785250415089234988e+00
-3.501673110058519445e+00
-3.292625523715857483e+00
-7.990507640916921339e+00
-2.351321455232070257e+00
1.662551335133131580e+00
-7.731211946166379079e+00
-1.860277630214843825e+00
-7.893198130986658789e+00
-3.809814456776989378e+00
-1.466917523808844992e+00
-5.098206503384188792e+00
-4.290365633510230481e+00
-3.154901959985743076e+00
-3.946812235918067735e+00
-5.000000000000000000e+00
-1.345627897344181756e+00
1.173909753175518267e+00
-6.335795740036596513e+00
-4.304165930342822577e+00
-2.080363559606064339e+00
-5.649807628276096061e+00
-3.384814686251642168e+00
1.228759392212469548e+00
-5.163598277063468522e+00
-2.798501385318347356e+00
1.999177449900531700e+00
-9.023268434780442604e+00
-2.726636646318897572e+00
7.918667244822928941e-01
-5.353589296840488565e-01
-3.063559278114826423e+00
-5.796671847286339663e+00
-2.020311484607557606e+00
-8.873203821640961164e-02
-7.689657599251106035e+00
-3.368562504025715221e+00
1.176709033785734576e-01
-8.296806505833986378e+00
-3.586735082161164101e+00
1.048923682047528283e+00
-8.829020134006691833e+00
-1.523331648523266413e+00
5.206021087804444392e-01
-6.482588225180676567e+00
-3.049096365049494661e+00
1.248456962179689489e+00
-7.479191620139815200e+00
-2.244683877825959684e+00
-4.184100072317363583e+00
-3.134744287848336697e+00
-6.765168744517256805e+00
-1.691659765014607852e-01
-7.999733133702283894e+00
-1.140008615788065116e+00
-5.206001950918738075e+00
-1.386982344081477914e+00
-6.488290113153029282e+00
-4.667717980863516081e-01
-4.327419842607305611e+00
-2.257547462335448785e+00
-6.518496164589845598e+00
-1.128547719465273547e+00
-6.695046580172419048e+00
-9.651200002871322958e-01
-6.236894163555590787e+00
-3.562930048428817997e+00
-3.186787938274935783e+00
-4.735931419169729928e+00
-3.352675825093952788e+00
-4.277616159017682662e+00
-2.900800591322858946e+00
-1.649984690371162799e+00
-5.690196149515636570e+00
-1.849846556994031666e+00
-2.425517352488645528e+00
-4.244054762496616284e+00
-3.390495756128959037e+00
-1.256573408879969600e+00
-5.623873679256223390e+00
-3.539881328696598217e+00
2.503723889975322692e+00
-2.544068022635552317e+00
-3.485457179652771131e+00
1.629963668043264313e+00
-4.058510987463194830e+00
-4.219259529673026421e+00
1.313681269095004600e+00
-5.445816543638287044e+00
-3.868771157011964945e+00
3.000000000000000000e+00
