-7.840533313243876812e+00
-3.949234291638637817e+00
-5.811183176566339093e+00
-6.083335784921040990e+00
-3.486217372027146766e+00
-1.517526463444501261e-01
-5.075307334050197738e+00
-3.289262516355995203e+00
6.013428557557743553e-02
-7.748443886041586737e+00
-1.300483095588167215e+00
-6.322698605380332459e+00
-3.098359482203497883e+00
0.000000000000000000e+00
-4.000000000000000000e+00
-3.463944853682958236e+00
-2.108638517829358960e+00
-8.301029995663981254e+00
-3.201286604551261128e+00
-1.088682227941729502e-01
-9.235381340558683760e+00
-3.905168785496644812e+00
-1.016159609026534305e+01
-2.507351861124330394e+00
5.618172846039113377e-01
-4.290196752519836565e+00
-3.807804054746811495e+00
-3.172861488054512069e+00
-2.940610973629247393e+00
-5.298921652668820315e+00
-2.212342820909229513e+00
1.988712392547229424e+00
-6.308067476165204468e+00
-1.556408165283260869e+00
-8.970349671340669406e-01
-5.840500704195667581e+00
-2.971255772998898870e+00
3.652366985942195887e-01
-6.375295272317574202e+00
-4.366650907568791595e+00
-3.149599371378434265e-01
-8.412365315044812775e+00
-2.319744783539824162e+00
1.021708794576212664e-01
5.842854817341309737e-01
-4.521868242637482105e+00
-6.244411865499012393e+00
-4.335800497194957082e+00
-5.245586462275442230e-01
-6.509702733413346820e+00
-4.584839233710139794e+00
5.690040793459776036e-02
-8.483149225664716298e+00
-4.087431376334015098e+00
3.375457722781912695e-01
-6.174628210082564905e+00
-4.372885815130702625e+00
1.997438117190779572e+00
-6.967896854161852893e+00
-3.948284052879407646e+00
-6.069727457508559132e-01
-6.455863267928923399e+00
-1.099291989973095740e+00
-5.082949830554943205e+00
-2.124307556488913562e+00
-5.732216291250323614e+00
-2.386332362902178428e+00
-6.311186511676210920e+00
-3.412360311747979491e+00
-4.000000000000000000e+00
-2.888039499042469149e+00
-5.344911136933371054e+00
-1.969287391463296899e+00
-5.895178970602237278e+00
-1.590567185856799792e+00
-6.248265136338940096e+00
-2.919068821538286507e+00
-4.241947264742571555e+00
-3.316962240543748663e+00
-4.858800272941080856e+00
-1.794243067047937013e-01
-3.619537824477648602e+00
-3.611526305579605634e+00
-5.340676747531563962e+00
-4.538907106616378861e+00
-3.869765715318720822e+00
-3.814636669976919414e+00
-5.057687125985170340e+00
-2.079244871011195261e+00
-4.451398408247361438e+00
-4.938661124348806553e+00
-3.088873403299638998e+00
-2.145228731423441282e+00
-4.700756598845902801e+00
-2.728367813627992966e+00
1.712368579669114821e+00
-2.624070211561436494e+00
-2.875357458759700169e+00
9.582450157704940352e-01
-6.541016961000506669e+00
-3.663322153733866937e+00
1.828270037724332164e+00
-4.566665176809335591e+00
-4.204375624140301859e+00
5.942987779820322336e-01
