-7.077910939196269346e+00
-3.079603245076512952e+00
-4.324107809097120558e+00
-6.027093131440520501e+00
-4.991803336542091962e+00
-1.308682286498591418e+00
-5.853168647610280217e+00
-3.233566275884750318e+00
-8.644968390062237606e-01
-5.711298221991930824e+00
-3.710529674377759601e+00
-5.028096915668507805e+00
-3.352032672227627685e+00
-7.092434214134107906e-02
-3.784242113976121313e+00
-1.954733050360987434e+00
-3.270542992057387188e+00
-7.365811546119111597e+00
-1.340066659580329222e+00
1.885766050896030999e+00
-6.534442480134648790e+00
-3.717945444005803957e+00
-8.425632252888647145e+00
-2.532485713820767703e+00
-3.442648881934461391e-01
-6.678237795704723645e+00
-1.945374167150857758e+00
-6.522711368856909608e+00
-2.696302167992725707e+00
-7.384822800094645423e+00
-2.969313609186125635e+00
-1.026736157416145323e+00
-6.253593188088957255e+00
-2.400994599666937290e+00
-2.454258070099398115e+00
-4.371145412140474029e+00
-7.904774175414415183e-01
-2.126429437386880006e-01
-4.984571745029805712e+00
-2.264864040001315360e+00
4.321319137392392040e-01
-7.507016888303109425e+00
-2.500147994749271074e+00
9.343534817410387161e-01
1.375718714801973108e-01
-3.843082218453028442e+00
-6.934781990615908498e+00
-3.329611302236993975e+00
8.333380939973343837e-01
-5.648928709540917303e+00
-2.678607004545824566e+00
4.229171697448774192e-01
-7.215957210538429756e+00
-2.927697779718314131e+00
-5.300405860209216335e-01
-6.529208136386013273e+00
-3.817746658417819905e+00
1.573746333370951989e-01
-8.211191707510701931e+00
-3.759385966782186284e+00
9.211108937583294409e-01
-4.000000000000000000e+00
-1.828242264924287541e+00
-6.543310040666462157e+00
-1.821226772998884025e+00
-7.633335399804552779e+00
-3.138131186291938324e+00
-5.301084468020546225e+00
-3.345677923844545543e+00
-6.279701383180096741e+00
-2.593248044851749423e+00
-5.524468204307913410e+00
-2.928849695824548682e+00
-4.573238139222238097e+00
-7.504275623505332060e-01
-6.060232605919352089e+00
-2.878833006906511116e+00
-5.668649474662560195e+00
-1.031238665832249213e+00
-6.953167604033923865e+00
-2.838236833262049785e+00
-2.833304346206617197e+00
-2.905603463611360571e+00
-2.852761101231573004e+00
-1.924470158696336197e+00
-3.430728782559386403e+00
-4.157519157426317946e+00
-3.143067720665697173e+00
-2.538224266083540126e+00
-3.366942212542398227e+00
-3.081628899156049428e+00
-4.347162417931837552e+00
-4.490515462082888654e+00
-3.564758343456849055e+00
-1.739149709421635492e+00
-3.616833963503138238e-01
-5.444036826131127604e+00
-2.084666621131122444e+00
1.143503618100287111e+00
-2.567842866735754459e+00
-3.932060181769410967e+00
5.310602569686871943e-01
-5.596453606312334017e+00
-3.088236362785218958e+00
1.521052247064305307e+00
