-6.326952704068428801e+00
-2.730299972940534836e+00
-5.115736822413827767e+00
-5.910165222969204102e+00
-3.161442237738099958e+00
-5.318490210339923419e-01
-6.472220842607826263e+00
-1.528603890230888052e+00
4.827021929601219563e-01
-4.938606198903488398e+00
-3.712869697609382236e+00
-6.590820873732459617e+00
-2.066747874963175136e+00
0.000000000000000000e+00
-3.183772034980427268e+00
-2.295311624561263031e+00
-2.486325469073201511e+00
-7.361699718906300483e+00
-3.250598891989030292e+00
3.160562445779095397e-01
-6.972329329556192334e+00
-1.625000785521633295e+00
-8.377812785266751661e+00
-1.536589855656288695e+00
-1.030027960099046958e+00
-5.789145913848954272e+00
-2.780409948834912104e+00
-4.257860471701307326e+00
-2.822734947682972617e+00
-6.775602082121618075e+00
-3.413227532198681580e+00
-3.536510876855256114e-01
-5.496554829049560276e+00
-3.308715403233543295e+00
-9.575283101275996467e-01
-5.167787860864967442e+00
-1.948933468208041697e+00
-2.685256594138685782e-01
-5.626033015596008546e+00
-2.523432527743791454e+00
1.021432479374732916e+00
-7.104653475178229094e+00
-3.316899131282826652e+00
-6.991618660240519478e-01
-1.013444925650412776e+00
-2.540282839580956686e+00
-6.776401684603213127e+00
-2.767992741922848499e+00
8.831122027999064317e-01
-7.718344076760219608e+00
-2.027406639455390014e+00
-1.331017089954888322e+00
-6.971504553117666703e+00
-3.726832625309894453e+00
2.176596595274531143e-01
-7.212199839221209885e+00
-2.725046928183828765e+00
-4.584744892065599209e-01
-7.132366171563331747e+00
-3.946535821257325605e+00
-5.476411244526140365e-01
-5.859708296058655286e+00
-1.000074215941446187e+00
-5.511700605765481598e+00
-2.401941509168564970e+00
-6.231126891146205438e+00
-2.052934653206964555e+00
-5.995954379843213111e+00
-2.647776767122679953e+00
-6.355403756065937770e+00
-1.221917313670230376e+00
-4.818649478545571796e+00
3.014178230999705124e-02
-7.218924582398209111e+00
-1.937111764614171783e+00
-4.195526836170990315e+00
-1.301742147200292132e+00
-5.485498589930133839e+00
-2.032502851569232494e+00
-4.781379612724943051e+00
-2.246042799767085985e+00
-4.085368885859588239e+00
-4.242875238867308774e+00
-4.670598671669522695e+00
-4.172143523789298314e+00
-3.789376042124843469e+00
-2.033260434350508739e+00
-2.996595481787573068e+00
-2.789817678987879468e+00
-3.717934881417241932e+00
-3.978674913469803620e+00
-4.678883938574034396e+00
-3.072995395397747576e+00
-4.372616151901866921e+00
-3.911445088579737384e+00
1.231033582148213013e+00
-5.372721446708478510e+00
-1.085079048942112934e+00
6.124500594200577019e-01
-2.916913966697718852e+00
-3.860338217117317061e+00
-3.047757759193226446e-01
-4.413648563646437317e+00
-3.222764595955096123e+00
6.251425885934291937e-01
