-6.409480878309288698e+00
-2.757834159158369491e+00
-4.222600370391872637e+00
-6.244900452818535008e+00
-2.888044928316690019e+00
3.184216286507965954e-01
-6.049773847167052132e+00
-1.819533157809555490e+00
1.399401116181555160e+00
-4.708289169122055640e+00
-3.072983783372826405e+00
-4.741770027665022980e+00
-2.826735298088951076e+00
0.000000000000000000e+00
-2.552586624682937178e+00
-9.793727975019020926e-01
-1.975669916705379059e+00
-6.748461363523574619e+00
-2.740373296608817899e+00
-7.960608850496748712e-01
-8.299839987646389972e+00
-2.399153997514807291e+00
-1.030102999566398125e+01
-2.263352439886963552e+00
6.168046923644900925e-01
-6.266886813694161340e+00
-2.206052502174748575e+00
-5.390572520968606618e+00
-2.957291148009257409e+00
-6.919617188849575662e+00
-4.141856516164593494e+00
4.896696797165654980e-01
-6.851616270779635975e+00
-3.564919960459267401e+00
-1.332898271915469390e+00
-5.537167822044921195e+00
-1.887202205449659997e+00
6.481234817845487051e-01
-5.863569840762956176e+00
-3.289457751642660188e+00
1.144302498560458847e+00
-7.634162124745341060e+00
-2.621126030181622379e+00
3.130483588836872055e-01
-3.896850028915562619e-02
-3.576253094906194363e+00
-7.008979268359282422e+00
-4.026833955911635954e+00
-7.039769337191468246e-01
-8.852685407520777261e+00
-1.353692400033925436e+00
4.261167681507987970e-01
-6.934443910151317780e+00
-3.909086577490483716e+00
1.083481993034688395e+00
-7.066486917883163521e+00
-2.244731793884624071e+00
-9.992617669431300698e-01
-5.882237130823199323e+00
-1.653583029554094974e+00
-8.364759732615166810e-01
-5.444242629377071374e+00
-2.123088522699691616e+00
-6.592884516063283407e+00
-2.307998899282967198e+00
-6.324039496476754785e+00
-1.052261237387432713e+00
-5.254009723127806453e+00
-2.321586336333888223e+00
-5.663653700564841742e+00
-1.648893852721440734e+00
-4.497211693324815407e+00
-2.311794736375339721e+00
-6.615995876502346995e+00
-1.447937426504577463e+00
-5.928583837034901549e+00
-3.028126886393783579e+00
-5.979162608809620139e+00
-2.243436084240917339e+00
-5.605717806154908445e+00
-9.513654666424764539e-01
-2.676178186762318667e+00
-2.634043432578321298e+00
-3.373715484528167163e+00
-3.135165735024806111e+00
-3.107308339797540953e+00
-4.275957371723798417e+00
-4.425467127279332225e+00
-2.540884232401570131e+00
-3.911189880435880895e+00
-2.954295056891175442e+00
-4.374020891868367400e+00
-2.908971383417676471e+00
-3.518327312404509577e+00
-2.750193069951730074e+00
-4.148755523932889377e-01
-4.755615187066005056e+00
-3.007080784286872088e+00
1.582007079176541042e+00
-2.544068022635552317e+00
-1.730097565673240911e+00
6.035216310858293465e-01
-3.963969914798947336e+00
-4.907340736888671451e+00
4.954512717075605366e-01
