-7.065595305656116487e+00
-4.369580173900257769e+00
-5.191234083561345081e+00
-6.671677035689700830e+00
-3.260675515886922060e+00
-3.536664877271291640e-01
-5.771958173044247964e+00
-1.996136144940104717e+00
-4.861446866121414412e-01
-5.861122844593289472e+00
-4.699189118679936605e+00
-6.524703792201906438e+00
-3.566064386668874597e+00
-3.359729629773731130e-01
-3.998740362139165949e+00
-4.000000000000000000e+00
-3.000280792075435521e+00
-8.300970734817918029e+00
-4.213602375517545795e+00
-1.738269369097280581e+00
-7.245328984583110810e+00
-3.794706598722141333e+00
-9.768835503619474281e+00
-3.649732911904802979e+00
1.007477332007988391e+00
-6.187143887499336969e+00
-1.655316171816137105e+00
-6.371626180715466603e+00
-3.403773766939392598e+00
-6.715072608592862480e+00
-3.008674018461360511e+00
-1.549751784407726429e+00
-6.094546739511219613e+00
-2.464893964806039950e+00
-4.406277388728869204e-01
-4.676141127969238198e+00
-3.765453000721044940e+00
2.935313205086448329e-01
-5.303902696145923024e+00
-4.007758957990695592e+00
-9.861535872657914981e-01
-7.615953233654856547e+00
-3.037454932505913696e+00
8.089609125349714880e-01
-2.033510328223828711e+00
-3.890157948859414017e+00
-7.139525818063876983e+00
-2.751693251850543476e+00
-2.000000000000000000e+00
-8.567918110696785661e+00
-2.181267046389141040e+00
-1.724508323723449310e-01
-7.392419118979634440e+00
-2.368782793097643058e+00
1.523152179046285970e-01
-7.761068272392179779e+00
-1.626546082478017796e+00
5.578986685920107602e-01
-6.156964707046996388e+00
-3.349042168229924066e+00
-1.442542294919020973e+00
-5.614665809334924873e+00
-1.130665069413454571e+00
-5.661672957653108185e+00
-8.798338688412596920e-01
-4.001526148411691075e+00
-2.809501329750552223e+00
-7.200894575042871004e+00
-2.183918079543853086e+00
-4.000021477411901394e+00
-3.011301039329739471e+00
-7.350057574153544770e+00
-1.897610878446230220e+00
-5.138155687243457947e+00
-1.961783829151791281e+00
-5.195519592034625767e+00
4.139268515822491779e-02
-7.703934075837752360e+00
-3.601034633064633894e+00
-6.198565625839016491e+00
-3.110272065673128861e+00
-5.291119788770884291e+00
-1.480398676390693558e+00
-2.108362780348735477e+00
-2.170096331867433115e+00
-3.781537974386933065e+00
-3.392140400881745510e+00
-5.688224138932220342e+00
-1.006960082042474891e+00
-5.040549113898245004e+00
-1.199845954055044572e+00
-4.474078430789102612e+00
-4.112886886591665458e+00
-3.335138254719974604e+00
-2.452572610461202451e+00
2.236578533613513553e+00
-3.451954468977413537e+00
-2.725896427054504301e+00
7.157805104193226686e-01
-4.791166783882520264e+00
-2.655712400220100911e+00
1.295764777490842512e+00
-3.928697547240265653e+00
-2.312438181890182687e+00
1.638826840424045583e+00
