-5.647067808735942940e+00
-3.769895244398356660e+00
-5.412144599378014398e+00
-6.201407277593226297e+00
-2.906765872739131673e+00
3.787262752871515259e-01
-6.551047613658249169e+00
-3.354234068886400966e+00
3.900544680570253164e-01
-6.231299698215412519e+00
-3.500572238990716123e+00
-6.407837466828925521e+00
-4.056519912105619241e+00
-1.321832355084822108e+00
-3.699895659010581372e+00
-3.368199874290774276e-01
-1.360400821137429661e+00
-5.556206405793303382e+00
-3.053365895251809903e+00
1.400783130038530944e-01
-6.967673827549121235e+00
-2.862657292194704439e+00
-8.496766414961077984e+00
-3.671987298168088998e+00
1.239799184206486382e+00
-5.552512623508357947e+00
-1.751517063990673195e+00
-5.666955459980726140e+00
-5.000000000000000000e+00
-7.977661164838320218e+00
-2.835473963313194012e+00
8.211014472742131920e-01
-6.355262979399780576e+00
-2.507478178043010875e+00
-1.104973131897781791e+00
-5.906707202390620637e+00
-1.716464194415449507e+00
1.145519899053941915e+00
-4.552818254762217798e+00
-3.345646377717415465e+00
-2.060548740562976877e-01
-7.590969351573682466e+00
-2.829187037623192680e+00
-4.159072370606194391e-01
-6.768568668040866321e-01
-1.977215860396553504e+00
-5.929836272156851606e+00
-1.633770299135576254e+00
5.130630341439427200e-01
-7.352741630567361852e+00
-3.709841252425518210e+00
-3.364372953136231525e-01
-8.478291023499991752e+00
-3.709235699445361245e+00
-5.535540538100923447e-02
-5.384490967642118875e+00
-2.186206679614005388e+00
-1.602033078033907598e-01
-7.622120497660342942e+00
-3.586901452784520217e+00
-1.024111053473689914e+00
-5.256300414509818886e+00
-1.561098065113618816e+00
-4.199655097630179412e+00
-2.009034470362714764e+00
-5.046630283697759012e+00
-2.298890612003496425e+00
-5.956851447980142211e+00
-2.394001742856231019e+00
-4.459712095696518830e+00
-1.606799351744435889e+00
-6.705361125288153090e+00
-1.504552127805255601e+00
-7.888057532987276410e+00
-2.720714510801335084e+00
-5.988095201567347203e+00
-2.242894139531446562e+00
-6.048512651244692506e+00
-2.999476903151440332e+00
-5.601032055955871947e+00
-2.199141310651721248e+00
-4.725622298165151669e+00
-2.801229437219883156e+00
-4.044977537985223748e+00
-1.787160246943432229e+00
-4.613469820214482375e+00
-2.439927803093875358e+00
-3.344266561831740869e+00
-1.319452464464312857e+00
-3.642654588738508004e+00
-3.145929405274273449e+00
-4.763069845105449396e+00
-2.521458469371627320e+00
-4.474852470089088818e+00
-3.371640461985218273e+00
1.145355622773417625e+00
-3.783125594983315132e+00
-2.605228298849895818e+00
5.013037721009032666e-01
-5.408921420999043050e+00
-3.254022589603015714e+00
1.452643941124387217e+00
-4.876643471968132637e+00
-2.035282559537553659e+00
1.786962851395049290e+00
