-5.256349652601655542e+00
-3.750414997814949913e+00
-5.389493361987639730e+00
-7.934940575339339830e+00
-4.305159182918317562e+00
-1.403995868381390677e+00
-4.471618439234296360e+00
-2.159460095868472429e+00
8.370446497649073336e-01
-5.432733537433548143e+00
-3.058245964679934037e+00
-6.495880272420239798e+00
-3.737837694290580881e+00
-1.086174500813930743e+00
-3.925863067446051513e+00
-9.289014435778233381e-01
-6.453142135303214788e-01
-6.121469484183927889e+00
-2.223150943938207114e+00
-1.966825268422754680e-01
-6.165879361109233514e+00
-3.379520813957496372e+00
-8.632244786111050061e+00
-2.682261163065892795e+00
-1.557841118468966668e-01
-6.843642346325629511e+00
-3.458105009518577244e+00
-5.241061217704218400e+00
-4.714395866877978847e+00
-8.328776230848863094e+00
-2.022879123645443755e+00
5.013148974215835274e-01
-6.074111453159228624e+00
-3.217656457408411885e+00
-2.326964777044415733e+00
-4.579812968491538072e+00
-2.863400057303001400e+00
2.223677707450828767e-01
-7.400309955982203647e+00
-1.848810723345656548e+00
-1.498194472306436875e+00
-6.438615707555165102e+00
-4.364693483242466421e+00
5.488448594354711219e-01
-7.160700045377975664e-01
-2.127434987303161495e+00
-5.665524169378630681e+00
-4.992095266606234816e+00
2.907862899209768259e-01
-6.165602532968306626e+00
-1.828279359814659166e+00
-9.468135846655126864e-01
-7.377607746379080567e+00
-4.040890446207664688e+00
-5.641796803828924567e-01
-7.033262257491847080e+00
-2.937721603535804249e+00
-9.067850020059697869e-01
-8.829467330415038617e+00
-2.041446100845174083e+00
1.493748753256123774e+00
-5.691663185142954440e+00
-8.124802602257102935e-01
-4.758149974501697521e+00
-2.960513674055750055e+00
-7.086351316550693724e+00
-3.541678162245582850e+00
-7.551629606715207110e+00
-3.173651272086448927e+00
-4.294321027285750603e+00
-2.546021337836273268e+00
-6.699511108361737577e+00
-2.623114982826682873e+00
-7.204670293626237232e+00
-2.404635067216416289e+00
-4.285498400736238445e+00
-3.163379813005445129e+00
-4.489356152125660415e+00
-3.282605939967317532e+00
-6.079178817056868134e+00
-1.485669624762865126e+00
-3.053098542653180036e+00
-1.834705266177504956e+00
-5.433084457732205941e+00
-2.453216400186553958e+00
-3.711682195250272542e+00
-3.046530194645917344e+00
-3.973513699874341221e+00
-2.920747917876595157e+00
-3.222924932439336310e+00
-1.930713738046442751e+00
-2.430449815633604072e+00
-4.503347587235689176e+00
-2.544068022635552317e+00
-3.342784463668481365e+00
7.706904986857482376e-01
-3.590076613451065768e+00
-2.058555622217617120e+00
1.603393353201778004e-01
-6.544068022635552317e+00
-2.081194657386549185e+00
1.680486536250463070e+00
-6.041373881877432517e+00
-3.754066729004597480e+00
-4.900804439104839566e-02
