-6.961866364825589848e+00
-2.424707212415206037e+00
-5.150769130483621616e+00
-6.367412022771593350e+00
-3.917409638291825758e+00
-7.444925837772958799e-01
-5.659867643588076369e+00
-3.320540476183010181e+00
-5.310803758364625038e-01
-7.736418820167523691e+00
-2.669573615930956656e+00
-6.344589032244711824e+00
-2.671655793867701245e+00
-1.055890575001017018e+00
-4.000000000000000000e+00
-4.579173011091647871e-01
-1.539404818682001963e+00
-6.161442926994389779e+00
-1.793768159201562629e+00
-5.420540071594447395e-01
-6.752333393055313771e+00
-2.996037085795518085e+00
-9.338852099553319519e+00
-4.169491131052545541e+00
-1.703287780846991284e+00
-6.112875566788935622e+00
-2.087649865447354536e+00
-5.070568069404615130e+00
-3.242844406890913245e+00
-6.151398692497380694e+00
-3.674607189264072371e+00
-6.568483209248840993e-01
-6.087464112278804684e+00
-2.042856873191266853e+00
-5.193122091717591315e-01
-5.369206012039679621e+00
-9.870234068794424553e-01
-1.624284810512681698e-01
-4.963807789593259301e+00
-3.094624811044732304e+00
-6.548624898368763381e-01
-8.580109748095507527e+00
-1.924232281238188014e+00
1.111502898711805409e+00
3.690919690381948975e-02
-2.827121439763192967e+00
-5.731248638864510525e+00
-3.187749897594652548e+00
-2.000000000000000000e+00
-8.229814984221770047e+00
-2.918536030105410184e+00
-4.276214101854522442e-01
-8.499474686864667561e+00
-2.041251145112605414e+00
1.287292297570359123e+00
-5.924210032541675552e+00
-3.210336735246829498e+00
-1.403022496814227749e+00
-8.415747478061852860e+00
-3.293600424967744189e+00
5.555660481004004447e-01
-6.119138384355815141e+00
-4.162654741547306414e-01
-5.139885237038000376e+00
-1.261521057126523182e+00
-5.622403892666652858e+00
-8.299022652402252564e-01
-4.002159963032564605e+00
-1.399877354619022185e+00
-6.604426970799323726e+00
-1.120691052550029987e+00
-7.619606556937601027e+00
-1.677620804334820415e+00
-5.027955477781404170e+00
-1.580229111626286764e+00
-5.684233294003988135e+00
-1.550312503846276613e+00
-7.254308358679336877e+00
-1.137706275798532563e+00
-6.577933234274228269e+00
-2.151236635161591249e+00
-5.117445570879048944e+00
-3.186016336430332441e+00
-4.813227392730360599e+00
-4.473655686153166222e+00
-4.788166566267766378e+00
-2.133075139098597361e+00
-4.272320209727252127e+00
-4.992674237817521288e+00
-4.544905668878912230e+00
-2.744860973378559610e+00
-3.402750285636167327e+00
-3.929416642901374157e+00
-4.195404141961506461e+00
-1.657107282045344077e+00
-1.222168201446677781e-02
-4.172324972555401246e+00
-2.221248225935016585e+00
1.448034198695141495e+00
-4.123550346206846129e+00
-2.286428057358659061e+00
6.878711069904417386e-01
-5.326567959542150454e+00
-3.160459329390399752e+00
1.593222592023283868e+00
