-8.397940008672037493e+00
-3.438743930145860439e+00
-7.000000000000000000e+00
-7.020658774772904565e+00
-2.350271314134785960e+00
-2.998172032649797925e-01
-6.586810585972343368e+00
-2.754725189123564011e+00
1.071352168937576677e+00
-5.477763152911870215e+00
-1.974997425826019892e+00
-6.113822925912754336e+00
-2.347069478502722184e+00
-2.784648594519575360e-01
-3.079958123893261401e+00
-2.012171392942864401e+00
-2.388465421713854120e+00
-6.592411012297310080e+00
-3.561300643471565497e+00
-1.301951755402390443e-01
-5.944062667853827975e+00
-2.909116202002666185e+00
-9.707306319628353108e+00
-2.103120702619281079e+00
-4.865281605039624147e-01
-5.292845969325783884e+00
-2.392935429869264219e+00
-3.319608475942073422e+00
-4.074825702647558501e+00
-7.260159165500798650e+00
-3.183706171264411022e+00
-1.405396238446848134e+00
-5.970290063681041204e+00
-2.889590595849450327e+00
-2.083869953083483217e+00
-6.229051487491237715e+00
-2.100572279366513140e+00
-5.818295058412998877e-01
-8.000000000000000000e+00
-3.654439709805918923e+00
1.133422806187132093e+00
-5.522878745280337398e+00
-2.516650252378347385e+00
6.067270288063671968e-01
-1.673192050946870291e+00
-3.493402455065107937e+00
-6.975560066368216461e+00
-3.283559363213147897e+00
1.045484593925709138e+00
-5.429431504544202092e+00
-3.007574376278592254e+00
-4.247977598027314339e-01
-7.696315130655536407e+00
-2.082286417943537860e+00
-9.792666690801515861e-01
-6.820276891672090613e+00
-3.393216806158453558e+00
-1.969843439668923279e+00
-5.563108744544865480e+00
-3.279798074577870093e+00
5.137106524353441950e-01
-6.005681347325279695e+00
-3.866031122241239681e-01
-5.923253769319735795e+00
-2.014445177816728272e+00
-5.762238924317356847e+00
-9.280487627408675610e-01
-6.955362352625585665e+00
-2.233816520943336936e+00
-4.296527940736543982e+00
-1.903858328025592073e+00
-6.789515155556365755e+00
-1.973970552635476494e+00
-4.921809673293080500e+00
-1.802651692601807687e+00
-5.608428688369891724e+00
-2.417837649036254977e+00
-5.235391877802063831e+00
-1.473272491749363589e+00
-6.334493731405827610e+00
-9.551952240937752192e-01
-3.207934395446358611e+00
-2.903456582782315110e+00
-4.671315208064196867e+00
-1.957625633909474860e+00
-4.757813707707645001e+00
-3.552879693580667464e+00
-5.010088202291244741e+00
-3.663776848360601690e+00
-4.743048487113104450e+00
-3.822579820385252347e+00
-4.273693604989818873e+00
-4.583257828571079884e+00
-4.538786173948158975e+00
-3.066419585376868095e+00
2.743858906475471038e+00
-3.716403045322519194e+00
-3.166321595776616871e+00
2.132425578306156311e+00
-4.611038023630487537e+00
-1.561551035862503767e+00
1.880878594741443255e+00
-2.544068022635552317e+00
-2.369416447563193362e+00
1.675219288490057856e+00
