-7.033828863801054432e+00
-4.035045051874647903e+00
-4.622221471277691229e+00
-8.000000000000000000e+00
-1.772665419422652766e+00
-1.307300424399804983e+00
-4.046980408080306013e+00
-4.325278076103315605e+00
-2.057027174565844718e-01
-6.859657594353282484e+00
-4.661217275417621764e+00
-6.797835112878118480e+00
-3.110839389169739899e+00
-1.066477211791035246e-01
-3.859364773977309149e+00
-6.692668491524281782e-01
-8.487113237944960975e-01
-6.135241352081551192e+00
-3.206811412881202195e+00
-3.568158998800592396e-01
-6.064228663833520550e+00
-2.384693894992272245e+00
-8.686398113184390368e+00
-3.299688800829144508e+00
1.521205427686587314e-02
-5.723476671676456462e+00
-3.153932130407987255e+00
-5.568778852542394908e+00
-4.594474356969454831e+00
-7.008467449059363474e+00
-3.092471592429536731e+00
1.080101916498487080e+00
-6.136731345743090316e+00
-1.719520326900283891e+00
-1.292985279883104022e-01
-5.177829976290103886e+00
-4.437991746577523156e-01
5.758480419866409683e-01
-6.878039696008781512e+00
-2.253609023442045167e+00
1.041595705190239807e+00
-8.070695023253890099e+00
-3.037229950339589646e+00
-8.173343127801494523e-01
2.090551724787442223e-01
-4.067326767957619715e+00
-8.310463329628943185e+00
-1.298377497243393908e+00
-1.009642303025482413e+00
-7.053035916126974669e+00
-4.057512628469666538e+00
-8.499745315474781515e-01
-6.634599566104661506e+00
-2.575186377356585510e+00
1.466513076865861631e+00
-6.316083338832308769e+00
-3.605592430755190314e+00
7.721099347690922876e-01
-6.129753778512623263e+00
-4.483881814842229474e+00
-6.532465654802758204e-01
-6.416924506695669272e+00
-1.973490356871857587e+00
-5.846163636583646017e+00
-2.896403577563691822e+00
-6.947129981040025548e+00
-3.380518288177059461e+00
-6.748962262874302453e+00
-1.235512520559190364e+00
-5.295384941475406393e+00
-1.773469368076071140e+00
-7.106278860689292820e+00
-2.769815116912984210e-01
-4.379815991592395541e+00
-1.642683550436967455e+00
-6.935960554072561735e+00
-2.840659006016068577e+00
-6.915815939188167505e+00
-2.421580381777107771e+00
-6.452152379025474005e+00
-2.602145312249120601e-01
-4.024872025009274878e+00
-3.432480769473142068e+00
-3.238498914859081257e+00
-3.104508813158254110e+00
-4.132722132052576214e+00
-1.872109845834622366e+00
-4.638851044262232826e+00
-1.706656687735301103e+00
-4.886658788862281888e+00
-4.440043894670949065e+00
-4.101547201939002463e+00
-3.229635996970157574e+00
-5.403474786644857808e+00
-2.054137908666246126e+00
1.563554033211067784e+00
-2.927603077472443083e+00
-2.314673615958799058e+00
9.191402623035242747e-02
-3.446686024862396280e+00
-1.545639278996177035e+00
-2.207320322362453791e-01
-4.888843026759383648e+00
-1.944549666478234240e+00
2.466851908090793355e+00
