-4.796923029760778334e+00
-2.028159867624421242e+00
-3.295844680342428834e+00
-6.889549034635041203e+00
-3.611110762339595937e+00
5.457488985673956128e-01
-7.018707405252239795e+00
-2.639939331841886894e+00
-1.655708417604403182e-01
-5.980140713750270010e+00
-2.927789281096166984e+00
-4.000000000000000000e+00
-3.377036238755751096e+00
0.000000000000000000e+00
-3.696050657435042908e+00
-2.952135534408564244e+00
-2.765034446583637173e+00
-5.991038140867789963e+00
-1.647008986820224230e+00
-1.504423816510224721e-01
-7.551964128053667125e+00
-3.942614107597972595e+00
-6.301029995663981254e+00
-2.494282928094331275e+00
1.999949222253867953e+00
-6.347157640698235070e+00
-4.479798761240735061e+00
-3.577594403971140924e+00
-3.610310387012051425e+00
-8.326597260764176056e+00
-1.970202470346607226e+00
1.531892903556905550e+00
-4.482221127233929181e+00
-4.927809485139911239e+00
-9.644008865199026337e-01
-5.878189904161974511e+00
-1.472749400411446308e+00
-9.195015332211714520e-01
-5.086241185264952946e+00
-2.303215567904059125e+00
-5.702526191475842943e-01
-6.680704541403573948e+00
-2.682081215582681200e+00
1.962675611470406090e-01
-1.090249634296025505e+00
-3.896176607452902729e+00
-5.576195593319910770e+00
-4.935186467794726362e+00
-2.189132497758884410e-01
-6.439160287436305197e+00
-2.555397222752347819e+00
-1.090131614448139885e+00
-6.312718957747538440e+00
-4.389575521446013262e+00
1.076822747641821509e+00
-7.850387610301988950e+00
-2.902563235618217163e+00
1.999934010516434935e+00
-5.000732293091607161e+00
-4.873002434725222543e+00
-1.032304212556141465e+00
-4.000000000000000000e+00
-8.499419611665272045e-01
-4.289986463547802664e+00
-3.914298844792310828e+00
-5.044671478336813841e+00
-4.642586832570765321e-01
-4.996786676568676810e+00
-2.649977407279992647e+00
-5.079741784544654415e+00
-3.909940416114397799e+00
-6.845614459944132868e+00
2.398187416916407466e-01
-4.000000000000000000e+00
-1.938378278322744341e+00
-6.647789867795244945e+00
-2.072615305102315730e+00
-5.201630141869803658e+00
-2.951494214484287948e+00
-5.945780629672814399e+00
-3.396117037486444445e+00
-2.822056601319432367e+00
-4.834665628770856927e+00
-3.688386618920284743e+00
-4.817160910424276743e+00
-2.124271767951137146e+00
-3.129090832392733112e+00
-5.014977571229477071e+00
-1.000000000000000000e+00
-4.392501998741857427e+00
-2.666739573080038284e+00
-4.737649833952740863e+00
-2.177116902352364214e+00
-5.656615029698137675e+00
-1.134456336793344677e+00
-9.594550230760975351e-01
-4.181912353437428287e+00
-1.000005799693910014e+00
9.550358766748614503e-01
-4.307748219458783723e+00
-3.542309852350549626e+00
3.000000000000000000e+00
-2.952061064703892512e+00
-1.638279650031149393e+00
4.682290600209473297e-01
