-5.612460004157505900e+00
-2.669196383930886984e+00
-5.311973865777746440e+00
-6.578762841855265719e+00
-3.292699002665175456e+00
5.156525269868511563e-01
-6.101183903984884971e+00
-2.735965950230283550e+00
1.884083467672111323e-01
-5.982406123773307272e+00
-2.557859478412241039e+00
-5.896491846864402753e+00
-3.374120200555431381e+00
-6.434817792640453726e-01
-3.050725268496938813e+00
-2.078179711622853532e+00
-2.573974331555822559e+00
-5.661863035661970578e+00
-2.892801571910008196e+00
4.605319711183451514e-01
-6.807447620192969673e+00
-3.110206298850671125e+00
-7.037901496602631646e+00
-3.473725400302270394e+00
1.456924564598823579e+00
-4.910300906504661000e+00
-1.998276423916334199e+00
-3.384095647571661925e+00
-3.736702762658033805e+00
-6.102101630271062227e+00
-3.743205108955517613e+00
2.095768625566583887e-01
-6.269424328165085214e+00
-2.338473144207650289e+00
-4.938032483044282328e-01
-5.647941670993387397e+00
-3.137318577700454192e-01
-3.170681770065915117e-01
-6.668143028969845787e+00
-3.308240999007971084e+00
-1.761479096997973226e-01
-6.987116154635339527e+00
-2.356538303731150474e+00
-8.665216837992867349e-01
-1.210659700132586281e+00
-3.098321173067657419e+00
-6.345423519266637058e+00
-2.592341128215397639e+00
-1.594053181783942619e-01
-6.296801820013532947e+00
-2.965731514570544292e+00
-7.320842789537553852e-01
-6.583673608453261217e+00
-4.329798741541413420e+00
1.398998511521656107e+00
-7.799787782120981561e+00
-2.635430469458397429e+00
-1.569611225435118662e+00
-7.084933098391311468e+00
-2.586731721664913497e+00
-1.094506044542409073e+00
-4.000000000000000000e+00
-3.112728592880898315e+00
-6.457529308966702075e+00
-1.578644519415463021e+00
-6.117107457628429223e+00
-1.412472751854801034e+00
-6.426157631267810366e+00
-2.403115046334912464e+00
-7.855550081712530108e+00
-3.055236345829655864e+00
-4.812436281662887616e+00
-2.815370966314327816e-01
-6.010661810006793893e+00
-2.685237092525639024e+00
-5.849704042692281725e+00
-3.027052833286883349e+00
-5.593716824123915465e+00
-2.310828684479002249e+00
-5.790625987556846432e+00
-1.811173321493208865e+00
-2.730787841969535723e+00
-3.502076776078375975e+00
-3.955291015119836384e+00
-4.089207662388280262e+00
-3.481621238565412391e+00
-4.133338837750188510e+00
-3.163550489770110996e+00
-2.759271543430502405e+00
-3.538914071353315816e+00
-2.244091175767982005e+00
-5.011241498270356587e+00
-3.894846841957571471e+00
-5.204739621667742178e+00
-2.047372724879762629e+00
-8.065058361186543123e-02
-2.547244194099178571e+00
-3.640400869647577586e+00
1.111839887749094480e+00
-4.232738692752056942e+00
-2.796190546482862249e+00
6.920215169865254756e-01
-5.950052966479614902e+00
-3.021316554922951259e+00
1.873637904875795623e+00
