-6.610527097163982901e+00
-3.998334616857222468e+00
-5.492304226059506078e+00
-7.079185123280409719e+00
-1.394430445370403060e+00
6.855182125804355486e-01
-4.524201435233242918e+00
-2.194976928814573292e+00
-7.253670097059146116e-01
-6.128787910844439857e+00
-3.147156579221487949e+00
-5.825025410881793597e+00
-1.782863250655755349e+00
0.000000000000000000e+00
-3.866546710762409855e+00
-2.486879184138874432e+00
-2.503958068580671270e+00
-8.301029995663981254e+00
-3.813503679165772819e+00
-4.232257805516368432e-01
-7.111678552464538505e+00
-2.760584225138150050e+00
-7.670583250410715870e+00
-2.716358615131373444e+00
2.694033827896540889e-01
-4.528276522283546157e+00
-4.696216467909700931e+00
-5.209983381351214859e+00
-2.142345242691248597e+00
-6.591811686546649618e+00
-3.411472209478258577e+00
1.961816057640938693e+00
-7.404192185879920451e+00
-2.463460131385984297e+00
-8.064179814754608433e-01
-4.945693440775456473e+00
-1.197974236098265477e+00
1.081283988501982929e+00
-6.447523196792488420e+00
-2.694772362809852329e+00
1.067609638384534598e+00
-7.740351660323511851e+00
-3.020670603854048952e+00
3.173764696780562167e-01
-7.249210505226582058e-01
-2.880045183571756429e+00
-6.231230420503814926e+00
-1.988934848290605073e+00
-8.193783856426856138e-01
-5.951515126252805210e+00
-3.640574708490921907e+00
2.753469742772065021e-01
-7.517118649245146500e+00
-2.711257971172527537e+00
4.714912078319616340e-01
-7.226189877589701993e+00
-3.038186189019405958e+00
1.637449455058724634e+00
-6.418853068751840141e+00
-3.722367956907862929e+00
-8.578303046606852167e-01
-6.805655969362161883e+00
-1.948005137927895536e+00
-5.221663782719974556e+00
-3.308660635879891121e+00
-6.812572126890779067e+00
-9.709890517637127516e-01
-5.431215240355744100e+00
-2.628735892223047710e+00
-5.262145951888562934e+00
-2.579205768500962392e+00
-6.184166793883028035e+00
-1.255126460370213026e+00
-4.733740752306879962e+00
-1.754621390085278509e+00
-6.532205337869447348e+00
-3.958607314841775082e+00
-5.800896305612875281e+00
-1.062427605658205598e+00
-5.478045250525985566e+00
-1.682694310180105290e+00
-3.614858658101518518e+00
-2.859640594784366829e+00
-3.793055887728292941e+00
-1.000000000000000000e+00
-3.227987440428781163e+00
-3.632848423531363391e+00
-2.899188412837056195e+00
-2.361453523407499588e+00
-3.413186574161795939e+00
-3.143606790583515220e+00
-2.949545111952506904e+00
-2.767241086734311128e+00
-3.461451515648050759e+00
-3.027088249097880546e+00
3.587051598087862003e-01
-4.718934059372011269e+00
-2.558041066438463851e+00
2.204984421455115751e+00
-4.673451259060176000e+00
-3.194849752396823117e+00
8.584037865155157432e-01
-6.538285720241987065e+00
-4.191652154767602667e+00
9.579499192031798449e-01
