-6.508607079492461089e+00
-2.594096672982486584e+00
-5.944641302172035680e+00
-5.417952765537866533e+00
-4.508508444077131472e+00
-6.866963749164016750e-01
-6.048997660456352676e+00
-3.630927234530291869e+00
-9.196423943516899291e-01
-5.807354036538763253e+00
-3.451487526409290574e+00
-6.666405378766151912e+00
-2.734481629841860606e+00
-2.360665683194644315e-01
-3.980843936340647815e+00
-1.360661568168598956e+00
-2.217349478384211814e+00
-4.330960555162874925e+00
-3.328027158610733505e+00
1.193696972063848616e+00
-6.887723371102764780e+00
-2.340128055813148755e+00
-7.875676435949930720e+00
-2.797341496922427062e+00
3.990575215307128332e-01
-5.241689259584154215e+00
-2.718539954712126061e+00
-5.082394074423922881e+00
-3.568241219939761955e+00
-6.937620937971426649e+00
-3.602050717229485777e+00
-4.376308882700828962e-01
-6.428127686243067629e+00
-3.091112670280528718e+00
-6.924643979752178602e-01
-5.254437873344254051e+00
-1.343909277437547400e+00
3.767418868249845509e-01
-6.553694376771863617e+00
-2.661890345528009849e+00
-5.936709331819192137e-01
-6.662515102686050739e+00
-2.096515677598352667e+00
-1.101786320850277168e+00
-9.918083935701046405e-01
-2.691523111808067359e+00
-7.587397520769633807e+00
-3.146481068354256561e+00
-4.736968927797017836e-01
-7.385758722010528743e+00
-2.710563492720843737e+00
-7.928430050331305434e-01
-7.128567359688210203e+00
-2.418283286385080277e+00
-8.415321830281469184e-01
-5.236016727777585089e+00
-4.290523071958929791e+00
-4.617165204420090596e-01
-6.782123447910298530e+00
-3.823395138171236329e+00
1.141833724883215773e+00
-6.646617696115107776e+00
-1.850068585275653987e+00
-7.401432731468661430e+00
-2.368813324513098451e+00
-4.297509266530814109e+00
-2.854391747841081184e+00
-5.242297766384635516e+00
-2.701330492299665043e+00
-6.010943491619846313e+00
-3.801389481601578080e-01
-5.987329651977944422e+00
-2.768408702826578693e+00
-5.641928586548537794e+00
-3.993176292701614560e+00
-6.322262437962256953e+00
-2.533512078120219169e+00
-6.061056439370091198e+00
-2.416331551311192261e+00
-6.649349148196607828e+00
-1.454315725181402286e+00
-2.164763267523925006e+00
-3.277995833038740869e+00
-3.502553465288480883e+00
-2.043162257466249354e+00
-3.301654605746588533e+00
-2.694570378152929990e+00
-3.922228055581569617e+00
-2.796790602358698141e+00
-4.109998419545430437e+00
-2.152995896250533114e+00
-2.153661058301330922e+00
-1.796201473494366985e+00
-4.301986708644278679e+00
-1.297047488430678408e+00
-4.033961408744806548e-02
-5.535511861069931427e+00
-1.000000000000000000e+00
9.753420445610846423e-01
-2.544068022635552317e+00
-2.565559718676077239e+00
9.120207523190009269e-01
-4.510300585183387945e+00
-2.042079560629703305e+00
1.012856192334490757e+00
