-7.113966931821756212e+00
-3.192520561845389793e+00
-5.342477667957577836e+00
-5.620992913170099747e+00
-2.547222151495146747e+00
-7.893568656908497294e-01
-5.406364275260336250e+00
-2.923483773439509825e+00
-1.705871352836138666e+00
-4.854197139644991665e+00
-1.471370270035465833e+00
-5.906915638734013818e+00
-1.656340102014129956e+00
-1.102658841859803340e+00
-3.269017699844758429e+00
-1.042336921299620078e+00
-2.173463946334427188e+00
-5.716539966923058991e+00
-3.598036460700191785e+00
6.952069825657202218e-01
-9.139607219423041329e+00
-2.779509160809311652e+00
-7.709585554276013220e+00
-1.000000000000000000e+00
1.921848710407815686e+00
-6.125315940111882185e+00
-1.684881056698889878e+00
-4.274497103803136078e+00
-4.090482361703823955e+00
-6.786699429394499106e+00
-2.790706662365430191e+00
9.039834907020667387e-01
-6.315236119994376729e+00
-2.160978423562035289e+00
5.381308025416959850e-01
-4.652616303879018034e+00
-3.283636126665848920e+00
-4.694581577677756773e-02
-6.741815206425948226e+00
-2.635653832981913247e+00
1.728424413653667779e-01
-6.086272675940911370e+00
-3.916976402126703949e+00
4.565171092543700987e-02
-2.150183597534521152e+00
-4.174233151157293875e+00
-5.000000000000000000e+00
-4.700745420384387252e+00
8.646175874580031007e-02
-6.402862893795113308e+00
-3.244485575333415639e+00
2.731774687780447741e-01
-7.120745233357664183e+00
-3.627047097780820462e+00
-1.225945091436150047e+00
-6.596766329069098767e+00
-2.949656622139312123e+00
-1.354741850216879262e-01
-5.925452912180145582e+00
-2.240845071477124417e+00
-3.088768391004085845e-01
-5.040221938557598591e+00
-1.434460940648561111e+00
-4.663265468914923773e+00
-3.064590743413910356e+00
-7.979193303315646801e+00
-2.892139567756283114e+00
-5.722054994653190008e+00
-2.598164330500604358e+00
-4.787153791995301333e+00
-2.613559550214269667e+00
-6.078694649500600455e+00
-2.978611889163525817e+00
-5.425502843511448958e+00
-3.511986216276973494e+00
-5.989299126751933322e+00
-1.628445906390838527e+00
-5.661639730369918411e+00
-1.415941646019173605e+00
-4.519292293153529982e+00
-4.472526259526696940e-02
-5.086014456944258910e+00
-2.660026162930913873e+00
-4.457773570275832320e+00
-3.069507838501106090e+00
-4.988281179940212695e+00
-2.067225763635998526e+00
-1.989581905238447135e+00
-3.653654116981966737e+00
-4.722685636375659968e+00
-3.667663971185818550e+00
-4.212052231381284706e+00
-5.000000000000000000e+00
-4.938053879450444050e+00
-2.241083683781742941e+00
1.854810813831297089e+00
-2.544068022635552317e+00
-1.574358669418678192e+00
8.310143035240492582e-01
-3.459726447805704375e+00
-1.625732403677204507e+00
2.542665803997672391e+00
-4.621463002665515241e+00
-3.364973381148204545e+00
1.509867690857603195e+00
