-6.324095140730941367e+00
-3.275207678036221814e+00
-5.228340399815754047e+00
-7.291990284399403777e+00
-1.180359279239215686e+00
-7.266852894102092675e-01
-5.465547952989147085e+00
-3.289666690893362500e+00
-5.445313610185871234e-01
-6.938978597255771597e+00
-2.969676271086805652e+00
-5.497975090006291587e+00
-2.822873333337164947e+00
-1.240513555426192127e+00
-3.222492577770279087e+00
-3.866207849451293310e-02
-1.518250743563922089e+00
-5.884897962438312646e+00
-3.262367595378412144e+00
4.402211706777017786e-01
-6.302178760402100011e+00
-3.441310467766349745e+00
-8.287757784452853826e+00
-1.364776350322642440e+00
1.788469717085486299e-01
-7.411624313621699933e+00
-3.162422640855527600e+00
-4.386759694399499310e+00
-4.390745015112948124e+00
-6.891978568670046990e+00
-4.407349401259287980e+00
1.548365240243463614e-01
-5.306900505008221636e+00
-2.106439518145625467e+00
-1.120789347662554780e+00
-5.613051156261181340e+00
-2.534962284502424446e+00
6.622030821814155477e-01
-5.765335505691644435e+00
-2.515997105201056350e+00
1.454471595786449800e+00
-8.173192335813814324e+00
-4.157285482741378324e+00
3.383386590015636797e-01
2.892522845797702025e-01
-5.000000000000000000e+00
-7.378627150294597925e+00
-3.671118746380368503e+00
3.073525623351850977e-01
-6.659193794271140554e+00
-3.586442509765392916e+00
-4.870449718166139919e-01
-5.355850901576797440e+00
-3.390793545510993212e+00
2.285897671815500798e-01
-6.750155768192945160e+00
-1.819105141800739345e+00
6.450641546163793372e-01
-6.430240179453157623e+00
-3.795688316136761831e+00
3.263439225125521759e-01
-6.475422375770571115e+00
-1.359037202929439525e+00
-7.482350211852367039e+00
-2.642570988707150015e+00
-4.961908484809297804e+00
-2.617236624168608472e+00
-7.672420778410706355e+00
-2.871012664795502989e+00
-5.773099816633930459e+00
-1.345063347249359831e+00
-5.608643012077918932e+00
-2.207541806102048254e-01
-6.018837927441493818e+00
-1.734257853303883268e+00
-4.975825762827981613e+00
-2.852394702286300543e+00
-6.206243384429270371e+00
-1.646659838293675238e+00
-6.765563639099027249e+00
-2.429034398235079717e+00
-3.353813066392323350e+00
-2.563703740561528388e+00
-4.994515715977858150e+00
-3.269063747916295615e+00
-3.593351182530383880e+00
-2.437709888846298689e+00
-3.764142742609048131e+00
-2.983242618553801240e+00
-2.417712964667806386e+00
-3.543066223217993915e+00
-5.676930580934967274e+00
-2.614635784603065449e+00
-4.356388043339768146e+00
-1.678901786007142016e+00
2.956204099264733820e+00
-3.778088760869489970e+00
-1.970245117001299118e+00
6.793202350566715508e-02
-3.256784673508104078e+00
-1.868803713387893417e+00
-7.444485457043312771e-01
-5.061584832762831887e+00
-3.104790344474230412e+00
2.265701068019105424e+00
