-6.910269546609022484e+00
-3.333298199867425371e+00
-5.960316084189893893e+00
-5.429213748365038228e+00
-4.162314002825232784e+00
7.966108803594957877e-01
-6.185758131455124875e+00
-2.460322017029755948e+00
1.310477555938679983e-01
-5.573779256363666335e+00
-1.363482764124783309e+00
-5.328934871480690560e+00
-2.262966928071967310e+00
-6.080488500562602865e-03
-1.945336660947974083e+00
-2.418518936626398830e+00
-2.554220967907819162e+00
-7.027726150274742345e+00
-2.954620085195506451e+00
-5.598457055654753045e-01
-8.332067039247222695e+00
-2.211825843170335926e+00
-9.106908835716371442e+00
-2.633360126670698964e+00
-5.789475868165324668e-01
-7.137510922658970358e+00
-2.285120060136792031e+00
-5.065992841708741423e+00
-4.651269385408708601e+00
-7.290132204232397939e+00
-4.244434221516198313e+00
-1.424809968585976361e-01
-6.592082889594887085e+00
-2.778852199414368229e+00
-5.722114550899898289e-02
-5.240086865903063718e+00
-1.771369767241406157e+00
1.304773825025087541e+00
-5.872925831208233305e+00
-2.067458961569759168e+00
-1.163014878884246039e+00
-7.033266091362807337e+00
-2.772989354260134931e+00
7.706408854706483513e-01
-7.508477518257438144e-01
-2.876865922888022897e+00
-6.568282035912039518e+00
-3.201052723591510052e+00
7.202303490604092806e-01
-7.170573351017389463e+00
-3.521864200985155957e+00
-2.586655616548760861e-01
-8.496056909504563492e+00
-2.591521869506874243e+00
-3.745843963396071619e-01
-5.001746396349561863e+00
-1.538429713501006546e+00
-9.980232357780379759e-01
-7.681708363553608088e+00
-1.818331904882043437e+00
-1.659894444346220466e+00
-4.432567743082103995e+00
-2.388058389792385938e+00
-6.636435791727433475e+00
-1.352434261251095116e+00
-5.399479391271387207e+00
-2.447563623952822009e+00
-5.112023532661420511e+00
-2.185951495606285988e+00
-5.622753902625499123e+00
-2.757890023875186336e-01
-5.588263522105345160e+00
-1.156144703343680913e+00
-5.856671830902494769e+00
-1.985979657930844633e+00
-5.742675815145517504e+00
-2.380235655426546248e+00
-7.582215140348901983e+00
-1.093707268899726692e+00
-5.106275847059658979e+00
-2.876462156600890108e+00
-4.600095254527775346e+00
-3.247405032101482902e+00
-4.499409881228568331e+00
-3.087809493207554379e+00
-1.727991514261445705e+00
-3.994946383536396528e+00
-2.670993032816474599e+00
-4.915238876042576699e+00
-3.357990872911592373e+00
-3.424884117079305401e+00
-1.947032929646650867e+00
-2.352985745215682822e+00
-4.887704562983553380e+00
-1.974169733617294531e+00
8.026546716605570397e-01
-2.759415698413982376e+00
-3.134965040051174157e+00
9.779951864435468822e-01
-4.031630103571896662e+00
-3.359342217461872782e+00
1.429470914617343436e+00
-4.640661604030620779e+00
-3.705461215570928335e+00
-8.164222793024502600e-01
