1.435156703106438236e+01
1.435156703106438236e+01
1.250928480606623339e+01
4.940143910775216973e+00
4.940143910775216973e+00
4.940143910775216973e+00
4.940143910775216973e+00
4.940143910775216973e+00
4.940143910775216973e+00
4.309043521049416015e+00
4.309043521049416015e+00
4.103005455716686178e+00
3.996082679955663686e+00
3.468738136676673633e+00
2.831414852751603650e+00
1.961871675866469378e+00
1.892600317938972321e+00
1.681868553624581875e+00
1.237563439260351617e+00
1.054938094167645390e+00
1.054938094167645390e+00
1.054938094167645390e+00
1.007075335062135535e+00
1.007075335062135535e+00
1.007075335062135535e+00
1.007075335062135535e+00
9.948252625726633491e-01
9.948252625726633491e-01
9.948252625726633491e-01
9.948252625726633491e-01
9.906440148560206049e-01
9.906440148560206049e-01
9.906440148560206049e-01
9.620171653764471031e-01
9.401990542391454042e-01
9.401990542391454042e-01
9.401990542391454042e-01
9.401990542391454042e-01
9.401990542391454042e-01
9.401990542391454042e-01
9.401990542391454042e-01
9.401990542391454042e-01
9.401990542391454042e-01
9.401990542391454042e-01
9.171692367861590256e-01
9.103274999218634589e-01
8.950897966212885137e-01
8.439538841068475739e-01
8.271093509461561188e-01
5.481429746896625543e-01
4.708995229497124346e-01
4.708995229497124346e-01
3.108522540256516975e-01
3.108522540256516975e-01
2.670414673554704632e-01
2.670414673554704632e-01
2.670414673554704632e-01
2.670414673554704632e-01
2.670414673554704632e-01
2.670414673554704632e-01
2.670414673554704632e-01
2.476370473127270100e-01
2.476370473127270100e-01
2.476370473127270100e-01
2.476370473127270100e-01
2.476370473127270100e-01
1.835897448117024267e-01
1.492360568579510494e-01
1.492360568579510494e-01
1.438983697137738438e-01
1.438983697137738438e-01
1.438983697137738438e-01
1.438983697137738438e-01
1.438983697137738438e-01
1.438983697137738438e-01
1.199100450391346329e-01
1.199100450391346329e-01
1.199100450391346329e-01
1.199100450391346329e-01
1.199100450391346329e-01
1.199100450391346329e-01
1.199100450391346329e-01
1.143407061615000359e-01
1.143407061615000359e-01
1.143407061615000359e-01
1.143407061615000359e-01
1.080880373315488002e-01
1.056512301668254411e-01
1.056512301668254411e-01
1.056512301668254411e-01
1.056512301668254411e-01
9.865021801655185496e-02
9.865021801655185496e-02
9.865021801655185496e-02
9.021891718936198012e-02
9.021891718936198012e-02
9.021891718936198012e-02
9.021891718936198012e-02
9.021891718936198012e-02
9.021891718936198012e-02
9.021891718936198012e-02
9.021891718936198012e-02
9.021891718936198012e-02
9.021891718936198012e-02
8.826634461255286612e-02
8.826634461255286612e-02
8.826634461255286612e-02
8.826634461255286612e-02
8.777976633511365423e-02
8.611325222819335434e-02
8.611325222819335434e-02
8.611325222819335434e-02
8.611325222819335434e-02
8.256452128051436357e-02
8.256452128051436357e-02
8.256452128051436357e-02
8.256452128051436357e-02
8.256452128051436357e-02
8.256452128051436357e-02
8.048155644260276964e-02
8.048155644260276964e-02
8.048155644260276964e-02
8.048155644260276964e-02
7.820609095939376476e-02
7.810805498235864897e-02
7.810805498235864897e-02
7.796468371260166508e-02
7.796468371260166508e-02
7.796118575586261090e-02
7.796118575586261090e-02
7.789287995704542722e-02
7.691368850018771852e-02
7.675906813544933205e-02
7.674337603055893242e-02
7.641384494104891401e-02
7.600701838938807298e-02
7.546037824799627092e-02
7.546037824799627092e-02
7.546037824799627092e-02
7.523775130032592240e-02
7.523775130032592240e-02
7.519535582084359293e-02
7.510020632834121801e-02
7.450584660952197513e-02
7.376323684193900054e-02
7.361809322735908545e-02
7.346505303458758518e-02
7.333789628999717869e-02
7.333789628999717869e-02
7.324103838609460904e-02
7.324103838609460904e-02
7.244826145749432011e-02
7.244826145749432011e-02
7.244826145749432011e-02
7.238004130072107911e-02
7.238004130072107911e-02
7.238004130072107911e-02
7.175656194620620709e-02
7.135190021186225973e-02
7.135190021186225973e-02
7.135190021186225973e-02
7.135190021186225973e-02
7.135190021186225973e-02
7.127287008192934037e-02
7.127287008192934037e-02
7.122447981161771080e-02
7.122447981161771080e-02
7.105770554045624798e-02
7.103530555899117971e-02
7.090097379498699892e-02
7.085424203186854730e-02
7.085424203186854730e-02
7.081926261365666109e-02
7.081467775347601024e-02
7.081398337770541951e-02
7.081096859697019741e-02
7.072404344189554826e-02
7.035815306743485598e-02
7.035815306743485598e-02
7.006828012168264674e-02
7.005531784989919852e-02
6.999961360819342837e-02
6.999090206861653674e-02
6.999020744272829719e-02
6.999017963861743630e-02
6.998947808060568265e-02
6.998877088810434577e-02
6.998877088810434577e-02
6.996932755378280910e-02
6.996932755378280910e-02
6.996580637485337595e-02
6.996547665915907321e-02
6.996531259626347088e-02
6.996531259626347088e-02
6.981369374526530391e-02
6.981369374526530391e-02
6.980521851241855424e-02
6.977157662869902521e-02
6.941698472062940439e-02
6.941489077031624821e-02
