2.255062288719319952e+01
2.255062288719319952e+01
1.714140102039782931e+01
1.044907201279593956e+01
1.044907201279593956e+01
1.044907201279593956e+01
5.890278196975193836e+00
5.890278196975193836e+00
3.436619017230416517e+00
2.213841993132771968e+00
1.688446735007081978e+00
1.248778312263301382e+00
1.174947358949815612e+00
9.483730906110416914e-01
9.107994933284132566e-01
9.107994933284132566e-01
9.107994933284132566e-01
9.107994933284132566e-01
9.058100889415326984e-01
7.980776778456941667e-01
7.980776778456941667e-01
7.641981032154815390e-01
7.641981032154815390e-01
7.641981032154815390e-01
7.267312806159769156e-01
6.283576099796255310e-01
5.916770864023102039e-01
4.280891729735828988e-01
4.280891729735828988e-01
4.280891729735828988e-01
4.280891729735828988e-01
4.236568850774334871e-01
4.169044217760892734e-01
3.824952871513768171e-01
3.824952871513768171e-01
3.824952871513768171e-01
3.741449103059465431e-01
3.699763833497831667e-01
3.459362553581819544e-01
3.009780954807277920e-01
3.006214307800572083e-01
2.812102901145852041e-01
2.812102901145852041e-01
2.812102901145852041e-01
2.599969189527049362e-01
2.349913296556783715e-01
2.349913296556783715e-01
2.349913296556783715e-01
2.349913296556783715e-01
2.349913296556783715e-01
2.066202242236938325e-01
1.823878745411464108e-01
1.821783001214056230e-01
1.729791311958965294e-01
1.651147090261761707e-01
1.651147090261761707e-01
1.651147090261761707e-01
1.651147090261761707e-01
1.651147090261761707e-01
1.651147090261761707e-01
1.377442842653002208e-01
1.376031071738834932e-01
1.376031071738834932e-01
1.376031071738834932e-01
1.376031071738834932e-01
1.376031071738834932e-01
1.186125666515579630e-01
1.186125666515579630e-01
1.186125666515579630e-01
1.186125666515579630e-01
1.186125666515579630e-01
1.186125666515579630e-01
1.186125666515579630e-01
1.097848179569397009e-01
1.097848179569397009e-01
1.097848179569397009e-01
1.097848179569397009e-01
1.097848179569397009e-01
1.097848179569397009e-01
1.097848179569397009e-01
1.097848179569397009e-01
1.097848179569397009e-01
1.097848179569397009e-01
1.037454676688730343e-01
1.037454676688730343e-01
1.037454676688730343e-01
1.037454676688730343e-01
1.009435482476329776e-01
1.009435482476329776e-01
1.009435482476329776e-01
1.009435482476329776e-01
9.905906144987290662e-02
9.905906144987290662e-02
9.905906144987290662e-02
9.905906144987290662e-02
9.905906144987290662e-02
9.905906144987290662e-02
9.905906144987290662e-02
9.905906144987290662e-02
9.905906144987290662e-02
9.905906144987290662e-02
9.905906144987290662e-02
9.905906144987290662e-02
9.789708745203873352e-02
9.789708745203873352e-02
9.789708745203873352e-02
9.789708745203873352e-02
9.789708745203873352e-02
9.789708745203873352e-02
9.789708745203873352e-02
9.668019056179559534e-02
9.668019056179559534e-02
9.668019056179559534e-02
9.668019056179559534e-02
9.527701117734631298e-02
9.527701117734631298e-02
9.527701117734631298e-02
9.513470138216131855e-02
9.513470138216131855e-02
9.513470138216131855e-02
9.513470138216131855e-02
9.513470138216131855e-02
9.513470138216131855e-02
9.513470138216131855e-02
9.513470138216131855e-02
9.513470138216131855e-02
9.513470138216131855e-02
9.513470138216131855e-02
9.513470138216131855e-02
9.513470138216131855e-02
9.513470138216131855e-02
9.513470138216131855e-02
9.505207108924451642e-02
9.505207108924451642e-02
9.505207108924451642e-02
9.505207108924451642e-02
9.480098406322182147e-02
9.480098406322182147e-02
9.480098406322182147e-02
9.480098406322182147e-02
9.380948512803823081e-02
9.380948512803823081e-02
9.380948512803823081e-02
9.380948512803823081e-02
9.380948512803823081e-02
9.325322226932435121e-02
9.226001258327201637e-02
9.223468153161627769e-02
9.223468153161627769e-02
9.223468153161627769e-02
9.218119819242540092e-02
8.930852512271203469e-02
8.930852512271203469e-02
8.926113212560016219e-02
8.926113212560016219e-02
8.926113212560016219e-02
8.926113212560016219e-02
8.926113212560016219e-02
8.926113212560016219e-02
8.926113212560016219e-02
8.926113212560016219e-02
8.926113212560016219e-02
8.926113212560016219e-02
8.926113212560016219e-02
8.926113212560016219e-02
8.926113212560016219e-02
8.926113212560016219e-02
8.926113212560016219e-02
8.926113212560016219e-02
8.926113212560016219e-02
8.926113212560016219e-02
8.926113212560016219e-02
8.926113212560016219e-02
8.926113212560016219e-02
8.926113212560016219e-02
8.926113212560016219e-02
8.911026781144611164e-02
8.911026781144611164e-02
8.670467322106256702e-02
8.669117121496840161e-02
8.602054131148954841e-02
8.602054131148954841e-02
8.602054131148954841e-02
8.602054131148954841e-02
8.602054131148954841e-02
8.602054131148954841e-02
8.433458188829162649e-02
8.433458188829162649e-02
8.111019805320048015e-02
8.028216923395845028e-02
7.911827891263767398e-02
7.908174519606064878e-02
7.907950197045345020e-02
7.907950197045345020e-02
7.907950197045345020e-02
7.907947827997517665e-02
7.907947827997517665e-02
7.907947827997517665e-02
7.907947827997517665e-02
7.907947827997517665e-02
