2.168719025731552819e+01
2.168719025731552819e+01
1.651835749866206982e+01
1.651835749866206982e+01
1.170482376979110306e+01
5.561287314126987624e+00
5.561287314126987624e+00
2.201426356439243559e+00
2.201426356439243559e+00
1.734536333271774478e+00
1.077741602041893731e+00
1.077741602041893731e+00
6.342110497203411468e-01
5.819802293277522853e-01
5.819802293277522853e-01
5.819802293277522853e-01
4.552465762501004543e-01
4.418459284075280658e-01
3.884416044205920571e-01
3.884416044205920571e-01
3.884416044205920571e-01
3.884416044205920571e-01
3.782874858887470548e-01
3.782874858887470548e-01
3.373272093513222658e-01
3.373272093513222658e-01
2.889704524991175694e-01
2.307832592440061115e-01
2.307832592440061115e-01
2.214525833514254249e-01
2.214525833514254249e-01
2.214525833514254249e-01
2.214525833514254249e-01
2.181077071090901376e-01
1.792819492148118865e-01
1.792819492148118865e-01
1.792819492148118865e-01
1.792819492148118865e-01
1.792819492148118865e-01
1.792819492148118865e-01
1.792819492148118865e-01
1.792819492148118865e-01
1.792819492148118865e-01
1.349762098834766388e-01
1.349762098834766388e-01
1.349762098834766388e-01
1.349762098834766388e-01
1.349762098834766388e-01
1.349762098834766388e-01
1.349762098834766388e-01
1.251422479855467673e-01
1.251422479855467673e-01
1.251422479855467673e-01
1.251422479855467673e-01
1.251422479855467673e-01
1.251422479855467673e-01
1.251422479855467673e-01
1.251422479855467673e-01
1.251422479855467673e-01
1.183695471957301459e-01
1.183695471957301459e-01
1.183695471957301459e-01
1.069761781551205743e-01
1.069761781551205743e-01
1.069761781551205743e-01
1.069761781551205743e-01
1.069761781551205743e-01
1.069761781551205743e-01
1.058624660609149698e-01
9.555141563089497581e-02
9.555141563089497581e-02
8.423840745035732214e-02
8.423840745035732214e-02
8.423840745035732214e-02
8.423840745035732214e-02
8.423840745035732214e-02
8.423840745035732214e-02
8.423840745035732214e-02
8.423840745035732214e-02
8.423840745035732214e-02
8.423840745035732214e-02
8.423840745035732214e-02
8.354331207902174206e-02
8.354331207902174206e-02
8.354331207902174206e-02
8.275376639765771869e-02
8.275376639765771869e-02
8.275376639765771869e-02
8.275376639765771869e-02
8.275376639765771869e-02
8.275376639765771869e-02
8.275376639765771869e-02
8.275376639765771869e-02
8.275376639765771869e-02
6.879581968232459377e-02
6.879581968232459377e-02
6.879581968232459377e-02
6.364308289257884776e-02
6.364308289257884776e-02
6.364308289257884776e-02
6.364308289257884776e-02
6.364308289257884776e-02
6.364308289257884776e-02
6.364308289257884776e-02
6.364308289257884776e-02
6.364308289257884776e-02
6.364308289257884776e-02
6.364308289257884776e-02
6.260739841261170335e-02
6.260739841261170335e-02
6.260739841261170335e-02
6.230320473812866328e-02
6.230320473812866328e-02
6.230320473812866328e-02
6.230320473812866328e-02
6.230320473812866328e-02
6.230320473812866328e-02
6.230320473812866328e-02
6.230320473812866328e-02
6.163333254059483873e-02
5.743436005297694602e-02
5.743436005297694602e-02
5.743436005297694602e-02
5.743436005297694602e-02
5.743436005297694602e-02
5.743436005297694602e-02
5.743436005297694602e-02
5.743436005297694602e-02
5.743436005297694602e-02
5.743436005297694602e-02
5.743436005297694602e-02
5.743436005297694602e-02
5.736863744944332988e-02
5.709016143086821649e-02
5.702069784529728569e-02
5.700046630441928108e-02
5.699393856647136380e-02
5.685800189207715349e-02
5.685800189207715349e-02
5.456537747502563512e-02
5.456537747502563512e-02
5.456537747502563512e-02
5.025383577692309200e-02
5.025383577692309200e-02
5.025383577692309200e-02
5.025383577692309200e-02
5.025383577692309200e-02
5.025383577692309200e-02
5.025383577692309200e-02
5.025383577692309200e-02
5.025383577692309200e-02
5.025383577692309200e-02
5.025383577692309200e-02
5.025383577692309200e-02
5.025383577692309200e-02
5.025383577692309200e-02
5.025383577692309200e-02
5.025383577692309200e-02
5.025383577692309200e-02
5.025383577692309200e-02
5.025383577692309200e-02
5.025383577692309200e-02
4.998491310679307326e-02
4.998491310679307326e-02
4.998491310679307326e-02
4.998491310679307326e-02
4.986029166013204728e-02
4.936589005856580059e-02
4.936589005856580059e-02
4.936589005856580059e-02
4.925526373797811663e-02
4.923453603615368657e-02
4.923163079070670689e-02
4.923120097501276077e-02
4.923113204977347390e-02
4.923113204977347390e-02
4.923113204977347390e-02
4.923111391982321755e-02
4.910728268187782714e-02
4.910728268187782714e-02
4.888854472482706548e-02
4.888854472482706548e-02
4.888285614185531452e-02
4.888236134716869574e-02
4.877729481209823470e-02
4.869157693444340490e-02
4.867105351016078052e-02
4.865300612333636754e-02
4.865197773278341631e-02
4.865192914965209281e-02
4.864369799139196121e-02
4.864228075791300621e-02
4.863721391987417542e-02
4.863683604717625869e-02
4.863562360833702247e-02
4.863544167286004000e-02
4.863533071513315847e-02
4.863532090460176427e-02
4.863531325688889850e-02
4.863527367399478329e-02
