1.767906328660747661e+01
1.631607764238816571e+01
1.110108538394323041e+01
9.139679566649386189e+00
3.409796400244285763e+00
3.409796400244285763e+00
3.409796400244285763e+00
3.409796400244285763e+00
2.061776604034222693e+00
2.061776604034222693e+00
2.032060649057437107e+00
8.874423560455788618e-01
7.037854937413366985e-01
7.037854937413366985e-01
7.037854937413366985e-01
2.680860020641651631e-01
2.680860020641651631e-01
2.591686868253259002e-01
1.842459908582452510e-01
1.842459908582452510e-01
1.842459908582452510e-01
1.842459908582452510e-01
1.842459908582452510e-01
1.842459908582452510e-01
1.842459908582452510e-01
1.410149117762368731e-01
1.410149117762368731e-01
1.410149117762368731e-01
1.410149117762368731e-01
1.410149117762368731e-01
1.410149117762368731e-01
1.386057417133696734e-01
1.386057417133696734e-01
1.087817660071015019e-01
1.087817660071015019e-01
1.087817660071015019e-01
1.087817660071015019e-01
1.087817660071015019e-01
1.016876226940474914e-01
1.016876226940474914e-01
1.016876226940474914e-01
1.016876226940474914e-01
1.016876226940474914e-01
1.016876226940474914e-01
1.016876226940474914e-01
1.016876226940474914e-01
1.016876226940474914e-01
1.012609465035816669e-01
8.123227320611688118e-02
7.630474198522832485e-02
7.630474198522832485e-02
7.630474198522832485e-02
7.630474198522832485e-02
7.630474198522832485e-02
7.630474198522832485e-02
7.630474198522832485e-02
7.630474198522832485e-02
7.630474198522832485e-02
7.630474198522832485e-02
7.630474198522832485e-02
7.630474198522832485e-02
7.630474198522832485e-02
7.630474198522832485e-02
7.387586640250994041e-02
6.457988786299981299e-02
6.457988786299981299e-02
6.457988786299981299e-02
6.457988786299981299e-02
6.457988786299981299e-02
6.457988786299981299e-02
6.457988786299981299e-02
6.457988786299981299e-02
6.457988786299981299e-02
6.457988786299981299e-02
6.457988786299981299e-02
6.457988786299981299e-02
6.457988786299981299e-02
6.457988786299981299e-02
6.457988786299981299e-02
6.457988786299981299e-02
6.143209563158295861e-02
6.143209563158295861e-02
6.143209563158295861e-02
6.143209563158295861e-02
6.143209563158295861e-02
6.143209563158295861e-02
5.558502085121317521e-02
5.558502085121317521e-02
5.558502085121317521e-02
5.558502085121317521e-02
5.558502085121317521e-02
5.558502085121317521e-02
5.558502085121317521e-02
5.558502085121317521e-02
5.558502085121317521e-02
5.558502085121317521e-02
5.558502085121317521e-02
5.558502085121317521e-02
5.558502085121317521e-02
5.558502085121317521e-02
5.558502085121317521e-02
5.558502085121317521e-02
5.558502085121317521e-02
5.558502085121317521e-02
5.558502085121317521e-02
5.558502085121317521e-02
5.558502085121317521e-02
5.558502085121317521e-02
5.558502085121317521e-02
5.558502085121317521e-02
5.558502085121317521e-02
5.540410482771183920e-02
5.540410482771183920e-02
5.540410482771183920e-02
5.540410482771183920e-02
5.540410482771183920e-02
5.397145639835537745e-02
5.353564329786969500e-02
5.353564329786969500e-02
5.353341819144298575e-02
5.353341819144298575e-02
5.346137800609379598e-02
5.346137800609379598e-02
5.346137800609379598e-02
5.322550992491233840e-02
5.310724512859783808e-02
5.306540723712776381e-02
5.305048156205462856e-02
5.304502622738800632e-02
5.304303758878511910e-02
5.304235197264033780e-02
5.304212547421118668e-02
5.304202860628570715e-02
5.304201908554437295e-02
5.304198609148860766e-02
5.304198609148860766e-02
5.304198609148860766e-02
5.304197853473632818e-02
5.304197853473632818e-02
5.278331118337185879e-02
5.224989269315186147e-02
5.224989269315186147e-02
5.217734886296949287e-02
5.217734886296949287e-02
5.215861609985850134e-02
5.215861609985850134e-02
5.215861609985850134e-02
5.190911860185198207e-02
5.182339079930354392e-02
5.181997426608313945e-02
5.179431180026582149e-02
5.178811965266785777e-02
5.176478275690377107e-02
5.176478275690377107e-02
5.136081709373812448e-02
5.136081709373812448e-02
5.136081709373812448e-02
5.135082517633127175e-02
5.123236019704820871e-02
5.123236019704820871e-02
5.123236019704820871e-02
5.123236019704820871e-02
5.123236019704820871e-02
5.123236019704820871e-02
5.123236019704820871e-02
5.123236019704820871e-02
5.123236019704820871e-02
5.123236019704820871e-02
5.117923404898276629e-02
5.117923404898276629e-02
5.117923404898276629e-02
5.116600353443255533e-02
5.116409625007988654e-02
5.116338465740813413e-02
5.116338465740813413e-02
5.116338465740813413e-02
5.116338465740813413e-02
5.116336594545703442e-02
5.116336594545703442e-02
5.116336594545703442e-02
5.116336594545703442e-02
5.116336594545703442e-02
5.116336594545703442e-02
5.116336594545703442e-02
5.116336594545703442e-02
5.116336594545703442e-02
5.116333411217707794e-02
5.116333411217707794e-02
5.116333411217707794e-02
5.116333411217707794e-02
5.116333411217707794e-02
5.116333045379899136e-02
5.116333045379899136e-02
5.116333045379899136e-02
5.116333045379899136e-02
5.116333045379899136e-02
5.116333045379899136e-02
5.116333045379899136e-02
5.116333045379899136e-02
5.116333045379899136e-02
