1.100677841928989764e+01
1.100677841928989764e+01
9.736405421968241214e+00
7.868279012749550105e+00
8.769148671154528563e-01
8.769148671154528563e-01
8.769148671154528563e-01
8.769148671154528563e-01
8.769148671154528563e-01
4.771063037005639496e-01
2.648706261943666873e-01
2.648706261943666873e-01
2.648706261943666873e-01
2.648706261943666873e-01
2.648706261943666873e-01
2.648706261943666873e-01
2.648706261943666873e-01
2.648706261943666873e-01
2.648706261943666873e-01
2.648706261943666873e-01
2.648706261943666873e-01
1.932041161846393684e-01
1.932041161846393684e-01
1.932041161846393684e-01
1.932041161846393684e-01
1.555291579704883853e-01
1.555291579704883853e-01
1.555291579704883853e-01
1.555291579704883853e-01
1.555291579704883853e-01
1.555291579704883853e-01
1.555291579704883853e-01
1.555291579704883853e-01
1.520613199988229414e-01
1.520613199988229414e-01
1.520613199988229414e-01
1.520613199988229414e-01
1.520613199988229414e-01
1.520613199988229414e-01
1.520613199988229414e-01
1.520613199988229414e-01
1.251314249345816254e-01
1.251314249345816254e-01
1.251314249345816254e-01
1.251314249345816254e-01
1.251314249345816254e-01
1.251314249345816254e-01
1.251314249345816254e-01
1.251314249345816254e-01
1.234488960189480816e-01
1.234488960189480816e-01
1.234488960189480816e-01
1.234488960189480816e-01
1.234488960189480816e-01
1.234488960189480816e-01
1.234488960189480816e-01
1.234488960189480816e-01
1.234488960189480816e-01
1.122190951403171655e-01
1.004910263691542183e-01
1.004910263691542183e-01
1.004910263691542183e-01
1.004910263691542183e-01
1.004910263691542183e-01
1.004910263691542183e-01
1.004910263691542183e-01
1.004910263691542183e-01
1.004910263691542183e-01
1.004910263691542183e-01
1.004910263691542183e-01
9.667231551954146018e-02
9.667231551954146018e-02
9.667231551954146018e-02
9.667231551954146018e-02
9.667231551954146018e-02
9.667231551954146018e-02
9.187324233236095206e-02
9.187324233236095206e-02
9.187324233236095206e-02
9.187324233236095206e-02
9.187324233236095206e-02
9.187324233236095206e-02
9.187324233236095206e-02
9.187324233236095206e-02
9.187324233236095206e-02
9.187324233236095206e-02
9.045922932812647255e-02
9.045922932812647255e-02
9.045922932812647255e-02
9.045922932812647255e-02
9.045922932812647255e-02
8.465470336412006525e-02
8.465470336412006525e-02
8.465470336412006525e-02
8.465470336412006525e-02
8.465470336412006525e-02
8.465470336412006525e-02
8.465470336412006525e-02
8.465470336412006525e-02
8.465470336412006525e-02
8.465470336412006525e-02
8.465470336412006525e-02
8.465470336412006525e-02
8.465470336412006525e-02
8.465470336412006525e-02
8.452336274103709746e-02
8.452336274103709746e-02
8.452336274103709746e-02
8.452336274103709746e-02
8.452336274103709746e-02
8.452336274103709746e-02
8.228070360468033029e-02
8.228070360468033029e-02
8.228070360468033029e-02
8.228070360468033029e-02
8.228070360468033029e-02
8.228070360468033029e-02
8.228070360468033029e-02
8.228070360468033029e-02
8.228070360468033029e-02
8.228070360468033029e-02
8.152535978473307576e-02
8.152535978473307576e-02
8.152535978473307576e-02
8.144736397417459695e-02
8.144736397417459695e-02
8.144736397417459695e-02
8.144736397417459695e-02
8.144736397417459695e-02
8.141571048193968485e-02
8.139718103351384348e-02
8.139420469489914989e-02
8.139274726886949751e-02
8.115615661211855736e-02
8.115615661211855736e-02
8.056209084738406856e-02
8.056209084738406856e-02
8.056209084738406856e-02
8.056209084738406856e-02
8.034956554115701977e-02
8.008822996053559240e-02
8.008822996053559240e-02
8.008822996053559240e-02
8.008822996053559240e-02
7.902376233483093815e-02
7.902376233483093815e-02
7.870578927190473306e-02
7.870578927190473306e-02
7.870578927190473306e-02
7.870578927190473306e-02
7.870578927190473306e-02
7.870578927190473306e-02
7.870578927190473306e-02
7.870578927190473306e-02
7.818205190066657151e-02
7.818205190066657151e-02
7.818205190066657151e-02
7.818205190066657151e-02
7.818205190066657151e-02
7.818205190066657151e-02
7.818205190066657151e-02
7.818205190066657151e-02
7.738075689314438677e-02
7.738075689314438677e-02
7.738075689314438677e-02
7.738075689314438677e-02
7.738075689314438677e-02
7.738075689314438677e-02
7.738075689314438677e-02
7.738075689314438677e-02
7.725373145746100567e-02
7.720022892079650423e-02
7.719362012677602469e-02
7.623800544696603121e-02
7.623800544696603121e-02
7.623800544696603121e-02
7.623800544696603121e-02
7.623800544696603121e-02
7.623800544696603121e-02
7.623800544696603121e-02
7.623800544696603121e-02
7.623800544696603121e-02
7.566593672865533360e-02
7.566593672865533360e-02
7.534274326543372036e-02
7.534274326543372036e-02
7.534274326543372036e-02
7.532629926421774424e-02
7.532600971500372222e-02
7.532572135277869341e-02
7.532572135277869341e-02
7.532572135277869341e-02
7.532569286216596327e-02
7.532569286216596327e-02
7.532569286216596327e-02
7.532569286216596327e-02
7.532568754833979252e-02
7.532568754833979252e-02
7.532568754833979252e-02
7.532568754833979252e-02
