1.677073682038859914e+01
1.553749848088789420e+01
9.865988702957354306e+00
8.062105109572680561e+00
4.165422312355421930e+00
2.349436326852234469e+00
2.349436326852234469e+00
2.349436326852234469e+00
7.669160082603754258e-01
7.669160082603754258e-01
7.669160082603754258e-01
7.669160082603754258e-01
7.663168225093612840e-01
5.915589936959958495e-01
5.327898440101936917e-01
4.395096881706181402e-01
4.395096881706181402e-01
4.395096881706181402e-01
3.527695711004305013e-01
3.527695711004305013e-01
3.527695711004305013e-01
3.527695711004305013e-01
3.293837048192572170e-01
3.293837048192572170e-01
3.293837048192572170e-01
2.748740008151922543e-01
2.748740008151922543e-01
2.748740008151922543e-01
2.748740008151922543e-01
2.748740008151922543e-01
2.748740008151922543e-01
2.748740008151922543e-01
1.746676042974410759e-01
1.746676042974410759e-01
1.746676042974410759e-01
1.502597233104093488e-01
1.028671697505271349e-01
1.028671697505271349e-01
1.028671697505271349e-01
1.028671697505271349e-01
1.028671697505271349e-01
1.028671697505271349e-01
1.028671697505271349e-01
1.028671697505271349e-01
1.028671697505271349e-01
1.028671697505271349e-01
1.028671697505271349e-01
1.028671697505271349e-01
1.028671697505271349e-01
1.028671697505271349e-01
1.028671697505271349e-01
9.625480360714931682e-02
8.739998100315302110e-02
8.739998100315302110e-02
8.739998100315302110e-02
8.739998100315302110e-02
8.739998100315302110e-02
8.739998100315302110e-02
8.739998100315302110e-02
8.739998100315302110e-02
8.739998100315302110e-02
8.199624997705709517e-02
8.199624997705709517e-02
8.199624997705709517e-02
8.199624997705709517e-02
8.199624997705709517e-02
8.199624997705709517e-02
7.228694668399084089e-02
7.228694668399084089e-02
7.228694668399084089e-02
7.228694668399084089e-02
7.228694668399084089e-02
7.228694668399084089e-02
7.228694668399084089e-02
7.228694668399084089e-02
7.228694668399084089e-02
7.228694668399084089e-02
7.228694668399084089e-02
7.228694668399084089e-02
7.228694668399084089e-02
7.228694668399084089e-02
7.228694668399084089e-02
7.228694668399084089e-02
7.228694668399084089e-02
7.228694668399084089e-02
7.228694668399084089e-02
7.228694668399084089e-02
7.228694668399084089e-02
7.228694668399084089e-02
7.228694668399084089e-02
7.228694668399084089e-02
6.979992764009618211e-02
6.979992764009618211e-02
6.979992764009618211e-02
6.979992764009618211e-02
6.947318532969441740e-02
6.947318532969441740e-02
6.938482913547767972e-02
6.938482913547767972e-02
6.938482913547767972e-02
6.938482913547767972e-02
6.938482913547767972e-02
6.938482913547767972e-02
6.938482913547767972e-02
6.938482913547767972e-02
6.938482913547767972e-02
6.938482913547767972e-02
6.938482913547767972e-02
6.938482913547767972e-02
6.796251003536372959e-02
6.796251003536372959e-02
6.796251003536372959e-02
6.796251003536372959e-02
6.796251003536372959e-02
6.796251003536372959e-02
6.796251003536372959e-02
6.519541269080603163e-02
6.519541269080603163e-02
6.519541269080603163e-02
6.519541269080603163e-02
6.519541269080603163e-02
6.519541269080603163e-02
6.519541269080603163e-02
6.519541269080603163e-02
6.519541269080603163e-02
6.516633988812861600e-02
6.516633988812861600e-02
6.516633988812861600e-02
6.516633988812861600e-02
6.516633988812861600e-02
6.457188664900577468e-02
6.457188664900577468e-02
6.457188664900577468e-02
6.447595329935251751e-02
6.447595329935251751e-02
6.447595329935251751e-02
6.426458511029603526e-02
6.426458511029603526e-02
6.411908440835682732e-02
6.411908440835682732e-02
6.411908440835682732e-02
6.411908440835682732e-02
6.411908440835682732e-02
6.411908440835682732e-02
6.411908440835682732e-02
6.411908440835682732e-02
6.411908440835682732e-02
6.411908440835682732e-02
6.411908440835682732e-02
6.411908440835682732e-02
6.411908440835682732e-02
6.411908440835682732e-02
6.411908440835682732e-02
6.411908440835682732e-02
6.411908440835682732e-02
6.411908440835682732e-02
6.411908440835682732e-02
6.397698316852491740e-02
6.397698316852491740e-02
6.397698316852491740e-02
6.397698316852491740e-02
6.397698316852491740e-02
6.397698316852491740e-02
6.396512326597374176e-02
6.396512326597374176e-02
6.391181921039443270e-02
6.391181921039443270e-02
6.390221022458147937e-02
6.390221022458147937e-02
6.390209913004823994e-02
6.390194646807582923e-02
6.390194646807582923e-02
6.390194646807582923e-02
6.390176054682449036e-02
6.390170265387956627e-02
6.390170265387956627e-02
6.390170265387956627e-02
6.390170265387956627e-02
6.390167104770015649e-02
6.390167104770015649e-02
6.390167104770015649e-02
6.390167104770015649e-02
6.351470039784486155e-02
6.351470039784486155e-02
6.351470039784486155e-02
6.351470039784486155e-02
6.323285625151676970e-02
6.323285625151676970e-02
6.323285625151676970e-02
6.323285625151676970e-02
6.323285625151676970e-02
6.323285625151676970e-02
6.323285625151676970e-02
6.323285625151676970e-02
6.323285625151676970e-02
6.323285625151676970e-02
6.323285625151676970e-02
6.323285625151676970e-02
6.323285625151676970e-02
6.323285625151676970e-02
