2.117732849250775473e+01
9.634929407459940975e+00
3.253866401981491574e+00
2.204396224391651948e+00
2.204396224391651948e+00
2.204396224391651948e+00
2.204396224391651948e+00
1.878345650124213950e+00
7.651269827920548217e-01
5.169466491382707085e-01
5.169466491382707085e-01
3.717133223249569074e-01
3.673395129826396710e-01
2.056164863993940051e-01
1.969461006276105597e-01
1.969461006276105597e-01
1.969461006276105597e-01
1.969461006276105597e-01
1.969461006276105597e-01
1.801021266033746016e-01
1.801021266033746016e-01
1.801021266033746016e-01
1.123682235017936792e-01
1.123682235017936792e-01
1.025579888370834053e-01
1.025579888370834053e-01
1.025579888370834053e-01
1.025579888370834053e-01
1.025579888370834053e-01
9.982029013652027327e-02
9.982029013652027327e-02
9.982029013652027327e-02
9.982029013652027327e-02
9.982029013652027327e-02
9.790606785386204991e-02
9.790606785386204991e-02
9.790606785386204991e-02
9.790606785386204991e-02
9.790606785386204991e-02
9.790606785386204991e-02
9.790606785386204991e-02
9.420845332596358701e-02
9.420845332596358701e-02
9.420845332596358701e-02
9.420845332596358701e-02
9.114007274600627317e-02
9.114007274600627317e-02
9.114007274600627317e-02
9.114007274600627317e-02
9.114007274600627317e-02
9.114007274600627317e-02
9.114007274600627317e-02
9.114007274600627317e-02
9.114007274600627317e-02
9.114007274600627317e-02
9.114007274600627317e-02
9.114007274600627317e-02
9.114007274600627317e-02
9.114007274600627317e-02
9.114007274600627317e-02
9.114007274600627317e-02
9.114007274600627317e-02
9.114007274600627317e-02
9.114007274600627317e-02
9.114007274600627317e-02
8.682114385845224325e-02
8.682114385845224325e-02
8.682114385845224325e-02
8.682114385845224325e-02
8.682114385845224325e-02
8.539770100557200760e-02
8.539770100557200760e-02
8.539770100557200760e-02
8.539770100557200760e-02
8.539770100557200760e-02
8.539770100557200760e-02
8.539770100557200760e-02
8.539770100557200760e-02
8.539770100557200760e-02
8.539770100557200760e-02
8.539770100557200760e-02
8.539770100557200760e-02
8.539770100557200760e-02
8.391961254356063160e-02
8.187773730986104559e-02
8.187773730986104559e-02
8.187773730986104559e-02
8.187773730986104559e-02
8.187773730986104559e-02
8.187773730986104559e-02
8.187773730986104559e-02
7.536438795962230319e-02
7.536438795962230319e-02
7.536438795962230319e-02
7.536438795962230319e-02
7.536438795962230319e-02
7.536438795962230319e-02
7.536438795962230319e-02
7.536438795962230319e-02
7.536438795962230319e-02
6.634715243736429013e-02
6.634715243736429013e-02
6.634715243736429013e-02
6.634715243736429013e-02
6.634715243736429013e-02
6.634715243736429013e-02
6.634715243736429013e-02
6.634715243736429013e-02
6.634715243736429013e-02
6.449165619451016629e-02
6.199022061940206302e-02
6.199022061940206302e-02
6.199022061940206302e-02
6.199022061940206302e-02
6.199022061940206302e-02
6.199022061940206302e-02
6.199022061940206302e-02
6.199022061940206302e-02
6.199022061940206302e-02
6.199022061940206302e-02
6.199022061940206302e-02
6.199022061940206302e-02
6.199022061940206302e-02
6.199022061940206302e-02
6.199022061940206302e-02
6.199022061940206302e-02
6.199022061940206302e-02
6.199022061940206302e-02
6.199022061940206302e-02
6.199022061940206302e-02
6.199022061940206302e-02
6.199022061940206302e-02
6.199022061940206302e-02
6.194680226420842817e-02
6.194680226420842817e-02
6.187117659933682318e-02
6.187117659933682318e-02
6.183630274082228817e-02
6.183326081166253679e-02
6.183326081166253679e-02
6.183313411310054075e-02
6.183313411310054075e-02
6.183075324885826257e-02
6.183009734564541560e-02
6.182988362936026050e-02
6.182980260708507286e-02
6.182980260708507286e-02
6.048603708143950736e-02
5.964824688007164949e-02
5.964824688007164949e-02
5.964824688007164949e-02
5.964824688007164949e-02
5.964824688007164949e-02
5.964824688007164949e-02
5.964824688007164949e-02
5.792693533074631806e-02
5.792693533074631806e-02
5.765785734528093565e-02
5.765785734528093565e-02
5.765785734528093565e-02
5.765785734528093565e-02
5.746507642357723267e-02
5.746507642357723267e-02
5.643117428263638713e-02
5.643117428263638713e-02
5.643117428263638713e-02
5.643117428263638713e-02
5.643117428263638713e-02
5.643117428263638713e-02
5.643117428263638713e-02
5.643117428263638713e-02
5.643117428263638713e-02
5.577308941513544477e-02
5.577308941513544477e-02
5.519195727593580181e-02
5.519195727593580181e-02
5.519195727593580181e-02
5.519195727593580181e-02
5.517569489396296351e-02
5.517569489396296351e-02
5.517569489396296351e-02
5.517569489396296351e-02
5.517231562483154023e-02
5.517191740521777688e-02
5.517187646561802494e-02
5.517187646561802494e-02
5.517184694786386040e-02
5.517182545314781167e-02
5.517182545314781167e-02
5.517175058176859020e-02
5.517175058176859020e-02
5.517175058176859020e-02
5.517175058176859020e-02
5.517175058176859020e-02
5.517175058176859020e-02
5.517175058176859020e-02
5.517175058176859020e-02
5.517175058176859020e-02
5.517175058176859020e-02
5.517172923743359630e-02
