3.255326836620076136e+01
3.255326836620076136e+01
2.095017095443223454e+01
1.326699687832671160e+01
1.326699687832671160e+01
1.294369537953334692e+01
2.673696617467501646e+00
1.119483761554262546e+00
1.110011066999998963e+00
8.851285641581002617e-01
5.473126618945260979e-01
3.573695199052465687e-01
3.573695199052465687e-01
3.559156437917000426e-01
3.559156437917000426e-01
3.313853251958316926e-01
3.313853251958316926e-01
2.377852551937050807e-01
2.377852551937050807e-01
2.377852551937050807e-01
2.377852551937050807e-01
2.377852551937050807e-01
2.295468008013811789e-01
2.260428604149077314e-01
2.260428604149077314e-01
2.260428604149077314e-01
2.260428604149077314e-01
2.260428604149077314e-01
2.260428604149077314e-01
2.260428604149077314e-01
2.260428604149077314e-01
2.260428604149077314e-01
2.260428604149077314e-01
2.260428604149077314e-01
2.170719102666008871e-01
1.714353235850025470e-01
1.714353235850025470e-01
1.714353235850025470e-01
1.714353235850025470e-01
1.714353235850025470e-01
1.714353235850025470e-01
1.680809274525553731e-01
1.680809274525553731e-01
1.680809274525553731e-01
1.680809274525553731e-01
1.680809274525553731e-01
1.680809274525553731e-01
1.680809274525553731e-01
1.664575217474927593e-01
1.664575217474927593e-01
1.664575217474927593e-01
1.664575217474927593e-01
1.435481310754121720e-01
1.435481310754121720e-01
1.435481310754121720e-01
1.435481310754121720e-01
1.435481310754121720e-01
1.435481310754121720e-01
1.435481310754121720e-01
1.435481310754121720e-01
1.365770291696956351e-01
1.365770291696956351e-01
1.353842371612497819e-01
1.353842371612497819e-01
1.353842371612497819e-01
1.249166010718399250e-01
1.249166010718399250e-01
1.249166010718399250e-01
1.249166010718399250e-01
1.249166010718399250e-01
1.249166010718399250e-01
1.249166010718399250e-01
1.249166010718399250e-01
1.249166010718399250e-01
1.249166010718399250e-01
1.249166010718399250e-01
1.249166010718399250e-01
1.234965030872040431e-01
1.234965030872040431e-01
1.234965030872040431e-01
1.234965030872040431e-01
1.234965030872040431e-01
1.234965030872040431e-01
1.234965030872040431e-01
1.234965030872040431e-01
1.234965030872040431e-01
1.234965030872040431e-01
1.234965030872040431e-01
1.195223123205210874e-01
1.186367127112269992e-01
1.186367127112269992e-01
1.186367127112269992e-01
1.186367127112269992e-01
1.186367127112269992e-01
1.186367127112269992e-01
1.186367127112269992e-01
1.186367127112269992e-01
1.186367127112269992e-01
1.137549368193052496e-01
1.137549368193052496e-01
1.137549368193052496e-01
1.137549368193052496e-01
1.137549368193052496e-01
1.137549368193052496e-01
1.137549368193052496e-01
1.137549368193052496e-01
1.117288740773297734e-01
1.047193028252750707e-01
1.047193028252750707e-01
1.047193028252750707e-01
1.047193028252750707e-01
1.047193028252750707e-01
1.047193028252750707e-01
1.016945301160089438e-01
1.016945301160089438e-01
1.016945301160089438e-01
1.016945301160089438e-01
1.013639241935760243e-01
1.013639241935760243e-01
1.013639241935760243e-01
1.013639241935760243e-01
9.256709652302765046e-02
9.256709652302765046e-02
9.256709652302765046e-02
9.256709652302765046e-02
9.256709652302765046e-02
9.256709652302765046e-02
9.256709652302765046e-02
9.256709652302765046e-02
9.256709652302765046e-02
9.256709652302765046e-02
9.061415590245251728e-02
9.061415590245251728e-02
9.061415590245251728e-02
8.943221356780742259e-02
8.943221356780742259e-02
8.943221356780742259e-02
8.943221356780742259e-02
8.816800986060122081e-02
8.805313973594519616e-02
8.805313973594519616e-02
8.798007205324250013e-02
8.798007205324250013e-02
8.770316095190264227e-02
8.766135880807247871e-02
8.765290205343601038e-02
8.765078136414278243e-02
8.765025653105955328e-02
8.765009579449956068e-02
8.765003385504128997e-02
8.765002452769614372e-02
8.763370569521959641e-02
8.763370569521959641e-02
8.763370569521959641e-02
8.733573745549831624e-02
8.733573745549831624e-02
8.733573745549831624e-02
8.729608960687455788e-02
8.726950326221273591e-02
8.687497109017003338e-02
8.629016744949849493e-02
7.875541436176224097e-02
7.704025719792045868e-02
7.673182495721328489e-02
7.637527629552544328e-02
7.613120290087203867e-02
7.595644844620985658e-02
7.588476287408960075e-02
7.566750909267278002e-02
7.560166329669257279e-02
7.529615939256027735e-02
7.452570000271230288e-02
7.449616644235877716e-02
7.437898833347439398e-02
7.342128779240109093e-02
7.342128779240109093e-02
7.342128779240109093e-02
7.288533454783927001e-02
7.288533454783927001e-02
7.240310310719222375e-02
7.240310310719222375e-02
7.238151526271030534e-02
7.238151526271030534e-02
7.238151526271030534e-02
7.236953357037401169e-02
7.236830588206707993e-02
7.221924161526584174e-02
7.221924161526584174e-02
7.216207939593716203e-02
7.215668676174367968e-02
7.211797269799938293e-02
7.195279454496436577e-02
7.192990616504632562e-02
7.192911193063149244e-02
7.187463274390831769e-02
7.187291113016068544e-02
7.187153321129507999e-02
7.074878776341377018e-02
7.060470668269899774e-02
7.060327589683317029e-02
