2.603916843924474378e+01
2.603916843924474378e+01
1.896082943205681204e+01
1.860348072460775271e+01
9.810908105898654696e+00
4.965476922986695740e+00
3.725875473117090664e+00
3.725875473117090664e+00
3.725875473117090664e+00
2.520795365869834104e+00
1.467319034524753985e+00
1.141904268975858727e+00
8.390622752523863026e-01
8.390622752523863026e-01
8.390622752523863026e-01
8.205774327748210917e-01
7.442519727278877895e-01
7.412792632459980213e-01
7.277141284307612201e-01
6.991844075798553382e-01
6.991844075798553382e-01
6.975845730083838347e-01
6.584812599368021768e-01
6.584812599368021768e-01
6.584812599368021768e-01
6.584812599368021768e-01
6.584812599368021768e-01
6.517827206093056436e-01
6.517827206093056436e-01
6.517827206093056436e-01
6.517827206093056436e-01
6.326916572014806839e-01
5.774951332372001422e-01
5.774951332372001422e-01
5.774951332372001422e-01
5.774951332372001422e-01
5.426989904528750630e-01
5.426989904528750630e-01
5.426989904528750630e-01
5.426989904528750630e-01
5.426989904528750630e-01
5.426989904528750630e-01
5.131527955990303758e-01
5.131527955990303758e-01
5.131527955990303758e-01
4.771367361586633660e-01
4.771367361586633660e-01
4.771367361586633660e-01
4.771367361586633660e-01
4.435732434122044432e-01
4.435732434122044432e-01
4.232489158059516421e-01
4.232489158059516421e-01
4.232489158059516421e-01
4.232489158059516421e-01
4.050767554671297344e-01
3.978766558210269366e-01
3.581354559633339041e-01
3.581354559633339041e-01
3.581354559633339041e-01
3.581354559633339041e-01
3.246665287166524139e-01
3.246665287166524139e-01
3.246665287166524139e-01
3.246665287166524139e-01
3.246665287166524139e-01
3.206638277879176879e-01
3.206638277879176879e-01
3.206638277879176879e-01
3.206638277879176879e-01
2.608997023903407708e-01
2.608997023903407708e-01
2.291555823662955182e-01
2.291555823662955182e-01
2.291555823662955182e-01
2.291555823662955182e-01
2.291555823662955182e-01
2.291555823662955182e-01
2.291555823662955182e-01
2.291555823662955182e-01
2.291555823662955182e-01
2.142491276137688805e-01
1.917113222108728920e-01
1.864209822405656913e-01
1.864209822405656913e-01
1.864209822405656913e-01
1.566162100347790465e-01
1.566162100347790465e-01
1.566162100347790465e-01
1.434993783493852537e-01
1.434993783493852537e-01
1.403052419810753293e-01
1.403052419810753293e-01
1.403052419810753293e-01
1.403052419810753293e-01
1.403052419810753293e-01
1.399115685920542806e-01
1.340525305254749722e-01
1.101234340443320581e-01
1.101234340443320581e-01
1.101234340443320581e-01
9.839449209953654574e-02
9.839449209953654574e-02
9.839449209953654574e-02
9.839449209953654574e-02
9.839449209953654574e-02
9.839449209953654574e-02
9.839449209953654574e-02
9.839449209953654574e-02
9.817268382172561481e-02
9.817268382172561481e-02
9.682464773818169612e-02
9.682464773818169612e-02
9.682464773818169612e-02
9.682464773818169612e-02
9.682464773818169612e-02
9.682464773818169612e-02
9.682464773818169612e-02
9.682464773818169612e-02
9.682464773818169612e-02
9.551481452125452909e-02
9.305232962332689317e-02
8.357904407284526271e-02
8.357904407284526271e-02
8.357904407284526271e-02
8.118436189235153644e-02
8.118436189235153644e-02
8.118436189235153644e-02
6.687258053863974483e-02
6.687258053863974483e-02
6.687258053863974483e-02
6.687258053863974483e-02
6.588333804615702227e-02
6.588333804615702227e-02
6.588333804615702227e-02
6.588333804615702227e-02
6.588333804615702227e-02
6.588333804615702227e-02
6.588333804615702227e-02
6.588333804615702227e-02
6.588333804615702227e-02
6.569941553530278533e-02
6.569941553530278533e-02
6.569941553530278533e-02
6.569941553530278533e-02
6.569941553530278533e-02
6.569941553530278533e-02
6.569941553530278533e-02
6.451686826607971881e-02
6.451686826607971881e-02
6.451686826607971881e-02
6.067807051297811199e-02
6.067807051297811199e-02
5.962756833428241310e-02
5.873579609762047404e-02
5.873579609762047404e-02
5.873579609762047404e-02
5.873579609762047404e-02
5.873579609762047404e-02
5.873579609762047404e-02
5.873579609762047404e-02
5.873579609762047404e-02
5.365211732358791952e-02
5.365211732358791952e-02
5.365211732358791952e-02
5.365211732358791952e-02
5.365211732358791952e-02
5.365211732358791952e-02
5.365211732358791952e-02
5.365211732358791952e-02
5.365211732358791952e-02
5.365211732358791952e-02
5.365211732358791952e-02
5.365211732358791952e-02
5.365211732358791952e-02
5.300016567907647053e-02
5.300016567907647053e-02
5.298933771522663927e-02
5.298933771522663927e-02
5.298933771522663927e-02
5.298867469064046098e-02
5.255993752387291135e-02
5.255553796727007593e-02
5.252161445464094414e-02
5.251956374460781812e-02
5.247639849287133451e-02
5.246403565531601587e-02
5.238033010316206495e-02
5.236177581912594692e-02
5.236073749192076549e-02
5.236069681232449757e-02
5.232258731660172080e-02
5.228236491980360612e-02
5.227947748438364212e-02
5.227930499195198449e-02
5.185004059648744973e-02
5.183386362050737550e-02
5.183361509442385023e-02
5.183361509442385023e-02
4.841225280116355500e-02
