1.965095933655314298e+01
1.404665846737544044e+01
1.404665846737544044e+01
1.404665846737544044e+01
1.404665846737544044e+01
1.404665846737544044e+01
1.129710597855160792e+01
6.395920241715428389e+00
5.385914919290138769e+00
4.097344435522501271e+00
4.097344435522501271e+00
3.894576007348043767e+00
3.800869782087232362e+00
3.430690424030240493e+00
2.775895053879898988e+00
2.469468187539125559e+00
2.176801373464841927e+00
1.943025296670572111e+00
1.940363937155171303e+00
1.871160717155339270e+00
1.756948415196081470e+00
1.627796381124094527e+00
1.627796381124094527e+00
1.627796381124094527e+00
1.627796381124094527e+00
1.627796381124094527e+00
1.627796381124094527e+00
1.594844778923753426e+00
1.581775186842557357e+00
1.535727458348102203e+00
1.535727458348102203e+00
1.470956529630820686e+00
1.470956529630820686e+00
1.470956529630820686e+00
1.427852896048351194e+00
1.351050590040334676e+00
1.351050590040334676e+00
1.349817722760912497e+00
1.349817722760912497e+00
1.349817722760912497e+00
1.349817722760912497e+00
1.320048871674682545e+00
1.320048871674682545e+00
1.320048871674682545e+00
1.291839514403418931e+00
1.291839514403418931e+00
1.291839514403418931e+00
1.291839514403418931e+00
1.246865649016370314e+00
1.246865649016370314e+00
1.149959745736608419e+00
1.146966483334007858e+00
1.146966483334007858e+00
1.003162679611416808e+00
1.003162679611416808e+00
9.978156500583426070e-01
9.978156500583426070e-01
9.639366645753477680e-01
9.639366645753477680e-01
9.536273470800822327e-01
9.536273470800822327e-01
9.144727116845077219e-01
9.144727116845077219e-01
8.630804140157937177e-01
8.594724055387636952e-01
8.594724055387636952e-01
8.594724055387636952e-01
7.996557187445287873e-01
7.596753856264503169e-01
6.665972733876348588e-01
6.198728980972559865e-01
4.703126639214405547e-01
4.074502777983799451e-01
3.285420611069268526e-01
3.285420611069268526e-01
3.285420611069268526e-01
2.613239410881973979e-01
2.071909439719915591e-01
1.961512517518274878e-01
1.961512517518274878e-01
1.961512517518274878e-01
1.917824475466541612e-01
1.830944345149524422e-01
1.830944345149524422e-01
1.830944345149524422e-01
1.768944060523272577e-01
1.768944060523272577e-01
1.768944060523272577e-01
1.768944060523272577e-01
1.768944060523272577e-01
1.768944060523272577e-01
1.741082846084308355e-01
1.741082846084308355e-01
1.741082846084308355e-01
1.741082846084308355e-01
1.741082846084308355e-01
1.741082846084308355e-01
1.741082846084308355e-01
1.741082846084308355e-01
1.741082846084308355e-01
1.715283226703505914e-01
1.715283226703505914e-01
1.715283226703505914e-01
1.715283226703505914e-01
1.715283226703505914e-01
1.715283226703505914e-01
1.715283226703505914e-01
1.708458950325278392e-01
1.708458950325278392e-01
1.691656725070960765e-01
1.691656725070960765e-01
1.691656725070960765e-01
1.691656725070960765e-01
1.691656725070960765e-01
1.691656725070960765e-01
1.691656725070960765e-01
1.691656725070960765e-01
1.691656725070960765e-01
1.691656725070960765e-01
1.691656725070960765e-01
1.672082653864996882e-01
1.672082653864996882e-01
1.672082653864996882e-01
1.672082653864996882e-01
1.672082653864996882e-01
1.672082653864996882e-01
1.672082653864996882e-01
1.628536332386752716e-01
1.628536332386752716e-01
1.628536332386752716e-01
1.628536332386752716e-01
1.628536332386752716e-01
1.628536332386752716e-01
1.628536332386752716e-01
1.625231480275415585e-01
1.625231480275415585e-01
1.625231480275415585e-01
1.625231480275415585e-01
1.609481073924889094e-01
1.609481073924889094e-01
1.579534639098339188e-01
1.576543968762887105e-01
1.527653647858786545e-01
1.527653647858786545e-01
1.527653647858786545e-01
1.527653647858786545e-01
1.527653647858786545e-01
1.527653647858786545e-01
1.527653647858786545e-01
1.527653647858786545e-01
1.527653647858786545e-01
1.527653647858786545e-01
1.527653647858786545e-01
1.527653647858786545e-01
1.527653647858786545e-01
1.527653647858786545e-01
1.525019014314047405e-01
1.520381806118626944e-01
1.512773873090097476e-01
1.508306576293498846e-01
1.508306576293498846e-01
1.508306576293498846e-01
1.508306576293498846e-01
1.492466772746361137e-01
1.492466772746361137e-01
1.492466772746361137e-01
1.486106746214722329e-01
1.486106746214722329e-01
1.484522576023426521e-01
1.484522576023426521e-01
1.484522576023426521e-01
1.484522576023426521e-01
1.478070228135288933e-01
1.478070228135288933e-01
1.463825426917796102e-01
1.463825426917796102e-01
1.458892850864715318e-01
1.458892850864715318e-01
1.458563582449106111e-01
1.458563582449106111e-01
1.458485879528041429e-01
1.453288766775500673e-01
1.452515621872176588e-01
1.452483104067460173e-01
1.452481809733864315e-01
1.452481539373088326e-01
1.452480989780549625e-01
1.452480989780549625e-01
1.451298818634007004e-01
1.447959470728790166e-01
1.444289024252662368e-01
1.444256653021182835e-01
1.444256653021182835e-01
1.444254125389285992e-01
1.444254125389285992e-01
1.444254125389285992e-01
1.444250785802848047e-01
1.444250785802848047e-01
1.444250785802848047e-01
1.441185169258091259e-01
