9.992589598328065037e+00
9.992589598328065037e+00
7.397971451777418217e+00
5.316173820646080017e+00
4.131489769109906618e+00
4.113891692979640524e+00
4.113891692979640524e+00
2.724651959350226527e+00
6.853522146671161552e-01
6.853522146671161552e-01
6.853522146671161552e-01
6.853522146671161552e-01
6.853522146671161552e-01
6.049667384751333810e-01
6.049667384751333810e-01
3.515949581664642443e-01
3.515949581664642443e-01
3.379897496947519286e-01
2.795027086471617572e-01
2.795027086471617572e-01
2.795027086471617572e-01
2.232752395921963895e-01
2.232752395921963895e-01
2.232752395921963895e-01
2.232752395921963895e-01
2.232752395921963895e-01
2.232752395921963895e-01
2.232752395921963895e-01
2.232752395921963895e-01
2.232752395921963895e-01
2.232752395921963895e-01
2.036019108930507138e-01
1.861503875196033331e-01
1.861503875196033331e-01
1.624487510852882510e-01
1.624487510852882510e-01
1.624487510852882510e-01
1.624487510852882510e-01
1.624487510852882510e-01
1.624487510852882510e-01
1.624487510852882510e-01
1.624487510852882510e-01
1.624487510852882510e-01
1.624487510852882510e-01
1.624487510852882510e-01
1.624487510852882510e-01
1.624487510852882510e-01
1.624487510852882510e-01
1.624487510852882510e-01
1.624487510852882510e-01
1.624487510852882510e-01
1.624487510852882510e-01
1.624487510852882510e-01
1.539818386746341639e-01
1.539818386746341639e-01
1.539818386746341639e-01
1.539818386746341639e-01
1.539818386746341639e-01
1.539818386746341639e-01
1.539818386746341639e-01
1.539818386746341639e-01
1.539818386746341639e-01
1.539818386746341639e-01
1.539818386746341639e-01
1.539818386746341639e-01
1.539818386746341639e-01
1.539818386746341639e-01
1.539818386746341639e-01
1.539818386746341639e-01
1.539818386746341639e-01
1.539818386746341639e-01
1.539818386746341639e-01
1.539818386746341639e-01
1.539818386746341639e-01
1.464747261293360414e-01
1.464747261293360414e-01
1.464747261293360414e-01
1.445766243822051711e-01
1.445766243822051711e-01
1.445766243822051711e-01
1.445766243822051711e-01
1.445766243822051711e-01
1.445766243822051711e-01
1.445766243822051711e-01
1.374723955070697445e-01
1.332126619888792940e-01
1.332126619888792940e-01
1.332126619888792940e-01
1.332126619888792940e-01
1.332126619888792940e-01
1.332126619888792940e-01
1.332126619888792940e-01
1.332126619888792940e-01
1.332126619888792940e-01
1.332126619888792940e-01
1.332126619888792940e-01
1.332126619888792940e-01
1.332126619888792940e-01
1.262856264399161987e-01
1.262856264399161987e-01
1.262856264399161987e-01
1.262856264399161987e-01
1.262856264399161987e-01
1.262856264399161987e-01
1.262856264399161987e-01
1.262856264399161987e-01
1.262856264399161987e-01
1.262856264399161987e-01
1.255165565054850441e-01
1.254694087641174682e-01
1.254694087641174682e-01
1.254694087641174682e-01
1.254694087641174682e-01
1.252924280639502452e-01
1.252924280639502452e-01
1.249467486298504043e-01
1.248122439060432853e-01
1.248122439060432853e-01
1.228784905653038106e-01
1.228784905653038106e-01
1.228784905653038106e-01
1.228784905653038106e-01
1.115767045396502538e-01
1.115767045396502538e-01
1.115767045396502538e-01
1.115767045396502538e-01
1.115767045396502538e-01
1.115767045396502538e-01
1.115767045396502538e-01
1.109471992959643466e-01
1.070361074602234897e-01
1.070361074602234897e-01
1.070361074602234897e-01
1.060627783980134797e-01
1.060627783980134797e-01
1.060627783980134797e-01
1.043187997170483550e-01
1.043187997170483550e-01
1.043187997170483550e-01
1.043187997170483550e-01
1.043187997170483550e-01
1.043187997170483550e-01
1.043187997170483550e-01
1.043187997170483550e-01
1.043187997170483550e-01
1.043187997170483550e-01
1.043187997170483550e-01
1.043187997170483550e-01
1.029191862612062608e-01
1.029191862612062608e-01
1.029191862612062608e-01
1.029191862612062608e-01
1.029191862612062608e-01
9.666118773593157520e-02
9.666118773593157520e-02
9.666118773593157520e-02
9.666118773593157520e-02
9.666118773593157520e-02
9.666118773593157520e-02
9.666118773593157520e-02
9.666118773593157520e-02
9.666118773593157520e-02
9.650284821930618651e-02
9.619702914726016574e-02
9.613358694879041433e-02
9.608645892953060486e-02
9.608298313726826301e-02
9.604773951974721058e-02
9.601532847727671516e-02
9.601532847727671516e-02
9.600949220514266857e-02
9.600719825385116424e-02
9.581852947942948173e-02
9.581852947942948173e-02
9.479517772511071583e-02
9.385231022992902850e-02
9.368562382847675507e-02
9.366761531174344624e-02
9.366563325933102702e-02
9.366542423822071806e-02
9.366540712351331677e-02
9.366539689124545043e-02
9.353298085978591081e-02
9.353298085978591081e-02
9.353298085978591081e-02
9.326360765393197638e-02
9.326360765393197638e-02
9.323816237975630916e-02
9.323615788774118618e-02
9.323605258569556131e-02
9.323604301961352370e-02
9.323604113097158641e-02
9.323604113097158641e-02
9.323604113097158641e-02
9.286200652572323966e-02
9.276332442028559222e-02
9.276140064766821847e-02
9.276132738293110802e-02
9.276130302114994619e-02
9.276128489554280598e-02
