-8.397940008672037493e+00
-5.000000000000000000e+00
-3.000000000000000000e+00
-5.488276804312907764e+00
-1.005443459178047672e+00
-9.959787339336902967e-01
-5.060663036519547298e+00
-2.658107811388924269e+00
-2.000000000000000000e+00
-4.016158427069636438e+00
-1.000000000000000000e+00
-4.000000000000000000e+00
-3.324931984929292206e+00
-6.787423557569707312e-03
-2.359044737860878538e+00
-2.127363819267731770e+00
-4.000000000000000000e+00
-5.374860599892712365e+00
-4.021028773722239436e+00
8.169554286408373667e-01
-9.301029995663981254e+00
-1.000000000000000000e+00
-6.301029995663981254e+00
-2.965569062285017488e+00
2.000000000000000000e+00
-6.685276543949937533e+00
-3.918931517800834818e+00
-3.154901959985743076e+00
-3.352024710034124055e+00
-6.774534527489684876e+00
-4.082559392371484464e+00
-2.000000000000000000e+00
-7.023770341291124097e+00
-1.000000000000000000e+00
-1.014675603533598224e-02
-5.038948257712043244e+00
-4.297589874805607946e-01
2.000000000000000000e+00
-7.704362083075873890e+00
-1.221792738960004066e+00
-2.000000000000000000e+00
-7.977875187838106008e+00
-3.137372767928497286e+00
-1.600970327781044145e-01
1.000000000000000000e+00
-5.000000000000000000e+00
-9.000000000000000000e+00
-4.021179798359105106e+00
-6.009115718792614746e-01
-6.196723289712397609e+00
-5.000000000000000000e+00
2.000000000000000000e+00
-9.000000000000000000e+00
-1.006772958894671222e+00
-9.715245378049922609e-01
-7.903735052422713458e+00
-3.173785350857894372e+00
-1.014506286320277617e+00
-5.000000000000000000e+00
-1.571141605509943640e+00
4.976459132477250580e-01
-4.573593821026985751e+00
-3.142215408894320827e+00
-4.000000000000000000e+00
-1.083685246366530963e+00
-4.000000000000000000e+00
-6.244869948009557081e-01
-6.812847992421013466e+00
-3.970861028912500590e+00
-7.483850799144917687e+00
-1.308386770233411545e+00
-4.000000000000000000e+00
-1.781629898724260697e+00
-8.000000000000000000e+00
-3.815477828911509217e+00
-6.367943667450645329e+00
-3.958607314841775082e+00
-4.977598606247608970e+00
-4.000000000000000000e+00
-4.000000000000000000e+00
-4.081089072308035637e-01
-1.690196149515636570e+00
-2.584910195807956335e+00
-5.690112173222468428e+00
-1.150472789767448267e+00
-2.372449676563696208e+00
-1.000000000000000000e+00
-5.015855511892812757e+00
-1.000000000000000000e+00
-5.105665236712627397e+00
-1.000000000000000000e+00
-3.955028333161905607e+00
-4.183886276763463918e+00
-6.002608450061531542e+00
-2.884328229913817765e+00
1.211536862740130172e+00
-2.544068022635552317e+00
-2.279226742775603665e+00
-9.389192400850908671e-01
-6.544068022635552317e+00
-4.156254681887338265e+00
1.188279192695337771e+00
-4.080856059038160843e+00
-1.001351271419965050e+00
3.000000000000000000e+00
