-4.397940008672037493e+00
-2.921988979431822120e+00
-4.394764412422647482e+00
-6.645461721134140021e+00
-3.354050397197855027e+00
8.180519981497406112e-01
-6.490472247771845282e+00
-4.252914153482800330e+00
9.417967061044862920e-01
-7.379282676979160627e+00
-1.216842992060045425e+00
-4.000000000000000000e+00
-1.671200070577991470e+00
-1.385180798782746914e-01
-3.412254721614711883e+00
-1.210773798373392385e-01
-3.483382063522185490e+00
-7.534274126612556799e+00
-3.205914007039639912e+00
5.280346122831466316e-01
-7.583964705806205409e+00
-1.874137396429556235e+00
-7.337341354903318624e+00
-1.655796674666286217e+00
-2.000000000000000000e+00
-7.581100302883453601e+00
-1.822901191332857884e+00
-3.557117152618397782e+00
-4.850711122617897608e+00
-7.788405984594497511e+00
-1.000000000000000000e+00
4.667965959670887788e-01
-7.125573159333271178e+00
-1.945685486664766595e+00
-4.056108385673028449e-01
-5.820746949065096487e+00
-1.418189525775869875e+00
2.000000000000000000e+00
-5.341599793693861287e+00
-2.044376459242753352e+00
-1.881724344572217378e+00
-7.203983607436634351e+00
-5.000000000000000000e+00
-6.114774487890725085e-01
-3.000000000000000000e+00
-4.512343667378384993e+00
-5.000000000000000000e+00
-1.000000000000000000e+00
-1.724228836422443845e+00
-5.000000000000000000e+00
-4.132637370518669861e+00
8.963624336341276255e-02
-7.172795396401391521e+00
-2.696460489716785425e+00
2.000000000000000000e+00
-8.513507911144541751e+00
-2.991577335252718406e+00
-2.000000000000000000e+00
-8.303071131211611444e+00
-1.119874160679655617e+00
-1.406022290817395826e+00
-4.267266516616186500e+00
-2.156133828995565160e+00
-5.226596646715688799e+00
-2.420316217564137062e+00
-4.506118339866396205e+00
-1.075531935213836832e+00
-4.000000000000000000e+00
-1.492444456083680038e+00
-4.279090986004799646e+00
-1.751644244825262930e+00
-5.914219796457294898e+00
1.443900296098558078e-01
-5.682116141777797225e+00
-2.386611906990311116e+00
-7.571640529799375408e+00
-3.107398068495365706e+00
-4.735000836616149122e+00
-3.156834953589779058e+00
-4.047173140428754756e+00
-1.070957666548481457e+00
-5.173862884511430948e+00
-3.996158379383563997e+00
-3.719664573942282892e+00
-4.996811363332375855e+00
-5.690196149515636570e+00
-3.656753085562875594e+00
-5.690196149515636570e+00
-3.058027990087600845e+00
-5.689098304916051063e+00
-4.999846237617236788e+00
-2.896783089421874902e+00
-3.384510620969637618e+00
-3.835577196235955277e+00
-2.045946245863257129e+00
3.028243309472256617e-01
-4.471491455363380219e+00
-2.106603694227584533e+00
2.351220680465704316e-01
-4.032938720085205375e+00
-4.869522212402993766e+00
9.258331258779110007e-01
-3.047400423696945637e+00
-4.124456298063421400e+00
2.214658861682968549e+00
