-4.466079653837969232e+00
-1.000000000000000000e+00
-4.372231427567654372e+00
-5.506871568749151180e+00
-1.893277489895129451e+00
3.195120260926344047e-01
-6.932581172218804433e+00
-3.907913843988267022e+00
2.000000000000000000e+00
-5.081660516991518328e+00
-5.000000000000000000e+00
-4.505542745882389788e+00
-4.967220621817655335e+00
-3.286498200413186157e-03
-1.368968105459896334e+00
-2.954257987121100104e+00
0.000000000000000000e+00
-4.344026569642531754e+00
-5.000000000000000000e+00
2.293120829509882053e-01
-9.301029995663981254e+00
-1.767667924235678978e+00
-6.425760674157230845e+00
-2.893190198832843674e+00
-7.620593388968770476e-01
-7.233843329648568243e+00
-1.749825343098704744e+00
-3.209378789801457632e+00
-3.856521052297574137e+00
-7.539647735033419451e+00
-3.603082375928541747e+00
-1.353288646384240179e+00
-5.604546031893674396e+00
-2.484971662953353810e+00
2.545501873447894026e-01
-5.208441426785765493e+00
-4.000000000000000000e+00
-1.988675492591892857e-01
-5.477347542974814409e+00
-5.000000000000000000e+00
1.459724394327674091e+00
-6.799957702583290242e+00
-3.382140441207307280e+00
2.000000000000000000e+00
-1.471209801425812647e-01
-3.254102961031569929e+00
-6.923457224355347606e+00
-1.879004708391744050e+00
5.275446006585083891e-01
-7.176136693523059940e+00
-3.818001270141755388e+00
2.000000000000000000e+00
-5.002001767246817998e+00
-2.073074178581149507e+00
1.991310237430212515e+00
-5.000000000000000000e+00
-1.723881021208429010e+00
-6.049522675212057887e-01
-9.000000000000000000e+00
-2.664525487980664575e+00
-5.896802289818401377e-01
-8.000000000000000000e+00
7.754658136223786524e-01
-5.971761022235526184e+00
-2.249693804718801704e-01
-4.465082035910802993e+00
-1.296640063371087948e+00
-4.399221496971512657e+00
-3.939670590260980987e+00
-4.000000000000000000e+00
-2.710281691876794685e+00
-4.000000000000000000e+00
-2.782566245668121940e+00
-4.000000000000000000e+00
-4.000000000000000000e+00
-8.000000000000000000e+00
1.496644986573604855e-02
-6.154197411035854159e+00
-3.647677702607575734e-01
-4.000000000000000000e+00
-1.823750846447154794e+00
-5.690196149515636570e+00
-4.989572114651118717e+00
-3.172066762749120361e+00
-2.080973043950828938e+00
-2.751167399812851855e+00
-5.000000000000000000e+00
-2.470185838446368631e+00
-5.000000000000000000e+00
-1.813247874704129625e+00
-4.150861170947099943e+00
-3.543755071098319220e+00
-1.843364283311429208e+00
-4.934335272124818594e+00
-2.867056155649863047e+00
3.000000000000000000e+00
-4.584790673610912748e+00
-1.000000000000000000e+00
-1.000000000000000000e+00
-6.497480448756681071e+00
-1.015564798156096238e+00
1.370085720828408071e+00
-6.544068022635552317e+00
-3.998207689284237087e+00
3.000000000000000000e+00
