-6.459650046504429532e+00
-3.459107984991692586e+00
-7.000000000000000000e+00
-7.959788794467003825e+00
-1.401593529738501598e+00
1.413039735516022466e+00
-5.293472704193212586e+00
-5.000000000000000000e+00
-7.423716801104256469e-01
-6.095107826276407792e+00
-1.789291504349879824e+00
-6.985620194393976412e+00
-1.119036496304351092e+00
0.000000000000000000e+00
-3.982077215263715608e+00
-1.805660104520194764e+00
-2.650440473101365324e+00
-8.301029995663981254e+00
-1.027098221902386754e+00
-6.554152020630572562e-01
-7.519239386770432354e+00
-4.219150055739115501e+00
-6.301029995663981254e+00
-5.000000000000000000e+00
-4.913630194071611501e-01
-5.099995401205125845e+00
-3.441875050579096484e+00
-3.472760143261861554e+00
-2.566596435805367005e+00
-5.826129600079819504e+00
-1.005805511703743216e+00
2.484710669023529328e-01
-7.249099230206726752e+00
-3.853777275084084852e+00
-1.125738088805910309e+00
-6.536657485359745223e+00
-2.265815887655771466e+00
6.680421016834997561e-01
-4.000000000000000000e+00
-1.611530664487450970e+00
5.907433753693364098e-01
-9.522878745280337398e+00
-4.207444199143873576e+00
1.013037892127560458e+00
-3.000000000000000000e+00
-4.017734190628194035e+00
-8.162893215468915997e+00
-2.268935804891294428e+00
-1.264265248155853172e+00
-5.508329794633565868e+00
-1.000000000000000000e+00
-5.619153343590588268e-01
-5.028881611390330519e+00
-1.394215356997887456e+00
-1.620580328806991099e+00
-5.210007129963311279e+00
-1.000000000000000000e+00
1.379298774696081420e+00
-8.933902890107120243e+00
-3.969357880963955587e+00
2.000000000000000000e+00
-5.920871119333402710e+00
8.195439355418687732e-01
-4.828026413170917408e+00
-3.647013650413669872e+00
-4.000000000000000000e+00
-4.000000000000000000e+00
-4.761204971490723636e+00
-2.938850936887069221e+00
-5.067581909382412597e+00
-3.987371345145991786e+00
-7.334935688471339255e+00
-3.229463336126063400e+00
-8.000000000000000000e+00
-1.014297155496245884e+00
-8.000000000000000000e+00
-2.454493832124513553e-01
-7.403465932316530385e+00
-4.000000000000000000e+00
-6.912186137846927814e+00
-1.285860801011730725e+00
-4.447967488976964923e+00
-2.393207151854414683e+00
-1.787864037601548439e+00
-4.582631128586949210e+00
-1.690196149515636570e+00
-1.103937940199636536e+00
-5.690196149515636570e+00
-3.938996560275820791e+00
-5.609876363163987634e+00
-2.899416525713962578e+00
-2.178429503516358334e+00
-1.114886500252098456e+00
-6.527801803499623468e+00
-1.000574425406833612e+00
3.000000000000000000e+00
-4.313040618678240179e+00
-1.243715268961919085e+00
-1.000000000000000000e+00
-2.544068022635552317e+00
-1.000000000000000000e+00
8.701763388489361928e-01
-3.887496026004829019e+00
-5.000000000000000000e+00
1.716836715550418058e+00
