-4.398177457769602228e+00
-2.216682480116161091e+00
-5.103733250415146472e+00
-6.773854473437885382e+00
-2.064939967819611422e+00
3.077363968034005359e-01
-6.445803013621096866e+00
-1.984067851897188595e+00
6.580056210877534006e-01
-8.000000000000000000e+00
-3.593161667929854364e+00
-7.007387051911957876e+00
-3.167449698021035154e+00
-2.175932416715978257e-02
-3.973091464669745942e+00
-1.126416645299000763e+00
-9.510572989382610753e-01
-7.848943329701992155e+00
-1.333522604400475764e+00
-1.812890319909642223e+00
-7.392076673861431857e+00
-3.592389561196150272e+00
-6.301029995663981254e+00
-2.389474378542599364e+00
-3.513664097614355719e-01
-3.698970004336018746e+00
-4.270642428969932070e+00
-5.676847385404238722e+00
-4.492849417119598066e+00
-6.812735115434501942e+00
-2.279398491490656653e+00
8.773281196711415486e-01
-5.597449390526704427e+00
-2.001793846489103856e+00
-2.997097239965553772e+00
-5.745907081046031095e+00
-1.358150965597124671e+00
-8.839465826728297726e-01
-7.596079148731278430e+00
-2.613060970082724754e+00
-1.899556944267022596e+00
-5.682456238157767459e+00
-2.821795232879825033e+00
-3.108775935177336414e-01
4.945210824431808261e-01
-1.912012203739517080e+00
-7.064330720713091871e+00
-4.519955059204930237e+00
-6.776755171650258314e-01
-8.441373422916683467e+00
-4.008104115806053080e+00
-1.128868200943601741e+00
-6.792620576421176892e+00
-4.617974905925469109e+00
-2.317143148526839835e-01
-9.000000000000000000e+00
-1.928254493382204560e+00
-2.822163899726276570e-01
-6.455103192834042325e+00
-4.644544237535717990e+00
8.512039126908739206e-01
-4.622883204825840586e+00
7.172537774622242401e-02
-7.272319873181454675e+00
-5.886217694005728696e-01
-8.000000000000000000e+00
-4.000000000000000000e+00
-7.735262508815316629e+00
-2.972219003954807981e+00
-5.662338169579691716e+00
-2.951627850658774310e+00
-6.747619940162713270e+00
6.989700043360187465e-01
-5.889042274460362769e+00
-3.302323267540258289e+00
-6.381048781367077538e+00
-9.734425857886987998e-01
-4.000000000000000000e+00
-2.150499380029921692e+00
-5.949897854823901433e+00
-1.561852291694097339e+00
-4.426467578676343884e+00
-4.481158798251239972e+00
-2.765199886889902370e+00
-2.897443659949276551e+00
-5.690196149515636570e+00
-3.452895754975730203e+00
-4.266356013602188746e+00
-4.327674766901694170e+00
-1.690196149515636570e+00
-3.520308105593750625e+00
-5.676708311086461123e+00
-2.511088594312946398e+00
-3.727202841174458214e+00
-3.456485594098103853e+00
2.361020449976133140e+00
-6.544068022635552317e+00
-2.789473438717413156e+00
6.662864637188191386e-02
-2.544068022635552317e+00
-2.183498344073557806e+00
-1.000000000000000000e+00
-5.103980254790056570e+00
-1.168116017952133490e+00
1.592098499373329146e+00
