-5.314185993835081057e+00
-2.159277782384665834e+00
-3.781314760716177670e+00
-8.000000000000000000e+00
-4.221266166056484970e+00
8.775809844513932090e-01
-6.176399789441473054e+00
-4.253486254206339190e+00
-2.456496737492450677e-01
-6.047714775923763497e+00
-4.651815052317088472e+00
-4.000000000000000000e+00
-1.010683338211448845e+00
-1.889243313965980886e-01
-4.000000000000000000e+00
-3.081229369275116703e+00
-1.357994044461218082e-02
-6.097770234694968927e+00
-1.000000000000000000e+00
-2.000000000000000000e+00
-7.867306719808741633e+00
-2.760585936920526784e+00
-7.282389391725896388e+00
-5.000000000000000000e+00
-1.403949483861488323e+00
-7.349951132656894259e+00
-3.956322704268317558e+00
-3.154901959985743076e+00
-4.946376078094760764e+00
-5.700058680468467642e+00
-1.033593323997112678e+00
-6.793765506834190671e-01
-5.215258247212966936e+00
-3.152416669778649094e+00
1.438446901739621198e-01
-5.090325113355614661e+00
-1.778069545039263621e+00
1.708023754468864119e+00
-5.357380530691413512e+00
-2.677141704279027756e+00
-1.935057318291392825e+00
-7.242968933945338250e+00
-4.520448182802802251e+00
-2.000000000000000000e+00
-4.992161997428449793e-01
-3.540034632922606228e+00
-6.104121409991623892e+00
-3.650071857321395274e+00
-2.969442142867059209e-01
-5.000000000000000000e+00
-1.632011539954683510e+00
-8.380509630232051421e-01
-5.290928128747781400e+00
-4.308954037264451919e+00
-1.189254888025606860e+00
-7.412155481648942335e+00
-2.685652308924475484e+00
-1.105292250684774494e-03
-6.498498858386697385e+00
-2.707540439481169070e+00
-2.000000000000000000e+00
-4.000000000000000000e+00
-2.238229806010255007e+00
-4.237417997056486918e+00
-9.618227886925393433e-01
-5.579416742461746459e+00
-3.817510582124976626e+00
-6.776265113683523467e+00
-2.421427440112847052e+00
-4.525102643507713296e+00
-2.857810315038631366e+00
-6.690190265054647867e+00
-2.943605496864865501e+00
-6.557133520165926654e+00
-2.649950439255599033e+00
-4.764149034840517771e+00
-2.414124071363411339e+00
-8.000000000000000000e+00
-1.109088452429489724e+00
-4.000000000000000000e+00
-3.316654120723638410e+00
-5.690196149515636570e+00
-4.843243923325687206e+00
-3.595976446281403227e+00
-2.967780554426125761e+00
-3.453940659593864648e+00
-1.000000000000000000e+00
-4.736017973627444810e+00
-3.418657542472891109e+00
-2.712788801393849258e+00
-5.000000000000000000e+00
-3.472247041298240244e+00
-3.558437660762931110e+00
-6.544068022635552317e+00
-1.636046794689485662e+00
-4.980965993143369741e-01
-4.224578712897057109e+00
-1.695733353019467149e+00
4.755769836801360118e-01
-2.544068022635552317e+00
-4.658385711130849316e+00
-1.000000000000000000e+00
-3.897110494233009259e+00
-1.050501374936572585e+00
2.324843418136335327e+00
