-4.479460692704026137e+00
-1.010381599852099965e+00
-7.000000000000000000e+00
-5.884200776458305526e+00
-1.578184562318090345e+00
-8.395345096190203193e-01
-5.480005075488961097e+00
-3.148166873949746591e+00
8.395986274391034065e-01
-4.509547348092712404e+00
-1.491082188183155965e+00
-7.214961324636081308e+00
-3.939467535099168582e+00
0.000000000000000000e+00
-4.000000000000000000e+00
-1.608432250138487785e+00
-3.812463321292789420e+00
-8.301029995663981254e+00
-2.669374934769494168e+00
-1.590060867761843966e+00
-5.575467459931376268e+00
-4.990240949137604076e+00
-1.030102999566398125e+01
-3.705635547439872557e+00
1.799909617422758457e+00
-7.693290149809207001e+00
-5.000000000000000000e+00
-5.551587778995803468e+00
-3.916570904787731511e+00
-6.101081215687943704e+00
-1.000000000000000000e+00
7.187873860391487124e-01
-6.634679751346171273e+00
-4.998264211247684941e+00
-3.000000000000000000e+00
-4.000000000000000000e+00
-2.816211192988688161e+00
-7.984937029010509280e-01
-4.000000000000000000e+00
-3.710536530895853780e+00
8.586378336227855623e-01
-8.621945513531661831e+00
-4.579025784415192035e+00
-2.290112495311134033e-01
1.000000000000000000e+00
-5.000000000000000000e+00
-8.793059282659507758e+00
-1.041134552087030540e+00
-1.302010159259533673e+00
-5.667106606912346578e+00
-1.821100965101640545e+00
1.056431474809845089e-01
-7.575359193038690542e+00
-4.495328791629484400e+00
-3.527739453702399830e-01
-7.967137659303342723e+00
-4.019113846137096324e+00
1.753896177553811553e+00
-7.829726850272666461e+00
-2.367361754234947657e+00
-8.135446920973843365e-01
-7.131804475829256695e+00
-3.176989746273741755e+00
-4.089444081152437072e+00
-3.619580292600156568e+00
-8.000000000000000000e+00
-3.556961221885339419e-02
-4.279080677274228250e+00
-3.224712883129678076e+00
-7.477799911008735201e+00
0.000000000000000000e+00
-8.000000000000000000e+00
-6.173573923772863736e-01
-6.321221602408125584e+00
-1.640609640755656295e+00
-6.925788174042202705e+00
4.139268515822491779e-02
-7.880747803374531735e+00
-2.760548136723770085e+00
-6.098265832556990951e+00
-1.856816077030999823e+00
-4.536863368416356401e+00
-4.394139320477458810e+00
-5.674216318179127860e+00
-4.160217272507378716e+00
-2.567032288578799282e+00
-2.902635031726108927e+00
-5.690196149515636570e+00
-3.717148762227383774e+00
-4.435579074213026551e+00
-5.000000000000000000e+00
-3.221615651451118278e+00
-4.923044746774579927e+00
-6.530325553812146744e+00
-2.530472598988671162e+00
3.000000000000000000e+00
-3.717422842285341478e+00
-4.207025305479047184e+00
2.198776628432651759e+00
-4.248319749450036653e+00
-1.011953606566511565e+00
3.000000000000000000e+00
-2.544068022635552317e+00
-1.134138002680375346e+00
1.985389521413057690e+00
