-4.408647630442251497e+00
-2.855776039396518584e+00
-6.994734887483967434e+00
-5.600731471926501115e+00
-3.052739878242489269e+00
3.761112093021498071e-01
-4.892792817452134457e+00
-3.267030181889210905e+00
-7.391077426180834298e-01
-6.797127964759172691e+00
-3.276205847190038156e+00
-5.667575839112055647e+00
-2.882380647194126233e+00
-7.696136680987756759e-03
-4.000000000000000000e+00
-7.119951688470435580e-02
-2.312954344997697920e+00
-6.263021431401517347e+00
-2.200473755533939091e+00
4.828128494492296974e-01
-7.198602558442367183e+00
-4.479750872014399476e+00
-7.196380532890646720e+00
-3.489654735358333149e+00
2.220964704280321556e-01
-4.944991197596002586e+00
-3.908992398260841661e+00
-3.780299005269192048e+00
-2.895986657304185030e+00
-6.472220948010035002e+00
-2.904867216366698202e+00
-8.259458899700831136e-01
-5.922607727577539727e+00
-5.000000000000000000e+00
-5.847088414268211132e-01
-5.474946776740227783e+00
-2.057602963960547537e+00
-8.577024571537886777e-01
-7.115107168077117628e+00
-4.076558200911979846e+00
-8.734405068895483015e-02
-7.258801988465299004e+00
-2.759995917222467732e+00
4.354683472648236409e-01
-1.236180446630524843e+00
-3.324773331758263062e+00
-5.443786480717500709e+00
-4.233913420492077861e+00
1.006898553089561471e-01
-6.222058525993808153e+00
-2.733330510058142870e+00
1.704063763130515829e-01
-6.434168070880300405e+00
-1.915425117620461970e+00
1.029181369325597561e+00
-7.693381060352537659e+00
-3.195476969356273678e+00
-2.701503936722662313e-01
-9.000000000000000000e+00
-2.963860163828460959e+00
-1.013399377610849195e+00
-7.175755802217612001e+00
-2.839593942334356580e+00
-4.000000000000000000e+00
-3.414852655115498403e-01
-5.412583359303782871e+00
-2.800976710493683797e+00
-6.714162641982170499e+00
-2.063969206324144601e+00
-7.263611894224213827e+00
-3.124253539384667988e+00
-6.032338336634858855e+00
-1.072023199510807379e+00
-5.502311370567270821e+00
-2.660506754361888770e+00
-5.450865908443399022e+00
-2.558706860941580175e+00
-4.825194895999528555e+00
0.000000000000000000e+00
-7.865986262591879274e+00
-1.781041770813863057e+00
-2.162480977678417293e+00
-4.098566705956461220e+00
-5.690196149515636570e+00
-1.301357787516767894e+00
-4.132854403186631664e+00
-2.910258202471491806e+00
-2.586650970289025686e+00
-2.843556650408519459e+00
-1.923292449731930809e+00
-2.350234608896919042e+00
-3.534151229192497912e+00
-2.066167428059185074e+00
-4.703674721837439066e+00
-4.221522824019865894e+00
-9.619512009560109433e-01
-2.620616555122277092e+00
-2.938692859494829612e+00
-9.937636882722475917e-01
-2.544068022635552317e+00
-2.245767526305713524e+00
-6.357150246194236409e-01
-4.220602862655530529e+00
-4.858079062729735220e+00
-2.843061360460438225e-01
