-6.332935018068194033e+00
-4.999894325737885836e+00
-3.871001432892315464e+00
-8.000000000000000000e+00
-1.000000000000000000e+00
1.999877706523610854e+00
-4.002791266104537726e+00
-2.651539756589949004e+00
-1.272590361517424551e+00
-5.579731608339457694e+00
-3.087229054381263271e+00
-6.581215689325182083e+00
-3.261249305692397460e+00
0.000000000000000000e+00
-3.879974380494602304e+00
-1.877227304316415379e+00
-2.376179866791749529e+00
-7.474834109726445242e+00
-2.811287569452360469e+00
1.663918077179685207e-01
-6.320993212167357989e+00
-4.057878678182731846e+00
-8.558115108997853326e+00
-5.000000000000000000e+00
-4.152257703351271978e-01
-7.640619018072198010e+00
-2.117041952220327872e+00
-3.154901959985743076e+00
-2.971956022985869250e+00
-7.907321537163189973e+00
-3.366981761240638971e+00
-1.990791419308892918e+00
-6.387110524475513529e+00
-2.256935672160497841e+00
-1.057341311059388334e+00
-5.730538753166772636e+00
-2.502448504000894136e+00
8.027839624966424947e-02
-6.918794938957612217e+00
-4.118256718638622971e+00
1.553750588301145541e+00
-6.919743862030719228e+00
-4.999204383256106610e+00
4.705576655246678230e-01
-3.000000000000000000e+00
-3.929065667910244919e+00
-5.677010739149066509e+00
-3.297697743840561024e+00
-1.999999817365164967e+00
-7.366181141344441130e+00
-3.850713104501198192e+00
-6.982045353936525700e-01
-6.065710268896947532e+00
-4.960704289091895092e+00
1.152071151524588721e+00
-5.000000000000000000e+00
-2.504699276771222394e+00
-2.554025012143522622e-01
-7.163543555612326585e+00
-3.580026853231074391e+00
-7.606851918108901156e-01
-7.321278565799358873e+00
-5.489799453328720880e-01
-5.016339449005824846e+00
-3.802635460703981174e+00
-5.274007721810797022e+00
-2.690792696315256638e+00
-5.643923638434374723e+00
-2.872408700137455639e+00
-4.375065900819697262e+00
-1.635999394513963701e+00
-8.000000000000000000e+00
6.989700043360187465e-01
-8.000000000000000000e+00
-2.373087324241742735e+00
-7.401197388934634525e+00
3.851759791416950462e-02
-8.000000000000000000e+00
-2.940315636468251892e+00
-7.767604921253840722e+00
-3.721246399047171138e+00
-4.144299544230829468e+00
-1.003318278080515213e+00
-5.031112269967865203e+00
-4.162623380097676851e+00
-4.278818286817563710e+00
-2.263853585535902990e+00
-4.119598507045325597e+00
-5.000000000000000000e+00
-5.224255799957254531e+00
-3.528135721017706228e+00
-3.105236808544623361e+00
-3.919383673926076561e+00
-3.540939191283214882e+00
-4.680776783229484650e+00
1.484719411868192784e+00
-3.763964105620519973e+00
-2.323873192592177617e+00
3.000000000000000000e+00
-6.544068022635552317e+00
-1.961341014779612202e+00
-6.150906333952139704e-01
-6.481354705045067277e+00
-1.000000000000000000e+00
3.000000000000000000e+00
