-7.325422340840502144e+00
-3.365812875585395325e+00
-6.652323636973383358e+00
-4.000000000000000000e+00
-2.073408111156041844e+00
2.000000000000000000e+00
-6.685794793802240399e+00
-2.100412895691256665e+00
8.472756864170485347e-01
-8.000000000000000000e+00
-3.545864390103458330e+00
-8.000000000000000000e+00
-4.912282615243142025e+00
-5.042844486361801604e-01
-4.000000000000000000e+00
-3.298079162611665893e+00
-3.159522253532588643e+00
-7.409002145361312408e+00
-2.555718004937262755e+00
5.188570995347225878e-01
-8.264607515034137819e+00
-1.738627211349249579e+00
-7.054095164546524188e+00
-2.652388002017910029e+00
8.550803626441456640e-01
-6.105683057419347470e+00
-4.579519650237552142e+00
-3.709905439651955739e+00
-4.113737758449095061e+00
-7.477631023929218301e+00
-4.070351120403821632e+00
7.674254145083670986e-01
-5.604497973161966407e+00
-5.000000000000000000e+00
1.000000000000000000e+00
-5.312718447194262339e+00
-2.493058851249586816e+00
-4.437103410461517433e-02
-5.457001137678677338e+00
-4.185468315504263792e+00
6.142206355975602383e-01
-6.926624745378446413e+00
-2.455862667539942201e+00
-3.243722965560673077e-01
1.000000000000000000e+00
-1.848067689855281026e+00
-5.461481385836878033e+00
-1.003490235905634131e+00
5.721072929949089225e-01
-7.888645021395500834e+00
-1.743243010646318814e+00
4.952403063384839821e-01
-5.742543701739827533e+00
-3.742145076039992357e+00
1.944822999380416029e+00
-5.768124309358200641e+00
-1.151232883176465771e+00
-8.476786112252637784e-01
-7.203843971630334408e+00
-4.880975933993163096e+00
-1.015966387064719534e+00
-4.000000000000000000e+00
-1.251032995333927422e+00
-5.335724311545186893e+00
-3.250420595463162643e-01
-5.624325140437751891e+00
-2.104803764756521187e-02
-4.000000000000000000e+00
-4.000000000000000000e+00
-7.152268082487080569e+00
-9.355427743790706296e-01
-4.851165480984454881e+00
-1.856844904748775171e+00
-5.504163412932372879e+00
-2.338419292836424024e+00
-7.439294254585551158e+00
-2.274260909518069251e+00
-5.138014249931033284e+00
-1.010317074817149496e+00
-4.334134754376885112e+00
-2.529228891622500530e+00
-5.292763751293458441e+00
-2.525712227508442709e+00
-3.811396401775519749e+00
-3.727048908327784904e+00
-5.558524111852771732e+00
-3.880706495959322044e+00
-2.424781522258080191e+00
-3.502309909241293262e+00
-4.221710609040123963e+00
-1.602403945724365730e+00
-3.240949200749668524e+00
-2.939648785620967431e+00
-4.706325891183734456e+00
-2.033422064236770410e+00
3.000000000000000000e+00
-3.285204079008748668e+00
-1.878970273869669416e+00
1.404459859128792454e+00
-2.544068022635552317e+00
-2.724951429289644178e+00
-1.000000000000000000e+00
-5.398207165504192773e+00
-5.000000000000000000e+00
2.056011421654599491e+00
