-7.007829013086224634e+00
-4.536441794061532917e+00
-5.312402203995556071e+00
-6.227454474716233257e+00
-3.968809890085282177e+00
-1.305730799818531240e+00
-5.658490630517850839e+00
-3.472940506177582431e+00
1.149635586156954270e+00
-4.620769246533302343e+00
-2.197869026237867285e+00
-6.258739222967458993e+00
-3.617049419677477395e+00
-1.478673364040250293e+00
-3.765064392709184915e+00
-3.199059147136558146e+00
-3.910072770050798674e+00
-4.998382418247934389e+00
-3.357221938533589523e+00
1.127259191610004763e+00
-6.124869689519245597e+00
-2.865105209656356067e+00
-8.203584647094956495e+00
-1.919207874059884356e+00
-2.250312795027326895e-01
-6.506209151971659388e+00
-2.319329454325613327e+00
-4.696626258652721653e+00
-3.926136108438129213e+00
-9.000000000000000000e+00
-2.319510222493601947e+00
3.160861487264745029e-01
-6.140649085103899729e+00
-3.385026390741610491e+00
-2.413329194055259919e+00
-6.005526277998055384e+00
-2.210547088169459773e+00
5.705497560737726737e-01
-6.238581544320326522e+00
-3.310551096408079097e+00
3.878253916932664636e-01
-7.912179082145501141e+00
-2.426160755233532917e+00
7.023970058552598816e-01
-1.355560444990143276e+00
-4.532287995750500009e+00
-6.341897924428804956e+00
-3.121676107617313178e+00
5.145467006046299252e-01
-6.796725924402095664e+00
-3.983082737110445581e+00
3.284784555353527646e-01
-8.768776429405402695e+00
-3.512509128978427597e+00
-2.796430122268045992e-01
-8.351735214541220031e+00
-1.622197682439960209e+00
-7.611018601757754687e-02
-7.576835432888493038e+00
-2.292460247441598042e+00
-1.701779496330514951e-01
-6.286444265754380645e+00
-1.466346387036614907e+00
-4.365001265216691628e+00
-1.258493293066243357e+00
-5.937066871362651099e+00
-2.775254214359668126e+00
-4.623607210747771923e+00
-2.175033376229982718e+00
-6.716726537782625073e+00
-2.619427273230166442e+00
-5.577522671853877512e+00
-1.514090523059992588e+00
-7.321274083152180978e+00
-1.232593138574710423e+00
-7.381622845113057885e+00
-3.456153744464583344e+00
-6.335020501495008283e+00
-2.175687178107335917e+00
-5.782297578906256952e+00
-1.288545708434500892e+00
-3.394180076189309059e+00
-1.003615424793428357e+00
-3.955660695188138121e+00
-2.906686888482645337e+00
-2.754958113954401266e+00
-3.026246532173614057e+00
-4.207985997431133107e+00
-2.101583101423688316e+00
-2.720906020112187740e+00
-2.669086200433028466e+00
-4.092224243727288879e+00
-2.521301507857895530e+00
-2.544068022635552317e+00
-3.139008499347128112e+00
8.259562897825838412e-01
-3.719130254317440265e+00
-3.275679047696898216e+00
1.040148552537643489e+00
-5.389606865114807910e+00
-4.921787410234645499e+00
1.797878011803957232e+00
-5.336550328259070497e+00
-3.553450534651059645e+00
-2.849519622158356302e-01
