5.055152371218960994e+00
5.055152371218960994e+00
5.055152371218960994e+00
5.055152371218960994e+00
3.130072150289641808e+00
2.941823961025677558e+00
1.580001019271430440e+00
1.580001019271430440e+00
1.580001019271430440e+00
1.580001019271430440e+00
1.580001019271430440e+00
1.468106202784860370e+00
1.468106202784860370e+00
1.468106202784860370e+00
1.386898266240899513e+00
1.386898266240899513e+00
1.386898266240899513e+00
1.386898266240899513e+00
1.386898266240899513e+00
1.386898266240899513e+00
1.386898266240899513e+00
1.386898266240899513e+00
1.386898266240899513e+00
1.386898266240899513e+00
1.386898266240899513e+00
1.386898266240899513e+00
1.097024927653593052e+00
1.097024927653593052e+00
1.097024927653593052e+00
1.097024927653593052e+00
1.097024927653593052e+00
1.097024927653593052e+00
1.097024927653593052e+00
3.220946461690018525e-01
3.220946461690018525e-01
3.220946461690018525e-01
3.220946461690018525e-01
3.220946461690018525e-01
3.220946461690018525e-01
3.220946461690018525e-01
3.220946461690018525e-01
3.220946461690018525e-01
3.220946461690018525e-01
3.220946461690018525e-01
2.627684690916572974e-01
2.627684690916572974e-01
2.627684690916572974e-01
2.627684690916572974e-01
2.627684690916572974e-01
2.627684690916572974e-01
2.627684690916572974e-01
2.627684690916572974e-01
2.627684690916572974e-01
2.627684690916572974e-01
1.829939162254936302e-01
1.829939162254936302e-01
1.829939162254936302e-01
1.829939162254936302e-01
1.829939162254936302e-01
1.829939162254936302e-01
1.829939162254936302e-01
1.829939162254936302e-01
1.829939162254936302e-01
1.174556477395410220e-01
1.174556477395410220e-01
1.174556477395410220e-01
1.174556477395410220e-01
1.174556477395410220e-01
1.174556477395410220e-01
1.174556477395410220e-01
9.544814645401526743e-02
9.544814645401526743e-02
9.544814645401526743e-02
9.544814645401526743e-02
9.544814645401526743e-02
9.544814645401526743e-02
9.544814645401526743e-02
9.544814645401526743e-02
9.544814645401526743e-02
9.544814645401526743e-02
9.544814645401526743e-02
9.544814645401526743e-02
9.544814645401526743e-02
9.544814645401526743e-02
9.544814645401526743e-02
9.544814645401526743e-02
9.544814645401526743e-02
9.544814645401526743e-02
9.544814645401526743e-02
9.544814645401526743e-02
9.544814645401526743e-02
9.544814645401526743e-02
9.544814645401526743e-02
9.544814645401526743e-02
9.544814645401526743e-02
9.544814645401526743e-02
9.544814645401526743e-02
9.544814645401526743e-02
9.544814645401526743e-02
9.544814645401526743e-02
9.544814645401526743e-02
9.544814645401526743e-02
9.544814645401526743e-02
9.544814645401526743e-02
9.544814645401526743e-02
9.544814645401526743e-02
9.544814645401526743e-02
9.544814645401526743e-02
9.544814645401526743e-02
9.544814645401526743e-02
9.544814645401526743e-02
9.306293280860464256e-02
9.306293280860464256e-02
9.306293280860464256e-02
9.306293280860464256e-02
8.195717979679482956e-02
8.099709476878158565e-02
8.004836467383445731e-02
8.004836467383445731e-02
8.004836467383445731e-02
8.004836467383445731e-02
8.004836467383445731e-02
8.004836467383445731e-02
8.004836467383445731e-02
8.004836467383445731e-02
7.715168134342227646e-02
7.715168134342227646e-02
7.715168134342227646e-02
7.715168134342227646e-02
7.715168134342227646e-02
7.715168134342227646e-02
7.715168134342227646e-02
7.715168134342227646e-02
7.715168134342227646e-02
7.715168134342227646e-02
7.715168134342227646e-02
7.715168134342227646e-02
7.715168134342227646e-02
7.715168134342227646e-02
7.652744669506662822e-02
7.652744669506662822e-02
7.652744669506662822e-02
7.652744669506662822e-02
7.652744669506662822e-02
7.652744669506662822e-02
7.652744669506662822e-02
7.652744669506662822e-02
7.652744669506662822e-02
7.652744669506662822e-02
7.652744669506662822e-02
7.635902923707202361e-02
7.635902923707202361e-02
7.559640717105368946e-02
7.559640717105368946e-02
7.559640717105368946e-02
7.559640717105368946e-02
7.559640717105368946e-02
7.559640717105368946e-02
7.559640717105368946e-02
7.559640717105368946e-02
7.559640717105368946e-02
7.559640717105368946e-02
7.559640717105368946e-02
7.559640717105368946e-02
7.559640717105368946e-02
7.559640717105368946e-02
7.529109825012261781e-02
7.525488268640376233e-02
7.439745264239899791e-02
7.364222388906872807e-02
7.359691826239736501e-02
7.359185471082947683e-02
7.359037634360542091e-02
7.359037634360542091e-02
7.359037634360542091e-02
7.358882044795339583e-02
7.358882044795339583e-02
7.358882044795339583e-02
7.358882044795339583e-02
7.358882044795339583e-02
7.358882044795339583e-02
7.358882044795339583e-02
7.358882044795339583e-02
7.358882044795339583e-02
7.358882044795339583e-02
7.358882044795339583e-02
7.358882044795339583e-02
7.358869910935014746e-02
7.358869910935014746e-02
7.358869910935014746e-02
7.358869910935014746e-02
7.358869910935014746e-02
7.274975103309420932e-02
7.274975103309420932e-02
7.273303768781612388e-02
7.273259111732620352e-02
7.273249097447011258e-02
7.273234292479369145e-02
7.273234292479369145e-02
7.273222935512473064e-02
