3.188881747520106558e+01
1.809961510314887434e+01
1.075821343297267063e+01
2.864801256138322927e+00
2.079924588949833453e+00
1.395109333422850595e+00
1.395109333422850595e+00
1.208859954478345600e+00
5.441252580586840581e-01
5.441252580586840581e-01
5.025062464689209474e-01
4.379164528842067194e-01
4.379164528842067194e-01
4.379164528842067194e-01
3.651642302216579483e-01
3.651642302216579483e-01
3.227700640639223351e-01
3.227700640639223351e-01
3.227700640639223351e-01
1.959894885490767180e-01
1.959894885490767180e-01
1.959894885490767180e-01
1.959894885490767180e-01
1.959894885490767180e-01
1.959894885490767180e-01
1.506170743744984497e-01
1.506170743744984497e-01
1.506170743744984497e-01
1.486775751844915949e-01
1.486775751844915949e-01
1.486775751844915949e-01
1.486775751844915949e-01
1.486775751844915949e-01
1.486775751844915949e-01
1.486775751844915949e-01
1.486775751844915949e-01
1.486775751844915949e-01
1.486775751844915949e-01
1.486775751844915949e-01
1.486775751844915949e-01
1.348602344626851079e-01
1.276469433590312341e-01
1.276469433590312341e-01
1.276469433590312341e-01
1.276469433590312341e-01
1.276469433590312341e-01
1.276469433590312341e-01
1.276469433590312341e-01
1.276469433590312341e-01
1.276469433590312341e-01
1.276469433590312341e-01
1.276469433590312341e-01
1.276469433590312341e-01
1.276469433590312341e-01
1.276469433590312341e-01
1.202995833184791058e-01
1.202995833184791058e-01
1.030054651408306710e-01
1.030054651408306710e-01
1.030054651408306710e-01
1.030054651408306710e-01
1.030054651408306710e-01
1.030054651408306710e-01
8.391397059189266427e-02
8.391397059189266427e-02
8.391397059189266427e-02
8.391397059189266427e-02
7.770107080455777859e-02
7.770107080455777859e-02
7.770107080455777859e-02
7.770107080455777859e-02
7.770107080455777859e-02
7.770107080455777859e-02
7.770107080455777859e-02
7.770107080455777859e-02
7.770107080455777859e-02
6.197712895570785252e-02
6.197712895570785252e-02
6.197712895570785252e-02
6.197712895570785252e-02
6.197712895570785252e-02
6.197712895570785252e-02
6.197712895570785252e-02
6.197712895570785252e-02
6.197712895570785252e-02
6.197712895570785252e-02
6.197712895570785252e-02
6.197712895570785252e-02
6.197712895570785252e-02
6.197712895570785252e-02
6.197712895570785252e-02
6.197712895570785252e-02
6.197712895570785252e-02
6.197712895570785252e-02
6.197712895570785252e-02
6.197712895570785252e-02
6.197712895570785252e-02
6.197712895570785252e-02
6.197712895570785252e-02
6.197712895570785252e-02
6.197712895570785252e-02
6.197712895570785252e-02
6.197712895570785252e-02
6.197712895570785252e-02
5.811124785818680416e-02
5.811124785818680416e-02
5.811124785818680416e-02
5.811124785818680416e-02
5.811124785818680416e-02
5.811124785818680416e-02
5.811124785818680416e-02
5.811124785818680416e-02
5.811124785818680416e-02
5.811124785818680416e-02
5.811124785818680416e-02
5.811124785818680416e-02
5.811124785818680416e-02
5.811124785818680416e-02
5.811124785818680416e-02
5.811124785818680416e-02
5.811124785818680416e-02
5.811124785818680416e-02
5.811124785818680416e-02
5.811124785818680416e-02
5.811124785818680416e-02
5.811124785818680416e-02
5.811124785818680416e-02
5.811124785818680416e-02
5.811124785818680416e-02
5.811124785818680416e-02
5.811124785818680416e-02
5.811124785818680416e-02
5.516283639056414334e-02
5.516283639056414334e-02
5.516283639056414334e-02
5.516283639056414334e-02
5.516283639056414334e-02
5.516283639056414334e-02
5.516283639056414334e-02
5.516283639056414334e-02
5.458751087681847775e-02
5.458751087681847775e-02
5.458751087681847775e-02
5.458751087681847775e-02
5.458751087681847775e-02
5.458751087681847775e-02
5.458751087681847775e-02
5.458751087681847775e-02
5.405424081095833166e-02
5.405424081095833166e-02
5.389394085892305897e-02
5.386583593537403597e-02
5.386583593537403597e-02
5.386583593537403597e-02
5.311362996433081907e-02
5.264127983232446545e-02
5.262013758614104975e-02
5.262013758614104975e-02
5.259583428020284113e-02
5.259290958057463022e-02
5.259267619484792738e-02
5.259221613601301748e-02
5.259221613601301748e-02
5.259221613601301748e-02
5.259221613601301748e-02
5.259221613601301748e-02
5.259221613601301748e-02
5.259221613601301748e-02
5.259221613601301748e-02
5.259219417591501355e-02
5.259214999081870956e-02
5.259214999081870956e-02
5.259214999081870956e-02
5.217829142005107196e-02
5.217829142005107196e-02
5.217829142005107196e-02
5.217829142005107196e-02
5.154028957856963966e-02
5.154028957856963966e-02
5.154028957856963966e-02
5.061344576511481175e-02
5.061344576511481175e-02
5.061344576511481175e-02
5.061344576511481175e-02
5.061344576511481175e-02
5.061344576511481175e-02
4.992740634826898366e-02
4.992740634826898366e-02
4.992740634826898366e-02
4.992740634826898366e-02
4.992740634826898366e-02
4.992740634826898366e-02
4.992740634826898366e-02
4.992740634826898366e-02
4.992740634826898366e-02
4.970707768368168300e-02
4.970707768368168300e-02
4.961258894707785277e-02
4.961086620282730703e-02
4.961086620282730703e-02
