2.368953777538315819e+01
1.532351858963118474e+01
9.161933340456146269e+00
8.468499928886082273e+00
1.474288088286340059e+00
1.474288088286340059e+00
8.751407899617332786e-01
8.751407899617332786e-01
8.751407899617332786e-01
8.456984918132814943e-01
8.456984918132814943e-01
8.456984918132814943e-01
5.653494921837450837e-01
5.653494921837450837e-01
5.653494921837450837e-01
5.653494921837450837e-01
5.653494921837450837e-01
5.653494921837450837e-01
5.653494921837450837e-01
5.653494921837450837e-01
5.653494921837450837e-01
5.653494921837450837e-01
5.653494921837450837e-01
4.823497083717042666e-01
4.823497083717042666e-01
4.823497083717042666e-01
4.823497083717042666e-01
4.823497083717042666e-01
4.823497083717042666e-01
4.823497083717042666e-01
4.823497083717042666e-01
4.335045456661927310e-01
3.371119923556477604e-01
3.371119923556477604e-01
3.371119923556477604e-01
3.371119923556477604e-01
3.353223691415171404e-01
3.353223691415171404e-01
3.353223691415171404e-01
3.353223691415171404e-01
3.196281521572750806e-01
3.196281521572750806e-01
3.196281521572750806e-01
3.196281521572750806e-01
2.964939427426199203e-01
2.964939427426199203e-01
2.964939427426199203e-01
2.964939427426199203e-01
2.964939427426199203e-01
2.964939427426199203e-01
2.964939427426199203e-01
2.964939427426199203e-01
2.964939427426199203e-01
2.964939427426199203e-01
2.929081569493652282e-01
2.929081569493652282e-01
2.929081569493652282e-01
2.929081569493652282e-01
2.929081569493652282e-01
2.929081569493652282e-01
2.929081569493652282e-01
2.929081569493652282e-01
2.147718744794431256e-01
2.147718744794431256e-01
2.147718744794431256e-01
2.147718744794431256e-01
2.147718744794431256e-01
2.147718744794431256e-01
2.147718744794431256e-01
2.147718744794431256e-01
2.147718744794431256e-01
2.147718744794431256e-01
2.147718744794431256e-01
2.147718744794431256e-01
2.147718744794431256e-01
2.147718744794431256e-01
2.147718744794431256e-01
2.147718744794431256e-01
2.147718744794431256e-01
2.147718744794431256e-01
2.147718744794431256e-01
2.147718744794431256e-01
2.147718744794431256e-01
2.147718744794431256e-01
2.147718744794431256e-01
2.147718744794431256e-01
2.071060155511849077e-01
2.071060155511849077e-01
2.071060155511849077e-01
2.071060155511849077e-01
2.071060155511849077e-01
2.071060155511849077e-01
2.071060155511849077e-01
2.071060155511849077e-01
2.071060155511849077e-01
2.071060155511849077e-01
2.071060155511849077e-01
2.071060155511849077e-01
2.071060155511849077e-01
2.071060155511849077e-01
2.071060155511849077e-01
2.048784495267288730e-01
2.048784495267288730e-01
2.048784495267288730e-01
2.048784495267288730e-01
2.048784495267288730e-01
2.048784495267288730e-01
2.048784495267288730e-01
2.047455793826107040e-01
2.047455793826107040e-01
2.047455793826107040e-01
2.047455793826107040e-01
2.037933362447404417e-01
2.037933362447404417e-01
2.032377246739775489e-01
2.032377246739775489e-01
2.022886554154671168e-01
1.996189286457262790e-01
1.977053481890539421e-01
1.971049767237389172e-01
1.968898069314043431e-01
1.968083450572412352e-01
1.967768843704280624e-01
1.967646234323411625e-01
1.967602617598633863e-01
1.967581147554144927e-01
1.967579065937022087e-01
1.967574488324889681e-01
1.967571970662443104e-01
1.949649483017838192e-01
1.949649483017838192e-01
1.949649483017838192e-01
1.948083310293035608e-01
1.937912238957062994e-01
1.937912238957062994e-01
1.937912238957062994e-01
1.937912238957062994e-01
1.934390860503824860e-01
1.934390860503824860e-01
1.934390860503824860e-01
1.908106200495830462e-01
1.902945922612136742e-01
1.894201611392746232e-01
1.891771196135030864e-01
1.891099050625410782e-01
1.890906516455101716e-01
1.890856660060883654e-01
1.890842337553763075e-01
1.890842337553763075e-01
1.890842337553763075e-01
1.887302833779820332e-01
1.887215271712489872e-01
1.887215271712489872e-01
1.887215271712489872e-01
1.884558114615758617e-01
1.875599065433556090e-01
1.875599065433556090e-01
1.875599065433556090e-01
1.875599065433556090e-01
1.875599065433556090e-01
1.875599065433556090e-01
1.875599065433556090e-01
1.875599065433556090e-01
1.872527263371877027e-01
1.872527263371877027e-01
1.866695438160307086e-01
1.866695438160307086e-01
1.866168540336957393e-01
1.866168540336957393e-01
1.866168540336957393e-01
1.866168540336957393e-01
1.863272082740779489e-01
1.862100918461670196e-01
1.861295943763154326e-01
1.860990669844280743e-01
1.860449985924113592e-01
1.859262494395268750e-01
1.859262494395268750e-01
1.858335665087696431e-01
1.857996578229536844e-01
1.857961746021807581e-01
1.857280262799553550e-01
1.857280262799553550e-01
1.851485162090963366e-01
1.849676917276871502e-01
1.847900907595089737e-01
1.846866198142730897e-01
1.846466020192582547e-01
1.846327204195605531e-01
1.846105215148543255e-01
1.846099483367352467e-01
1.845988341457422965e-01
1.845743193589382269e-01
1.845601155419300810e-01
1.845556340850984245e-01
1.845095512497017531e-01
1.844888085222108898e-01
1.844702542149008195e-01
1.844694166801295609e-01
1.842816322244228422e-01
