2.110701233503496610e+01
1.013842687368473783e+01
5.651941187772259845e+00
2.720421191007123429e+00
2.000658978660601939e+00
2.000658978660601939e+00
2.000658978660601939e+00
1.440199871753165883e+00
1.440199871753165883e+00
1.280780667272654938e+00
8.777113687989814839e-01
8.777113687989814839e-01
8.777113687989814839e-01
6.579521923827710284e-01
6.579521923827710284e-01
6.579521923827710284e-01
6.579521923827710284e-01
6.579521923827710284e-01
6.579521923827710284e-01
6.579521923827710284e-01
6.579521923827710284e-01
6.579521923827710284e-01
6.579521923827710284e-01
6.579521923827710284e-01
6.579521923827710284e-01
6.579521923827710284e-01
6.579521923827710284e-01
6.579521923827710284e-01
6.579521923827710284e-01
6.579521923827710284e-01
6.579521923827710284e-01
6.579521923827710284e-01
6.249661555293088977e-01
6.249661555293088977e-01
6.249661555293088977e-01
6.249661555293088977e-01
6.249661555293088977e-01
6.249661555293088977e-01
6.249661555293088977e-01
3.761008153319443936e-01
3.761008153319443936e-01
3.761008153319443936e-01
3.761008153319443936e-01
3.761008153319443936e-01
3.209386991863903416e-01
3.209386991863903416e-01
3.209386991863903416e-01
3.209386991863903416e-01
3.209386991863903416e-01
3.209386991863903416e-01
3.209386991863903416e-01
3.209386991863903416e-01
3.209386991863903416e-01
3.115967173753271258e-01
3.115967173753271258e-01
3.115967173753271258e-01
3.115967173753271258e-01
3.115967173753271258e-01
3.115967173753271258e-01
3.115967173753271258e-01
3.115967173753271258e-01
3.115967173753271258e-01
3.115967173753271258e-01
3.115967173753271258e-01
3.115967173753271258e-01
3.115967173753271258e-01
3.115967173753271258e-01
3.115967173753271258e-01
3.115967173753271258e-01
3.115967173753271258e-01
3.115967173753271258e-01
3.115967173753271258e-01
3.002798853386375311e-01
3.002798853386375311e-01
3.002798853386375311e-01
3.002798853386375311e-01
2.419744303098034788e-01
2.419744303098034788e-01
2.419744303098034788e-01
1.677759711596736314e-01
1.677759711596736314e-01
1.677759711596736314e-01
1.677759711596736314e-01
1.677759711596736314e-01
1.677759711596736314e-01
1.677759711596736314e-01
1.677759711596736314e-01
1.677759711596736314e-01
1.677759711596736314e-01
1.677759711596736314e-01
1.677759711596736314e-01
1.677759711596736314e-01
1.677759711596736314e-01
1.677759711596736314e-01
1.677759711596736314e-01
1.677759711596736314e-01
1.677759711596736314e-01
1.518853456302337590e-01
1.518853456302337590e-01
1.518853456302337590e-01
1.518853456302337590e-01
1.518853456302337590e-01
1.518853456302337590e-01
1.518853456302337590e-01
1.518853456302337590e-01
1.480136809810403409e-01
1.480136809810403409e-01
1.480136809810403409e-01
1.480136809810403409e-01
1.480136809810403409e-01
1.480136809810403409e-01
1.480136809810403409e-01
1.480136809810403409e-01
1.480136809810403409e-01
1.074906167555832459e-01
1.074906167555832459e-01
1.074906167555832459e-01
1.074906167555832459e-01
1.074906167555832459e-01
9.481236215976554527e-02
9.481236215976554527e-02
9.481236215976554527e-02
9.481236215976554527e-02
9.481236215976554527e-02
9.481236215976554527e-02
9.481236215976554527e-02
9.481236215976554527e-02
9.481236215976554527e-02
9.481236215976554527e-02
9.481236215976554527e-02
9.481236215976554527e-02
9.481236215976554527e-02
9.481236215976554527e-02
9.481236215976554527e-02
9.481236215976554527e-02
9.481236215976554527e-02
9.481236215976554527e-02
9.317453319689684987e-02
9.317453319689684987e-02
9.311862389260509854e-02
9.311862389260509854e-02
9.302264815523353381e-02
9.295639819112999636e-02
9.295639819112999636e-02
9.286489063203429151e-02
9.283068933430842218e-02
8.703944582074765735e-02
8.703944582074765735e-02
8.703944582074765735e-02
8.703944582074765735e-02
8.703944582074765735e-02
8.703944582074765735e-02
8.703944582074765735e-02
8.703944582074765735e-02
8.703944582074765735e-02
8.703944582074765735e-02
8.703944582074765735e-02
8.703944582074765735e-02
8.703944582074765735e-02
8.703944582074765735e-02
8.703944582074765735e-02
8.703944582074765735e-02
8.703944582074765735e-02
8.703944582074765735e-02
8.703944582074765735e-02
8.392733082824126167e-02
8.392733082824126167e-02
8.392733082824126167e-02
8.392733082824126167e-02
8.392733082824126167e-02
8.392733082824126167e-02
8.392733082824126167e-02
8.363853106720807451e-02
8.363853106720807451e-02
8.348742326797209401e-02
8.346975903296185995e-02
8.346831445656749393e-02
8.346809159138303402e-02
8.346809159138303402e-02
8.304684573121415281e-02
8.304684573121415281e-02
8.222084025613041192e-02
8.216783816475649316e-02
8.216377791659693064e-02
8.216377791659693064e-02
8.216337027761157208e-02
8.216337027761157208e-02
8.216302598767301346e-02
8.216302598767301346e-02
8.216302598767301346e-02
8.216302598767301346e-02
8.216302598767301346e-02
8.216302598767301346e-02
8.216302598767301346e-02
8.216302598767301346e-02
8.216302598767301346e-02
8.216302598767301346e-02
8.216302598767301346e-02
8.216302598767301346e-02
8.188071877474632776e-02
