4.170425178173294611e+00
4.170425178173294611e+00
4.170425178173294611e+00
1.833138365658286695e+00
1.093018978003142072e+00
9.511925738926033658e-01
9.422938284204027681e-01
7.616329743556315979e-01
7.616329743556315979e-01
7.616329743556315979e-01
7.616329743556315979e-01
4.075007600520003104e-01
4.075007600520003104e-01
4.075007600520003104e-01
4.075007600520003104e-01
4.075007600520003104e-01
4.075007600520003104e-01
4.075007600520003104e-01
4.075007600520003104e-01
4.075007600520003104e-01
4.075007600520003104e-01
3.069217914727213059e-01
3.069217914727213059e-01
3.069217914727213059e-01
2.262416317188374604e-01
2.262416317188374604e-01
2.262416317188374604e-01
2.262416317188374604e-01
2.262416317188374604e-01
2.262416317188374604e-01
2.206538885351095880e-01
2.206538885351095880e-01
2.206538885351095880e-01
2.206538885351095880e-01
2.206538885351095880e-01
2.206538885351095880e-01
1.828904352612978068e-01
1.828904352612978068e-01
1.828904352612978068e-01
1.828904352612978068e-01
1.828904352612978068e-01
1.828904352612978068e-01
1.828904352612978068e-01
1.828904352612978068e-01
1.828904352612978068e-01
1.828904352612978068e-01
1.828904352612978068e-01
1.828904352612978068e-01
1.828904352612978068e-01
1.828904352612978068e-01
1.828904352612978068e-01
1.828904352612978068e-01
1.828904352612978068e-01
1.828904352612978068e-01
1.828904352612978068e-01
1.773488225805666119e-01
1.773488225805666119e-01
1.773488225805666119e-01
1.773488225805666119e-01
1.773488225805666119e-01
1.671734623110367191e-01
1.626716938590670181e-01
1.626716938590670181e-01
1.626716938590670181e-01
1.626716938590670181e-01
1.626716938590670181e-01
1.626716938590670181e-01
1.231815653094840562e-01
1.231815653094840562e-01
1.231815653094840562e-01
1.231815653094840562e-01
1.231815653094840562e-01
1.231815653094840562e-01
1.231815653094840562e-01
1.231815653094840562e-01
1.231815653094840562e-01
1.231815653094840562e-01
1.231815653094840562e-01
1.231815653094840562e-01
1.161942543435253022e-01
1.142047016708304941e-01
1.142047016708304941e-01
1.142047016708304941e-01
1.142047016708304941e-01
1.142047016708304941e-01
1.142047016708304941e-01
1.142047016708304941e-01
1.142047016708304941e-01
1.102684634589702339e-01
1.102684634589702339e-01
1.102684634589702339e-01
1.102684634589702339e-01
1.102684634589702339e-01
1.102684634589702339e-01
1.102684634589702339e-01
1.102684634589702339e-01
1.102684634589702339e-01
1.102684634589702339e-01
1.102684634589702339e-01
1.102684634589702339e-01
1.102684634589702339e-01
1.102684634589702339e-01
1.102684634589702339e-01
1.102684634589702339e-01
1.102684634589702339e-01
1.102684634589702339e-01
1.102684634589702339e-01
1.102684634589702339e-01
1.092596507436376652e-01
1.092596507436376652e-01
1.092596507436376652e-01
1.073868096650051895e-01
1.061928231614986951e-01
1.058772061663362518e-01
1.057750725553667781e-01
1.057396435975122562e-01
1.057263454389734680e-01
1.057205787312228834e-01
1.057179084652498935e-01
1.057179084652498935e-01
1.057179084652498935e-01
1.057173949970664772e-01
1.057152309421665187e-01
1.057143756171208399e-01
1.057143756171208399e-01
1.057143756171208399e-01
1.057143756171208399e-01
1.057143756171208399e-01
1.057143756171208399e-01
1.057143756171208399e-01
1.057143756171208399e-01
1.057143756171208399e-01
1.057134264026297343e-01
1.057134264026297343e-01
1.057134264026297343e-01
1.057134264026297343e-01
1.057134264026297343e-01
1.057134264026297343e-01
1.057134264026297343e-01
1.057134264026297343e-01
1.057134264026297343e-01
1.057126087654951391e-01
1.057126087654951391e-01
1.057126087654951391e-01
1.057126087654951391e-01
1.057126087654951391e-01
1.057126087654951391e-01
1.057126087654951391e-01
1.028381138162627745e-01
1.028381138162627745e-01
1.028381138162627745e-01
1.028381138162627745e-01
1.028381138162627745e-01
1.028381138162627745e-01
1.028381138162627745e-01
1.028381138162627745e-01
1.028381138162627745e-01
1.028381138162627745e-01
1.028381138162627745e-01
1.028381138162627745e-01
1.028381138162627745e-01
1.028381138162627745e-01
1.028381138162627745e-01
1.028381138162627745e-01
1.028381138162627745e-01
1.028381138162627745e-01
1.028381138162627745e-01
1.028381138162627745e-01
1.028381138162627745e-01
1.028381138162627745e-01
1.008871728845113086e-01
1.008871728845113086e-01
1.008871728845113086e-01
1.008871728845113086e-01
1.008871728845113086e-01
1.008871728845113086e-01
1.008871728845113086e-01
1.008871728845113086e-01
1.008871728845113086e-01
1.008871728845113086e-01
1.008871728845113086e-01
1.008871728845113086e-01
1.008783410132214203e-01
1.008783410132214203e-01
1.008621492911526835e-01
1.008603164051347506e-01
1.008600255784880273e-01
1.008600223780865696e-01
1.008600223780865696e-01
1.008599950849239785e-01
1.008599950849239785e-01
1.008599777162195732e-01
1.008599777162195732e-01
1.008599777162195732e-01
1.008599777162195732e-01
1.008599777162195732e-01
1.008599777162195732e-01
9.641120526720811656e-02
9.641120526720811656e-02
9.641120526720811656e-02
