3.135240537074384548e+01
3.135240537074384548e+01
1.877285064174958862e+01
9.056222254323271770e+00
1.474848353922996846e+00
1.474848353922996846e+00
1.356611970081759155e+00
1.052823775489548197e+00
1.052823775489548197e+00
8.826531287029165673e-01
8.519922508676238682e-01
6.905314113528233655e-01
6.208010164599869762e-01
5.993032302106462428e-01
4.340629268443867983e-01
4.340629268443867983e-01
4.340629268443867983e-01
4.340629268443867983e-01
4.340629268443867983e-01
4.340629268443867983e-01
4.340629268443867983e-01
4.340629268443867983e-01
4.030179694782721200e-01
3.867431645872765333e-01
3.867431645872765333e-01
3.867431645872765333e-01
3.867431645872765333e-01
3.867431645872765333e-01
3.867431645872765333e-01
3.867431645872765333e-01
3.867431645872765333e-01
3.867431645872765333e-01
3.867431645872765333e-01
3.867431645872765333e-01
3.867431645872765333e-01
3.867431645872765333e-01
3.867431645872765333e-01
3.867431645872765333e-01
3.867431645872765333e-01
3.867431645872765333e-01
3.867431645872765333e-01
3.867431645872765333e-01
3.867431645872765333e-01
3.867431645872765333e-01
3.867431645872765333e-01
3.867431645872765333e-01
3.867431645872765333e-01
3.867431645872765333e-01
3.867431645872765333e-01
3.867431645872765333e-01
3.867431645872765333e-01
3.867431645872765333e-01
3.867431645872765333e-01
3.832665528550164291e-01
3.832665528550164291e-01
3.832665528550164291e-01
3.832665528550164291e-01
3.832665528550164291e-01
3.832665528550164291e-01
3.832665528550164291e-01
3.832665528550164291e-01
3.832665528550164291e-01
3.832665528550164291e-01
3.832665528550164291e-01
3.832665528550164291e-01
3.832665528550164291e-01
3.832665528550164291e-01
3.832665528550164291e-01
3.832665528550164291e-01
3.832665528550164291e-01
3.832665528550164291e-01
3.832665528550164291e-01
3.832665528550164291e-01
3.832665528550164291e-01
3.832665528550164291e-01
3.832665528550164291e-01
3.832665528550164291e-01
3.832665528550164291e-01
3.832665528550164291e-01
3.832665528550164291e-01
3.832665528550164291e-01
3.832665528550164291e-01
3.832665528550164291e-01
3.832665528550164291e-01
3.832665528550164291e-01
3.832665528550164291e-01
3.832665528550164291e-01
3.832665528550164291e-01
3.832665528550164291e-01
3.832665528550164291e-01
3.832665528550164291e-01
2.547708429258110918e-01
2.547708429258110918e-01
2.547708429258110918e-01
2.547708429258110918e-01
2.547708429258110918e-01
2.547708429258110918e-01
2.547708429258110918e-01
2.547708429258110918e-01
2.547708429258110918e-01
2.547708429258110918e-01
2.189152444315050072e-01
2.189152444315050072e-01
2.189152444315050072e-01
2.189152444315050072e-01
2.189152444315050072e-01
2.189152444315050072e-01
1.544388982454420189e-01
1.544388982454420189e-01
1.544388982454420189e-01
1.544388982454420189e-01
1.419466903479726927e-01
1.419466903479726927e-01
1.419466903479726927e-01
1.419466903479726927e-01
1.419466903479726927e-01
1.419466903479726927e-01
1.419466903479726927e-01
1.419466903479726927e-01
1.419466903479726927e-01
1.419466903479726927e-01
8.845502967406772277e-02
8.116814655215026653e-02
8.116814655215026653e-02
8.116814655215026653e-02
8.116814655215026653e-02
8.116814655215026653e-02
8.116814655215026653e-02
8.116814655215026653e-02
8.116814655215026653e-02
8.116814655215026653e-02
8.116814655215026653e-02
8.116814655215026653e-02
6.791205980139689014e-02
6.791205980139689014e-02
6.003297119110189567e-02
6.003297119110189567e-02
6.003297119110189567e-02
6.003297119110189567e-02
6.003297119110189567e-02
6.003297119110189567e-02
6.003297119110189567e-02
6.003297119110189567e-02
6.003297119110189567e-02
6.003297119110189567e-02
6.003297119110189567e-02
6.003297119110189567e-02
6.003297119110189567e-02
6.003297119110189567e-02
5.705870657822788294e-02
5.580280180526549227e-02
5.580280180526549227e-02
5.580280180526549227e-02
5.580280180526549227e-02
5.580280180526549227e-02
5.580280180526549227e-02
5.580280180526549227e-02
5.580280180526549227e-02
5.580280180526549227e-02
5.531942769608372279e-02
5.531942769608372279e-02
5.531942769608372279e-02
5.531942769608372279e-02
5.531942769608372279e-02
5.531942769608372279e-02
5.531942769608372279e-02
5.531942769608372279e-02
5.531942769608372279e-02
4.881132075380525959e-02
4.881132075380525959e-02
4.881132075380525959e-02
4.881132075380525959e-02
4.881132075380525959e-02
4.881132075380525959e-02
4.881132075380525959e-02
4.881132075380525959e-02
4.881132075380525959e-02
4.881132075380525959e-02
4.881132075380525959e-02
4.881132075380525959e-02
4.881132075380525959e-02
4.881132075380525959e-02
4.881132075380525959e-02
4.881132075380525959e-02
4.875361527107562043e-02
4.875361527107562043e-02
4.875361527107562043e-02
4.875361527107562043e-02
4.871499463988122197e-02
4.871077824518754013e-02
4.871061226589452203e-02
4.871054500120700070e-02
4.846298651032177746e-02
4.846298651032177746e-02
4.788326965011034664e-02
4.783704432992170325e-02
4.783580966569425663e-02
4.783580966569425663e-02
4.783580966569425663e-02
4.783580966569425663e-02
