4.984288095593583989e+00
4.984288095593583989e+00
2.974302887460628320e+00
2.974302887460628320e+00
1.683287284422237962e+00
1.658180651142463269e+00
7.228881050153437293e-01
7.228881050153437293e-01
6.381348352553922743e-01
4.890971970523306789e-01
3.728421721369533648e-01
3.728421721369533648e-01
3.296992277227786539e-01
3.296992277227786539e-01
3.296992277227786539e-01
3.296992277227786539e-01
3.296992277227786539e-01
3.296992277227786539e-01
3.296992277227786539e-01
3.296992277227786539e-01
3.296992277227786539e-01
3.296992277227786539e-01
3.296992277227786539e-01
2.112757168424100884e-01
2.112757168424100884e-01
2.112757168424100884e-01
1.573533432956139566e-01
1.573533432956139566e-01
1.573533432956139566e-01
1.573533432956139566e-01
1.573533432956139566e-01
1.573533432956139566e-01
1.573533432956139566e-01
1.573533432956139566e-01
1.573533432956139566e-01
1.573533432956139566e-01
1.573533432956139566e-01
1.573533432956139566e-01
1.573533432956139566e-01
1.573533432956139566e-01
1.573533432956139566e-01
1.573533432956139566e-01
1.573533432956139566e-01
1.573533432956139566e-01
1.573533432956139566e-01
1.573533432956139566e-01
1.573533432956139566e-01
1.573533432956139566e-01
1.573533432956139566e-01
1.573533432956139566e-01
1.497570276566820568e-01
1.497570276566820568e-01
1.497570276566820568e-01
1.497570276566820568e-01
1.497570276566820568e-01
1.497570276566820568e-01
1.497570276566820568e-01
1.497570276566820568e-01
1.497570276566820568e-01
1.497570276566820568e-01
1.497570276566820568e-01
1.497570276566820568e-01
1.383886840975780685e-01
1.383886840975780685e-01
1.383886840975780685e-01
1.383886840975780685e-01
1.383886840975780685e-01
1.383886840975780685e-01
1.383886840975780685e-01
1.383886840975780685e-01
1.383886840975780685e-01
1.383886840975780685e-01
1.383886840975780685e-01
1.383886840975780685e-01
1.383886840975780685e-01
1.383886840975780685e-01
1.383886840975780685e-01
1.383886840975780685e-01
1.383886840975780685e-01
1.383886840975780685e-01
1.383886840975780685e-01
1.383886840975780685e-01
1.383886840975780685e-01
1.383886840975780685e-01
1.383886840975780685e-01
1.383886840975780685e-01
1.383886840975780685e-01
1.383886840975780685e-01
1.334327116239623912e-01
1.334327116239623912e-01
1.334327116239623912e-01
1.334327116239623912e-01
1.334327116239623912e-01
1.334327116239623912e-01
1.334327116239623912e-01
1.280121991775086121e-01
1.001470852027520064e-01
1.001470852027520064e-01
1.001470852027520064e-01
1.001470852027520064e-01
1.001470852027520064e-01
7.004853351132034334e-02
7.004853351132034334e-02
7.004853351132034334e-02
7.004853351132034334e-02
7.004853351132034334e-02
7.004853351132034334e-02
7.004853351132034334e-02
7.004853351132034334e-02
7.004853351132034334e-02
7.004853351132034334e-02
7.004853351132034334e-02
7.004853351132034334e-02
7.004853351132034334e-02
7.004853351132034334e-02
7.004853351132034334e-02
7.004853351132034334e-02
7.004853351132034334e-02
7.004853351132034334e-02
7.004853351132034334e-02
7.004853351132034334e-02
7.004853351132034334e-02
7.004853351132034334e-02
7.004853351132034334e-02
7.004853351132034334e-02
7.004853351132034334e-02
7.004853351132034334e-02
7.004853351132034334e-02
7.004853351132034334e-02
7.004853351132034334e-02
7.004853351132034334e-02
7.004853351132034334e-02
7.004853351132034334e-02
7.004853351132034334e-02
7.004853351132034334e-02
7.004853351132034334e-02
7.004853351132034334e-02
7.004853351132034334e-02
7.004853351132034334e-02
6.967468322566242045e-02
6.967468322566242045e-02
6.967468322566242045e-02
6.967468322566242045e-02
6.967468322566242045e-02
6.967468322566242045e-02
6.967468322566242045e-02
6.967468322566242045e-02
6.967468322566242045e-02
6.963635790042778384e-02
6.409373702374877857e-02
6.409373702374877857e-02
6.409373702374877857e-02
6.392322223205840204e-02
6.372298647459292975e-02
6.372298647459292975e-02
6.372298647459292975e-02
6.372298647459292975e-02
6.372298647459292975e-02
6.372298647459292975e-02
6.372298647459292975e-02
6.372298647459292975e-02
6.372298647459292975e-02
6.372298647459292975e-02
6.372298647459292975e-02
6.372298647459292975e-02
6.356522535835193444e-02
6.356522535835193444e-02
6.356522535835193444e-02
6.309708773034040930e-02
6.301426171876151061e-02
6.300339244850407250e-02
6.300179738054675904e-02
6.300156832473356727e-02
6.300153574967573555e-02
6.300153574967573555e-02
6.300153574967573555e-02
6.300151936070808034e-02
6.300151936070808034e-02
6.300151907533380058e-02
6.300151907533380058e-02
6.300151907533380058e-02
6.300151907533380058e-02
6.300151103238726957e-02
6.300151103238726957e-02
6.300151103238726957e-02
6.300151103238726957e-02
6.300151103238726957e-02
6.300151103238726957e-02
6.300151103238726957e-02
6.300151103238726957e-02
6.300151103238726957e-02
6.274149968244115139e-02
6.274149968244115139e-02
6.257730842954811745e-02
6.257629439789731685e-02
6.257625739660677144e-02
6.257625739660677144e-02
6.257622118793798593e-02
6.257622118793798593e-02
6.257622118793798593e-02
