8.699685283696499738e+00
8.699685283696499738e+00
8.699685283696499738e+00
7.677537675522312810e+00
5.130108643441234406e+00
2.320488953761472128e+00
1.860847290559200617e+00
1.070496111842558218e+00
8.041628793268229547e-01
4.224998242171982277e-01
4.224998242171982277e-01
4.224998242171982277e-01
4.211208424402296813e-01
2.883724507453410690e-01
2.883724507453410690e-01
2.883724507453410690e-01
2.883724507453410690e-01
2.822612731257948537e-01
2.822612731257948537e-01
1.483157111162043684e-01
1.483157111162043684e-01
1.483157111162043684e-01
1.483157111162043684e-01
1.483157111162043684e-01
1.483157111162043684e-01
1.483157111162043684e-01
1.483157111162043684e-01
1.483157111162043684e-01
1.463621497019398365e-01
1.463621497019398365e-01
1.135802810103744565e-01
1.135802810103744565e-01
1.135802810103744565e-01
1.135802810103744565e-01
1.135802810103744565e-01
1.135802810103744565e-01
1.135802810103744565e-01
1.135802810103744565e-01
1.135802810103744565e-01
1.135802810103744565e-01
1.135802810103744565e-01
1.135802810103744565e-01
1.127509161348056455e-01
1.127509161348056455e-01
1.127509161348056455e-01
1.127509161348056455e-01
1.127509161348056455e-01
1.127509161348056455e-01
1.127509161348056455e-01
1.127509161348056455e-01
1.127509161348056455e-01
1.127509161348056455e-01
1.127509161348056455e-01
1.127509161348056455e-01
1.127509161348056455e-01
1.127509161348056455e-01
1.127509161348056455e-01
1.127509161348056455e-01
1.127509161348056455e-01
1.127509161348056455e-01
1.127509161348056455e-01
1.127509161348056455e-01
1.127509161348056455e-01
1.127509161348056455e-01
1.127509161348056455e-01
1.127509161348056455e-01
1.127509161348056455e-01
1.127509161348056455e-01
1.127509161348056455e-01
1.127509161348056455e-01
1.127509161348056455e-01
1.127509161348056455e-01
1.127509161348056455e-01
1.127509161348056455e-01
1.127509161348056455e-01
1.127509161348056455e-01
1.127509161348056455e-01
1.127509161348056455e-01
1.127509161348056455e-01
1.127509161348056455e-01
1.127509161348056455e-01
1.127509161348056455e-01
1.127509161348056455e-01
1.127509161348056455e-01
1.127509161348056455e-01
1.127509161348056455e-01
1.127509161348056455e-01
1.127509161348056455e-01
1.127509161348056455e-01
1.127509161348056455e-01
1.127509161348056455e-01
1.127509161348056455e-01
1.127509161348056455e-01
1.127509161348056455e-01
1.127509161348056455e-01
1.127509161348056455e-01
1.127509161348056455e-01
1.127509161348056455e-01
1.099485764693936690e-01
1.099485764693936690e-01
1.099485764693936690e-01
1.099485764693936690e-01
1.099485764693936690e-01
1.078247784370336970e-01
1.078247784370336970e-01
1.078247784370336970e-01
1.078247784370336970e-01
1.023973538943214745e-01
1.023973538943214745e-01
9.257636433616492355e-02
9.051058869167130649e-02
9.051058869167130649e-02
9.051058869167130649e-02
9.051058869167130649e-02
9.051058869167130649e-02
9.051058869167130649e-02
9.051058869167130649e-02
8.880673401538174971e-02
8.880673401538174971e-02
8.880673401538174971e-02
8.880673401538174971e-02
8.880673401538174971e-02
8.880673401538174971e-02
8.880673401538174971e-02
8.880673401538174971e-02
8.880673401538174971e-02
8.880673401538174971e-02
8.880673401538174971e-02
8.880673401538174971e-02
8.740092612842832731e-02
8.740092612842832731e-02
8.740092612842832731e-02
8.699555932702147942e-02
8.636254213510639877e-02
8.636254213510639877e-02
8.330638296772645279e-02
8.330638296772645279e-02
8.330638296772645279e-02
8.330638296772645279e-02
8.293747499952354441e-02
8.237138653549611056e-02
8.205187580899699074e-02
8.196019146054081550e-02
8.165449313526419728e-02
8.136078300399468555e-02
8.136078300399468555e-02
8.136078300399468555e-02
8.136078300399468555e-02
8.136078300399468555e-02
8.136078300399468555e-02
8.136078300399468555e-02
8.135068344481802272e-02
8.118260755449605015e-02
8.095618538775964379e-02
8.083499698253969468e-02
8.070935192526328128e-02
8.069328137046838378e-02
8.068944936443726845e-02
8.068858367562019296e-02
8.057185932338278844e-02
8.042581425331166156e-02
8.040265049095063343e-02
8.039919516244298237e-02
8.033246288112497191e-02
8.025533454308948766e-02
8.022966699116036715e-02
8.022509104647838896e-02
8.021673963702431742e-02
8.021313556247744447e-02
8.021144916319686291e-02
8.019562481926922892e-02
8.017338144133201450e-02
8.015823359687157534e-02
7.913460231434671366e-02
7.913460231434671366e-02
7.913460231434671366e-02
7.913460231434671366e-02
7.913460231434671366e-02
7.913460231434671366e-02
7.913460231434671366e-02
7.913460231434671366e-02
7.913460231434671366e-02
7.913460231434671366e-02
7.913460231434671366e-02
7.913460231434671366e-02
7.897038873795415859e-02
7.897038873795415859e-02
7.884804848924517606e-02
7.883490712764189279e-02
7.883414399508016646e-02
7.883410396460409364e-02
7.883399684669903373e-02
7.883399684669903373e-02
7.883399684669903373e-02
7.883399684669903373e-02
7.883399684669903373e-02
7.883399684669903373e-02
7.883399014777429936e-02
7.883399014777429936e-02
7.883399014777429936e-02
