8.796813927803802002e+00
8.796813927803802002e+00
8.796813927803802002e+00
8.796813927803802002e+00
8.182232017657257828e+00
1.970027430967590032e+00
1.889273727106423717e+00
1.889273727106423717e+00
1.889273727106423717e+00
9.364578348987141476e-01
9.364578348987141476e-01
8.774555971728614789e-01
8.774555971728614789e-01
6.715595680211028373e-01
6.715595680211028373e-01
6.715595680211028373e-01
6.715595680211028373e-01
6.715595680211028373e-01
6.715595680211028373e-01
6.715595680211028373e-01
6.715595680211028373e-01
6.715595680211028373e-01
6.205178817215680764e-01
6.205178817215680764e-01
6.205178817215680764e-01
6.205178817215680764e-01
6.205178817215680764e-01
6.205178817215680764e-01
6.205178817215680764e-01
6.205178817215680764e-01
6.205178817215680764e-01
6.119326028335252410e-01
6.119326028335252410e-01
5.754752334199868535e-01
5.754752334199868535e-01
5.754752334199868535e-01
5.754752334199868535e-01
5.754752334199868535e-01
5.754752334199868535e-01
5.754752334199868535e-01
5.754752334199868535e-01
5.754752334199868535e-01
3.877071333370584183e-01
3.877071333370584183e-01
3.877071333370584183e-01
3.877071333370584183e-01
3.877071333370584183e-01
3.877071333370584183e-01
3.877071333370584183e-01
3.715217979607104426e-01
3.497885902120980162e-01
3.497885902120980162e-01
3.497885902120980162e-01
3.497885902120980162e-01
3.140670566284700094e-01
3.140670566284700094e-01
2.960811536607204086e-01
2.960811536607204086e-01
2.364804379680433000e-01
2.364804379680433000e-01
2.364804379680433000e-01
2.364804379680433000e-01
1.587099647569143734e-01
1.587099647569143734e-01
1.587099647569143734e-01
1.587099647569143734e-01
1.587099647569143734e-01
1.587099647569143734e-01
1.028585277579913138e-01
1.028585277579913138e-01
1.028585277579913138e-01
1.028585277579913138e-01
1.028585277579913138e-01
1.028585277579913138e-01
1.028585277579913138e-01
1.028585277579913138e-01
1.028585277579913138e-01
1.028585277579913138e-01
1.028585277579913138e-01
1.028585277579913138e-01
1.028585277579913138e-01
1.028585277579913138e-01
9.609122686268645186e-02
9.609122686268645186e-02
9.609122686268645186e-02
9.609122686268645186e-02
9.609122686268645186e-02
9.609122686268645186e-02
9.609122686268645186e-02
9.609122686268645186e-02
9.609122686268645186e-02
9.609122686268645186e-02
9.609122686268645186e-02
9.609122686268645186e-02
9.609122686268645186e-02
9.609122686268645186e-02
9.609122686268645186e-02
9.609122686268645186e-02
9.609122686268645186e-02
9.609122686268645186e-02
9.609122686268645186e-02
9.609122686268645186e-02
9.609122686268645186e-02
9.087931131482669678e-02
9.087931131482669678e-02
9.087931131482669678e-02
9.087931131482669678e-02
9.087931131482669678e-02
8.228500576025518654e-02
8.228500576025518654e-02
8.228500576025518654e-02
8.228500576025518654e-02
7.939788000987398064e-02
7.939788000987398064e-02
7.939788000987398064e-02
7.939788000987398064e-02
7.939788000987398064e-02
7.939788000987398064e-02
7.939788000987398064e-02
7.939788000987398064e-02
7.939788000987398064e-02
7.939788000987398064e-02
7.939788000987398064e-02
5.866566096235653616e-02
5.866566096235653616e-02
5.866566096235653616e-02
5.866566096235653616e-02
5.866566096235653616e-02
5.866566096235653616e-02
5.866566096235653616e-02
5.866566096235653616e-02
5.866566096235653616e-02
5.866566096235653616e-02
5.866566096235653616e-02
5.866566096235653616e-02
5.866566096235653616e-02
5.866566096235653616e-02
5.866566096235653616e-02
5.866566096235653616e-02
5.866566096235653616e-02
5.866566096235653616e-02
5.866566096235653616e-02
5.866566096235653616e-02
5.866566096235653616e-02
5.866566096235653616e-02
5.866566096235653616e-02
5.866566096235653616e-02
5.866566096235653616e-02
5.866566096235653616e-02
5.376620111878287894e-02
5.376620111878287894e-02
5.376620111878287894e-02
5.376620111878287894e-02
5.376620111878287894e-02
5.376620111878287894e-02
5.376620111878287894e-02
5.376620111878287894e-02
5.332164174526518585e-02
5.332164174526518585e-02
5.332164174526518585e-02
5.332164174526518585e-02
5.332164174526518585e-02
5.332164174526518585e-02
5.332164174526518585e-02
5.332164174526518585e-02
5.267055551102576422e-02
5.253898048669055493e-02
5.252589000463712965e-02
5.252424047030719578e-02
5.252389441777411544e-02
5.252389441777411544e-02
5.252381387176597444e-02
5.252381387176597444e-02
5.252381387176597444e-02
5.252381387176597444e-02
5.252381387176597444e-02
5.252381387176597444e-02
5.252381387176597444e-02
5.252381387176597444e-02
5.252380498445558682e-02
5.200768101036674917e-02
5.188839208676722381e-02
5.187790153193132942e-02
5.187435219126958208e-02
5.185861044207972642e-02
5.175864180012536286e-02
5.173640114042854510e-02
5.172059037139711823e-02
5.085180736781136357e-02
5.080555259669351092e-02
5.071208952773850059e-02
5.071179823873602638e-02
5.070989686721334017e-02
5.070969872482034013e-02
5.070969872482034013e-02
5.070969872482034013e-02
5.070969872482034013e-02
5.070969872482034013e-02
5.070963756193817840e-02
5.070963756193817840e-02
