1.375554974396301944e+01
1.375554974396301944e+01
1.090455480864653381e+01
7.389215527894536173e+00
1.099675322918466369e+00
1.099675322918466369e+00
1.099675322918466369e+00
3.737633701407510611e-01
3.737633701407510611e-01
3.737633701407510611e-01
3.737633701407510611e-01
3.737633701407510611e-01
3.737633701407510611e-01
3.737633701407510611e-01
2.537486005576652381e-01
2.537486005576652381e-01
2.537486005576652381e-01
2.537486005576652381e-01
2.537486005576652381e-01
2.537486005576652381e-01
2.537486005576652381e-01
2.537486005576652381e-01
2.537486005576652381e-01
2.537486005576652381e-01
2.535440414751360949e-01
2.535440414751360949e-01
2.065323195044641846e-01
2.065323195044641846e-01
2.065323195044641846e-01
1.785436734087277322e-01
1.785436734087277322e-01
1.785436734087277322e-01
1.785436734087277322e-01
1.785436734087277322e-01
1.785436734087277322e-01
1.785436734087277322e-01
1.785436734087277322e-01
1.785436734087277322e-01
1.785436734087277322e-01
1.785436734087277322e-01
1.785436734087277322e-01
1.785436734087277322e-01
1.785436734087277322e-01
1.785436734087277322e-01
1.785436734087277322e-01
1.785436734087277322e-01
1.785436734087277322e-01
1.785436734087277322e-01
1.785436734087277322e-01
1.222213064224145912e-01
1.222213064224145912e-01
1.222213064224145912e-01
1.222213064224145912e-01
1.222213064224145912e-01
1.222213064224145912e-01
1.222213064224145912e-01
1.222213064224145912e-01
1.222213064224145912e-01
1.222213064224145912e-01
1.222213064224145912e-01
1.222213064224145912e-01
1.222213064224145912e-01
1.222213064224145912e-01
1.222213064224145912e-01
1.222213064224145912e-01
1.222213064224145912e-01
1.222213064224145912e-01
1.222213064224145912e-01
1.222213064224145912e-01
1.222213064224145912e-01
1.222213064224145912e-01
1.222213064224145912e-01
1.222213064224145912e-01
1.222213064224145912e-01
1.222213064224145912e-01
1.222213064224145912e-01
1.222213064224145912e-01
1.222213064224145912e-01
1.222213064224145912e-01
1.222213064224145912e-01
1.222213064224145912e-01
1.222213064224145912e-01
1.222213064224145912e-01
1.222213064224145912e-01
1.222213064224145912e-01
1.222213064224145912e-01
1.222213064224145912e-01
1.222213064224145912e-01
1.222213064224145912e-01
1.222213064224145912e-01
1.222213064224145912e-01
1.222213064224145912e-01
1.222213064224145912e-01
1.222213064224145912e-01
1.222213064224145912e-01
1.222213064224145912e-01
1.222213064224145912e-01
1.222213064224145912e-01
1.222213064224145912e-01
1.222213064224145912e-01
1.222213064224145912e-01
1.222213064224145912e-01
1.222213064224145912e-01
1.222213064224145912e-01
1.222213064224145912e-01
1.222213064224145912e-01
1.222213064224145912e-01
1.222213064224145912e-01
1.222213064224145912e-01
1.222213064224145912e-01
1.222213064224145912e-01
1.222213064224145912e-01
1.222213064224145912e-01
1.222213064224145912e-01
1.222213064224145912e-01
1.196330453079903350e-01
1.196330453079903350e-01
1.196330453079903350e-01
1.196330453079903350e-01
1.196330453079903350e-01
1.196330453079903350e-01
1.196330453079903350e-01
1.196330453079903350e-01
1.196330453079903350e-01
1.196330453079903350e-01
1.196330453079903350e-01
1.196330453079903350e-01
1.196330453079903350e-01
1.196330453079903350e-01
1.196330453079903350e-01
1.196330453079903350e-01
1.196330453079903350e-01
1.196330453079903350e-01
1.196330453079903350e-01
1.196330453079903350e-01
1.196330453079903350e-01
1.196091097309937290e-01
1.195938930166925845e-01
1.195917825878528157e-01
1.195913872164734576e-01
1.195912676193192914e-01
1.195912676193192914e-01
1.195912242745600096e-01
1.195911436208889206e-01
1.195911436208889206e-01
1.195911436208889206e-01
1.195911436208889206e-01
1.195911436208889206e-01
1.195910351350382844e-01
1.195910351350382844e-01
1.195910351350382844e-01
1.195910351350382844e-01
1.195910351350382844e-01
1.195910351350382844e-01
1.195910351350382844e-01
1.195910038715254919e-01
1.195909948148121682e-01
1.178827281016229106e-01
1.171605884469453102e-01
1.170899195147561550e-01
1.170800766579411234e-01
1.170781142926867469e-01
1.170777441401529978e-01
1.170777015473769417e-01
1.170776788789641421e-01
1.170776754479240372e-01
1.170776556821503528e-01
1.170776556821503528e-01
1.170776556821503528e-01
1.170776556821503528e-01
1.170776556821503528e-01
1.170776556821503528e-01
1.170776556821503528e-01
1.170776556821503528e-01
1.170776556821503528e-01
1.170776556821503528e-01
1.170776556821503528e-01
1.170776556821503528e-01
1.170776556821503528e-01
1.170776556821503528e-01
1.170776556821503528e-01
1.170776556821503528e-01
1.170776556821503528e-01
1.170776556821503528e-01
1.170776556821503528e-01
1.170776556821503528e-01
1.170776556821503528e-01
1.168787220533970966e-01
1.168787220533970966e-01
1.168787220533970966e-01
1.168787220533970966e-01
1.168787220533970966e-01
1.168787220533970966e-01
1.168787220533970966e-01
1.168787220533970966e-01
1.168787220533970966e-01
1.168787220533970966e-01
1.168787220533970966e-01
1.168787220533970966e-01
1.165585479537283309e-01
