2.587322558441748299e+01
1.900187417670048617e+01
7.511729161998035309e+00
4.750899459410653947e+00
4.489713201855475511e+00
4.489713201855475511e+00
3.604958995652627785e+00
2.790816778448522495e+00
2.609035579121702142e+00
2.609035579121702142e+00
1.736738391845381813e+00
1.736738391845381813e+00
1.736738391845381813e+00
1.736738391845381813e+00
1.736738391845381813e+00
1.422563701222027577e+00
5.570876802204745015e-01
5.570876802204745015e-01
5.570876802204745015e-01
5.420148229600827428e-01
5.420148229600827428e-01
5.420148229600827428e-01
5.420148229600827428e-01
5.420148229600827428e-01
5.420148229600827428e-01
5.420148229600827428e-01
3.943178057354410626e-01
3.943178057354410626e-01
3.943178057354410626e-01
3.943178057354410626e-01
3.943178057354410626e-01
3.943178057354410626e-01
3.943178057354410626e-01
3.943178057354410626e-01
3.943178057354410626e-01
3.943178057354410626e-01
3.943178057354410626e-01
3.943178057354410626e-01
3.943178057354410626e-01
3.943178057354410626e-01
3.943178057354410626e-01
3.943178057354410626e-01
2.901059214694444721e-01
2.901059214694444721e-01
2.901059214694444721e-01
2.901059214694444721e-01
2.901059214694444721e-01
2.901059214694444721e-01
2.901059214694444721e-01
2.901059214694444721e-01
2.901059214694444721e-01
2.901059214694444721e-01
2.901059214694444721e-01
2.901059214694444721e-01
2.901059214694444721e-01
2.901059214694444721e-01
2.812728877061022592e-01
2.812728877061022592e-01
2.812728877061022592e-01
2.812728877061022592e-01
2.812728877061022592e-01
2.812728877061022592e-01
2.812728877061022592e-01
2.812728877061022592e-01
2.812728877061022592e-01
2.608861840033326329e-01
2.608861840033326329e-01
2.608861840033326329e-01
2.608861840033326329e-01
2.608861840033326329e-01
2.608861840033326329e-01
2.608861840033326329e-01
2.093157392656554150e-01
2.093157392656554150e-01
2.093157392656554150e-01
2.093157392656554150e-01
2.093157392656554150e-01
2.093157392656554150e-01
2.093157392656554150e-01
2.093157392656554150e-01
2.093157392656554150e-01
2.093157392656554150e-01
2.031541757192731334e-01
2.031541757192731334e-01
2.031541757192731334e-01
2.031541757192731334e-01
2.031541757192731334e-01
2.031541757192731334e-01
2.031541757192731334e-01
2.031541757192731334e-01
2.031541757192731334e-01
1.556911517303214976e-01
1.556911517303214976e-01
1.556911517303214976e-01
1.556911517303214976e-01
1.556911517303214976e-01
1.556911517303214976e-01
1.556911517303214976e-01
1.556911517303214976e-01
1.556911517303214976e-01
1.556911517303214976e-01
1.556911517303214976e-01
1.556911517303214976e-01
1.556911517303214976e-01
1.556911517303214976e-01
1.556911517303214976e-01
1.556911517303214976e-01
1.556911517303214976e-01
1.556911517303214976e-01
1.556911517303214976e-01
1.556911517303214976e-01
1.556911517303214976e-01
1.556911517303214976e-01
1.556911517303214976e-01
1.556911517303214976e-01
1.556911517303214976e-01
1.556911517303214976e-01
1.556911517303214976e-01
1.556911517303214976e-01
1.556911517303214976e-01
1.556911517303214976e-01
1.556911517303214976e-01
1.556911517303214976e-01
1.556448648201816110e-01
1.538374783815376623e-01
1.535636335984424672e-01
1.535201167569077152e-01
1.535126118547018026e-01
1.535105948395562858e-01
1.377660759649764199e-01
1.324670051684851135e-01
1.324670051684851135e-01
1.324670051684851135e-01
1.324670051684851135e-01
1.324670051684851135e-01
1.324670051684851135e-01
1.231011835646337316e-01
1.231011835646337316e-01
1.032211300959548494e-01
1.032211300959548494e-01
1.032211300959548494e-01
1.032211300959548494e-01
1.032211300959548494e-01
1.032211300959548494e-01
1.032211300959548494e-01
1.032211300959548494e-01
1.032211300959548494e-01
1.032211300959548494e-01
1.032211300959548494e-01
1.032211300959548494e-01
1.032211300959548494e-01
1.032211300959548494e-01
1.032211300959548494e-01
1.032211300959548494e-01
1.019135924726283782e-01
9.882998269630141608e-02
9.882998269630141608e-02
9.882998269630141608e-02
9.882998269630141608e-02
9.882998269630141608e-02
9.882998269630141608e-02
9.882998269630141608e-02
9.882998269630141608e-02
9.661834606759281407e-02
9.629566936492443829e-02
9.211035279268930953e-02
9.203942656819469326e-02
9.203942656819469326e-02
9.203942656819469326e-02
9.196527870713989972e-02
9.195402064765550998e-02
9.195230175525477556e-02
9.195199625953727474e-02
9.195197318991973900e-02
9.195197063504048640e-02
9.195196859770765618e-02
9.195196859770765618e-02
9.195196859770765618e-02
9.195196685962710170e-02
9.195196685962710170e-02
9.195196593922806694e-02
9.195196593922806694e-02
9.195196593922806694e-02
9.195196593922806694e-02
9.195196593922806694e-02
9.195196593922806694e-02
9.195196593922806694e-02
9.195195740673169083e-02
9.195195740673169083e-02
9.195195740673169083e-02
9.195195740673169083e-02
9.195195740673169083e-02
9.195195740673169083e-02
9.195195740673169083e-02
9.195195684763511623e-02
9.195195684763511623e-02
9.175057425849397763e-02
9.173669735227132915e-02
9.173669735227132915e-02
9.173669735227132915e-02
