2.727454223059309868e+01
2.658425850621923914e+01
7.680152927404320984e+00
7.680152927404320984e+00
5.815923596821277464e+00
4.324717464790740706e+00
2.429074855503592811e+00
2.429074855503592811e+00
1.488123402580499910e+00
1.355111304730182376e+00
1.048912869657366853e+00
8.357564487365478634e-01
8.357564487365478634e-01
7.179557822832083325e-01
4.754066993584863399e-01
4.754066993584863399e-01
4.754066993584863399e-01
4.754066993584863399e-01
4.754066993584863399e-01
3.531351811726057832e-01
3.531351811726057832e-01
3.531351811726057832e-01
3.101072135842678490e-01
3.101072135842678490e-01
3.101072135842678490e-01
3.101072135842678490e-01
3.101072135842678490e-01
2.864647840657792988e-01
2.646736011449004056e-01
2.646736011449004056e-01
2.646736011449004056e-01
2.474713137049859846e-01
2.474713137049859846e-01
2.474713137049859846e-01
2.474713137049859846e-01
2.474713137049859846e-01
2.474713137049859846e-01
2.474713137049859846e-01
1.370095341553100310e-01
1.370095341553100310e-01
1.370095341553100310e-01
1.370095341553100310e-01
1.370095341553100310e-01
1.370095341553100310e-01
1.370095341553100310e-01
1.370095341553100310e-01
1.370095341553100310e-01
1.370095341553100310e-01
1.273826694392668490e-01
1.273826694392668490e-01
1.273826694392668490e-01
1.273826694392668490e-01
1.273826694392668490e-01
1.273826694392668490e-01
1.273826694392668490e-01
1.127440928002646087e-01
1.025597058409702667e-01
1.025597058409702667e-01
1.025597058409702667e-01
1.025597058409702667e-01
1.025597058409702667e-01
1.025597058409702667e-01
1.025597058409702667e-01
1.025597058409702667e-01
1.025597058409702667e-01
1.025597058409702667e-01
1.025597058409702667e-01
1.017336987935691245e-01
1.017336987935691245e-01
1.017336987935691245e-01
1.017336987935691245e-01
1.017336987935691245e-01
1.017336987935691245e-01
1.017336987935691245e-01
1.017336987935691245e-01
1.017336987935691245e-01
1.017336987935691245e-01
1.017336987935691245e-01
1.017336987935691245e-01
9.640885080292452280e-02
9.640885080292452280e-02
9.640885080292452280e-02
9.640885080292452280e-02
9.640885080292452280e-02
9.640885080292452280e-02
9.640885080292452280e-02
9.640885080292452280e-02
9.640885080292452280e-02
9.640885080292452280e-02
9.324822985049885382e-02
9.324822985049885382e-02
9.324822985049885382e-02
7.422395304858125931e-02
7.422395304858125931e-02
7.422395304858125931e-02
7.422395304858125931e-02
7.422395304858125931e-02
7.422395304858125931e-02
7.422395304858125931e-02
7.422395304858125931e-02
7.422395304858125931e-02
7.422395304858125931e-02
7.422395304858125931e-02
7.422395304858125931e-02
7.080520443521572116e-02
7.080520443521572116e-02
7.080520443521572116e-02
7.080520443521572116e-02
7.080520443521572116e-02
7.080520443521572116e-02
6.574412181786523646e-02
6.574412181786523646e-02
6.574412181786523646e-02
6.574412181786523646e-02
6.574412181786523646e-02
6.565176282177878631e-02
6.565176282177878631e-02
6.565176282177878631e-02
6.429629077479602495e-02
6.429629077479602495e-02
6.429629077479602495e-02
6.429629077479602495e-02
6.429629077479602495e-02
6.429629077479602495e-02
6.429629077479602495e-02
6.400857401239520850e-02
6.400857401239520850e-02
6.400857401239520850e-02
6.400857401239520850e-02
6.400857401239520850e-02
6.400857401239520850e-02
6.400857401239520850e-02
6.400857401239520850e-02
6.400857401239520850e-02
6.400857401239520850e-02
6.400857401239520850e-02
6.400857401239520850e-02
6.400857401239520850e-02
6.400857401239520850e-02
6.062156581255370713e-02
6.062156581255370713e-02
6.062156581255370713e-02
6.062156581255370713e-02
6.062156581255370713e-02
6.062156581255370713e-02
6.062156581255370713e-02
6.062156581255370713e-02
6.062156581255370713e-02
6.062156581255370713e-02
5.921598749068105599e-02
5.917727084007455562e-02
5.917727084007455562e-02
5.905235329861799332e-02
5.885740692490212117e-02
5.885740692490212117e-02
5.885740692490212117e-02
5.885740692490212117e-02
5.779494765053363320e-02
5.779494765053363320e-02
5.761583859383924422e-02
5.761583859383924422e-02
5.742587097603427115e-02
5.742587097603427115e-02
5.742587097603427115e-02
5.742587097603427115e-02
5.729099403769546267e-02
5.724999999506285436e-02
5.692262541870794779e-02
5.620742510607329434e-02
5.600794724360759480e-02
5.592130730265339883e-02
5.591077544123946447e-02
5.590954242497413185e-02
5.590903092726718510e-02
5.590903092726718510e-02
5.586268552498592499e-02
5.586268552498592499e-02
5.580263376809804776e-02
5.578987605849138054e-02
5.578987605849138054e-02
5.577566999034654083e-02
5.577566999034654083e-02
5.577566999034654083e-02
5.577150774231148800e-02
5.576807009292080591e-02
5.575811778162795967e-02
5.575740592781003313e-02
5.575624000057928520e-02
5.575544853456422534e-02
5.575494657883181548e-02
5.575470033143149068e-02
5.575082609383093940e-02
5.572513871876200175e-02
5.572464491082946419e-02
5.572458021950738027e-02
5.572458021950738027e-02
5.572458021950738027e-02
5.571813945664048223e-02
5.571813945664048223e-02
5.553571317079714076e-02
