9.358463201508458340e+00
9.358463201508458340e+00
1.328213022672468657e+00
1.328213022672468657e+00
1.328213022672468657e+00
6.712438551128517839e-01
6.712438551128517839e-01
4.228461159204675579e-01
4.228461159204675579e-01
4.228461159204675579e-01
4.228461159204675579e-01
4.228461159204675579e-01
4.228461159204675579e-01
4.228461159204675579e-01
3.373095313576942034e-01
3.373095313576942034e-01
3.373095313576942034e-01
3.373095313576942034e-01
3.373095313576942034e-01
3.373095313576942034e-01
3.373095313576942034e-01
3.373095313576942034e-01
3.373095313576942034e-01
3.373095313576942034e-01
3.373095313576942034e-01
3.373095313576942034e-01
3.373095313576942034e-01
3.373095313576942034e-01
3.373095313576942034e-01
3.373095313576942034e-01
3.373095313576942034e-01
3.373095313576942034e-01
3.373095313576942034e-01
3.373095313576942034e-01
3.373095313576942034e-01
3.373095313576942034e-01
3.373095313576942034e-01
3.373095313576942034e-01
3.025301878824915858e-01
3.018950225720955505e-01
3.018950225720955505e-01
3.018950225720955505e-01
3.018950225720955505e-01
3.018950225720955505e-01
3.018950225720955505e-01
3.018950225720955505e-01
3.018950225720955505e-01
3.018950225720955505e-01
3.018950225720955505e-01
3.018950225720955505e-01
2.708790720355316317e-01
2.708790720355316317e-01
2.708790720355316317e-01
2.522754515612023463e-01
2.522754515612023463e-01
2.522754515612023463e-01
2.522754515612023463e-01
2.522754515612023463e-01
2.522754515612023463e-01
2.522754515612023463e-01
2.522754515612023463e-01
2.522754515612023463e-01
2.522754515612023463e-01
2.522754515612023463e-01
2.522754515612023463e-01
2.522754515612023463e-01
2.522754515612023463e-01
2.522754515612023463e-01
2.522754515612023463e-01
2.522754515612023463e-01
2.522754515612023463e-01
2.522754515612023463e-01
2.351560410931134715e-01
2.351560410931134715e-01
2.351560410931134715e-01
2.351560410931134715e-01
2.351560410931134715e-01
2.351560410931134715e-01
2.351560410931134715e-01
2.351560410931134715e-01
2.262309076765449123e-01
2.262309076765449123e-01
2.262309076765449123e-01
2.262309076765449123e-01
2.042393544381056747e-01
2.042393544381056747e-01
2.042393544381056747e-01
2.042393544381056747e-01
2.042393544381056747e-01
2.042393544381056747e-01
2.042393544381056747e-01
2.042393544381056747e-01
2.042393544381056747e-01
2.042393544381056747e-01
2.042393544381056747e-01
2.042393544381056747e-01
2.042393544381056747e-01
2.042393544381056747e-01
2.042393544381056747e-01
1.917642233265728358e-01
1.917642233265728358e-01
1.917642233265728358e-01
1.917642233265728358e-01
1.917642233265728358e-01
1.917642233265728358e-01
1.917642233265728358e-01
1.917642233265728358e-01
1.858117305030555499e-01
1.858117305030555499e-01
1.858117305030555499e-01
1.858117305030555499e-01
1.858117305030555499e-01
1.858117305030555499e-01
1.858117305030555499e-01
1.858117305030555499e-01
1.858117305030555499e-01
1.858117305030555499e-01
1.830800590967038566e-01
1.830800590967038566e-01
1.809307202222430466e-01
1.789783984890817858e-01
1.789783984890817858e-01
1.789783984890817858e-01
1.789783984890817858e-01
1.785879112705927030e-01
1.785879112705927030e-01
1.785879112705927030e-01
1.755541890225514878e-01
1.755541890225514878e-01
1.755541890225514878e-01
1.747901740131360959e-01
1.747901740131360959e-01
1.747901740131360959e-01
1.696735417123715894e-01
1.696735417123715894e-01
1.696735417123715894e-01
1.696735417123715894e-01
1.696735417123715894e-01
1.696735417123715894e-01
1.696735417123715894e-01
1.696735417123715894e-01
1.696735417123715894e-01
1.696735417123715894e-01
1.696735417123715894e-01
1.696735417123715894e-01
1.696735417123715894e-01
1.696735417123715894e-01
1.696735417123715894e-01
1.672571104415855325e-01
1.672571104415855325e-01
1.672571104415855325e-01
1.672571104415855325e-01
1.672571104415855325e-01
1.577540859489759140e-01
1.577540859489759140e-01
1.536642736150275468e-01
1.536642736150275468e-01
1.442501377037502530e-01
1.428183572190693529e-01
1.427394000017812858e-01
1.427328732553266311e-01
1.427318707105406648e-01
1.427318707105406648e-01
1.427318707105406648e-01
1.427310975811802440e-01
1.427310542198798049e-01
1.427304561009058448e-01
1.427303674795878385e-01
1.427303674795878385e-01
1.427303674795878385e-01
1.427303674795878385e-01
1.427303674795878385e-01
1.427303674795878385e-01
1.427303674795878385e-01
1.427303674795878385e-01
1.427303674795878385e-01
1.427303674795878385e-01
1.427303674795878385e-01
1.427303674795878385e-01
1.427303674795878385e-01
1.427301657170178817e-01
1.338693613867635579e-01
1.338693613867635579e-01
1.315687980805249624e-01
1.315382794113299503e-01
1.315382794113299503e-01
1.315382794113299503e-01
1.310963114977106714e-01
1.310484895273759942e-01
1.310459894360956612e-01
1.253870859935063697e-01
1.253870859935063697e-01
1.253870859935063697e-01
1.253870859935063697e-01
1.253870859935063697e-01
1.253870859935063697e-01
1.253870859935063697e-01
1.253870859935063697e-01
1.253870859935063697e-01
1.253870859935063697e-01
