2.395648997419504767e+01
1.524326296626070132e+01
9.208744801134258751e+00
1.377567144966552082e+00
1.050390537013594860e+00
1.050390537013594860e+00
1.050390537013594860e+00
1.050390537013594860e+00
1.050390537013594860e+00
1.050390537013594860e+00
4.279228112529064876e-01
4.279228112529064876e-01
4.279228112529064876e-01
4.279228112529064876e-01
4.279228112529064876e-01
4.279228112529064876e-01
4.279228112529064876e-01
4.279228112529064876e-01
4.279228112529064876e-01
4.279228112529064876e-01
4.279228112529064876e-01
4.279228112529064876e-01
4.279228112529064876e-01
4.279228112529064876e-01
4.279228112529064876e-01
4.279228112529064876e-01
4.208805311607607402e-01
4.208805311607607402e-01
4.208805311607607402e-01
4.208805311607607402e-01
4.208805311607607402e-01
4.208805311607607402e-01
4.208805311607607402e-01
4.208805311607607402e-01
4.208805311607607402e-01
4.208805311607607402e-01
4.208805311607607402e-01
3.412028809463433232e-01
3.412028809463433232e-01
2.813360916439088255e-01
2.813360916439088255e-01
2.813360916439088255e-01
2.813360916439088255e-01
2.813360916439088255e-01
2.813360916439088255e-01
2.813360916439088255e-01
2.813360916439088255e-01
2.813360916439088255e-01
2.813360916439088255e-01
2.813360916439088255e-01
2.813360916439088255e-01
2.813360916439088255e-01
2.813360916439088255e-01
2.813360916439088255e-01
2.813360916439088255e-01
2.813360916439088255e-01
2.813360916439088255e-01
2.296833031706362049e-01
2.296833031706362049e-01
2.296833031706362049e-01
2.296833031706362049e-01
2.296833031706362049e-01
2.296833031706362049e-01
2.296833031706362049e-01
2.296833031706362049e-01
2.296833031706362049e-01
2.296833031706362049e-01
2.296833031706362049e-01
2.296833031706362049e-01
1.947422220825302808e-01
1.947422220825302808e-01
1.947422220825302808e-01
1.947422220825302808e-01
1.947422220825302808e-01
1.947422220825302808e-01
1.947422220825302808e-01
1.947422220825302808e-01
1.947422220825302808e-01
1.947422220825302808e-01
1.947422220825302808e-01
1.947422220825302808e-01
1.947422220825302808e-01
1.947422220825302808e-01
1.947422220825302808e-01
1.947422220825302808e-01
1.947422220825302808e-01
1.947422220825302808e-01
1.947422220825302808e-01
1.947422220825302808e-01
1.947422220825302808e-01
1.947422220825302808e-01
1.947422220825302808e-01
1.947422220825302808e-01
1.947422220825302808e-01
1.947422220825302808e-01
1.947422220825302808e-01
1.947422220825302808e-01
1.947422220825302808e-01
1.947422220825302808e-01
1.947422220825302808e-01
1.947422220825302808e-01
1.947422220825302808e-01
1.947422220825302808e-01
1.947422220825302808e-01
1.805622641096666092e-01
1.805622641096666092e-01
1.805622641096666092e-01
1.805622641096666092e-01
1.805622641096666092e-01
1.805622641096666092e-01
1.805622641096666092e-01
1.805622641096666092e-01
1.655637825929392737e-01
1.655637825929392737e-01
1.655637825929392737e-01
1.655637825929392737e-01
1.655637825929392737e-01
1.655637825929392737e-01
1.655637825929392737e-01
1.655637825929392737e-01
1.655637825929392737e-01
1.572309956165364175e-01
1.572309956165364175e-01
1.572309956165364175e-01
1.572309956165364175e-01
1.572309956165364175e-01
1.572309956165364175e-01
1.555427471273284068e-01
1.555427471273284068e-01
1.555427471273284068e-01
1.555427471273284068e-01
1.555427471273284068e-01
1.555427471273284068e-01
1.555427471273284068e-01
1.555427471273284068e-01
1.555427471273284068e-01
1.555427471273284068e-01
1.547332297422399638e-01
1.543112765931370645e-01
1.542195249873561380e-01
1.541996106553016332e-01
1.541956553199420876e-01
1.541936642961185822e-01
1.541936642961185822e-01
1.541929980007889778e-01
1.541928381481327825e-01
1.541922565979966520e-01
1.541922565979966520e-01
1.541922565979966520e-01
1.476167267369444813e-01
1.476167267369444813e-01
1.476167267369444813e-01
1.462334052013211372e-01
1.462334052013211372e-01
1.462334052013211372e-01
1.462334052013211372e-01
1.462334052013211372e-01
1.462334052013211372e-01
1.462334052013211372e-01
1.462334052013211372e-01
1.462334052013211372e-01
1.462334052013211372e-01
1.462334052013211372e-01
1.462334052013211372e-01
1.438067363171207091e-01
1.431138073726251347e-01
1.430061221917897363e-01
1.429883350985319268e-01
1.429848768333452647e-01
1.429844865167261281e-01
1.429843288868976325e-01
1.429842927880058956e-01
1.429842927880058956e-01
1.429842927880058956e-01
1.429842927880058956e-01
1.429842927880058956e-01
1.429842927880058956e-01
1.429842927880058956e-01
1.429842927880058956e-01
1.429842927880058956e-01
1.425421584045770962e-01
1.414204009699902842e-01
1.414204009699902842e-01
1.407270939279191280e-01
1.406705849504759076e-01
1.406658175598538840e-01
1.406653783306162642e-01
1.406653783306162642e-01
1.406653783306162642e-01
1.406653783306162642e-01
1.406653783306162642e-01
1.406653783306162642e-01
1.406653783306162642e-01
1.406653783306162642e-01
1.406653783306162642e-01
1.406653783306162642e-01
1.406653783306162642e-01
1.406653783306162642e-01
1.406653232271889709e-01
1.406652520563928255e-01
