1.311415606544008128e+01
1.311415606544008128e+01
3.190560290909247421e+00
3.743954176224056352e-01
3.743954176224056352e-01
3.743954176224056352e-01
3.743954176224056352e-01
3.743954176224056352e-01
3.743954176224056352e-01
3.743954176224056352e-01
3.743954176224056352e-01
3.743954176224056352e-01
3.743954176224056352e-01
3.743954176224056352e-01
3.743954176224056352e-01
3.743954176224056352e-01
3.743954176224056352e-01
3.743954176224056352e-01
3.743954176224056352e-01
3.743954176224056352e-01
3.743954176224056352e-01
3.743954176224056352e-01
3.743954176224056352e-01
3.743954176224056352e-01
3.743954176224056352e-01
3.743954176224056352e-01
3.743954176224056352e-01
3.743954176224056352e-01
3.743954176224056352e-01
3.743954176224056352e-01
3.743954176224056352e-01
3.743954176224056352e-01
3.659523331959951831e-01
3.659523331959951831e-01
3.659523331959951831e-01
3.659523331959951831e-01
3.659523331959951831e-01
3.659523331959951831e-01
3.659523331959951831e-01
3.659523331959951831e-01
3.659523331959951831e-01
3.659523331959951831e-01
3.659523331959951831e-01
2.918300590068556022e-01
2.918300590068556022e-01
2.918300590068556022e-01
2.918300590068556022e-01
2.426726740150483841e-01
2.426726740150483841e-01
2.426726740150483841e-01
2.426726740150483841e-01
2.426726740150483841e-01
2.426726740150483841e-01
2.210535067515784213e-01
2.210535067515784213e-01
2.210535067515784213e-01
2.210535067515784213e-01
2.210535067515784213e-01
2.210535067515784213e-01
2.210535067515784213e-01
2.210535067515784213e-01
2.210535067515784213e-01
2.210535067515784213e-01
2.210535067515784213e-01
2.210535067515784213e-01
2.210535067515784213e-01
2.210535067515784213e-01
2.210535067515784213e-01
2.210535067515784213e-01
2.210535067515784213e-01
2.210535067515784213e-01
2.210535067515784213e-01
2.210535067515784213e-01
2.210535067515784213e-01
2.210535067515784213e-01
2.210535067515784213e-01
2.210535067515784213e-01
2.210535067515784213e-01
2.210535067515784213e-01
2.210535067515784213e-01
2.176440075999630519e-01
2.176440075999630519e-01
2.176440075999630519e-01
2.176440075999630519e-01
1.600234694924382861e-01
1.600234694924382861e-01
1.600234694924382861e-01
1.600234694924382861e-01
1.600234694924382861e-01
1.600234694924382861e-01
1.600234694924382861e-01
1.600234694924382861e-01
1.600234694924382861e-01
1.600234694924382861e-01
1.600234694924382861e-01
1.600234694924382861e-01
1.600234694924382861e-01
1.599827240032459519e-01
1.599827240032459519e-01
1.599827240032459519e-01
1.599827240032459519e-01
1.209855940147726849e-01
1.209855940147726849e-01
1.209855940147726849e-01
1.209855940147726849e-01
1.209855940147726849e-01
1.209855940147726849e-01
1.209855940147726849e-01
1.209855940147726849e-01
1.209855940147726849e-01
1.209855940147726849e-01
1.209855940147726849e-01
1.209855940147726849e-01
1.209855940147726849e-01
1.209855940147726849e-01
1.209855940147726849e-01
1.209855940147726849e-01
1.209855940147726849e-01
1.209855940147726849e-01
1.209855940147726849e-01
1.209855940147726849e-01
1.209855940147726849e-01
9.301682560014790102e-02
9.301682560014790102e-02
9.301682560014790102e-02
9.301682560014790102e-02
9.301682560014790102e-02
9.301682560014790102e-02
9.301682560014790102e-02
9.301682560014790102e-02
9.301682560014790102e-02
9.301682560014790102e-02
8.735973405311750484e-02
8.735973405311750484e-02
8.670734319793196865e-02
8.660137241036169886e-02
8.559546455782821028e-02
8.528341506871361943e-02
8.521445014335389534e-02
8.519632070555069325e-02
8.519149051689671459e-02
8.518964187442253089e-02
8.518918142895547108e-02
8.518918142895547108e-02
8.518918142895547108e-02
8.518918142895547108e-02
8.518918142895547108e-02
8.518918142895547108e-02
8.518918142895547108e-02
8.518918142895547108e-02
8.518918142895547108e-02
8.518918142895547108e-02
8.518918142895547108e-02
8.518918142895547108e-02
8.518907604598449645e-02
8.518907604598449645e-02
8.518907604598449645e-02
7.817234843698128710e-02
7.817234843698128710e-02
7.817234843698128710e-02
7.817234843698128710e-02
7.817234843698128710e-02
7.817234843698128710e-02
7.817234843698128710e-02
7.817234843698128710e-02
7.817234843698128710e-02
7.781809274147910571e-02
7.752610788524895435e-02
7.712707896744279423e-02
7.705191518110535154e-02
7.622553149600745648e-02
7.595900836727531580e-02
7.588404413309526864e-02
7.588404413309526864e-02
7.565227198425299171e-02
7.560364752302251024e-02
7.559921058598605137e-02
7.559866189240024847e-02
7.559859689301218211e-02
7.559854218117174895e-02
7.559854218117174895e-02
7.559853331528558484e-02
7.557352701192644739e-02
7.557352701192644739e-02
7.531520381751458104e-02
7.529768007619840053e-02
7.529681831548180881e-02
7.529681831548180881e-02
7.529681831548180881e-02
7.529681831548180881e-02
7.521321093697319604e-02
7.521321093697319604e-02
7.521321093697319604e-02
7.520940720905146260e-02
7.520046979165596890e-02
7.519848626700770255e-02
7.519758040853528891e-02
7.519709083783576720e-02
7.519709083783576720e-02
7.489971339858483845e-02
