3.008917980977395601e+00
3.008917980977395601e+00
3.008917980977395601e+00
3.008917980977395601e+00
3.008917980977395601e+00
1.944101334125984293e+00
1.608043177197668427e+00
1.118573638898889389e+00
1.118573638898889389e+00
9.546150642778221673e-01
9.518967986758790634e-01
9.518967986758790634e-01
7.099381518095412291e-01
7.099381518095412291e-01
6.023042278452873655e-01
6.023042278452873655e-01
6.023042278452873655e-01
6.023042278452873655e-01
6.023042278452873655e-01
6.023042278452873655e-01
6.023042278452873655e-01
6.023042278452873655e-01
6.023042278452873655e-01
6.023042278452873655e-01
6.023042278452873655e-01
6.023042278452873655e-01
6.023042278452873655e-01
6.023042278452873655e-01
5.608462135397807025e-01
3.793681610527696590e-01
3.793681610527696590e-01
3.793681610527696590e-01
3.793681610527696590e-01
3.793681610527696590e-01
3.793681610527696590e-01
3.793681610527696590e-01
3.793681610527696590e-01
3.793681610527696590e-01
3.793681610527696590e-01
3.793681610527696590e-01
3.608301786041568926e-01
3.455670457690245279e-01
3.455670457690245279e-01
3.455670457690245279e-01
3.248624319442106612e-01
3.248624319442106612e-01
3.248624319442106612e-01
3.248624319442106612e-01
3.248624319442106612e-01
3.155878490428353778e-01
3.155878490428353778e-01
3.155878490428353778e-01
3.155878490428353778e-01
3.155878490428353778e-01
3.155878490428353778e-01
3.155878490428353778e-01
3.155878490428353778e-01
3.155878490428353778e-01
2.793937664423568057e-01
2.793937664423568057e-01
2.793937664423568057e-01
2.793937664423568057e-01
2.793937664423568057e-01
2.793937664423568057e-01
2.793937664423568057e-01
2.793937664423568057e-01
2.793937664423568057e-01
2.793937664423568057e-01
2.793937664423568057e-01
2.793937664423568057e-01
2.793937664423568057e-01
2.793937664423568057e-01
2.793937664423568057e-01
2.793937664423568057e-01
2.793937664423568057e-01
2.793937664423568057e-01
2.766999776357653151e-01
2.766999776357653151e-01
2.766999776357653151e-01
2.766999776357653151e-01
2.766999776357653151e-01
2.766999776357653151e-01
2.766999776357653151e-01
2.766999776357653151e-01
2.749966349469917803e-01
2.749966349469917803e-01
2.749966349469917803e-01
2.749966349469917803e-01
2.396189484641624012e-01
2.396189484641624012e-01
2.396189484641624012e-01
2.396189484641624012e-01
2.396189484641624012e-01
2.396189484641624012e-01
2.396189484641624012e-01
2.396189484641624012e-01
2.300627882671122115e-01
2.300627882671122115e-01
2.300627882671122115e-01
2.300627882671122115e-01
2.300627882671122115e-01
2.300627882671122115e-01
2.300627882671122115e-01
2.293761359992531057e-01
2.293761359992531057e-01
2.293761359992531057e-01
2.293761359992531057e-01
2.293761359992531057e-01
2.293761359992531057e-01
2.293761359992531057e-01
2.293761359992531057e-01
2.293761359992531057e-01
2.253727702975351077e-01
2.253727702975351077e-01
2.253727702975351077e-01
2.253727702975351077e-01
2.185728559939387472e-01
2.185728559939387472e-01
2.185728559939387472e-01
2.185728559939387472e-01
2.185728559939387472e-01
2.185728559939387472e-01
2.185728559939387472e-01
2.185728559939387472e-01
2.185728559939387472e-01
2.185728559939387472e-01
2.185728559939387472e-01
2.152799458119077636e-01
2.146071336932981466e-01
2.016655986011989532e-01
2.015063603829339578e-01
1.983630571583656910e-01
1.886452151973145308e-01
1.886452151973145308e-01
1.785014393219239714e-01
1.785014393219239714e-01
1.694979761815992858e-01
1.694979761815992858e-01
1.694979761815992858e-01
1.694979761815992858e-01
1.672694533246024684e-01
1.672694533246024684e-01
1.672694533246024684e-01
1.672694533246024684e-01
1.524552962342202445e-01
1.524552962342202445e-01
1.502576248381675417e-01
1.502576248381675417e-01
1.366820423744354862e-01
1.366820423744354862e-01
1.366820423744354862e-01
1.366820423744354862e-01
1.366820423744354862e-01
1.366820423744354862e-01
1.366820423744354862e-01
1.366820423744354862e-01
1.366820423744354862e-01
1.366820423744354862e-01
1.366820423744354862e-01
1.279449540290545084e-01
1.279449540290545084e-01
1.279449540290545084e-01
1.279449540290545084e-01
1.279449540290545084e-01
1.279449540290545084e-01
1.277788259693847517e-01
1.277788259693847517e-01
1.277788259693847517e-01
1.275631195103153204e-01
1.275625189402315174e-01
1.275624398628956158e-01
1.275624398628956158e-01
1.275621862622590419e-01
1.121054655920583204e-01
1.103697479382703545e-01
1.103697479382703545e-01
1.100255755837016708e-01
1.100255755837016708e-01
1.090358601529039101e-01
1.089474037474945922e-01
1.089395702551400336e-01
1.089389638459540288e-01
1.089388948724849676e-01
1.089388930047929249e-01
1.089388896619984115e-01
1.089388896619984115e-01
1.038093479323412283e-01
1.038093479323412283e-01
1.000986608241112158e-01
1.000407268910362690e-01
1.000407268910362690e-01
1.000306521589751502e-01
1.000305107188496218e-01
1.000305107188496218e-01
1.000305107188496218e-01
1.000305107188496218e-01
1.000305107188496218e-01
1.000305107188496218e-01
1.000303018534695332e-01
1.000303018534695332e-01
