8.518178018034005206e+00
8.518178018034005206e+00
2.516103700361604467e+00
2.516103700361604467e+00
2.516103700361604467e+00
2.516103700361604467e+00
2.516103700361604467e+00
2.432209028387550820e+00
2.432209028387550820e+00
1.890699518688726322e+00
2.057634168839836408e-01
2.057634168839836408e-01
2.057634168839836408e-01
2.057634168839836408e-01
2.057634168839836408e-01
2.057634168839836408e-01
2.057634168839836408e-01
2.057634168839836408e-01
2.057634168839836408e-01
2.057634168839836408e-01
2.057634168839836408e-01
2.057634168839836408e-01
2.057634168839836408e-01
2.057634168839836408e-01
2.057634168839836408e-01
2.057634168839836408e-01
2.057634168839836408e-01
2.057634168839836408e-01
2.057634168839836408e-01
2.057634168839836408e-01
2.057634168839836408e-01
2.057634168839836408e-01
2.057634168839836408e-01
2.057634168839836408e-01
2.057634168839836408e-01
2.057634168839836408e-01
2.057634168839836408e-01
2.057634168839836408e-01
2.057634168839836408e-01
2.057634168839836408e-01
2.057634168839836408e-01
2.057634168839836408e-01
2.057634168839836408e-01
2.057634168839836408e-01
2.057634168839836408e-01
2.057634168839836408e-01
2.057634168839836408e-01
2.057634168839836408e-01
2.057634168839836408e-01
2.057634168839836408e-01
2.057634168839836408e-01
2.057634168839836408e-01
2.057634168839836408e-01
2.057634168839836408e-01
2.057634168839836408e-01
2.057634168839836408e-01
1.802209130628148193e-01
1.802209130628148193e-01
1.802209130628148193e-01
1.802209130628148193e-01
1.802209130628148193e-01
1.802209130628148193e-01
1.802209130628148193e-01
1.802209130628148193e-01
1.802209130628148193e-01
1.802209130628148193e-01
1.802209130628148193e-01
1.802209130628148193e-01
1.802209130628148193e-01
1.802209130628148193e-01
1.802209130628148193e-01
1.802209130628148193e-01
1.802209130628148193e-01
1.802209130628148193e-01
1.802209130628148193e-01
1.802209130628148193e-01
1.802209130628148193e-01
1.802209130628148193e-01
1.802209130628148193e-01
1.802209130628148193e-01
1.802209130628148193e-01
1.802209130628148193e-01
1.802209130628148193e-01
1.802209130628148193e-01
1.802209130628148193e-01
1.802209130628148193e-01
1.802209130628148193e-01
1.802209130628148193e-01
1.802209130628148193e-01
1.802209130628148193e-01
1.802209130628148193e-01
1.802209130628148193e-01
1.802209130628148193e-01
1.802209130628148193e-01
1.802209130628148193e-01
1.724152145238960210e-01
1.724152145238960210e-01
1.724152145238960210e-01
1.724152145238960210e-01
1.297579809934436557e-01
1.297579809934436557e-01
1.297579809934436557e-01
1.297579809934436557e-01
1.297579809934436557e-01
1.297579809934436557e-01
1.297579809934436557e-01
1.297579809934436557e-01
1.297579809934436557e-01
1.297579809934436557e-01
1.297579809934436557e-01
1.297579809934436557e-01
1.297579809934436557e-01
1.297579809934436557e-01
1.297579809934436557e-01
1.297579809934436557e-01
1.297579809934436557e-01
1.297579809934436557e-01
1.297579809934436557e-01
1.297579809934436557e-01
1.297579809934436557e-01
1.297579809934436557e-01
1.297579809934436557e-01
1.297579809934436557e-01
1.297579809934436557e-01
1.297579809934436557e-01
1.297579809934436557e-01
1.297579809934436557e-01
1.289856448555251611e-01
1.289856448555251611e-01
1.289856448555251611e-01
1.289856448555251611e-01
1.254977917298348289e-01
1.254977917298348289e-01
1.254977917298348289e-01
1.243657997738615295e-01
1.233320846215378852e-01
1.233320846215378852e-01
1.229937869147940677e-01
1.229937869147940677e-01
1.228995865836237100e-01
1.228995865836237100e-01
1.114986408757237535e-01
1.114986408757237535e-01
1.114986408757237535e-01
1.114986408757237535e-01
1.114986408757237535e-01
1.114986408757237535e-01
1.114986408757237535e-01
1.114986408757237535e-01
1.114986408757237535e-01
1.114986408757237535e-01
1.053829898072584509e-01
1.053829898072584509e-01
1.053829898072584509e-01
1.053829898072584509e-01
1.053829898072584509e-01
7.197412339061055875e-02
7.197412339061055875e-02
7.197412339061055875e-02
7.197412339061055875e-02
7.197412339061055875e-02
7.197412339061055875e-02
7.197412339061055875e-02
7.197412339061055875e-02
7.197412339061055875e-02
7.197412339061055875e-02
7.197412339061055875e-02
7.197412339061055875e-02
7.197412339061055875e-02
7.197412339061055875e-02
7.197412339061055875e-02
7.197412339061055875e-02
7.197412339061055875e-02
7.197412339061055875e-02
7.035134877401025277e-02
7.017486070398282205e-02
7.015524259806010798e-02
7.015324654073930299e-02
7.015316133982871238e-02
7.015165253214912522e-02
7.015165253214912522e-02
7.015157877422277533e-02
7.015157877422277533e-02
7.015157877422277533e-02
7.015157877422277533e-02
7.015157877422277533e-02
7.015157877422277533e-02
7.015157877422277533e-02
7.015157877422277533e-02
5.860200225313717814e-02
5.860200225313717814e-02
5.805465237365659698e-02
5.796647218233394461e-02
5.796647218233394461e-02
5.796276181363713143e-02
5.796212014353907538e-02
5.796212014353907538e-02
5.796212014353907538e-02
5.796194506881660602e-02
5.796191634700845197e-02
