-7.385411125775501517e+00
-2.582145131321406772e+00
-6.258485412674940740e+00
-5.166617691200581675e+00
-2.423357995431695056e+00
-7.731950298424976609e-01
-5.335872135094368751e+00
-3.746223574429561332e+00
-1.831570222377908896e+00
-6.321273458924599353e+00
-2.795161162823387446e+00
-7.581127389943026706e+00
-2.860385442349730578e+00
-1.931557594184773352e+00
-9.322842098720103277e-01
-1.941129517947994820e+00
-1.871527282933569847e+00
-6.427296250779489739e+00
-2.364522127496249571e+00
3.322912741197758812e-01
-5.548646022124183119e+00
-1.060182103379589513e+00
-9.375709255460710878e+00
-2.965184243755897509e+00
-1.176912971606152603e+00
-5.169681514527399990e+00
-3.385046106811256728e+00
-5.999297414012964680e+00
-1.562455963995652120e+00
-5.734467171003487351e+00
-2.374256186461006113e+00
1.372417074085935162e+00
-5.678420719747029999e+00
-3.320550872528865938e+00
-6.733991628644879768e-01
-6.763347278757834147e+00
-6.991300725613867062e-01
8.431226067103936295e-02
-6.167638707537053122e+00
-3.526914224032283052e+00
3.810514187074674486e-01
-7.566013426917547413e+00
-3.022536677524427784e+00
1.448777713568193848e+00
-2.105668293336747876e+00
-3.728261283346730792e+00
-2.021628582474423119e+00
-2.272873461698420083e+00
-2.007935613020199295e+00
-1.273193858251683075e+00
-1.494254006154256187e+00
-2.853291187069929347e+00
-5.212316836770546580e+00
-2.821504189295240828e+00
-6.553154854155248898e+00
-1.231826601750954264e+00
-7.425272315923720612e+00
-2.580850272592843719e+00
-4.215798688257394566e+00
-2.439614269774575295e+00
-5.359295768602343912e+00
-1.403990861782751454e+00
-6.757460307707892078e+00
-1.105164152928721499e+00
-6.495910724830707750e+00
-2.980169396126879366e+00
-5.050755441093677689e+00
-2.731600793505322144e+00
-6.650811041947298996e+00
-2.587802189584381685e-02
-5.992467814525018532e+00
-4.662160483086647544e-01
-2.688751383406496220e+00
-4.461265046825131364e+00
-3.807382207327815404e+00
-2.003189606444405690e+00
-3.077332774309806673e+00
-3.863774945234875524e+00
-2.931459804492082544e+00
-3.587459194466084522e+00
-4.077917531798736839e+00
-2.710931249230560613e+00
-3.227089577046105884e+00
-3.509840503823237423e+00
-5.982686646657818130e+00
-2.912801720603936495e+00
2.443031933469287598e+00
-3.439236632752832090e+00
-2.112440365730425818e+00
-1.845832229560354643e-01
-5.774743229781833520e+00
-1.885247419029830285e+00
1.065102826317028961e-01
-3.434025887301715319e+00
-2.720602820632535224e+00
1.349216749473584276e+00
