-6.838234893174596429e+00
-4.531233647307749912e+00
-5.862228286559673762e+00
-6.722830992359901003e+00
-4.049695590166717096e+00
-3.163290419126774111e-02
-6.511283788907298309e+00
-3.816964691073289284e+00
1.165851938277734923e-01
-5.108332418062252245e+00
-2.120225895963308460e+00
-5.667932458263750917e+00
-1.439832365471920728e+00
-3.921813626686622367e+00
-1.141770145424100491e+00
-2.063803720612328974e+00
-1.591859405239069991e+00
-7.714864076517133462e+00
-4.383471187139567071e+00
-1.361127357069202293e-01
-5.695756256557880981e+00
-4.204682132886917501e+00
-9.008905840279719968e+00
-2.452606954807581285e+00
-4.912933490473040399e-01
-5.148785010062138845e+00
-3.701744237121278314e+00
-4.953779219158779057e+00
-4.999301732941862753e+00
-8.082692246547113157e+00
-2.993182539613786997e+00
-5.259933584618734503e-01
-7.017379792881136780e+00
-1.000000000000000000e+00
-2.196800014299832071e+00
-5.043688639320016875e+00
-2.574725464775040162e+00
3.355872012114650693e-01
-6.344735576495580176e+00
-4.288660510650493585e+00
1.330987122838892978e+00
-5.883914366702936327e+00
-3.778153023368010732e+00
-7.804733893821800272e-01
-9.020033501851427715e-01
-2.868715376255255300e+00
-2.992693428172224390e+00
-1.922329140451354501e+00
-3.430351374078500548e+00
-1.586830430136282777e+00
-4.000000000000000000e+00
0.000000000000000000e+00
-6.194084656948956713e+00
-1.742767484810955336e+00
-6.273412884788800881e+00
-3.829496492828674103e+00
-4.571102254085056771e+00
-1.036508227153593698e+00
-5.467678266430983314e+00
0.000000000000000000e+00
-4.039896554573736864e+00
-1.895171795422201599e+00
-6.020791124223259239e+00
-7.949585593440608999e-01
-6.430626547363881507e+00
-3.314526537501459647e+00
-5.340395053765766065e+00
-3.952126851361806636e+00
-5.741002601871544542e+00
-7.105539496847386172e-01
-5.195952956541172618e+00
-1.846532578769059629e+00
-1.747861472786641723e+00
-2.532021046654188812e+00
-5.690196149515636570e+00
-3.746064511163659905e+00
-5.154237380652454625e+00
-3.325642811610909799e+00
-4.313185438064533805e+00
-2.140708879481427740e+00
-3.536341943129030163e+00
-2.828025102201079388e+00
-2.505173836782892405e+00
-4.160659816672931832e+00
-4.668848252746606420e+00
-2.476446813789624724e+00
1.079722854799511023e+00
-3.618410817787711231e+00
-2.787721548015385409e+00
-9.997938281308206276e-01
-4.684132274018347530e+00
-2.214903125663047589e+00
9.094964691015476888e-01
-3.692211773631449478e+00
-2.333432543991089236e+00
1.322090898665940206e-01
