-6.845278096745390783e+00
-3.606266252841837883e+00
-5.545800401348776276e+00
-6.847452063701607194e+00
-5.000000000000000000e+00
5.890587466053525123e-01
-5.092867937349351060e+00
-2.972225360501093760e+00
-6.294393690298194510e-02
-5.483721069602616183e+00
-3.191423897462061898e+00
-7.007968746809425831e+00
-3.599739176580732281e+00
-4.000000000000000000e+00
-2.737847921791811245e+00
-2.391157185712299071e+00
-1.658284666245765093e+00
-7.164461587406756315e+00
-2.949978538431008879e+00
-3.523270073964418492e-01
-5.635269869390445052e+00
-1.976451825731431855e+00
-1.030102999566398125e+01
-3.173149310822342084e+00
1.717951047310138368e-01
-3.698970004336018746e+00
-5.000000000000000000e+00
-6.142114410826169824e+00
-5.000000000000000000e+00
-5.897630109852872948e+00
-3.060143783058418609e+00
-7.181374773453119698e-01
-5.705177223706681566e+00
-4.607863455841226141e+00
-7.730503454983105316e-01
-5.297412994763117666e+00
-5.450856954038412194e-01
1.602088386613396365e+00
-6.520006617086830936e+00
-3.459644066832284093e+00
9.850378489822292361e-01
-7.476715802061151273e+00
-2.648737252955627675e+00
-2.814533469315180086e-02
-6.916761343960766695e-01
-2.639710026673224519e+00
-4.000000000000000000e+00
-3.780059272414551863e+00
-3.348847249850900543e+00
-1.870397391911410967e+00
-1.036082719133682328e+00
-2.206083245513313251e+00
-6.320113515219665246e+00
-2.702814582411627864e+00
-5.683789442250150259e+00
-1.265165258199460130e+00
-7.414166743164884110e+00
-6.121205387101300022e-03
-4.494407402126908480e+00
-2.318330201432990734e+00
-4.283220372600871073e+00
-4.000000000000000000e+00
-6.834238454341707403e+00
-1.771567364560479696e+00
-6.980457949047207400e+00
-2.118995224539783617e+00
-7.480756460707543631e+00
-1.706909809087726382e+00
-5.746895348976756246e+00
-3.295648323668011415e+00
-6.519704696215512740e+00
-2.035984247680675541e+00
-4.618103717522991758e+00
-3.513104313489336050e+00
-5.234452853530113359e+00
-2.571261466710230259e+00
-5.690196149515636570e+00
-3.690573113661905769e+00
-2.202361257729940291e+00
-4.955216646716505302e+00
-5.690196149515636570e+00
-4.126408429164490244e+00
-4.634195319346253505e+00
-2.177198497980723957e+00
-4.780084817551442988e+00
-3.226040497249628825e+00
3.000000000000000000e+00
-3.880321586868482164e+00
-3.122841347672605128e+00
2.116718513934081614e-01
-3.794774306883135218e+00
-3.620925353610706665e+00
-1.000000000000000000e+00
-6.544068022635552317e+00
-1.003042352862670628e+00
1.772108885377304155e+00
