-5.228519172942323934e+00
-1.344331182768806698e+00
-4.911064475845770438e+00
-6.325737251745036538e+00
-1.404544527919302066e+00
-1.557920737362250285e-01
-5.958842441760841879e+00
-3.230356084884119294e+00
-1.638324366091209239e+00
-6.410663189757850766e+00
-2.470539832404226033e+00
-8.000000000000000000e+00
-3.062160165504342224e+00
-4.000000000000000000e+00
-4.000000000000000000e+00
-1.901633315580731454e+00
-1.774601394190365333e+00
-5.540521847624914287e+00
-3.473987119225072195e+00
-1.973697442345055286e+00
-8.377932204887216017e+00
-4.054654756272986660e+00
-7.714807354884769985e+00
-3.096770234575154213e+00
1.014700481161254331e+00
-4.464894225335760858e+00
-5.000000000000000000e+00
-5.532771205805830483e+00
-3.251476687550234335e+00
-5.540771233944502328e+00
-2.701794981540687424e+00
1.939024584445345534e+00
-3.698970004336018746e+00
-1.862221410772318286e+00
1.227117741465666989e-01
-7.002855368465905173e+00
-2.018560574352267434e+00
3.489224452408209998e-01
-6.544132577382199223e+00
-3.457675770570207252e+00
-1.218378249947686065e+00
-5.686589903291347170e+00
-2.863389094006233648e+00
1.261723609799485946e+00
-1.246607858358839804e+00
-4.113533480395273223e+00
-4.000000000000000000e+00
-2.843712548369426774e+00
-1.109042953657943142e+00
-4.000000000000000000e+00
-4.000000000000000000e+00
-1.086011817883109298e+00
-5.058454147393580236e+00
3.185179016043762634e-02
-5.694513686436303068e+00
-9.081838543487992244e-01
-6.494192661411312351e+00
-2.768258324986400787e+00
-6.793933295137239980e+00
0.000000000000000000e+00
-7.085714005993351883e+00
-2.420503237909834127e+00
-6.195646908116995810e+00
-2.143933032453805509e+00
-6.005105921602321040e+00
-2.742005421392706310e+00
-4.031557434900926218e+00
-2.314697827422230958e+00
-4.858037155191419210e+00
-1.256601529677169538e+00
-5.571066886338669200e+00
-2.551152930385423456e+00
-2.431555655153678774e+00
-4.483193835904123681e+00
-5.690196149515636570e+00
-4.519060148362526341e+00
-2.011657160438825809e+00
-2.207634369142455810e+00
-4.435464636228686253e+00
-3.240931540014236667e+00
-4.468828520544859906e+00
-5.000000000000000000e+00
-2.986634113810449964e+00
-3.600223254386449856e+00
-3.046789628402359451e+00
-3.700371046859652679e+00
-1.000000000000000000e+00
-6.544068022635552317e+00
-1.000000000000000000e+00
1.062212130098542318e+00
-4.538387063940772848e+00
-3.738070133853068633e+00
1.327981677427637175e+00
-3.123808722932548854e+00
-3.476056119614374218e+00
-1.000000000000000000e+00
