-6.354353864332370705e+00
-2.196759986509204232e+00
-5.816344947287154454e+00
-6.047956592185153468e+00
-4.130542862509844149e+00
1.310717775063698909e-01
-6.265486848924332719e+00
-2.942680984680207779e+00
-8.429189932062293167e-01
-6.642294203952200604e+00
-3.583675584644134826e+00
-7.381498263566771634e+00
-3.603206194092743786e+00
-4.000000000000000000e+00
-1.886316523438383852e+00
-1.971840518575371126e+00
-1.109702504111059307e+00
-5.873011705347011002e+00
-3.126928520754532315e+00
1.547340731504492251e+00
-7.441580875485246160e+00
-3.523929186903737687e+00
-8.972058190398231048e+00
-2.400317067101013446e+00
7.484473829292223046e-01
-5.197900576271744733e+00
-4.620121174461305102e+00
-4.671289805091090486e+00
-3.061906199355813651e+00
-7.289674165175851428e+00
-4.585377751525665069e+00
4.251611921326146071e-01
-6.466262777237222537e+00
-3.164823653863811259e+00
-1.642047665133350209e+00
-5.902832989904725380e+00
-3.262369355655545089e+00
1.244352572549582758e+00
-6.183548171073805833e+00
-2.862627159354045325e+00
9.605457331935080001e-02
-7.325686986017982072e+00
-2.463241397789595055e+00
2.308134282252349845e-02
-1.142573634384969061e+00
-2.787047731147016094e+00
-4.000000000000000000e+00
0.000000000000000000e+00
-1.712095194463397529e+00
-2.601980340708098804e+00
-4.000000000000000000e+00
-1.848997491906162693e+00
-6.712455846042076679e+00
-1.775070731816156933e+00
-6.946829670360431308e+00
-2.668088328280652899e+00
-5.762413521889703460e+00
-4.000000000000000000e+00
-5.431243180088340061e+00
-3.275808893968546798e+00
-5.805636633583630690e+00
-1.682546168057461600e+00
-5.305152967332709579e+00
-2.482021730411425153e+00
-5.356632584120710305e+00
-1.356146128860233446e+00
-5.251619229620950513e+00
-3.362369598582152896e+00
-5.923439841605479650e+00
-1.382158690294355008e+00
-5.297621805490127400e+00
-1.292602033325432442e+00
-3.024890317475618762e+00
-2.221569177315306565e+00
-5.690196149515636570e+00
-3.605332849470272549e+00
-2.878706028306640352e+00
-3.823046443942320849e+00
-4.401551516166805733e+00
-3.373557793562342422e+00
-3.411921890794809453e+00
-1.321445703649338110e+00
-3.815801098585184015e+00
-2.832186665048072260e+00
-4.351793343915652201e+00
-2.919999927111262661e+00
9.300303134440163211e-01
-5.223646402208613537e+00
-2.416122855930390223e+00
2.610706951384259566e-01
-3.098817029791567812e+00
-3.009906835000643710e+00
-1.000000000000000000e+00
-5.047893048643931735e+00
-3.705160093990532477e+00
1.195004813488142137e+00
