-7.374610570883504579e+00
-1.000000000000000000e+00
-5.079118587754909875e+00
-7.428514985583602126e+00
-4.682739732276729683e+00
-1.162678167654114469e+00
-6.083342599999935985e+00
-2.982051650946321963e+00
6.016852910077358230e-02
-5.452325799201520162e+00
-4.013485416772319958e+00
-4.999733435960991734e+00
-2.012028710677472354e+00
-1.610458318348465090e+00
-2.675913284484388033e+00
-1.987200542525347835e+00
-3.827714100359525418e+00
-4.301029995663981254e+00
-3.240506308787703738e+00
2.626966970274371427e-01
-6.092645832015569418e+00
-4.055518835155988988e+00
-7.089683154331162029e+00
-5.000000000000000000e+00
5.671597836958919281e-01
-5.128328045870642171e+00
-3.329526665788494544e+00
-3.665868422648158820e+00
-1.000000000000000000e+00
-6.648750750226485984e+00
-4.382835123145561340e+00
-1.086418966745905434e+00
-4.207656671297321793e+00
-3.833119552544284048e+00
-1.679248705733259461e+00
-6.149917299173438323e+00
-1.722579931183345181e+00
-1.704176738024859583e-02
-4.929904899033174637e+00
-1.777853309085644984e+00
1.108034615370747433e+00
-8.228668902300988464e+00
-4.783390738560484579e+00
6.871710197416657229e-01
-1.109400509329689033e+00
-3.061553523332440907e+00
-4.000000000000000000e+00
0.000000000000000000e+00
-2.939378563054374283e+00
-5.681530400526032532e-01
-4.000000000000000000e+00
-2.919258867801960200e+00
-7.434194742944284506e+00
-9.828164235041525476e-01
-5.623508830203135744e+00
-2.971865492219968097e+00
-8.000000000000000000e+00
-1.690343749897436298e+00
-4.672840318805350890e+00
-2.422922265539285913e+00
-5.672573708675665571e+00
-9.168101838927937841e-01
-4.000000000000000000e+00
-3.009534104511326191e+00
-7.001508079267304119e+00
-2.549062328182384984e+00
-5.307452344058673610e+00
-4.976869655599605591e-01
-5.382179677668784024e+00
-2.113085615001138340e+00
-7.016822681976587539e+00
-2.054751160397185306e+00
-5.190740088830195553e+00
-2.616641570288196661e+00
-5.133943067076680578e+00
-2.511938481748352103e+00
-3.478611788634604629e+00
-2.487151607953116184e+00
-4.254795662070072204e+00
-3.318061586772350857e+00
-5.001655819115625512e+00
-3.860141168188734095e+00
-4.046230386149721525e+00
-2.612122084486235618e+00
-5.022430356898825110e+00
-2.111656956489778025e+00
4.488623004094829949e-02
-4.291450428490464652e+00
-2.936052690187211045e+00
2.571357638387039124e+00
-3.094103299391919748e+00
-3.902692306399099031e+00
6.551125062932146026e-01
-4.185188579299988554e+00
-2.706407234749174773e+00
9.829506784236532457e-01
