-7.727956326138506249e+00
-5.000000000000000000e+00
-5.449864669608458279e+00
-4.662810015408087594e+00
-2.913316171147131151e+00
-3.408649822540049668e-01
-5.046474302654609723e+00
-4.671224148610475524e+00
-7.159738079438811020e-01
-7.759801148434790186e+00
-5.000000000000000000e+00
-4.430157401506655823e+00
-4.206263713151160211e+00
-4.000000000000000000e+00
0.000000000000000000e+00
-1.139119841852038073e+00
-1.555882609423802521e+00
-5.322593256915932436e+00
-3.376331665761232781e+00
-3.989918366475140310e-01
-6.777186582176607743e+00
-1.498624831969737725e+00
-9.867147945618260252e+00
-2.318571357713333558e+00
-9.188115611550586870e-01
-5.385496774498728101e+00
-3.646207017028441744e+00
-3.496131079424261046e+00
-5.000000000000000000e+00
-5.188928857351057466e+00
-2.949016397770816145e+00
-9.791600697873210635e-01
-4.807203180917358765e+00
-1.481396341614204415e+00
-6.512880817228099417e-01
-6.096418078449675093e+00
-5.576527633613124202e-01
1.274182307627268473e+00
-6.306541575100863106e+00
-3.983265650323795981e+00
9.396589702586040094e-01
-8.988932554023255861e+00
-3.374378444827011325e+00
7.594823714050600305e-01
-1.037055643168470098e+00
-3.211075408924190189e+00
-4.000000000000000000e+00
-1.745550336936678937e+00
-2.937441074672213048e+00
-2.260454437779511494e+00
-9.931651340889390278e-01
-2.193775082105217322e+00
-5.695220025243141748e+00
-1.454173538428037649e+00
-6.995763018287941115e+00
-2.080337069584831777e+00
-7.064137207956550313e+00
-2.758269963645330947e+00
-4.843835683874453402e+00
-1.938151453395479118e+00
-7.053450692236935993e+00
-1.653112441731853233e+00
-6.171760316970999583e+00
-1.616031384116256575e+00
-7.636010976760616131e+00
-9.457899484801035594e-01
-6.579605672174347220e+00
-1.585109039746481985e+00
-5.980272651528375505e+00
-2.543639618180891127e+00
-5.409280971842363783e+00
-1.439673077969102710e+00
-1.781299730824208227e+00
-2.052454317120468996e+00
-5.690196149515636570e+00
-2.794129126295753274e+00
-4.445808088171498973e+00
-3.443793571203264570e+00
-2.264056500239024050e+00
-4.119235873317981245e+00
-5.690196149515636570e+00
-1.000000000000000000e+00
-3.557697208797941268e+00
-2.438500717396180129e+00
-5.482663872542473449e+00
-3.784558449175361439e+00
6.427579614157301613e-01
-4.449174567180220308e+00
-1.000000000000000000e+00
8.005669746567418699e-01
-4.159449940163348458e+00
-3.927183418297929496e+00
1.306878828351265565e+00
-5.991959989697924094e+00
-3.159047853809370032e+00
-1.000000000000000000e+00
