-6.961009328724365730e+00
-3.105051765727825597e+00
-5.598654158475842024e+00
-5.766827394430752207e+00
-2.778972686659957780e+00
-5.722334608300443382e-01
-6.859473129291619564e+00
-2.116892588675066911e+00
7.460734734359564246e-01
-5.381743531364111099e+00
-1.962446980317676726e+00
-6.218864254360933153e+00
-2.159074809453538357e+00
-6.159258504059997863e-01
-1.023820308799950674e+00
-1.011918135926754836e+00
-3.357855834430819808e+00
-6.300761663804282264e+00
-3.829832468675979484e+00
-4.331785987444246588e-01
-7.823040595332733993e+00
-2.750335646404268086e+00
-8.910802216342810667e+00
-4.042984274546043366e+00
1.381857980918498319e-01
-6.803565962548961288e+00
-2.885759277154402280e+00
-5.326576202960534800e+00
-2.212805236407976217e+00
-6.578380611088390673e+00
-3.323559213804851531e+00
4.550503689493198278e-01
-5.683910154069858223e+00
-2.557264183578611405e+00
-5.379593784930067346e-02
-6.972303297329202287e+00
-9.162411147530573619e-01
-3.440880423273715571e-01
-5.645966763511158781e+00
-4.242062237714183226e+00
1.007261177440150313e+00
-6.868825693076254346e+00
-4.084385669614751357e+00
8.400791495516436447e-01
-1.217943884855450021e+00
-2.757907188187354031e+00
-6.888937694635090203e+00
-2.957875070163345388e+00
1.748595253308920794e-01
-6.898630784244591752e+00
-2.111773546083214104e+00
-6.013803152979021460e-01
-7.935425787783090712e+00
-3.102256721808351436e+00
5.081801322458488757e-02
-6.465214779857917371e+00
-3.159947071805830343e-01
-5.342215115729350039e+00
-2.433934566748768180e+00
-6.286070429662586889e+00
-1.966799983503872085e+00
-5.774270020601862008e+00
-1.618351508620075041e+00
-5.888354591970808016e+00
-3.244552644713047496e+00
-7.085339756460950156e+00
-1.411951979093985399e+00
-4.310319533175933415e+00
-3.402567760357944948e+00
-5.029062000113026620e+00
-2.985848727376464229e+00
-4.598902977022454763e+00
-3.063472489032776913e+00
-3.519809704817972840e+00
-1.939091670253708877e+00
-3.148882196862425431e+00
-1.959670283378239120e+00
-3.799672091342877867e+00
-2.971480272842253800e+00
-2.992793407929452254e+00
-2.611970458051670274e+00
6.428147544950084669e-01
-4.267146094641160126e+00
-3.262399638479136055e+00
1.307466277476010852e+00
-4.208516312889908129e+00
-3.026958203836640049e+00
2.604012120008686315e-01
-5.517981062108879620e+00
-2.892477503933278626e+00
1.959611605377132637e+00
