-5.438536248619892710e+00
-2.878448786104045087e+00
-5.850674982594965989e+00
-5.794561215456530689e+00
-3.570218325751518318e+00
4.031264385849813170e-01
-6.634275001233238100e+00
-1.907349553418338228e+00
-1.344658265697203647e-01
-7.207497295536004600e+00
-2.901914401895453022e+00
-5.782195777958249572e+00
-1.820979246390647566e+00
-7.735600973468788055e-01
-2.252924027087149561e+00
-1.604883249220806718e+00
-1.796738120319496090e+00
-6.980556583833827489e+00
-2.477696874433378049e+00
5.045262492356543671e-01
-7.258362287430673909e+00
-3.014554246996085318e+00
-8.002592041253832278e+00
-3.743241594264907324e+00
-2.267999723516427868e-01
-4.896403454866087301e+00
-3.743249292909702763e+00
-5.734737129624374319e+00
-3.557577495799487899e+00
-7.077374567020531693e+00
-3.812627716583638637e+00
-5.767079625487949723e-01
-5.816068030975187320e+00
-3.511933803492782946e+00
-8.555227570271682902e-01
-5.807616966169041106e+00
-2.348811754621022985e+00
1.113427557342069552e+00
-4.988419749581186835e+00
-1.954618604921843916e+00
4.079499271262120308e-01
-7.650915814797087044e+00
-3.142497471858014979e+00
3.432767683368269096e-01
-1.519543021526647664e+00
-3.180626209330267962e+00
-6.477958102404595131e+00
-2.577196651040434716e+00
3.219873970157732801e-02
-8.297044996811026252e+00
-1.767370671466278242e+00
5.571272428613377459e-01
-6.503156884896200474e+00
-2.810035888191287690e+00
-6.420293090121640400e-01
-6.292627664344156102e+00
-4.367789953775377265e-01
-5.937303165523371007e+00
-1.623697647441455505e+00
-4.420892140289688577e+00
-2.489367735379656832e+00
-5.920279714718253317e+00
-1.659065476720683385e+00
-4.683900868147202523e+00
-2.507538552866995119e+00
-5.590110764768430052e+00
-2.124460600731959747e+00
-3.690963344112649480e+00
-2.664347484586002679e+00
-3.039033498027357894e+00
-2.817616952633231531e+00
-3.240003873798526168e+00
-3.672533523992348670e+00
-4.546554499215880618e+00
-3.281928942597803101e+00
-4.850581264550148042e+00
-3.682428727693595860e+00
-4.646849241108254702e+00
-3.567266704295429580e+00
-3.332422345011335718e+00
-3.900906862756597260e+00
6.527836781286807666e-01
-4.803220821075266933e+00
-1.861750557150645857e+00
1.343288531619972748e+00
-3.066264915512268097e+00
-4.187660617091092163e+00
1.868146390589893457e-01
-4.621726755603762449e+00
-2.118993198226683194e+00
1.409586905772431287e+00
