-6.635137950794439021e+00
-4.401336537995458542e+00
-4.812525015542080453e+00
-7.393741973791398081e+00
-2.488168981529480295e+00
1.526825624367947332e-01
-6.415450781857444440e+00
-2.433782805858368814e+00
3.418471247475145525e-01
-7.579220746267477438e+00
-2.262448267103730259e+00
-6.862867257297543766e+00
-3.588980661599417310e+00
-1.553398515464314400e+00
-2.411514240753822147e+00
-6.881963967969675355e-01
-2.391931868022364682e+00
-6.777424280727873729e+00
-2.282537148170647789e+00
-5.580286728518989436e-01
-7.457594787022037153e+00
-2.390990256217887744e+00
-8.933061143920081548e+00
-3.314746291101660081e+00
1.335415103496383760e-01
-5.967258522810710453e+00
-2.490613943747800096e+00
-4.746780204373602707e+00
-1.714747477381561858e+00
-6.087803093100400353e+00
-2.726144674508183652e+00
4.507323926338623055e-02
-5.073235815886754096e+00
-2.683891668151969778e+00
-6.603312182536600350e-01
-6.542170286279199942e+00
-1.300619820162547624e+00
1.004263898339894157e+00
-5.548257791214475709e+00
-2.119961549958163882e+00
1.254552770725520627e+00
-6.780785920429263314e+00
-3.084879007230821646e+00
-4.581047643796689606e-01
-3.666883929572818390e-01
-2.683376738435609532e+00
-7.396623959428728412e+00
-3.167925948925527369e+00
3.503316141000845652e-01
-6.648108449502839967e+00
-2.624736728796222440e+00
1.640947205135205866e-01
-7.709065111403046622e+00
-3.328713006404512065e+00
-2.077203964724557983e-01
-5.792654687239943812e+00
-3.291470635295125069e-01
-4.352601146103824092e+00
-2.665052832376508363e+00
-6.739255003647080855e+00
-1.147337043296487558e+00
-6.100396654066963187e+00
-1.940891713732232571e+00
-6.823707912332701575e+00
-2.113067749623667169e+00
-5.949435320902593638e+00
-1.888453488659838309e+00
-4.019779976762935192e+00
-3.261571201383844265e+00
-3.496162942511731764e+00
-1.620280552520347861e+00
-3.587252497637824611e+00
-3.383856906436740530e+00
-4.185227259549130885e+00
-3.518541691846803765e+00
-4.227964081288400955e+00
-3.960865365779989933e+00
-3.562233202691606149e+00
-2.058764314740979096e+00
-5.804735853135928991e+00
-3.203734430172656467e+00
5.826893099774577145e-01
-3.297454485832752358e+00
-3.868551019760035903e+00
1.577506359971710070e+00
-5.002259203580710967e+00
-3.666802006585206275e+00
2.092029855050257847e+00
-5.402935564751224717e+00
-2.627587826213651834e+00
4.055905393505362944e-01
