-5.085887447946185524e+00
-3.655794229394727868e+00
-5.051915164646713308e+00
-7.176783948865323559e+00
-2.464612419361803308e+00
4.236714554727551985e-01
-6.291017425009471253e+00
-2.873950643468880628e+00
8.394092024035113009e-02
-5.616775246521520160e+00
-2.511710776413685231e+00
-6.294703519318213480e+00
-3.543209749237769657e+00
-1.431831574553619868e+00
-1.684523531960555598e+00
-2.438056742836999469e+00
-1.429302715529330303e+00
-6.398717421307553721e+00
-2.493898597608812384e+00
-3.917867932658641861e-02
-6.495690469327358052e+00
-3.208578791049482071e+00
-7.317925027974736985e+00
-3.740357171029923489e+00
-8.794130895498628031e-02
-4.995368339426008220e+00
-3.418456358043863830e+00
-5.547878417054628919e+00
-3.010901416736103009e+00
-6.154683190484433020e+00
-3.233189084578509398e+00
-3.443750554142530618e-01
-6.073971628436143355e+00
-3.669976761438315638e+00
-1.407538715479299540e+00
-5.705388395361507214e+00
-1.273827242744243415e+00
8.290515020428965154e-02
-5.802176068619972149e+00
-1.977826811473786250e+00
-4.724902944133528848e-01
-7.486625618560431406e+00
-3.622064012102648611e+00
-1.173223613449384084e+00
-3.400250553702861556e-01
-2.615558056985737512e+00
-5.758686295916587206e+00
-2.685534060950403479e+00
3.564178993834923870e-02
-6.733125227172701344e+00
-2.141089008696059448e+00
-6.405818132353274796e-01
-8.496347514994029737e+00
-3.131422617037743272e+00
-6.658647543400216806e-01
-5.902739688935227491e+00
-1.087861925921654427e+00
-4.347012956410262419e+00
-3.325492736854762654e+00
-6.158459833326456412e+00
-9.325547941521000750e-01
-6.291378700653145195e+00
-1.296250148101412591e+00
-5.900329596131053123e+00
-9.819314483104407687e-01
-7.183734042068249614e+00
-2.226937415261648567e+00
-3.964239287501448938e+00
-2.995698367212356938e+00
-2.805056906660350347e+00
-3.457851744504858438e+00
-3.237426428813000800e+00
-3.590300261762988221e+00
-2.624848564153161590e+00
-3.401847636585291657e+00
-3.594335679820535923e+00
-3.368669891752769541e+00
-4.357219951440167272e+00
-3.850557095631150339e+00
-3.108706229894116380e+00
-2.736948680596783756e+00
1.115501838133627688e+00
-4.132513686957672405e+00
-3.924240755092954558e+00
6.000894803851817283e-01
-3.539421496710994486e+00
-2.240497892516182254e+00
1.028715787898362599e+00
-3.940249963553092982e+00
-3.410817314936713363e+00
9.242225437344839811e-01
