-5.894408785929464045e+00
-2.732943196067768366e+00
-6.067052612605696282e+00
-5.958499255545056883e+00
-2.618656703947971121e+00
-1.525893499633494965e+00
-6.610211229279423506e+00
-3.302492452547007407e+00
1.212635416485242645e+00
-6.846997942814114779e+00
-3.758317873685868449e+00
-6.401572121566054818e+00
-3.759975827733907039e+00
-1.993376382593599505e+00
-6.778650133118133692e-01
-1.940584800097455043e+00
-2.051908070742656687e+00
-5.796264634961524109e+00
-2.726819879144938508e+00
1.710537955508647290e+00
-7.339536764724353901e+00
-2.634278226755898622e+00
-9.647588278280124996e+00
-3.245654503755470266e+00
7.746181644596191740e-01
-7.065998404285616985e+00
-2.480375923226960211e+00
-5.283811328957193965e+00
-1.818042951374504224e+00
-6.949231550341278485e+00
-3.342608306106952476e+00
-2.567938473669822974e-01
-7.440494799062536302e+00
-1.473996279153197531e+00
-1.580192585845061171e+00
-5.755343779195991161e+00
-2.956679847706435549e+00
-9.628144369220524856e-01
-6.427766687718696303e+00
-3.343319678831112807e+00
-1.314993531530835869e+00
-6.640521073814061204e+00
-2.675148708102188966e+00
1.959173777101340885e+00
-1.529782459209512613e+00
-3.803609708820051338e+00
-7.230725944241753744e+00
-2.288027831597900352e+00
-3.147124712359291587e-01
-7.561486694628485772e+00
-3.572785157578043602e+00
1.029282725936377929e+00
-6.142206884805354150e+00
-4.439193293158721687e+00
-6.155649680971556625e-01
-6.571148376361773735e+00
2.060276763641077230e-02
-7.615372081494892420e+00
-3.414907793143302506e+00
-5.330968425068397742e+00
-2.490808939915460929e+00
-6.277260954874648746e+00
-1.274635857083622259e+00
-7.023499784714494432e+00
-1.066963651424342574e+00
-5.816220981297365533e+00
-1.945405010274257940e+00
-2.323090282806628881e+00
-2.025424176915267438e+00
-3.261446384794746134e+00
-3.076059599334424188e+00
-4.028888939424033033e+00
-2.515478364316976023e+00
-2.050438886446807274e+00
-3.589937543958281019e+00
-4.470881674151621965e+00
-4.989097621481046296e+00
-2.894922854640177512e+00
-2.651246399667282372e+00
-6.047654727144506026e+00
-2.239823294573584533e+00
-7.119411182037951313e-01
-5.998219267503360541e+00
-1.892354250405822613e+00
1.217105658929349410e+00
-3.819122264895669083e+00
-4.078347674340301765e+00
-5.768925619287059714e-01
-5.376832541830680157e+00
-1.460360228533242877e+00
3.726837005863332664e-01
