-6.636362793853786357e+00
-2.837128701362414684e+00
-5.834114486594403459e+00
-5.834703809259264240e+00
-3.036987717614480164e+00
-9.691227760159967786e-02
-5.839118361140412716e+00
-1.892364828035605129e+00
2.871373291215126855e-01
-6.664028755487837685e+00
-2.147379865880852279e+00
-5.910124884204075002e+00
-2.458949204368644725e+00
-1.160364235721913051e+00
-2.685671137424968880e+00
-2.464960157929127149e+00
-1.860922719431897798e+00
-6.131315574386849043e+00
-2.002541687571404161e+00
1.054605189841778534e-01
-7.170672448255718479e+00
-2.903658400537875828e+00
-7.772544646482512753e+00
-1.005441055157088481e+00
4.097107809539763390e-01
-6.162717413037754888e+00
-3.100596514543366933e+00
-6.094702261598300197e+00
-3.559405390506101607e+00
-7.641863876457420268e+00
-3.304984651522269612e+00
3.518278020069934842e-01
-5.047210427323517656e+00
-3.526098012304281326e+00
-8.563713378384463226e-01
-5.057064599800508375e+00
-3.191553200379645183e+00
1.480917226085750382e+00
-6.150998072738459221e+00
-2.009101262610969663e+00
6.257551111545883726e-02
-7.090326452265761858e+00
-2.525648828794060829e+00
-7.582473944184162651e-01
-4.411514979797600544e-01
-3.737001344701573746e+00
-6.553625539634320596e+00
-2.206883947824457071e+00
7.129997374831358314e-01
-6.861622801072550182e+00
-3.705850253167804809e+00
6.915423900464285900e-01
-6.061084042930579230e+00
-2.089228709881000068e+00
7.867423896194810640e-01
-6.482703050032204040e+00
-8.509480945557538201e-01
-4.269073397320787500e+00
-2.564544938557246301e+00
-5.873027244420133464e+00
-1.488409054093000172e+00
-5.718237569937402398e+00
-2.826928970401725749e+00
-5.889810784359382545e+00
-1.583592512203946701e+00
-6.270114279178902628e+00
-2.669705584484569183e+00
-3.086393878641929156e+00
-2.430201376927791479e+00
-2.875313649255757831e+00
-1.844807864419672150e+00
-4.234930987885389797e+00
-3.804867746027850384e+00
-3.721768657191499852e+00
-2.486560296519123359e+00
-4.176854161791337283e+00
-3.216888432539430021e+00
-3.472650308269872976e+00
-4.212183811733448913e+00
-4.776579814609538843e+00
-4.201209160682200405e+00
2.681955076782827074e+00
-5.183758103894915870e+00
-2.893741976028267437e+00
7.187724055964223036e-01
-3.126402806784917665e+00
-3.386146794236927438e+00
-3.473330520632431639e-01
-4.825004953342137526e+00
-3.619580101080487555e+00
1.118908108131352552e+00
