-8.101098908024548351e+00
-3.986682875936201409e+00
-4.132500928045804933e+00
-5.727274464629162232e+00
-3.010837751553695707e+00
1.387958189903874262e-01
-5.654169199099412069e+00
-3.527854797359114780e+00
2.242285981092752845e-01
-7.093109780988317681e+00
-2.917428192482206750e+00
-4.421600327065089431e+00
-2.883305262714587425e+00
-1.257054130540918635e+00
-5.858485180774426482e-01
-2.206388139302002838e+00
-2.534552856320027470e+00
-6.134352390330369609e+00
-2.944092132060937672e+00
-9.340233831547621879e-01
-7.551193704559536535e+00
-2.984283500367952868e+00
-7.276943607217640775e+00
-4.216184960859894026e+00
-9.325587191177527879e-01
-7.034084442481782773e+00
-2.176318525869609832e+00
-4.595239764819459616e+00
-1.233125906230537305e+00
-8.092071749825201721e+00
-3.310952054654319632e+00
-7.565130177915332377e-01
-4.007983214610991496e+00
-3.655898886689170180e+00
-1.958345374300618058e+00
-6.802966689792348198e+00
-1.032722413560890562e+00
4.354109864734762025e-01
-7.054434036124122898e+00
-3.599699009409453421e+00
-1.243603282806705623e+00
-8.580207558512391586e+00
-3.158251258339292988e+00
-2.297929084710154113e-01
-1.296149959023568554e+00
-2.655969932955189794e+00
-5.613783807845264207e+00
-3.359945540765172378e+00
-7.428579906029975088e-02
-7.056605238675619063e+00
-2.996642877005804007e+00
1.263954474279014972e+00
-7.331070653789261371e+00
-1.729463623049434018e+00
-8.087285965714987590e-01
-4.000000000000000000e+00
-3.164649988227547617e+00
-5.462310402450277991e+00
-4.688067911035324054e-01
-7.008081301825211717e+00
-2.874613676862964429e+00
-5.655447687194960160e+00
-3.228679129403524861e+00
-5.904962080228081334e+00
-2.565123646778613598e+00
-6.490860346157238503e+00
-1.370904711841910872e+00
-4.558213444055907004e+00
-1.583028784286362178e+00
-2.220077967430722943e+00
-3.456936033689596677e+00
-2.540296680128158791e+00
-3.752644872611263338e+00
-3.843660828648429284e+00
-3.029925077921207688e+00
-3.890846274203088040e+00
-3.282399720413479827e+00
-3.886487191735398916e+00
-2.221446222765645739e+00
-3.789600042550129722e+00
-4.064740655839247374e+00
1.292276851982513186e+00
-3.219533876299772501e+00
-3.733599400022375114e+00
1.218091971419746455e+00
-4.289669442352645135e+00
-2.393242554996339422e+00
1.657094965328217873e+00
-3.657455792735147426e+00
-3.090246029443359355e+00
4.209224626561904881e-01
