-6.812502002509935650e+00
-2.779222973563957755e+00
-5.650596561625871317e+00
-5.994231852655828696e+00
-2.965745800280479294e+00
8.205676290226485148e-02
-4.801299344791587487e+00
-3.350933609313593298e+00
1.028563922045004353e-01
-7.034635912444797690e+00
-3.423892138218965542e+00
-5.109825852090613907e+00
-3.967548568029625855e+00
-1.455590221902524739e+00
-2.977353209039763193e+00
-2.677465130528942527e+00
-1.492677225074263037e+00
-5.293151758780407334e+00
-3.150454432575222175e+00
-2.027216401320607875e-01
-7.431805643081077051e+00
-3.527638158616930308e+00
-6.897452348792070254e+00
-3.262786046606484192e+00
-6.379347449468215636e-01
-5.545619730071068787e+00
-4.285457709883456090e+00
-5.833383568677663611e+00
-3.155025179541577796e+00
-6.769002121624280832e+00
-2.036789382108644464e+00
9.756006166518479961e-02
-5.724740950397062100e+00
-2.460526498313919674e+00
-3.005273883974945992e-02
-5.642879599912973276e+00
-1.769378375378530821e+00
2.390276913721040009e-01
-4.980036573414485801e+00
-1.996087404984852265e+00
-5.446739968885628835e-01
-8.744096564085785062e+00
-3.021783294131503261e+00
-5.341348433248505057e-01
-8.351113494962758566e-01
-2.515784561901771799e+00
-7.890445077094933701e+00
-3.753581439336307835e+00
1.263952775204684631e+00
-6.994912899325069766e+00
-3.544117360148788975e+00
5.413759326307487907e-01
-7.916815483048042168e+00
-3.199304618785970611e+00
-6.955952393224861252e-01
-6.612921195326439516e+00
-5.006731509212689613e-01
-5.957462913979503227e+00
-2.998799871722470645e+00
-7.230596950408516577e+00
-1.796733294445108875e+00
-6.972353636926674092e+00
-2.434037577449613465e+00
-5.659040674630238854e+00
-2.314065257147109644e+00
-6.531612064561424624e+00
-9.980770343987672710e-01
-4.033875598538521068e+00
-2.212300576124512919e+00
-4.941164881797173614e+00
-1.608783440324664582e+00
-3.844356253891191511e+00
-3.248796974232762924e+00
-4.315136780326597865e+00
-3.300957126037223244e+00
-4.222432483730440111e+00
-2.222886264691184888e+00
-3.373086560253578003e+00
-3.318195856101932684e+00
-3.427850896916631473e+00
-3.349654491419257418e+00
1.585288118999075513e+00
-4.861741651707371936e+00
-3.511731511642981918e+00
2.876251524132441562e-01
-3.022444406434311670e+00
-2.486153048504069041e+00
-3.290932948440264405e-02
-4.374261848571633138e+00
-3.078343905482321397e+00
1.246189257333517819e+00
