-5.479467392400720449e+00
-3.013922896007121821e+00
-4.871244668812431122e+00
-6.840026415642331159e+00
-3.279638174696012154e+00
3.498745525898021014e-01
-5.372357732814521114e+00
-3.060135606496003913e+00
-1.382053027117600585e+00
-6.886790851652493828e+00
-3.532112890072615308e+00
-4.744393229134288070e+00
-2.342767016741118091e+00
-1.157399272746286512e+00
-2.610260842381411983e+00
-1.715473060146274875e+00
-1.200806348343081087e+00
-6.607241244122975310e+00
-1.788530668424702430e+00
-5.172077526353143773e-01
-6.908523987634030306e+00
-3.836766939153493983e+00
-7.209749399767656719e+00
-2.791390863800075284e+00
-9.489210350031731522e-01
-5.988623301962071821e+00
-2.897912553837549865e+00
-4.912769772169270688e+00
-1.544194096923247495e+00
-7.779246574572624695e+00
-2.161440953216466454e+00
-2.462906800741357649e-01
-5.100440854520158496e+00
-3.881900161604332933e+00
-5.422783429233231089e-01
-6.280607206970753253e+00
-1.566088965566668101e+00
1.395769271692492541e+00
-5.081939261207478076e+00
-3.141813305434227210e+00
-1.550043214173156825e+00
-8.205534892697826876e+00
-3.067666766958956792e+00
-1.142783269414388236e+00
-2.152054531893128786e+00
-3.995410074575804771e+00
-6.465364576981047939e+00
-3.903949780943194448e+00
-6.579513126900681241e-01
-6.693187281233563546e+00
-2.375276245028178579e+00
8.927972455256591444e-02
-6.976620592870612647e+00
-2.941369190396642797e+00
-2.341625581924238475e-01
-6.475363643073316133e+00
-1.776874273404571269e+00
-5.073891205223197254e+00
-3.253100900763338021e+00
-6.909843605168478398e+00
-2.641342710871326105e+00
-5.726131286006995502e+00
-2.488854512635910954e+00
-5.065231826909766255e+00
-2.119308742936282020e+00
-5.290141596312935235e+00
-1.505409639537195199e+00
-2.587127216926880635e+00
-3.352254621269315837e+00
-3.148538089679817187e+00
-1.701429504668970027e+00
-3.170959567273456070e+00
-3.250827706927343019e+00
-3.479486840130582515e+00
-2.554142403498284253e+00
-3.647206111746251533e+00
-2.932674559448987583e+00
-5.099325348174026828e+00
-2.622997769841599158e+00
-2.711513371579215459e+00
-3.631133672940961787e+00
4.267002384252553959e-01
-3.879805689620781983e+00
-3.698711851673968543e+00
1.241469069379557588e+00
-3.460041882523905876e+00
-1.936220868585529997e+00
8.669618655083567438e-01
-5.550435456637733189e+00
-4.244638794928324188e+00
-6.531804348835470453e-01
