-7.565075882420076780e+00
-3.472140432560710366e+00
-5.644756376477482185e+00
-8.000000000000000000e+00
-4.172273845101464040e+00
-2.000000000000000000e+00
-7.018198214577918037e+00
-1.856098497039065043e+00
-2.861628031263535599e-02
-6.894503061879857064e+00
-2.552862495900922735e+00
-6.061401306370780340e+00
-2.143153511138873313e+00
0.000000000000000000e+00
-2.700343758229219127e+00
-1.922552038649209427e+00
-2.339487418068327607e+00
-4.812393491038813309e+00
-3.601323451685031873e+00
6.913379279678361078e-02
-6.135203205374676116e+00
-4.062491336200054981e+00
-1.030102999566398125e+01
-1.978674686917161418e+00
-4.516697425515847075e-01
-7.411432940837152650e+00
-3.214901041675195970e+00
-4.395904439455112112e+00
-3.165734925548391754e+00
-7.889730125193080923e+00
-3.207971264405219181e+00
-5.860447791931858719e-01
-7.288828831076791026e+00
-4.273197679401398830e+00
-1.549664409745417748e+00
-5.583078690152754042e+00
-1.438525313394876104e+00
-4.350268622048696909e-01
-6.669145351523442677e+00
-3.374493064932781561e+00
-2.165966941229763298e-01
-5.557920740666792092e+00
-1.252616725647088147e+00
4.886089688136299736e-01
-3.060076796019937095e-01
-1.985183081713723707e+00
-7.840480838837375011e+00
-3.826552869613651708e+00
-1.019493369742207500e+00
-6.775801213189771133e+00
-5.000000000000000000e+00
-6.934208586651881001e-01
-8.122275170437808001e+00
-3.208830494409930623e+00
1.377408306912354830e+00
-6.615043207464369246e+00
-2.737431175409722250e+00
1.912412980421336783e+00
-5.734228795920151889e+00
-3.890811159902551886e+00
-2.000000000000000000e+00
-4.000006014985058478e+00
-1.827248517104516301e+00
-6.079420442075314845e+00
-3.632410028294100535e+00
-6.703116490459925636e+00
-4.894617329470521971e-01
-6.057056687103204773e+00
-2.858500735323748820e+00
-6.024765850065858075e+00
-9.883189140130355099e-01
-6.713565392256531261e+00
-7.306559383106723260e-01
-5.863389816703634239e+00
-1.913491297579054340e+00
-6.962375212558506554e+00
-1.657011298151453316e+00
-5.546505140480726403e+00
-1.283866354024471246e+00
-4.985723173014693366e+00
-2.602785762651564472e+00
-2.761217489922206614e+00
-5.000000000000000000e+00
-3.157749821884106467e+00
-5.000000000000000000e+00
-2.559342690632583128e+00
-1.643937277665528329e+00
-5.690196149515636570e+00
-1.372630696091349023e+00
-3.454567023226465583e+00
-4.572781389943891384e+00
-4.740461429794986969e+00
-2.880528489075857124e+00
-4.762402131229049651e+00
-2.791172434476770547e+00
1.224503970526385821e+00
-3.263766743937985826e+00
-4.384296454795589604e+00
1.495640063503613337e+00
-6.544068022635552317e+00
-2.647523197190830402e+00
2.302371608197016362e-01
-2.550995552734098837e+00
-3.286841558518828865e+00
6.832876754381067563e-01
