-5.791335851458667250e+00
-1.004340080721329631e+00
-5.744289847274441030e+00
-4.898230703650603424e+00
-4.596356168294026823e+00
8.042716092556341165e-03
-5.495762155135675009e+00
-1.898216754829774366e+00
-1.528801035697631816e+00
-6.764875828990401629e+00
-5.000000000000000000e+00
-7.793979675686060204e+00
-3.466470643007570018e+00
-1.741346837814459869e+00
-3.993548067453550399e+00
-4.604749333988035209e-01
-2.274366934863668810e+00
-8.301029995663981254e+00
-1.574739717683452334e+00
2.000000000000000000e+00
-8.625227152567939370e+00
-3.946900875386671004e+00
-8.020923061429183321e+00
-3.938260565874297736e+00
1.312726738719900865e+00
-7.681656006606827347e+00
-4.790748713276152593e+00
-4.833297382282473187e+00
-4.456899686923512682e+00
-6.322407818925803724e+00
-3.419178320129795168e+00
6.140044505555363186e-01
-5.292731226670431610e+00
-2.206988189768107844e+00
-3.000000000000000000e+00
-4.944814414844606709e+00
-1.134220391944574802e+00
-5.816974972278420031e-02
-5.094527812119725496e+00
-1.000000000000000000e+00
3.769261111447669288e-01
-7.994073162875028338e+00
-3.288595396331305487e+00
-5.374165267113721889e-01
-8.054410723613101425e-03
-3.787216118535709164e+00
-7.881533906121724442e+00
-1.237609464468344189e+00
3.253711182839052474e-01
-8.505918077250894882e+00
-4.272703186782283780e+00
-1.225231274926146946e-01
-8.121466568042350787e+00
-3.258740117972251493e+00
1.625301478578855985e+00
-6.814519195945248242e+00
-3.751099723946531128e+00
1.283127932283921524e+00
-5.000000000000000000e+00
-2.870604657909315183e+00
2.000000000000000000e+00
-6.218187627593493971e+00
-5.793948041890711886e-01
-5.246015917431107844e+00
-2.659807339821293137e+00
-4.000000000000000000e+00
-3.509898616913419644e+00
-4.801197171986414602e+00
-9.928562393498657768e-01
-7.871306923755704510e+00
-3.175573383882493772e+00
-4.407528390196268298e+00
-1.096004201303934833e+00
-4.699291191992463368e+00
-3.568331523430015029e+00
-5.558006337503743843e+00
-3.958607314841775082e+00
-6.706450178261218475e+00
-1.864866906866705420e+00
-5.204792801554241066e+00
-1.051734079678397826e+00
-2.564729504330266696e+00
-4.651744697702924647e+00
-5.689964169164368535e+00
-2.959385151868809682e+00
-4.356431442760693606e+00
-2.866038314343477555e+00
-4.868428403568023199e+00
-4.175740746950645566e+00
-4.085496999249087935e+00
-1.529493962946469887e+00
-3.913008663357230077e+00
-1.018451828254576697e+00
-3.405046472427888382e+00
-2.412091208290096045e+00
2.466616512484191670e+00
-2.544068022635552317e+00
-1.210778795423356646e+00
2.296516466796592049e+00
-3.043447935790355441e+00
-2.612123710416307532e+00
1.243907096299886827e+00
-4.628724793486171940e+00
-1.514532004799991283e+00
3.000000000000000000e+00
