-7.574513510637908453e+00
-3.712032195958877345e+00
-6.388797628390888939e+00
-7.512683980613375390e+00
-4.147577161981371496e+00
-8.142133128338133741e-01
-7.271911446061039008e+00
-1.589313686239047563e+00
-4.234188670688934786e-01
-4.000000000000000000e+00
-2.385703298785984305e+00
-6.787979274885381997e+00
-4.015335114318779652e+00
-6.904770284484159637e-01
-3.832509064161146561e+00
-2.911496713531530389e+00
-1.009228014709982399e-02
-6.870318089145077245e+00
-1.969531395686900943e+00
3.294737970183005404e-01
-5.694806805382509829e+00
-4.890616724514129210e+00
-8.409866511838014702e+00
-2.797655772627345883e+00
1.129132487032786347e+00
-5.445761275745487850e+00
-2.401418226938225153e+00
-4.460514523698273059e+00
-3.150018735695985228e+00
-8.997049887024274994e+00
-2.876407827015630136e+00
-7.939339063100238070e-01
-7.191506481076933355e+00
-2.261204649636553654e+00
-1.493929902124078390e+00
-6.105968668372963037e+00
-3.948027078900870901e+00
6.465434723525581573e-01
-6.398365902592432874e+00
-2.422992307382624499e+00
1.141070712132427944e+00
-5.522878745280337398e+00
-3.113932712267875935e+00
9.351365213182382119e-01
1.316168557379388537e-01
-1.574841807504998359e+00
-6.625045466554968066e+00
-2.333630611182758052e+00
-4.473692479454736692e-01
-5.697177627310073156e+00
-2.439384732999346994e+00
-6.256662453893523379e-01
-8.702681972824780843e+00
-2.094250767257232582e+00
2.984815340797978278e-01
-7.780054428332451089e+00
-2.436186243363328785e+00
1.583352781732733749e+00
-5.889059869877717013e+00
-2.831581866865887420e+00
-6.165280783863843483e-01
-5.438457581679144504e+00
-2.947962810074383988e+00
-5.170033716855963135e+00
-8.175026299275578445e-01
-5.393052680366670515e+00
-1.032417446116050685e+00
-5.113495349614204599e+00
0.000000000000000000e+00
-6.049254124075552852e+00
0.000000000000000000e+00
-7.500664778406945565e+00
-1.710196672849492450e-01
-5.440845408881538781e+00
-2.022531549693825426e+00
-4.897645262586185488e+00
-1.718371764480171482e+00
-6.844770579701309643e+00
-3.779044732549405872e-01
-6.061290977305575645e+00
-1.172416191891304971e+00
-3.840586689761974259e+00
-3.147453045995397325e+00
-4.576476835463318515e+00
-1.637472496734827088e+00
-3.703606051288161005e+00
-2.320141776912577392e+00
-5.690196149515636570e+00
-1.285721606532464367e+00
-4.589529644129878072e+00
-2.340897996143158633e+00
-4.466769397332699398e+00
-3.135617440726118144e+00
-5.093124693569688333e+00
-2.616597276380779658e+00
-1.000000000000000000e+00
-2.891996461871827684e+00
-4.983210658754321898e+00
-5.059302101640753557e-01
-4.513175190508797563e+00
-2.457492507346118238e+00
1.837697139636021104e+00
-2.544068042802413832e+00
-2.167209827708627579e+00
1.231292418746854134e+00
