-6.726553916360146879e+00
-3.431053947763348155e+00
-5.184495031575051982e+00
-6.393203196703826308e+00
-1.872178124415041056e+00
3.450012722885866800e-01
-5.956583500522319774e+00
-3.251370408016934999e+00
4.715708792700212815e-01
-6.383554510556926687e+00
-4.189583516355307680e+00
-5.830599087980563588e+00
-3.285907166622108466e+00
-8.634508663430129349e-01
-2.842293622948358411e+00
-2.552567972890439574e+00
-1.014824389702022822e+00
-5.817061608911369142e+00
-2.509636909242769054e+00
1.304900698755601385e-01
-7.867098190852653161e+00
-1.753854637396839333e+00
-7.510275681041411744e+00
-1.821260756615341148e+00
-9.958746025496328924e-01
-5.474119726076659198e+00
-2.088194211318699978e+00
-4.488659608278767088e+00
-4.321557590892749268e+00
-6.080151647857533703e+00
-2.725103159377319617e+00
1.474585043965814801e-01
-6.110356344273431439e+00
-4.997510656193202117e+00
-1.646359983856913178e+00
-5.719496952458880124e+00
-2.674223611953772561e+00
-2.596680150856329750e-01
-6.800083969060485067e+00
-2.844157319962091979e+00
-1.252247255149089522e+00
-6.880373269371843570e+00
-3.071469826136110637e+00
-8.979303357878922753e-01
6.655040329563634005e-01
-4.375595214709707470e+00
-7.022427863692385586e+00
-3.212258042567214034e+00
1.509637054552805058e+00
-7.713079785522438669e+00
-3.155022053128801129e+00
6.835439127227217748e-02
-8.027252927139917560e+00
-3.453179556438101816e+00
-2.744532677601425191e-02
-5.904897691505711421e+00
-2.421109236753591798e+00
-1.293702156934216418e+00
-7.263044642735464684e+00
-1.902494771534030793e+00
1.225782810508372123e+00
-6.798741738003734270e+00
-1.028685140872756421e+00
-5.330299662603234623e+00
-1.789112947553368471e+00
-7.999693912543174967e+00
-3.504829786542260184e+00
-5.842498655479254843e+00
-2.435409592599845130e+00
-6.303808223649608244e+00
-1.358700821689794669e+00
-5.596592747615080299e+00
-6.898940049121499163e-01
-7.281966301390688123e+00
-1.194545084321184225e+00
-5.829169476399638228e+00
-2.847015768413475367e+00
-5.228019326284641721e+00
-1.747216554760772977e+00
-6.321004477331145566e+00
-1.685316556724793413e+00
-4.385968943307831047e+00
-1.530316452781479653e+00
-3.639583230350126541e+00
-3.218875681075485051e+00
-2.793308080238535052e+00
-2.768353449499020069e+00
-3.169726332006883140e+00
-2.247648239528290848e+00
-3.574767009495640302e+00
-1.161890631179439692e+00
-3.006059192326737239e+00
-3.880841765916730690e+00
-3.795656891898299801e+00
-3.328268669780634070e+00
-6.056299293708783393e-01
-5.053637152532115095e+00
-3.391822555465897615e+00
1.347883801732197018e+00
-3.768196681479130561e+00
-2.446306884571960438e+00
-6.566113836069168430e-01
-6.181816801034882403e+00
-2.445755763861247267e+00
-7.944913351664248391e-02
