-4.397940008672037493e+00
-3.647997536738442736e+00
-5.074459885339303256e+00
-6.363932244539946659e+00
-2.854889542176878514e+00
9.429167039700941944e-01
-6.307088870278425574e+00
-3.661787274108375900e+00
-5.719405582833441137e-01
-6.055336409266569575e+00
-3.867970123767001667e+00
-5.155580577907727502e+00
-2.551985750975094724e+00
-4.359132488408440920e-01
-3.003615988489041655e+00
-2.909496477824955463e+00
-2.574968423771231141e+00
-4.301029995663981254e+00
-3.065057011187219960e+00
3.837954362701769262e-01
-7.597262950121639768e+00
-3.775214514735560911e+00
-8.736676712584722893e+00
-4.149242748511129619e+00
-2.072545654530944248e-01
-6.001879614706012056e+00
-1.905217326866045058e+00
-4.070265750948370176e+00
-3.507999368690847941e+00
-7.797943472169246881e+00
-2.397704839105097019e+00
-1.093090427278558874e+00
-5.709211533737762245e+00
-2.285831107589087807e+00
-1.511979608902824790e+00
-5.491505296422654503e+00
-2.218021790717033426e+00
1.129847096454554140e-01
-5.696649800167909561e+00
-3.663502424167762062e+00
-1.111445953382165452e+00
-7.455672961504362206e+00
-2.163912955288844753e+00
4.428695679343808145e-01
8.549819916250780416e-01
-2.101689007494649264e+00
-7.405642381348481074e+00
-2.180807011288870445e+00
-3.165013940057358477e-01
-6.205523601737752415e+00
-1.536860783500917815e+00
-1.073083497656273089e-01
-6.041485155860002898e+00
-4.112974066280396634e+00
-1.998121799364317719e-01
-6.446736002571418211e+00
-3.832786273533828503e+00
-1.771201273867249043e-02
-7.553109606137553556e+00
-2.942985117289862007e+00
-5.088198677182314000e-01
-6.174019748061423840e+00
-1.183676070482076348e+00
-4.000000000000000000e+00
-2.347181733114561020e+00
-5.106248112882108003e+00
-8.824530132755908918e-01
-7.408941727574714697e+00
-2.677309249128712487e+00
-5.519640743392135285e+00
-1.999316076655832219e+00
-6.883524433760230821e+00
-2.337427640809861540e+00
-6.066508261066241303e+00
-2.617353411176641664e+00
-4.744757043625688731e+00
-1.456023640657928331e+00
-6.319797912943608154e+00
-1.849056617011378023e+00
-5.659828269774505038e+00
-1.421084501826516133e+00
-4.411202493478500131e+00
-2.632576663708601217e+00
-3.282949288520217834e+00
-3.186890674336920970e+00
-1.786445709569025375e+00
-2.066946977079736847e+00
-3.009186952128818593e+00
-2.111428847278813858e+00
-3.869746697608258401e+00
-2.828731880245279662e+00
-2.553956343975798404e+00
-2.422447778747154334e+00
-5.024137600932365721e+00
-3.306038656657215746e+00
1.850502556489197759e-01
-2.939712656056872486e+00
-2.594030926410011872e+00
9.551121690069971359e-01
-2.945044438334608383e+00
-2.456481260241893505e+00
-1.311011933667663269e-02
-4.512935516004381142e+00
-2.233446594885276859e+00
8.143383269434565364e-01
