-7.431476171911178596e+00
-3.101968733337400419e+00
-3.952389185844505270e+00
-7.232538460858961571e+00
-2.387036627435314529e+00
9.991952557759209430e-02
-5.080848310284688196e+00
-2.723105732576373228e+00
-1.421083005128240817e+00
-7.075784113806569131e+00
-4.600419351927776290e+00
-6.451024097656208767e+00
-2.803282853755199699e+00
-1.137853955580176102e+00
-3.717420071120879133e+00
-1.712233326288752799e+00
-1.471761635447590200e+00
-6.983254743965572331e+00
-4.675660314478411905e+00
-8.058230103890287599e-02
-7.810799130596784323e+00
-2.193609157543657595e+00
-9.538160728446596792e+00
-1.873947341131290800e+00
-7.858439494603423059e-01
-7.666692631742132669e+00
-3.415436080323198009e+00
-4.524683126461719773e+00
-2.714285639837229258e+00
-5.656494531698944783e+00
-1.002280865459817427e+00
5.411974165657709168e-01
-6.674309665545654191e+00
-3.516566490131950218e+00
-1.374727333076192215e+00
-5.659252598651793420e+00
-1.371307870292481246e+00
6.381538763250334256e-02
-4.912614852128213805e+00
-1.850958259770462577e+00
-8.947428169850580870e-01
-9.027057078835676762e+00
-4.062565067677065045e+00
1.040681131158706502e-01
-1.479740983912085195e+00
-3.312780050608581828e+00
-7.155797852031687611e+00
-2.863710653776285753e+00
-9.393327517928179438e-02
-6.960641930351171958e+00
-4.335847990127821738e+00
1.159784016777352988e+00
-7.048648346887319782e+00
-4.361412045135594440e+00
-1.272420028482446508e+00
-6.444157998700582368e+00
-1.761827130475591474e+00
-8.137308768047779584e-01
-7.072049031806785457e+00
-3.493433140484823340e+00
9.141910599336230403e-01
-5.606360234164079692e+00
-9.439586377853596000e-01
-6.460348939072048324e+00
-1.485729664753502766e+00
-5.099511420490037139e+00
-2.954798330714930810e+00
-5.022910175403560551e+00
-2.095781660062358664e+00
-7.470605805102299435e+00
-3.919092145581651865e-01
-6.171917291841681141e+00
-2.240538681689820066e+00
-6.492397730271365575e+00
-1.155428230838958292e+00
-4.081175976714916942e+00
-1.489895527169388334e+00
-7.590235025991966644e+00
-3.482887960356567003e+00
-4.529030060649625433e+00
-1.161821677102591543e+00
-3.511083901693123011e+00
-2.116142967814005793e+00
-5.414815744975130407e+00
-2.515288761328703604e+00
-2.554481063404300478e+00
-3.293573461173759043e+00
-4.844434125572259831e+00
-3.481418183815662815e+00
-2.272814157023873793e+00
-3.744641880636371933e+00
-3.814777291356330036e+00
-3.734392607117160257e+00
-5.326618613963066906e+00
-4.109019431358481356e+00
-1.130073611787539289e-01
-2.546220761014907019e+00
-3.668166643196452803e+00
2.821297330336648423e-01
-2.544068022635552317e+00
-1.717333191631355893e+00
2.592996493984995321e-01
-3.977866877476138097e+00
-2.600190076640667147e+00
8.732306146595123497e-01
