-5.412814447018178043e+00
-2.097010987734545751e+00
-5.477213211286659167e+00
-6.591334806814188596e+00
-3.377204666128767130e+00
1.851979064548028520e+00
-7.469812404115183213e+00
-3.786880782245322763e+00
-1.100062768374756028e-01
-5.338344498708313957e+00
-2.150284998398304115e+00
-5.234937494787353707e+00
-2.751589425621426166e+00
0.000000000000000000e+00
-1.909927791770185124e+00
-1.816955393778550087e+00
-1.095700183887024171e+00
-5.707314792098811651e+00
-4.177189224248638588e+00
-8.328941301327286162e-02
-7.844371099582715168e+00
-3.149190245297857960e+00
-7.971348400361454090e+00
-2.497468976685900621e+00
-1.492105258519992983e+00
-6.752867307259422525e+00
-3.573727936387037563e+00
-4.013594432833436976e+00
-4.383988623524945893e+00
-7.995975073330666483e+00
-2.351974506119159702e+00
-1.534454907358111964e+00
-7.406351240401511049e+00
-2.785432623065680069e+00
-1.071309886008985357e+00
-5.681024736115241502e+00
-1.726969562989658646e+00
-8.900554314979584047e-01
-5.582961077146896933e+00
-3.547293569148999293e+00
9.897238261735367137e-01
-5.531041242114326018e+00
-3.275979492224141421e+00
-7.171144353635852120e-01
-1.203541572915832192e-01
-1.762639203400883314e+00
-5.816212689240869871e+00
-4.537455629218068331e+00
2.008330216432225868e-01
-7.745468598764444934e+00
-2.327615920844169572e+00
-1.015272897092714288e+00
-8.514246756643361280e+00
-3.014194901470253818e+00
-1.810196852222503150e+00
-5.506014733727422339e+00
-4.460610753091808434e+00
-6.412124964864100995e-01
-6.673653450285732980e+00
-1.074519350417036279e+00
-8.335401629058775130e-01
-6.836738736541805750e+00
-1.341405825071006364e+00
-4.007266900948124544e+00
-2.673185238564556698e+00
-5.712061584005669879e+00
-1.307578919900739933e+00
-6.845514362771798922e+00
-1.322555282276554056e+00
-6.968269175693757589e+00
-9.526914026763294574e-01
-5.398236095188603478e+00
-1.488028241597720569e-01
-6.382302885517367130e+00
-2.099995925874234004e+00
-5.275064832223312905e+00
-1.259485517174621538e+00
-7.288140455781725535e+00
-3.825512507335826040e+00
-6.507469988974120767e+00
-1.836659539199448687e+00
-3.793390706403689361e+00
-3.921514380383837040e+00
-4.180344488096348066e+00
-3.969367088775623831e+00
-2.169182671427263287e+00
-2.603237071463711860e+00
-5.572024283747768258e+00
-2.155010414581642220e+00
-3.293302189618252385e+00
-2.551389623998102429e+00
-2.844113532247469323e+00
-3.472194900255628713e+00
-4.559941195164739725e+00
-4.682634094785425027e+00
1.745835076288509757e+00
-2.781391153155780227e+00
-3.315952027519538436e+00
1.183434435552005226e+00
-3.436315797973511721e+00
-3.948176417386072057e+00
1.218379010881797120e-01
-5.229911799470364997e+00
-3.943677749844120228e+00
1.320850647402661560e+00
