-5.317015918627808979e+00
-3.472035513386409367e+00
-4.964064372229431754e+00
-5.512007252780391831e+00
-2.341274754896053967e+00
-8.932169492376559328e-01
-6.485020311040156749e+00
-1.946763325071659168e+00
5.430577410462780197e-01
-5.332916743190352804e+00
-4.029972710155401927e+00
-5.128495559002895554e+00
-4.706445119695366053e+00
-1.181293361128002761e+00
-3.544133265398999200e+00
-1.782859613158244594e+00
-2.478352762264256715e+00
-5.791506992487840400e+00
-3.499218303036170319e+00
-5.561969052058707286e-01
-7.561823183112138302e+00
-2.617995875941481643e+00
-7.310633960271780474e+00
-3.519336458105154719e+00
1.999930827098820307e+00
-6.316938020518935382e+00
-3.071162710407991270e+00
-3.272552268167685074e+00
-2.964114295825019063e+00
-8.421334189156285177e+00
-3.441614153974863477e+00
6.462282906228214996e-01
-5.489930994011865018e+00
-1.986530528003419782e+00
-1.358065212639918196e+00
-6.039865080446334744e+00
-3.999001387002435237e+00
-4.841787249808779947e-01
-6.697743621550630522e+00
-3.455641840086213001e+00
1.024980489539828232e+00
-6.918076290981488796e+00
-3.027065859854189522e+00
7.864445476244092958e-01
-1.150274612806909680e+00
-2.321708164339663760e+00
-8.223012192517265007e+00
-2.054684559757997686e+00
-1.000257534000968729e+00
-5.682266361699946700e+00
-2.548185850738170721e+00
-1.523328773213201703e+00
-5.909300352650818766e+00
-1.626379651104673085e+00
1.489582861596319807e+00
-9.000000000000000000e+00
-2.825135176987738195e+00
5.747630139989802212e-01
-5.643121820508651076e+00
-2.386865566300165220e+00
1.411351679404143855e+00
-4.000000000000000000e+00
-2.186686344154593620e+00
-5.393824422252077255e+00
-2.066377898798277268e+00
-6.656725706168380441e+00
-2.113558333506615927e+00
-4.043118295509353644e+00
-1.290381184007667548e+00
-6.705472211852262276e+00
-1.249848697333498349e+00
-6.567620111679513428e+00
-4.211488915048628434e-01
-4.537123586130982211e+00
-2.075252701187088267e+00
-6.045529805519131550e+00
-1.335275097319051474e+00
-6.857336016808406320e+00
-1.560297138784766391e+00
-7.120415419342419838e+00
-1.439001476890799047e+00
-4.162624971448350308e+00
-2.933708876474742322e+00
-2.044019251627382960e+00
-3.802398367904744614e+00
-4.694177122656644663e+00
-3.359563850775903138e+00
-5.690196149515636570e+00
-2.778203354283827142e+00
-3.309499372434316022e+00
-3.698202603743320882e+00
-2.646750427720968357e+00
-3.375072867057341330e+00
-3.451239268551232975e+00
-2.848953126885615639e+00
1.421759720362262946e+00
-5.525769380680069176e+00
-3.792303115829755100e+00
1.909216132074171179e+00
-2.657787252719156612e+00
-1.000000000000000000e+00
4.681949197162992293e-01
-4.536625346545431370e+00
-2.433368488691580289e+00
1.085100168429317558e+00
