-6.145649676686358198e+00
-2.533126707317969739e+00
-5.912878207337030290e+00
-5.791672337519125691e+00
-2.177449701855219910e+00
1.139637613947943384e+00
-6.266765779751771959e+00
-3.015449108402487255e+00
-8.459406049625245450e-01
-7.362114486652811429e+00
-3.140338335564191397e+00
-5.784629051811155165e+00
-1.600871871459798923e+00
-1.297783914560124874e+00
-3.310908124052407864e+00
-7.824909849396340933e-01
-5.606843752478322118e-01
-6.260437084701491628e+00
-4.149644404045425894e+00
1.975714245602703256e+00
-7.557547184101545135e+00
-3.258566317454229200e+00
-6.763344470365614924e+00
-1.612617115915523591e+00
3.790938888376406135e-01
-6.594313728060891222e+00
-1.577518098779714828e+00
-5.339850846253269445e+00
-5.000000000000000000e+00
-6.257200043569874914e+00
-3.491487729824943820e+00
-4.852200334751958222e-01
-5.625982850257882362e+00
-3.704886347265247792e+00
-1.707476772371270046e+00
-5.342930323564395678e+00
-2.756823642492039816e+00
-5.994195159851627153e-02
-5.757735028841461933e+00
-3.701981097062196913e+00
-3.745486418942953755e-01
-7.315715830777351769e+00
-4.110170889110549730e+00
-8.200399253716439407e-01
4.968504664974370266e-01
-3.715127448800572996e+00
-6.554030670822355908e+00
-3.229291908229011465e+00
5.241061150760066845e-01
-5.983082769895442077e+00
-1.772745564120117523e+00
9.889278367531626479e-01
-7.440349227406114707e+00
-1.648530002337028844e+00
-7.111190794721078401e-01
-7.784307053008726385e+00
-3.544164714281939688e+00
-1.527972241127941444e-01
-7.215995479906642807e+00
-3.823405704512014225e+00
-1.078016221306113298e+00
-5.155030442586039818e+00
-6.604193414636266857e-02
-6.976743099455294583e+00
-1.247790438804762481e+00
-4.002305997564837625e+00
-1.390969050767802750e+00
-5.821944715407016524e+00
-2.305925572182391026e+00
-4.000000000000000000e+00
-1.924948515031229102e+00
-5.892974085641554893e+00
-1.040756651540744926e+00
-5.432285730721067019e+00
-3.456879333009716504e+00
-5.137831431941440208e+00
-1.988020810254709891e+00
-7.717372567391318050e+00
-1.723847589350860909e+00
-6.481019579003466369e+00
-8.620130889887428483e-01
-4.888718178365187406e+00
-1.894729557218261418e+00
-4.501344894094312821e+00
-4.110246755839421340e+00
-4.216448196514344104e+00
-3.774139479291803045e+00
-4.454483533904122439e+00
-3.162508760735291080e+00
-3.522672220873729110e+00
-3.231216981382454723e+00
-4.620323213617439251e+00
-1.964496896200443432e+00
-3.111403650938890042e+00
-2.446638193158437780e+00
1.502077280963319605e+00
-3.608745903911032116e+00
-2.329554529544058727e+00
1.595922406315145869e-01
-5.357537924512790539e+00
-1.000000000000000000e+00
-6.962119155476445553e-02
-4.241230147629805991e+00
-2.609299640025930955e+00
-1.000000000000000000e+00
