4.340858817503258393e+01
4.340858817503258393e+01
4.154494951509497014e+01
1.491536232699617415e+01
1.491536232699617415e+01
1.491536232699617415e+01
9.358748212963110547e+00
8.683171659949511678e+00
8.683171659949511678e+00
7.531393205317087336e+00
3.610870496912610417e+00
2.316933631324273435e+00
2.316933631324273435e+00
1.941801258851907797e+00
1.701193663307288384e+00
1.229588418743952083e+00
1.229588418743952083e+00
1.229588418743952083e+00
8.917217291441370541e-01
8.917217291441370541e-01
8.001252414614181685e-01
8.001252414614181685e-01
8.001252414614181685e-01
7.334217239004975353e-01
7.334217239004975353e-01
7.259507379795847593e-01
7.259507379795847593e-01
6.830891335695236100e-01
6.830891335695236100e-01
6.830891335695236100e-01
6.830891335695236100e-01
6.830891335695236100e-01
6.830891335695236100e-01
6.830891335695236100e-01
6.585522876583627117e-01
6.585522876583627117e-01
6.110255126029127126e-01
5.959241856259220871e-01
5.697031959844953697e-01
5.697031959844953697e-01
5.697031959844953697e-01
5.697031959844953697e-01
5.697031959844953697e-01
5.303167314652794673e-01
5.303167314652794673e-01
5.303167314652794673e-01
5.128414510563805706e-01
4.620758638264232943e-01
4.620758638264232943e-01
4.620758638264232943e-01
4.620758638264232943e-01
4.620758638264232943e-01
4.517544187006053424e-01
3.888090654262699175e-01
3.888090654262699175e-01
3.888090654262699175e-01
3.888090654262699175e-01
3.888090654262699175e-01
3.888090654262699175e-01
3.888090654262699175e-01
3.888090654262699175e-01
3.888090654262699175e-01
3.888090654262699175e-01
3.463492986005906049e-01
3.463492986005906049e-01
3.463492986005906049e-01
3.463492986005906049e-01
3.224331779094117834e-01
3.224331779094117834e-01
3.224331779094117834e-01
2.892417347786369053e-01
2.840795752060444324e-01
2.599874343642432639e-01
2.495360331954158961e-01
2.495360331954158961e-01
2.495360331954158961e-01
2.495360331954158961e-01
2.104403034549142681e-01
2.104403034549142681e-01
2.104403034549142681e-01
2.104403034549142681e-01
1.956328040573452609e-01
1.886254674593182412e-01
1.886254674593182412e-01
1.686118068899792044e-01
1.686118068899792044e-01
1.686118068899792044e-01
1.686118068899792044e-01
1.686118068899792044e-01
1.616353942755223705e-01
1.616353942755223705e-01
1.578028714655671239e-01
1.578028714655671239e-01
1.578028714655671239e-01
1.408526907967603825e-01
1.408526907967603825e-01
1.408526907967603825e-01
1.343119618362593748e-01
1.343119618362593748e-01
1.343119618362593748e-01
1.343119618362593748e-01
1.343119618362593748e-01
1.343119618362593748e-01
1.343119618362593748e-01
1.343119618362593748e-01
1.343119618362593748e-01
1.343119618362593748e-01
1.343119618362593748e-01
1.324389851068215329e-01
1.054314989953931136e-01
1.054314989953931136e-01
1.054314989953931136e-01
1.054314989953931136e-01
1.020473083885183874e-01
1.015045199680813526e-01
1.015045199680813526e-01
1.015045199680813526e-01
9.991799005278137469e-02
9.991799005278137469e-02
9.991799005278137469e-02
9.991799005278137469e-02
9.991799005278137469e-02
9.991799005278137469e-02
9.991799005278137469e-02
9.677822647757233776e-02
9.677822647757233776e-02
9.677822647757233776e-02
9.677822647757233776e-02
9.677822647757233776e-02
9.677822647757233776e-02
9.677822647757233776e-02
9.677822647757233776e-02
9.677822647757233776e-02
9.677822647757233776e-02
9.677822647757233776e-02
9.677822647757233776e-02
9.014561013983900251e-02
9.014561013983900251e-02
9.014561013983900251e-02
9.014561013983900251e-02
9.014561013983900251e-02
9.014561013983900251e-02
9.014561013983900251e-02
9.014561013983900251e-02
8.568806224941409588e-02
8.568806224941409588e-02
8.359466743644546061e-02
8.359466743644546061e-02
8.359466743644546061e-02
8.359466743644546061e-02
8.359466743644546061e-02
8.359466743644546061e-02
8.234482878829746388e-02
8.234482878829746388e-02
8.234482878829746388e-02
8.128967598433781139e-02
7.812643966557873687e-02
7.812643966557873687e-02
7.812643966557873687e-02
7.812643966557873687e-02
7.812643966557873687e-02
7.812643966557873687e-02
7.812643966557873687e-02
7.812643966557873687e-02
7.812643966557873687e-02
7.812643966557873687e-02
7.812643966557873687e-02
7.808708180965517887e-02
7.808708180965517887e-02
7.808708180965517887e-02
7.808708180965517887e-02
7.808708180965517887e-02
7.805518061806254737e-02
7.804924415976127738e-02
7.804847535188974561e-02
7.804822177661209504e-02
7.804822177661209504e-02
7.804822177661209504e-02
7.804822177661209504e-02
7.804820145532551101e-02
7.788141273774575046e-02
7.786022638433262588e-02
7.785843674365436340e-02
7.775775985628891052e-02
7.775775985628891052e-02
7.763786288205690167e-02
7.763127004292486033e-02
7.762603920244516564e-02
7.762603920244516564e-02
7.761430520907930397e-02
7.758592344625780957e-02
7.758424033111752105e-02
7.758418357268254129e-02
7.757489671179970681e-02
7.757035766694408974e-02
7.724073976198950198e-02
7.724073976198950198e-02
7.713793529877346900e-02
7.713658155118986726e-02
7.713655999361904159e-02
