2.376903059482241787e+00
2.376903059482241787e+00
1.341209488067159006e+00
1.341209488067159006e+00
1.341209488067159006e+00
1.341209488067159006e+00
1.341209488067159006e+00
1.341209488067159006e+00
1.341209488067159006e+00
1.341209488067159006e+00
1.161890580132038941e+00
8.021501738566843009e-01
4.829686856069289047e-01
3.696698454540714995e-01
2.820422802003416107e-01
2.820422802003416107e-01
2.002134029367620416e-01
2.002134029367620416e-01
2.002134029367620416e-01
2.002134029367620416e-01
2.002134029367620416e-01
1.682289240535947139e-01
1.682289240535947139e-01
1.555549002176303264e-01
1.555549002176303264e-01
1.555549002176303264e-01
1.555549002176303264e-01
1.512891163293932084e-01
1.512891163293932084e-01
1.512891163293932084e-01
1.512891163293932084e-01
1.512891163293932084e-01
1.358753288847858176e-01
1.358753288847858176e-01
1.358753288847858176e-01
1.358753288847858176e-01
1.358753288847858176e-01
1.358753288847858176e-01
1.358753288847858176e-01
1.358753288847858176e-01
1.358753288847858176e-01
1.358753288847858176e-01
1.358753288847858176e-01
1.358753288847858176e-01
1.358753288847858176e-01
1.358753288847858176e-01
1.358753288847858176e-01
1.358753288847858176e-01
1.358753288847858176e-01
1.358753288847858176e-01
1.358753288847858176e-01
1.358753288847858176e-01
1.358753288847858176e-01
1.358753288847858176e-01
1.358753288847858176e-01
1.358753288847858176e-01
1.358753288847858176e-01
1.358753288847858176e-01
1.358753288847858176e-01
1.358753288847858176e-01
1.358753288847858176e-01
1.358753288847858176e-01
1.358753288847858176e-01
1.358753288847858176e-01
1.358753288847858176e-01
1.358753288847858176e-01
1.358753288847858176e-01
1.288727093930345236e-01
1.288727093930345236e-01
1.288727093930345236e-01
1.288727093930345236e-01
1.288727093930345236e-01
1.288727093930345236e-01
1.288727093930345236e-01
1.288727093930345236e-01
1.288727093930345236e-01
1.288582653260733624e-01
1.288582653260733624e-01
1.288582653260733624e-01
1.288582653260733624e-01
1.288582653260733624e-01
1.288582653260733624e-01
1.288582653260733624e-01
1.288582653260733624e-01
1.288582653260733624e-01
1.288582653260733624e-01
1.288582653260733624e-01
1.288582653260733624e-01
1.288582653260733624e-01
1.288582653260733624e-01
1.265694802613868408e-01
1.183840318658224977e-01
1.183840318658224977e-01
1.183840318658224977e-01
1.183840318658224977e-01
1.183840318658224977e-01
1.183840318658224977e-01
1.159531317398081046e-01
1.159531317398081046e-01
1.159531317398081046e-01
1.159531317398081046e-01
1.159531317398081046e-01
1.159531317398081046e-01
1.159531317398081046e-01
1.074970508673167291e-01
1.074970508673167291e-01
1.074970508673167291e-01
1.074970508673167291e-01
1.074970508673167291e-01
1.074970508673167291e-01
1.074970508673167291e-01
1.074970508673167291e-01
1.074970508673167291e-01
1.074970508673167291e-01
1.074970508673167291e-01
1.074970508673167291e-01
1.074970508673167291e-01
1.074970508673167291e-01
1.074970508673167291e-01
1.074970508673167291e-01
1.074970508673167291e-01
1.074970508673167291e-01
1.074970508673167291e-01
1.074970508673167291e-01
1.074970508673167291e-01
1.074970508673167291e-01
1.074970508673167291e-01
1.074970508673167291e-01
1.074970508673167291e-01
1.074970508673167291e-01
1.068589890027178968e-01
1.067442441398502861e-01
1.067315481250264014e-01
1.067301197039865479e-01
1.067300677857363211e-01
1.067300238963001247e-01
1.067300238963001247e-01
1.067300238963001247e-01
1.067288736053753767e-01
1.067280979125962148e-01
1.067278725492783881e-01
1.067278009297460140e-01
1.067278009297460140e-01
1.067277837565476367e-01
1.067277837565476367e-01
1.067277837565476367e-01
1.067277837565476367e-01
1.067277837565476367e-01
1.067277837565476367e-01
1.067277768145871164e-01
1.067277768145871164e-01
1.067277768145871164e-01
1.067277768145871164e-01
1.067277768145871164e-01
1.067277768145871164e-01
1.067277768145871164e-01
1.067277768145871164e-01
1.067277768145871164e-01
1.043094721008885617e-01
1.043094721008885617e-01
1.030310363795532980e-01
1.030310363795532980e-01
1.030013941785620502e-01
1.030013941785620502e-01
1.029849730561375742e-01
1.029849730561375742e-01
1.029849730561375742e-01
1.029766213583108714e-01
1.029713906475210466e-01
1.029705013034667854e-01
1.029703300651649694e-01
1.029703114754835502e-01
1.014102243625266686e-01
9.986215439527212911e-02
9.965198219733936713e-02
9.962363174014012002e-02
9.962036593653755823e-02
9.673760730233191274e-02
9.634743217534114113e-02
9.634743217534114113e-02
9.634743217534114113e-02
9.634743217534114113e-02
9.620521127955947160e-02
9.620024098847547445e-02
9.619984294443037487e-02
9.596438796135106641e-02
9.585104642407764330e-02
9.583551962818143144e-02
9.580273162924823893e-02
9.578027138492591075e-02
9.577786486128271604e-02
9.577734578650770603e-02
9.577718315312871988e-02
9.577640202932209690e-02
9.577631438069415803e-02
9.577544953056728316e-02
9.577525159028683899e-02
9.577525159028683899e-02
9.577525159028683899e-02
9.577525159028683899e-02
