6.949562537703477005e+01
6.375088108635292627e+01
2.757935684351569705e+01
2.757935684351569705e+01
2.097329674185114357e+01
2.032319758677490285e+01
1.230210841781426545e+01
1.153460045194184502e+01
1.042293065401829466e+01
4.844728055580519666e+00
4.844728055580519666e+00
4.770485260416215567e+00
3.232066814983163727e+00
2.577749556323690072e+00
2.204663634089796709e+00
1.869109081987447407e+00
1.016610731887596764e+00
1.016610731887596764e+00
8.186415103488406952e-01
8.129866271620539431e-01
7.218447125945158804e-01
7.218447125945158804e-01
7.218447125945158804e-01
6.998342812775718569e-01
6.998342812775718569e-01
6.998342812775718569e-01
6.998342812775718569e-01
6.998342812775718569e-01
6.998342812775718569e-01
6.705535176523910179e-01
6.705535176523910179e-01
6.345050268420047157e-01
6.345050268420047157e-01
6.345050268420047157e-01
6.345050268420047157e-01
6.345050268420047157e-01
6.345050268420047157e-01
6.345050268420047157e-01
6.345050268420047157e-01
6.129827608459105237e-01
6.129827608459105237e-01
6.129827608459105237e-01
6.129827608459105237e-01
6.129827608459105237e-01
6.129827608459105237e-01
6.129827608459105237e-01
6.129827608459105237e-01
6.129827608459105237e-01
6.129827608459105237e-01
6.129827608459105237e-01
6.129827608459105237e-01
6.129827608459105237e-01
6.129827608459105237e-01
6.129827608459105237e-01
6.085026644430969744e-01
6.085026644430969744e-01
6.085026644430969744e-01
5.983726622308358500e-01
5.983726622308358500e-01
5.983726622308358500e-01
5.983726622308358500e-01
5.983726622308358500e-01
5.533268690880079888e-01
5.533268690880079888e-01
5.025856357026947663e-01
5.025856357026947663e-01
5.025856357026947663e-01
5.025856357026947663e-01
4.865859556953125997e-01
4.262301684992736983e-01
4.262301684992736983e-01
4.262301684992736983e-01
4.262301684992736983e-01
4.262301684992736983e-01
4.262301684992736983e-01
4.262301684992736983e-01
4.262301684992736983e-01
4.262301684992736983e-01
4.262301684992736983e-01
4.262301684992736983e-01
4.262301684992736983e-01
4.262301684992736983e-01
4.262301684992736983e-01
4.262301684992736983e-01
4.262301684992736983e-01
4.262301684992736983e-01
4.262301684992736983e-01
4.262301684992736983e-01
4.262301684992736983e-01
4.139463247469553631e-01
3.936602962188431865e-01
3.936602962188431865e-01
3.936602962188431865e-01
3.936602962188431865e-01
3.936602962188431865e-01
3.715681994371717867e-01
3.714552493994608406e-01
3.714552493994608406e-01
3.703205339616154057e-01
3.702926233868774619e-01
3.702926233868774619e-01
3.702926233868774619e-01
3.639056521676547473e-01
3.620845472411325372e-01
3.568146679104324259e-01
3.568146679104324259e-01
3.568146679104324259e-01
3.568146679104324259e-01
3.507579107443135613e-01
3.507579107443135613e-01
3.505340113697233417e-01
3.505340113697233417e-01
3.473964749380318295e-01
3.437586303187288861e-01
3.437586303187288861e-01
3.230281235745148249e-01
3.182922499622921064e-01
3.181320953611793678e-01
3.181320953611793678e-01
3.078919123485911458e-01
3.061938552902566113e-01
3.061938552902566113e-01
3.061938552902566113e-01
3.061938552902566113e-01
3.061938552902566113e-01
2.945937099085116917e-01
2.945937099085116917e-01
2.945937099085116917e-01
2.945937099085116917e-01
2.945937099085116917e-01
2.912231615672627449e-01
2.912231615672627449e-01
2.912231615672627449e-01
2.745324866297007560e-01
2.745324866297007560e-01
2.745324866297007560e-01
2.732728213594567968e-01
2.732728213594567968e-01
2.587087150294388738e-01
2.473929173482261046e-01
2.450395856887178092e-01
2.444948274154943035e-01
2.431020728244909224e-01
2.430944561517396074e-01
2.430944561517396074e-01
2.430557440201744634e-01
2.430312200332870043e-01
2.412148530090458820e-01
2.412148530090458820e-01
2.314747894906939440e-01
2.314747894906939440e-01
2.314747894906939440e-01
2.314747894906939440e-01
2.258203171252455843e-01
2.178965492994809350e-01
1.940514203328689291e-01
1.936023851704677390e-01
1.930495305457499422e-01
1.929088178373176421e-01
1.928824408575775806e-01
1.787258409503707790e-01
1.752332291726267643e-01
1.752332291726267643e-01
1.752332291726267643e-01
1.718370245205700364e-01
1.711955714037926568e-01
1.708320978406105140e-01
1.688837625362519246e-01
1.679192619299076095e-01
1.679192619299076095e-01
1.593083419050470573e-01
1.524819605775109832e-01
1.473949441021076834e-01
1.473949441021076834e-01
1.473949441021076834e-01
1.473949441021076834e-01
1.473949441021076834e-01
1.473949441021076834e-01
1.473949441021076834e-01
1.473949441021076834e-01
1.473949441021076834e-01
1.462357729027360387e-01
1.410496292870860868e-01
1.410496292870860868e-01
1.410496292870860868e-01
1.410496292870860868e-01
1.410496292870860868e-01
1.410496292870860868e-01
1.410496292870860868e-01
1.410496292870860868e-01
1.410496292870860868e-01
1.410496292870860868e-01
1.366251557300169617e-01
1.360699995110799809e-01
1.342850556584338217e-01
1.342850556584338217e-01
1.342850556584338217e-01
1.342850556584338217e-01
1.342850556584338217e-01
1.338702898406613218e-01
