3.483825990693961216e+01
3.089023720342800772e+01
2.735977378640286517e+01
1.872854693735194331e+01
4.559420905531684554e+00
4.559420905531684554e+00
4.559420905531684554e+00
4.559420905531684554e+00
4.306994967786826223e+00
3.611711163669419911e+00
2.768511266922867531e+00
2.156918707920558287e+00
2.156918707920558287e+00
2.142727895442020802e+00
2.142727895442020802e+00
2.142727895442020802e+00
2.142727895442020802e+00
2.142727895442020802e+00
2.080764001525782891e+00
2.061781782570976329e+00
2.061781782570976329e+00
2.061781782570976329e+00
2.061781782570976329e+00
2.061781782570976329e+00
2.061781782570976329e+00
2.028278678962195158e+00
2.028278678962195158e+00
2.028278678962195158e+00
2.028278678962195158e+00
2.028278678962195158e+00
2.028278678962195158e+00
2.028278678962195158e+00
2.028278678962195158e+00
2.028278678962195158e+00
2.028278678962195158e+00
2.028278678962195158e+00
2.022661084304923307e+00
2.022661084304923307e+00
2.022661084304923307e+00
1.929093455569513171e+00
1.929093455569513171e+00
1.729730368515292938e+00
1.729730368515292938e+00
1.729730368515292938e+00
1.729730368515292938e+00
1.728774328415935368e+00
1.728774328415935368e+00
1.728774328415935368e+00
1.728774328415935368e+00
1.728774328415935368e+00
1.679278125063873750e+00
1.679278125063873750e+00
1.679278125063873750e+00
1.666507651158401604e+00
1.641847270742890386e+00
1.620360207945185538e+00
1.620360207945185538e+00
1.620360207945185538e+00
1.620360207945185538e+00
1.515503420511195465e+00
1.505237829230989588e+00
1.489227546670513380e+00
1.437225592372294969e+00
1.437225592372294969e+00
1.437225592372294969e+00
1.437225592372294969e+00
1.437225592372294969e+00
1.437225592372294969e+00
1.437225592372294969e+00
1.437225592372294969e+00
1.437225592372294969e+00
1.437225592372294969e+00
1.433533085815269059e+00
1.415476658505124608e+00
1.415476658505124608e+00
1.395556829087198691e+00
1.395556829087198691e+00
1.395556829087198691e+00
1.395556829087198691e+00
1.395556829087198691e+00
1.395556829087198691e+00
1.395556829087198691e+00
1.395556829087198691e+00
1.395556829087198691e+00
1.395556829087198691e+00
1.375212993095890290e+00
1.367990305250460059e+00
1.334925202898945784e+00
1.314956697200219349e+00
1.314956697200219349e+00
1.259221588033187622e+00
1.259221588033187622e+00
1.259221588033187622e+00
1.248239953145737324e+00
1.248239953145737324e+00
1.248239953145737324e+00
1.248239953145737324e+00
1.248239953145737324e+00
1.248239953145737324e+00
1.248239953145737324e+00
1.248239953145737324e+00
1.248239953145737324e+00
1.248239953145737324e+00
1.248239953145737324e+00
1.248239953145737324e+00
1.241972799609377454e+00
1.221215667864158139e+00
1.196363723590499362e+00
1.189035758083701211e+00
1.186660569722330472e+00
1.169862825120090655e+00
1.146169981588594400e+00
1.146169981588594400e+00
1.146169981588594400e+00
1.132167204045246844e+00
1.122639942139118663e+00
1.119816548816328083e+00
1.118815557366433344e+00
1.118440958146189157e+00
1.104819734402515019e+00
1.091657486030393809e+00
1.077217036809948958e+00
1.077217036809948958e+00
1.073627313662530725e+00
1.073627313662530725e+00
1.043180898556526071e+00
1.043180898556526071e+00
1.043180898556526071e+00
1.043180898556526071e+00
1.042078201994483422e+00
1.042078201994483422e+00
1.029461447282668640e+00
1.013243706089698382e+00
1.013243706089698382e+00
9.829304398752352068e-01
9.829304398752352068e-01
9.829304398752352068e-01
9.455757588892553800e-01
9.455757588892553800e-01
9.404225009337550123e-01
9.300352806501424041e-01
9.295420465703381208e-01
9.271569271027084724e-01
9.271569271027084724e-01
9.200923823353865938e-01
8.963294749695054353e-01
8.963294749695054353e-01
8.509058847512198653e-01
8.509058847512198653e-01
8.509058847512198653e-01
8.509058847512198653e-01
8.509058847512198653e-01
8.398945353430041783e-01
8.347229362315765622e-01
8.240128691675063788e-01
8.157147716686452554e-01
8.148354619541989807e-01
8.146549478863218674e-01
8.146186946828295472e-01
8.080231449102659447e-01
7.971897127727747279e-01
7.971897127727747279e-01
7.914485278761614895e-01
7.914485278761614895e-01
7.914485278761614895e-01
7.914485278761614895e-01
7.914485278761614895e-01
7.914485278761614895e-01
7.914485278761614895e-01
7.914485278761614895e-01
7.773036703629198074e-01
7.585302218119602813e-01
7.585302218119602813e-01
7.198836453919131850e-01
7.198836453919131850e-01
7.068585028140104143e-01
6.910270525881587744e-01
6.697877351257743861e-01
6.668921023381703117e-01
6.551306491523346542e-01
6.551306491523346542e-01
6.483105376011375487e-01
6.444135262209937931e-01
6.439824665126214764e-01
6.430941523463453713e-01
6.253109533400219577e-01
5.823635197890788540e-01
5.540142081299626042e-01
5.189155745892730653e-01
4.717445895086992969e-01
4.387090015790245934e-01
4.289590486541672298e-01
4.168872078461801634e-01
3.991412172791364843e-01
3.688238448013991810e-01
3.539069814466279662e-01
3.472834463359982249e-01
3.386831606863129895e-01
3.333504441083220415e-01
3.301529765461298505e-01
