3.413484743005948729e+01
3.361780214686726254e+01
2.217789317709363672e+01
1.896745957087894396e+01
1.724400797680457131e+01
8.564554959652189936e+00
8.564554959652189936e+00
8.564554959652189936e+00
7.284374515958549345e+00
6.026360429271834462e+00
3.066731815368259451e+00
3.066731815368259451e+00
2.376315941185874081e+00
1.082922701153324008e+00
8.654937101503552555e-01
6.143235860392348702e-01
3.098578588027453562e-01
2.968798643048780050e-01
2.957098649796859324e-01
1.835989046329863927e-01
1.346697821704403164e-01
1.346697821704403164e-01
1.167341521099374002e-01
1.167341521099374002e-01
1.167341521099374002e-01
1.167341521099374002e-01
1.167341521099374002e-01
1.167341521099374002e-01
1.167341521099374002e-01
1.167341521099374002e-01
1.167341521099374002e-01
1.167341521099374002e-01
1.167341521099374002e-01
1.167341521099374002e-01
1.167341521099374002e-01
1.099327535783069937e-01
1.099327535783069937e-01
1.099327535783069937e-01
1.099327535783069937e-01
1.099327535783069937e-01
1.099327535783069937e-01
1.099327535783069937e-01
1.099327535783069937e-01
1.099327535783069937e-01
1.099327535783069937e-01
1.099327535783069937e-01
1.099327535783069937e-01
9.888738173686853483e-02
9.888738173686853483e-02
9.888738173686853483e-02
9.888738173686853483e-02
9.007321827526704183e-02
9.007321827526704183e-02
9.007321827526704183e-02
9.007321827526704183e-02
9.007321827526704183e-02
9.007321827526704183e-02
9.007321827526704183e-02
9.007321827526704183e-02
9.007321827526704183e-02
9.007321827526704183e-02
9.007321827526704183e-02
9.007321827526704183e-02
9.007321827526704183e-02
9.007321827526704183e-02
9.007321827526704183e-02
9.007321827526704183e-02
6.633245424725359163e-02
6.633245424725359163e-02
6.633245424725359163e-02
6.633245424725359163e-02
6.633245424725359163e-02
6.633245424725359163e-02
6.633245424725359163e-02
6.633245424725359163e-02
6.633245424725359163e-02
6.633245424725359163e-02
6.633245424725359163e-02
6.633245424725359163e-02
6.633245424725359163e-02
6.633245424725359163e-02
6.633245424725359163e-02
6.633245424725359163e-02
6.633245424725359163e-02
6.633245424725359163e-02
6.633245424725359163e-02
6.633245424725359163e-02
6.633245424725359163e-02
6.633245424725359163e-02
6.633245424725359163e-02
6.633245424725359163e-02
6.476499389667242368e-02
6.476499389667242368e-02
6.476499389667242368e-02
6.476499389667242368e-02
6.476499389667242368e-02
6.380637594936959534e-02
6.380637594936959534e-02
6.380637594936959534e-02
6.318418383741007671e-02
6.318418383741007671e-02
6.318418383741007671e-02
6.303498094709254762e-02
6.303498094709254762e-02
6.175243221244914454e-02
6.175243221244914454e-02
6.175243221244914454e-02
6.175243221244914454e-02
6.175243221244914454e-02
6.175243221244914454e-02
6.175243221244914454e-02
6.175243221244914454e-02
6.175243221244914454e-02
6.175243221244914454e-02
6.175243221244914454e-02
6.175243221244914454e-02
6.175243221244914454e-02
6.164029727811475706e-02
5.859616183031014780e-02
5.859616183031014780e-02
5.859616183031014780e-02
5.859616183031014780e-02
5.859616183031014780e-02
5.859616183031014780e-02
5.859616183031014780e-02
5.859616183031014780e-02
5.859616183031014780e-02
5.859616183031014780e-02
5.859616183031014780e-02
5.859616183031014780e-02
5.859616183031014780e-02
5.859616183031014780e-02
5.859616183031014780e-02
5.859616183031014780e-02
5.859616183031014780e-02
5.859616183031014780e-02
5.791968987707026700e-02
5.650791910613506275e-02
5.647277175396786530e-02
5.647277175396786530e-02
5.647277175396786530e-02
5.647277175396786530e-02
5.647277175396786530e-02
5.647251499195973801e-02
5.647251499195973801e-02
5.024232057586870692e-02
5.024232057586870692e-02
5.024232057586870692e-02
5.024232057586870692e-02
5.024232057586870692e-02
5.024232057586870692e-02
4.964019030430385365e-02
4.964019030430385365e-02
4.964019030430385365e-02
4.964019030430385365e-02
4.964019030430385365e-02
4.964019030430385365e-02
4.964019030430385365e-02
4.915784110349845359e-02
4.915784110349845359e-02
4.915784110349845359e-02
4.915784110349845359e-02
4.915784110349845359e-02
4.915784110349845359e-02
4.915784110349845359e-02
4.915784110349845359e-02
4.915784110349845359e-02
4.915784110349845359e-02
4.915784110349845359e-02
4.915784110349845359e-02
4.914383036643880931e-02
4.914383036643880931e-02
4.913726752857667385e-02
4.844226347509636432e-02
4.844226347509636432e-02
4.844226347509636432e-02
4.842572209912435199e-02
4.842572209912435199e-02
4.842572209912435199e-02
4.825984651919845020e-02
4.818819303788392239e-02
4.817696016471652992e-02
4.817542673704219153e-02
4.817491122542146703e-02
4.817491122542146703e-02
4.817455663164273844e-02
4.764685039749740753e-02
4.764685039749740753e-02
4.764685039749740753e-02
4.764685039749740753e-02
4.764685039749740753e-02
4.764685039749740753e-02
4.764685039749740753e-02
4.764685039749740753e-02
4.764685039749740753e-02
4.764685039749740753e-02
4.764685039749740753e-02
4.764685039749740753e-02
4.764685039749740753e-02
4.764685039749740753e-02
