1.493272205555358134e+01
1.493272205555358134e+01
1.493272205555358134e+01
1.350847781127299996e+01
1.350847781127299996e+01
1.350847781127299996e+01
5.735274536165308135e+00
1.248280412587662092e+00
1.248280412587662092e+00
7.824555679737793534e-01
4.055408577927954172e-01
4.055408577927954172e-01
2.100208667668146123e-01
2.100208667668146123e-01
2.100208667668146123e-01
2.100208667668146123e-01
2.100208667668146123e-01
1.757065352983709638e-01
1.757065352983709638e-01
1.757065352983709638e-01
1.757065352983709638e-01
1.757065352983709638e-01
1.757065352983709638e-01
1.757065352983709638e-01
1.757065352983709638e-01
1.757065352983709638e-01
1.710696042229838398e-01
1.710696042229838398e-01
1.710696042229838398e-01
1.710696042229838398e-01
1.630472598934112893e-01
1.630472598934112893e-01
1.421228420931706371e-01
1.421228420931706371e-01
1.421228420931706371e-01
1.421228420931706371e-01
1.421228420931706371e-01
1.421228420931706371e-01
1.421228420931706371e-01
1.421228420931706371e-01
1.225145868873251248e-01
1.225145868873251248e-01
1.225145868873251248e-01
1.225145868873251248e-01
1.225145868873251248e-01
1.225145868873251248e-01
1.118238445193513869e-01
1.118238445193513869e-01
1.118238445193513869e-01
1.118238445193513869e-01
1.118238445193513869e-01
1.118238445193513869e-01
1.118238445193513869e-01
1.037187096849655488e-01
1.037187096849655488e-01
1.037187096849655488e-01
1.037187096849655488e-01
1.037187096849655488e-01
1.037187096849655488e-01
1.031169172881421792e-01
8.819784988138268389e-02
8.819784988138268389e-02
8.819784988138268389e-02
8.819784988138268389e-02
8.819784988138268389e-02
8.819784988138268389e-02
8.819784988138268389e-02
8.819784988138268389e-02
8.819784988138268389e-02
8.819784988138268389e-02
8.819784988138268389e-02
7.698499704112159170e-02
7.698499704112159170e-02
7.698499704112159170e-02
7.698499704112159170e-02
6.895376773428590900e-02
6.895376773428590900e-02
6.895376773428590900e-02
6.895376773428590900e-02
6.895376773428590900e-02
6.895376773428590900e-02
6.895376773428590900e-02
6.895376773428590900e-02
6.895376773428590900e-02
6.895376773428590900e-02
6.895376773428590900e-02
6.895376773428590900e-02
6.895376773428590900e-02
6.895376773428590900e-02
6.895376773428590900e-02
6.895376773428590900e-02
6.895376773428590900e-02
6.895376773428590900e-02
6.895376773428590900e-02
6.895376773428590900e-02
6.349115835675980812e-02
6.349115835675980812e-02
6.349115835675980812e-02
6.349115835675980812e-02
6.349115835675980812e-02
6.349115835675980812e-02
6.349115835675980812e-02
6.349115835675980812e-02
6.271426644096951553e-02
6.271426644096951553e-02
6.271426644096951553e-02
6.271426644096951553e-02
5.852043642583010241e-02
5.629325579324639950e-02
5.629325579324639950e-02
5.629325579324639950e-02
5.629325579324639950e-02
5.629325579324639950e-02
5.629325579324639950e-02
5.629325579324639950e-02
5.629325579324639950e-02
5.629325579324639950e-02
5.629325579324639950e-02
5.629325579324639950e-02
5.629325579324639950e-02
5.629325579324639950e-02
5.629325579324639950e-02
5.629325579324639950e-02
5.629325579324639950e-02
5.629325579324639950e-02
5.629325579324639950e-02
5.629325579324639950e-02
5.629325579324639950e-02
5.629325579324639950e-02
5.629325579324639950e-02
5.266766230857223424e-02
5.266766230857223424e-02
5.266766230857223424e-02
5.175661825366194291e-02
5.175661825366194291e-02
5.175661825366194291e-02
5.175661825366194291e-02
5.119925950571750650e-02
5.119925950571750650e-02
5.119925950571750650e-02
5.119925950571750650e-02
5.119925950571750650e-02
5.119925950571750650e-02
5.119925950571750650e-02
5.119925950571750650e-02
5.119925950571750650e-02
5.119925950571750650e-02
5.119925950571750650e-02
5.119925950571750650e-02
5.119925950571750650e-02
5.119925950571750650e-02
5.119925950571750650e-02
5.119925950571750650e-02
5.119925950571750650e-02
5.103375930109612518e-02
5.103375930109612518e-02
4.999718200888567110e-02
4.999718200888567110e-02
4.999718200888567110e-02
4.999718200888567110e-02
4.999718200888567110e-02
4.999718200888567110e-02
4.981806722426632833e-02
4.975857295893168497e-02
4.974866211556719375e-02
4.974691609321827551e-02
4.974660504849081483e-02
4.974655051677399908e-02
4.974655051677399908e-02
4.974655051677399908e-02
4.974655051677399908e-02
4.974654332294996262e-02
4.974653932700748293e-02
4.974653932700748293e-02
4.974653932700748293e-02
4.961753291054073894e-02
4.944039627571143736e-02
4.941302228016653669e-02
4.941000457979879967e-02
4.940967229938325600e-02
4.940963587102629312e-02
4.940963587102629312e-02
4.940963587102629312e-02
4.940963587102629312e-02
4.940963587102629312e-02
4.940963587102629312e-02
4.940963587102629312e-02
4.940962005367989518e-02
4.940961533351388019e-02
4.940961533351388019e-02
4.937427031901623492e-02
4.937176885239964036e-02
4.936775377372116386e-02
4.936301000951639345e-02
4.935717293459358085e-02
4.935688292306582292e-02
4.935687421861992275e-02
4.935660908060046648e-02
4.935658836264901483e-02
4.935658836264901483e-02
