2.274909999107634917e+01
8.515387676184923649e+00
7.882167034313237508e+00
7.882167034313237508e+00
7.882167034313237508e+00
7.882167034313237508e+00
5.868837654885656008e+00
4.787784553297319334e+00
2.060810684634534873e+00
2.060810684634534873e+00
1.959774962037901691e+00
1.415563796203785696e+00
1.200590933962544238e+00
1.106554916596522942e+00
9.921681263944219786e-01
8.005440587032897071e-01
5.785209752776783176e-01
4.172833825277130204e-01
2.829430231238447280e-01
2.343766312862569368e-01
2.248464714009659471e-01
2.248464714009659471e-01
1.960819755408861886e-01
1.960819755408861886e-01
1.960819755408861886e-01
1.960819755408861886e-01
1.904001838227744325e-01
1.904001838227744325e-01
1.904001838227744325e-01
1.799101483271498547e-01
1.799101483271498547e-01
1.799101483271498547e-01
1.799101483271498547e-01
1.799101483271498547e-01
1.799101483271498547e-01
1.799101483271498547e-01
1.799101483271498547e-01
1.799101483271498547e-01
1.771732514775958001e-01
1.692945384325174329e-01
1.692945384325174329e-01
1.692945384325174329e-01
1.692945384325174329e-01
1.692945384325174329e-01
1.692945384325174329e-01
1.531756034274733003e-01
1.531756034274733003e-01
1.531756034274733003e-01
1.508819632497651331e-01
1.508819632497651331e-01
1.508819632497651331e-01
1.508819632497651331e-01
1.508819632497651331e-01
1.508819632497651331e-01
1.508819632497651331e-01
1.275010525262272321e-01
1.275010525262272321e-01
1.275010525262272321e-01
1.275010525262272321e-01
1.275010525262272321e-01
1.275010525262272321e-01
1.275010525262272321e-01
1.275010525262272321e-01
1.275010525262272321e-01
1.275010525262272321e-01
1.275010525262272321e-01
1.275010525262272321e-01
1.275010525262272321e-01
1.275010525262272321e-01
1.275010525262272321e-01
1.232338869388543007e-01
1.093663878953976543e-01
1.093663878953976543e-01
1.093663878953976543e-01
1.093663878953976543e-01
1.093663878953976543e-01
1.093663878953976543e-01
1.093663878953976543e-01
1.093663878953976543e-01
1.093663878953976543e-01
1.093663878953976543e-01
1.093663878953976543e-01
1.093663878953976543e-01
1.093663878953976543e-01
1.093663878953976543e-01
1.093663878953976543e-01
1.093663878953976543e-01
1.093663878953976543e-01
1.093663878953976543e-01
1.093663878953976543e-01
1.093663878953976543e-01
1.053444312161911645e-01
1.053444312161911645e-01
1.053444312161911645e-01
1.053444312161911645e-01
1.053444312161911645e-01
1.053444312161911645e-01
1.053444312161911645e-01
1.053444312161911645e-01
1.053444312161911645e-01
1.053444312161911645e-01
1.053444312161911645e-01
1.053444312161911645e-01
1.043581926084620470e-01
1.043581926084620470e-01
1.043581926084620470e-01
1.040748345241616357e-01
1.040748345241616357e-01
1.040510021365140536e-01
1.040510021365140536e-01
1.040510021365140536e-01
1.040510021365140536e-01
1.038772752718967046e-01
1.038772752718967046e-01
1.038772752718967046e-01
1.038772752718967046e-01
1.038772752718967046e-01
1.038772752718967046e-01
1.038772752718967046e-01
1.038772752718967046e-01
1.015334861617981504e-01
9.969847036723231137e-02
9.494862162611777956e-02
9.494862162611777956e-02
9.494862162611777956e-02
9.494862162611777956e-02
9.494862162611777956e-02
9.494862162611777956e-02
9.494862162611777956e-02
9.494862162611777956e-02
9.494862162611777956e-02
9.494862162611777956e-02
9.494862162611777956e-02
9.494862162611777956e-02
9.435700745599480410e-02
9.435700745599480410e-02
9.309889877199971353e-02
9.267220543090702589e-02
9.258579378924193526e-02
9.256379554124878617e-02
9.255765344645679182e-02
9.255575839010879435e-02
9.255527343893810155e-02
9.255507184904598894e-02
9.255507184904598894e-02
9.255506904858243344e-02
9.255506904858243344e-02
9.255506904858243344e-02
9.255506904858243344e-02
9.255506904858243344e-02
9.248332820197188719e-02
9.248332820197188719e-02
9.248332820197188719e-02
9.222912088380971762e-02
8.881348193750993048e-02
8.881348193750993048e-02
8.881348193750993048e-02
8.881348193750993048e-02
8.881348193750993048e-02
8.881348193750993048e-02
8.881348193750993048e-02
8.881348193750993048e-02
8.881348193750993048e-02
8.881348193750993048e-02
8.846488789561908483e-02
8.846488789561908483e-02
8.846488789561908483e-02
8.846488789561908483e-02
8.816528800431504276e-02
8.809798073036313737e-02
8.808787270926550506e-02
8.797856205669232765e-02
8.796242720768372714e-02
8.796067414493770331e-02
8.796017479564594010e-02
8.796017479564594010e-02
8.609093520187705018e-02
8.609093520187705018e-02
8.609093520187705018e-02
8.577832294002743496e-02
8.577832294002743496e-02
8.577832294002743496e-02
8.534776321471493343e-02
8.534776321471493343e-02
8.504182615304066439e-02
8.504182615304066439e-02
8.504182615304066439e-02
8.504182615304066439e-02
8.448215194721828136e-02
8.411645373005378901e-02
8.410031152185561132e-02
8.409207504233022490e-02
8.408589028899331186e-02
8.407449022189486532e-02
8.407449022189486532e-02
8.405939831590510114e-02
8.405919463874284014e-02
8.405919463874284014e-02
8.405899228903086773e-02
8.405872477802089904e-02
