3.545058719031720784e+01
2.161274011237963322e+01
1.199153337920392737e+01
3.055133751800211073e+00
3.055133751800211073e+00
3.055133751800211073e+00
2.783152538702785783e+00
1.447263560291933482e+00
1.140855318998369450e+00
1.140855318998369450e+00
1.104375750086164620e+00
1.051141855154437810e+00
1.051141855154437810e+00
1.039888623418776303e+00
1.039888623418776303e+00
9.769629222876483610e-01
9.769629222876483610e-01
9.548742479205776235e-01
9.548742479205776235e-01
9.059700254803660924e-01
8.920911744093558138e-01
8.920911744093558138e-01
8.920911744093558138e-01
8.122563763543769744e-01
8.122563763543769744e-01
8.122563763543769744e-01
7.689684889585168825e-01
7.629257097799683196e-01
7.629257097799683196e-01
7.629257097799683196e-01
7.629257097799683196e-01
7.629257097799683196e-01
7.629257097799683196e-01
7.256646362325819277e-01
7.256646362325819277e-01
7.256646362325819277e-01
7.056906029376504019e-01
7.056906029376504019e-01
7.056906029376504019e-01
7.056906029376504019e-01
7.056906029376504019e-01
7.056906029376504019e-01
7.056906029376504019e-01
7.056906029376504019e-01
7.056906029376504019e-01
7.056906029376504019e-01
7.056906029376504019e-01
7.056906029376504019e-01
6.783110981179606425e-01
6.783110981179606425e-01
6.783110981179606425e-01
6.783110981179606425e-01
6.783110981179606425e-01
6.783110981179606425e-01
6.783110981179606425e-01
6.783110981179606425e-01
6.695681730591479530e-01
6.695681730591479530e-01
6.695681730591479530e-01
6.695681730591479530e-01
6.695681730591479530e-01
6.510475756504956468e-01
6.393174447438894070e-01
6.393174447438894070e-01
6.393174447438894070e-01
6.393174447438894070e-01
6.393174447438894070e-01
6.393174447438894070e-01
6.393174447438894070e-01
6.393174447438894070e-01
6.393174447438894070e-01
6.393174447438894070e-01
6.151841981275001370e-01
6.151841981275001370e-01
5.698246807238406264e-01
5.698246807238406264e-01
5.698246807238406264e-01
5.698246807238406264e-01
5.698246807238406264e-01
5.698246807238406264e-01
5.698246807238406264e-01
5.698246807238406264e-01
5.253984141760348336e-01
5.253984141760348336e-01
5.253984141760348336e-01
5.229679741496651157e-01
5.229679741496651157e-01
5.229679741496651157e-01
4.973109405881331879e-01
4.918275404868756029e-01
4.470731432859661458e-01
4.470731432859661458e-01
4.341757354522711165e-01
4.341757354522711165e-01
4.341757354522711165e-01
4.341757354522711165e-01
4.341757354522711165e-01
4.153751283145542539e-01
4.153751283145542539e-01
4.153751283145542539e-01
4.153751283145542539e-01
4.153751283145542539e-01
4.115409078148434818e-01
4.073668682797373375e-01
4.073668682797373375e-01
3.741286156021538800e-01
3.741286156021538800e-01
3.478341050462175899e-01
3.478341050462175899e-01
3.284249347244724282e-01
3.284249347244724282e-01
3.284249347244724282e-01
3.248646648313450180e-01
2.940448083994595119e-01
2.940448083994595119e-01
2.940448083994595119e-01
2.437436687923649203e-01
2.437436687923649203e-01
2.437436687923649203e-01
2.437436687923649203e-01
2.437436687923649203e-01
2.437436687923649203e-01
2.437436687923649203e-01
2.400926084080367284e-01
2.400926084080367284e-01
2.400926084080367284e-01
2.237440788059226748e-01
1.934419652992706018e-01
1.934419652992706018e-01
1.934419652992706018e-01
1.934419652992706018e-01
1.934419652992706018e-01
1.934419652992706018e-01
1.904049844404674396e-01
1.764799791988923006e-01
1.652795329483342512e-01
1.652795329483342512e-01
1.597660741819645069e-01
1.597660741819645069e-01
1.549156772098090606e-01
1.545832826503803215e-01
1.527690706753059846e-01
1.524570479745225582e-01
1.456086455830379878e-01
1.456086455830379878e-01
1.456086455830379878e-01
1.456086455830379878e-01
1.453098544901834932e-01
1.449594464561095308e-01
1.449594464561095308e-01
1.449594464561095308e-01
1.424500647853419733e-01
1.338840985868325895e-01
1.338840985868325895e-01
1.338840985868325895e-01
1.338840985868325895e-01
1.338840985868325895e-01
1.338840985868325895e-01
1.338840985868325895e-01
1.338840985868325895e-01
1.338840985868325895e-01
1.338840985868325895e-01
1.316319649870622555e-01
1.316319649870622555e-01
1.316319649870622555e-01
1.316319649870622555e-01
1.299032725960406476e-01
1.285850415180562756e-01
1.285850415180562756e-01
1.235312336655859378e-01
1.235312336655859378e-01
1.235312336655859378e-01
1.235312336655859378e-01
1.235312336655859378e-01
1.235312336655859378e-01
1.235312336655859378e-01
1.235312336655859378e-01
1.235312336655859378e-01
1.204243339180321032e-01
1.204243339180321032e-01
1.204243339180321032e-01
1.204243339180321032e-01
1.204243339180321032e-01
1.199030856870025308e-01
1.168711005363916311e-01
1.168711005363916311e-01
1.154204460313595082e-01
1.131369983152800268e-01
1.131369983152800268e-01
1.131369983152800268e-01
1.131369983152800268e-01
1.131369983152800268e-01
1.131369983152800268e-01
1.131369983152800268e-01
1.131369983152800268e-01
1.131369983152800268e-01
1.124504879721310441e-01
1.124270160911732958e-01
1.123587571893768788e-01
1.089122347181747108e-01
