1.505482495149956890e+01
1.271188979868275482e+01
1.271188979868275482e+01
1.271188979868275482e+01
1.171735960517917619e+01
4.554545715849293686e+00
4.554545715849293686e+00
2.208899797424993761e+00
1.761105809919763177e+00
1.761105809919763177e+00
1.045183775061410358e+00
3.665318205579163324e-01
3.515742234223771523e-01
3.197479360862645614e-01
3.026992035386570357e-01
3.026992035386570357e-01
3.026992035386570357e-01
2.739515117427492874e-01
2.702752320221631921e-01
2.382110531879990112e-01
2.382110531879990112e-01
2.382110531879990112e-01
2.203665298535138206e-01
2.203665298535138206e-01
1.548843644795849794e-01
1.548843644795849794e-01
1.548843644795849794e-01
1.548843644795849794e-01
1.548843644795849794e-01
1.390043952667703586e-01
1.390043952667703586e-01
1.390043952667703586e-01
1.390043952667703586e-01
1.085338827613182289e-01
1.085338827613182289e-01
1.085338827613182289e-01
1.085338827613182289e-01
1.085338827613182289e-01
1.085338827613182289e-01
1.085338827613182289e-01
1.085338827613182289e-01
1.085338827613182289e-01
1.085338827613182289e-01
1.085338827613182289e-01
1.085338827613182289e-01
1.085338827613182289e-01
1.085338827613182289e-01
1.062905267672771409e-01
9.969138099700117217e-02
9.969138099700117217e-02
9.969138099700117217e-02
9.969138099700117217e-02
8.322305004562817465e-02
8.322305004562817465e-02
8.322305004562817465e-02
8.322305004562817465e-02
8.322305004562817465e-02
8.322305004562817465e-02
8.322305004562817465e-02
8.322305004562817465e-02
8.322305004562817465e-02
8.322305004562817465e-02
8.322305004562817465e-02
8.322305004562817465e-02
8.322305004562817465e-02
8.322305004562817465e-02
7.923291496068485262e-02
7.923291496068485262e-02
7.923291496068485262e-02
7.923291496068485262e-02
7.923291496068485262e-02
7.923291496068485262e-02
7.923291496068485262e-02
7.923291496068485262e-02
7.822830394688984335e-02
7.822830394688984335e-02
7.822830394688984335e-02
7.822830394688984335e-02
7.822830394688984335e-02
7.822830394688984335e-02
7.822830394688984335e-02
7.822830394688984335e-02
7.822830394688984335e-02
7.822830394688984335e-02
7.822830394688984335e-02
7.822830394688984335e-02
7.822830394688984335e-02
7.811627904425638702e-02
7.198753883317698943e-02
7.198753883317698943e-02
7.198753883317698943e-02
7.198753883317698943e-02
7.198753883317698943e-02
7.198753883317698943e-02
7.198753883317698943e-02
7.198753883317698943e-02
7.198753883317698943e-02
7.198753883317698943e-02
7.198753883317698943e-02
7.198753883317698943e-02
6.914779396364201247e-02
6.914779396364201247e-02
6.914779396364201247e-02
6.852052094355398637e-02
6.852052094355398637e-02
6.852052094355398637e-02
6.852052094355398637e-02
6.852052094355398637e-02
6.852052094355398637e-02
6.852052094355398637e-02
6.852052094355398637e-02
6.852052094355398637e-02
6.810300208255234966e-02
6.810300208255234966e-02
6.810300208255234966e-02
6.810300208255234966e-02
6.810300208255234966e-02
6.810300208255234966e-02
6.749486749453416368e-02
6.749486749453416368e-02
6.724718842220633874e-02
6.651237810574452125e-02
6.651237810574452125e-02
6.651237810574452125e-02
6.651237810574452125e-02
6.651237810574452125e-02
6.651237810574452125e-02
6.651237810574452125e-02
6.651237810574452125e-02
6.651237810574452125e-02
6.454599540863356633e-02
6.454599540863356633e-02
6.454599540863356633e-02
6.450127866161309287e-02
6.450127866161309287e-02
6.450127866161309287e-02
6.450127866161309287e-02
6.436668990332948537e-02
6.145323526665507491e-02
6.145323526665507491e-02
6.145323526665507491e-02
6.145323526665507491e-02
6.145323526665507491e-02
6.145323526665507491e-02
6.145323526665507491e-02
5.785504898318818284e-02
5.785504898318818284e-02
5.785504898318818284e-02
5.785504898318818284e-02
5.785504898318818284e-02
5.785504898318818284e-02
5.785504898318818284e-02
5.785504898318818284e-02
5.785504898318818284e-02
5.785504898318818284e-02
5.785504898318818284e-02
5.785504898318818284e-02
5.785504898318818284e-02
5.785504898318818284e-02
5.526713168889942074e-02
5.526713168889942074e-02
5.526713168889942074e-02
5.526713168889942074e-02
5.526713168889942074e-02
5.526713168889942074e-02
5.526713168889942074e-02
5.519098292285903873e-02
5.519098292285903873e-02
5.519098292285903873e-02
5.507054380429000223e-02
5.507054380429000223e-02
5.498508438669565124e-02
5.498446053893087798e-02
5.498446053893087798e-02
5.491060441749517212e-02
5.491060441749517212e-02
5.470627189071081836e-02
5.470627189071081836e-02
5.470627189071081836e-02
5.470627189071081836e-02
5.470627189071081836e-02
5.470627189071081836e-02
5.470627189071081836e-02
5.470627189071081836e-02
5.470627189071081836e-02
5.470627189071081836e-02
5.470627189071081836e-02
5.470627189071081836e-02
5.470627189071081836e-02
5.470627189071081836e-02
5.458498593735763155e-02
5.457479461663598819e-02
5.457431663366945490e-02
5.422406993656025964e-02
5.421844598101800000e-02
5.421844598101800000e-02
5.421844598101800000e-02
5.421544219810987136e-02
5.420367919981167182e-02
5.420348189229202279e-02
