3.166163700082814358e+01
6.604868252331724143e+00
6.604868252331724143e+00
6.604868252331724143e+00
4.645840202732189006e+00
4.199952149489839748e+00
4.199952149489839748e+00
4.146578013642892024e+00
2.408897343538018987e+00
2.237461320654282382e+00
2.237461320654282382e+00
1.137409771995623986e+00
7.036712008968994958e-01
7.036712008968994958e-01
7.036712008968994958e-01
7.036712008968994958e-01
7.036712008968994958e-01
6.150627407076032505e-01
5.698022439878565049e-01
4.197042423025940661e-01
4.197042423025940661e-01
4.197042423025940661e-01
4.197042423025940661e-01
4.197042423025940661e-01
3.685047965518991608e-01
3.685047965518991608e-01
3.685047965518991608e-01
3.437394061967058434e-01
3.437394061967058434e-01
3.437394061967058434e-01
3.437394061967058434e-01
3.437394061967058434e-01
3.437394061967058434e-01
3.437394061967058434e-01
3.394680371644085981e-01
3.394680371644085981e-01
3.394680371644085981e-01
3.394680371644085981e-01
3.394680371644085981e-01
3.394680371644085981e-01
3.226824015688286584e-01
3.226824015688286584e-01
3.226824015688286584e-01
3.226824015688286584e-01
3.226824015688286584e-01
2.887773817806649768e-01
2.887773817806649768e-01
2.887773817806649768e-01
2.887773817806649768e-01
2.774791100479588324e-01
2.774791100479588324e-01
2.579014270220859606e-01
2.579014270220859606e-01
2.579014270220859606e-01
2.400293599974654413e-01
2.400293599974654413e-01
2.400293599974654413e-01
2.400293599974654413e-01
2.400293599974654413e-01
2.400293599974654413e-01
2.400293599974654413e-01
2.400293599974654413e-01
2.400293599974654413e-01
2.195628481174060342e-01
2.195628481174060342e-01
2.185055939010822623e-01
2.185055939010822623e-01
2.185055939010822623e-01
2.185055939010822623e-01
2.185055939010822623e-01
2.185055939010822623e-01
2.185055939010822623e-01
2.185055939010822623e-01
2.077075805485779636e-01
2.008448033653127962e-01
1.990723152332828927e-01
1.990723152332828927e-01
1.990723152332828927e-01
1.833555304566296396e-01
1.833555304566296396e-01
1.833555304566296396e-01
1.833555304566296396e-01
1.833555304566296396e-01
1.833555304566296396e-01
1.833555304566296396e-01
1.833555304566296396e-01
1.833555304566296396e-01
1.833555304566296396e-01
1.833555304566296396e-01
1.833555304566296396e-01
1.833555304566296396e-01
1.833555304566296396e-01
1.833555304566296396e-01
1.833555304566296396e-01
1.833555304566296396e-01
1.833555304566296396e-01
1.833555304566296396e-01
1.833555304566296396e-01
1.814889785478065454e-01
1.814889785478065454e-01
1.814889785478065454e-01
1.796495619677526689e-01
1.787377041317831372e-01
1.787377041317831372e-01
1.775385221269011327e-01
1.775385221269011327e-01
1.775385221269011327e-01
1.775385221269011327e-01
1.775385221269011327e-01
1.775385221269011327e-01
1.775385221269011327e-01
1.775385221269011327e-01
1.775385221269011327e-01
1.775385221269011327e-01
1.775385221269011327e-01
1.775385221269011327e-01
1.775385221269011327e-01
1.766777454094010380e-01
1.766777454094010380e-01
1.764367884407350706e-01
1.764367884407350706e-01
1.764367884407350706e-01
1.764367884407350706e-01
1.764367884407350706e-01
1.764367884407350706e-01
1.757559357183743898e-01
1.757559357183743898e-01
1.757559357183743898e-01
1.757414588434435543e-01
1.757414588434435543e-01
1.757414588434435543e-01
1.757414588434435543e-01
1.757414588434435543e-01
1.757414588434435543e-01
1.757414588434435543e-01
1.752539434089991077e-01
1.752539434089991077e-01
1.752539434089991077e-01
1.752539434089991077e-01
1.750571088971762390e-01
1.750571088971762390e-01
1.750571088971762390e-01
1.750571088971762390e-01
1.748689622336448424e-01
1.748689622336448424e-01
1.746624220138164041e-01
1.746624220138164041e-01
1.746624220138164041e-01
1.746624220138164041e-01
1.746624220138164041e-01
1.746624220138164041e-01
1.746624220138164041e-01
1.746482919522202026e-01
1.746482919522202026e-01
1.744270401729721143e-01
1.741043485289632820e-01
1.740844544507436087e-01
1.740844544507436087e-01
1.740795085626631877e-01
1.740783849867862665e-01
1.740244561422694958e-01
1.740244561422694958e-01
1.740244561422694958e-01
1.740201018565025182e-01
1.740190480653590888e-01
1.740189439221001000e-01
1.740189439221001000e-01
1.740149942927900484e-01
1.740149942927900484e-01
1.737910836649981527e-01
1.737910836649981527e-01
1.737910836649981527e-01
1.737910836649981527e-01
1.737910836649981527e-01
1.737910836649981527e-01
1.737429381757867042e-01
1.737429381757867042e-01
1.737429381757867042e-01
1.737429381757867042e-01
1.737429381757867042e-01
1.737429381757867042e-01
1.737429381757867042e-01
1.737429381757867042e-01
1.737429381757867042e-01
1.737429381757867042e-01
1.737198592736276526e-01
1.737198592736276526e-01
1.737198592736276526e-01
1.737198592736276526e-01
1.737194021413319134e-01
1.737194021413319134e-01
1.737194021413319134e-01
1.737193372220482146e-01
1.737193372220482146e-01
1.737193372220482146e-01
1.737193372220482146e-01
1.737193372220482146e-01
1.737193341610151209e-01
1.737193341610151209e-01
1.737193341610151209e-01
