5.244438461758446302e+00
5.244438461758446302e+00
2.835408344496415101e+00
2.835408344496415101e+00
2.835408344496415101e+00
2.835408344496415101e+00
1.747167207885304663e+00
1.103411398019103817e+00
6.711772202547732213e-01
5.955455346485625245e-01
5.631556704626804466e-01
5.023220071133879250e-01
5.023220071133879250e-01
5.023220071133879250e-01
2.843013279735321364e-01
2.074048884238277601e-01
2.074048884238277601e-01
2.074048884238277601e-01
2.074048884238277601e-01
2.074048884238277601e-01
2.074048884238277601e-01
1.991643492565831619e-01
1.272204603203236362e-01
1.272204603203236362e-01
1.272204603203236362e-01
1.272204603203236362e-01
1.051993521593647118e-01
1.051993521593647118e-01
1.051993521593647118e-01
1.051993521593647118e-01
1.051993521593647118e-01
1.051268789961729011e-01
1.051268789961729011e-01
1.051268789961729011e-01
1.051268789961729011e-01
9.751228271081791021e-02
9.593346131008545496e-02
9.593346131008545496e-02
9.593346131008545496e-02
7.665582531526715648e-02
7.665582531526715648e-02
7.665582531526715648e-02
7.665582531526715648e-02
7.665582531526715648e-02
7.665582531526715648e-02
7.665582531526715648e-02
7.665582531526715648e-02
7.665582531526715648e-02
7.665582531526715648e-02
7.665582531526715648e-02
7.665582531526715648e-02
7.665582531526715648e-02
7.665582531526715648e-02
7.665582531526715648e-02
7.665582531526715648e-02
7.665582531526715648e-02
7.665582531526715648e-02
7.665582531526715648e-02
7.665582531526715648e-02
7.665582531526715648e-02
7.665582531526715648e-02
7.180612516366891018e-02
7.180612516366891018e-02
7.180612516366891018e-02
7.180612516366891018e-02
7.180612516366891018e-02
7.180612516366891018e-02
7.180612516366891018e-02
7.180612516366891018e-02
7.180612516366891018e-02
7.180612516366891018e-02
7.180612516366891018e-02
7.180612516366891018e-02
7.180612516366891018e-02
7.180612516366891018e-02
7.180612516366891018e-02
7.180612516366891018e-02
7.180612516366891018e-02
7.180612516366891018e-02
7.180612516366891018e-02
7.180612516366891018e-02
7.180612516366891018e-02
7.180612516366891018e-02
7.180612516366891018e-02
7.180612516366891018e-02
7.180612516366891018e-02
7.180612516366891018e-02
7.180612516366891018e-02
7.174519853954867965e-02
7.174519853954867965e-02
7.109947010443756765e-02
7.109947010443756765e-02
7.109947010443756765e-02
7.109947010443756765e-02
7.048572162816263420e-02
7.048572162816263420e-02
7.048572162816263420e-02
7.048572162816263420e-02
7.048572162816263420e-02
7.048572162816263420e-02
6.994896355530656751e-02
6.994896355530656751e-02
6.994896355530656751e-02
6.994896355530656751e-02
6.994896355530656751e-02
6.994896355530656751e-02
6.994896355530656751e-02
6.994896355530656751e-02
6.994896355530656751e-02
6.994896355530656751e-02
6.994896355530656751e-02
6.994896355530656751e-02
6.994896355530656751e-02
6.994896355530656751e-02
6.994896355530656751e-02
6.994896355530656751e-02
6.994896355530656751e-02
6.994896355530656751e-02
6.994896355530656751e-02
6.994896355530656751e-02
6.994896355530656751e-02
6.994896355530656751e-02
6.903483766044543612e-02
6.903483766044543612e-02
6.903483766044543612e-02
6.903483766044543612e-02
6.903483766044543612e-02
6.903483766044543612e-02
6.799000992644430030e-02
6.784279953413008268e-02
6.777824047661709650e-02
6.777824047661709650e-02
6.777824047661709650e-02
6.752268394177442234e-02
6.752268394177442234e-02
6.657786093844829389e-02
6.657786093844829389e-02
6.657786093844829389e-02
6.657786093844829389e-02
6.657786093844829389e-02
6.592445894237795867e-02
6.592445894237795867e-02
6.592445894237795867e-02
6.592445894237795867e-02
6.592445894237795867e-02
6.592445894237795867e-02
6.592445894237795867e-02
6.592445894237795867e-02
6.592445894237795867e-02
6.592445894237795867e-02
6.592445894237795867e-02
6.592445894237795867e-02
6.592445894237795867e-02
6.592445894237795867e-02
6.592445894237795867e-02
6.592445894237795867e-02
6.592445894237795867e-02
6.592445894237795867e-02
6.592445894237795867e-02
6.592445894237795867e-02
6.313629411791919777e-02
6.313629411791919777e-02
6.313629411791919777e-02
6.313629411791919777e-02
6.313629411791919777e-02
6.313629411791919777e-02
6.313629411791919777e-02
6.313629411791919777e-02
6.313629411791919777e-02
6.313629411791919777e-02
6.313629411791919777e-02
6.313629411791919777e-02
6.313629411791919777e-02
6.313629411791919777e-02
6.313629411791919777e-02
6.313629411791919777e-02
6.313629411791919777e-02
6.313629411791919777e-02
6.184050283690837452e-02
6.184050283690837452e-02
6.173950637687043025e-02
6.169717591097919479e-02
6.169315735308930626e-02
6.169299480157659082e-02
6.169299480157659082e-02
6.169287630493856811e-02
6.169287630493856811e-02
6.169270534022607694e-02
6.169270534022607694e-02
6.169270534022607694e-02
5.985333384452599242e-02
5.899236869724740900e-02
5.899236869724740900e-02
5.892603965925203441e-02
5.892467942862456703e-02
5.892467942862456703e-02
5.892467942862456703e-02
5.892467942862456703e-02
5.892467942862456703e-02
5.892426840780626979e-02
