-6.882534483309582285e+00
-3.897960738381134771e+00
-4.942154680505337794e+00
-6.697013403509489038e+00
-2.540033630493061523e+00
-1.018356166946786656e+00
-6.078674851079574282e+00
-1.247429787854218208e+00
-1.542660879722331478e-02
-5.059072706826629684e+00
-1.866093014015921092e+00
-6.342506630250507094e+00
-1.701685825795869356e+00
-5.921997598949662045e-01
-3.040680605919640733e+00
-2.146164965899025390e+00
-6.690639592002380898e-01
-7.172808326315930572e+00
-2.303480430991185379e+00
-2.811802808641768459e-01
-6.113410657537150072e+00
-3.413333078836967793e+00
-7.739632609739496516e+00
-2.366293399767455341e+00
1.407505591947082024e+00
-6.529076240210788917e+00
-1.219491516375622808e+00
-4.160913611674312840e+00
-2.720937405906683981e+00
-7.204067757794132554e+00
-3.421942957378844685e+00
4.102669499497280658e-01
-6.650316008104176113e+00
-3.350075960755792170e+00
4.878499413636679799e-02
-6.192915281184300014e+00
-1.058468672235391317e+00
-7.024726149997929242e-03
-5.604393572893179964e+00
-2.215895061789317388e+00
-6.791143172544414908e-01
-7.930219815493409818e+00
-2.173639046015006127e+00
3.255770772671261470e-01
-1.518099164220717112e+00
-4.341360126464594238e+00
-5.990951457276154635e+00
-2.759610388557009575e+00
-5.361689276568980533e-01
-6.068527307529817172e+00
-3.778897117316569965e+00
4.475860794717955726e-01
-6.821501180355451943e+00
-1.000000000000000000e+00
2.000000000000000000e+00
-7.376971013927506426e+00
-2.472581197295945721e+00
1.619072964708941909e-01
-7.582884380711370831e+00
-2.547379342177674921e+00
-1.844026608661424316e+00
-5.041872003104176159e+00
-3.007451122411034294e+00
-7.255070880807604539e+00
-2.286475828848234748e+00
-6.732865303477450603e+00
-1.725220018487720441e+00
-4.234359457025737683e+00
-2.454676322337104644e+00
-5.965413820694327462e+00
-1.452797848728474284e+00
-4.494539595282823541e+00
-1.695883128543978602e+00
-5.797436104172987825e+00
-2.173372760753519817e+00
-5.680507667755159140e+00
-1.962886366323321141e+00
-6.429521318163388344e+00
-1.926155327235686610e+00
-6.374386858811655010e+00
-1.260406428896483577e+00
-4.782898152852262719e+00
-2.572899263105861589e+00
-3.734100349222147397e+00
-2.084231056748638622e+00
-2.615154050377930695e+00
-2.642314085769462917e+00
-5.063775523734758366e+00
-3.181306616603488013e+00
-3.967370799169230189e+00
-3.268193316737652676e+00
-3.983071014411732502e+00
-2.819090584010598644e+00
-5.604541932803102533e+00
-1.361363548035604998e+00
1.273994063741997085e+00
-3.773592385800905724e+00
-2.189591287884907533e+00
1.090727946937915249e-01
-4.865441951269354526e+00
-3.503053204999645232e+00
1.463607869455701538e+00
-5.131280260082161426e+00
-3.442130998341765835e+00
6.705429999951444398e-01
