-6.295973799694309925e+00
-2.315041782679172933e+00
-5.020699653646326865e+00
-4.845713709129724656e+00
-1.883202216557922526e+00
-5.060044655149263937e-01
-6.741077566265143872e+00
-2.240412948926177261e+00
6.472024415131666375e-01
-5.161400745982993143e+00
-1.643043969472040011e+00
-5.282851295220697629e+00
-4.377895495045234675e+00
-3.879392272168940003e-01
-3.740688222776840544e+00
-2.272650349697658001e+00
-9.666351849066954216e-01
-4.690163663802355387e+00
-1.887643300077052055e+00
8.697838006391617194e-01
-8.490006162008370438e+00
-4.096298196261847657e+00
-6.761553723116977999e+00
-4.622873227691677300e+00
1.776328822033425903e+00
-5.409669284363445740e+00
-3.545246677592173157e+00
-5.357308009690683548e+00
-5.000000000000000000e+00
-7.575276469879779206e+00
-1.465048736354901404e+00
3.550412002722083127e-01
-5.039565273372880405e+00
-1.006566597066441027e+00
-7.733117199315555634e-01
-6.513486837568587262e+00
-2.380344876891656192e+00
6.559093926310459455e-02
-5.871255173829780460e+00
-4.915738402213441383e+00
-9.948623279494613891e-01
-7.231356401846482207e+00
-1.989251346061964743e+00
2.000000000000000000e+00
-3.212823851395804620e-01
-3.880997519337470614e+00
-6.133584942979355858e+00
-2.640136887358119466e+00
-8.549887501972416315e-01
-6.228538414323221417e+00
-1.425933563679125049e+00
-8.509576025723776249e-01
-6.986852455093894854e+00
-4.552618302134765926e+00
1.558001205115964183e+00
-5.002743482856168988e+00
-2.089108956169117626e+00
1.757454312839934696e+00
-7.307717311255335524e+00
-4.770188064146331008e+00
-1.778954936150511035e+00
-4.398395766411341334e+00
-1.558923181610278874e+00
-7.811045616895898824e+00
-3.351737404511813789e+00
-6.339053420317006804e+00
-3.231107176750969145e+00
-6.848121692210638933e+00
-7.987749745144143709e-01
-4.324749961571446200e+00
-3.645180079753100433e+00
-5.169623496105650418e+00
-1.962027576586934163e+00
-4.585927151945988101e+00
-2.660224483760416536e+00
-5.827435573611995601e+00
-1.780632579806484372e+00
-4.728886929958316721e+00
-7.000674310832725178e-01
-8.000000000000000000e+00
-2.001003030959449092e+00
-3.792084658038212375e+00
-2.328663272210851787e+00
-3.740577109591013638e+00
-3.576673081502482088e+00
-2.879914181399072515e+00
-2.415741448336975239e+00
-2.094315112364697917e+00
-4.042487694625055639e+00
-5.311396151533620547e+00
-3.361708473043249157e+00
-5.258293877390332938e+00
-4.551930978178418741e+00
-4.694467285478523877e+00
-1.171982454364609350e+00
8.489073761009149344e-01
-3.982158136352489830e+00
-1.905591998095386597e+00
-2.310852054043289749e-01
-3.448557204904819873e+00
-4.215834987153288083e+00
2.987310398858074034e-01
-4.088721776572751487e+00
-1.348009666791357253e+00
-7.330425498389745442e-01
