-7.181981958572614566e+00
-1.941453664337605467e+00
-5.105745923395437202e+00
-4.818106670873700814e+00
-3.254512585544087955e+00
8.016113101394843898e-01
-6.771754772589533289e+00
-3.504233645881818404e+00
1.102772530014104468e+00
-7.560796478439232082e+00
-4.285374807951379594e+00
-7.158393924434395927e+00
-1.668342821478298932e+00
-9.900627871938391111e-01
-3.540089116236796674e+00
-1.242031555280383337e+00
-1.831905246868150483e+00
-7.476948598561437009e+00
-4.448535493731045953e+00
3.040664674511705523e-01
-7.124252682861771824e+00
-1.955579082917796363e+00
-8.469137406313262062e+00
-3.640044019769165029e+00
1.378408844994058136e+00
-5.266347561779159747e+00
-1.809678714777319453e+00
-4.043445599768696219e+00
-3.279907237118298013e+00
-7.665716758457829627e+00
-3.758360540023715668e+00
4.687622892553116594e-01
-6.774585436997592858e+00
-3.770417413499424164e+00
-1.055729773500078794e+00
-5.686362242822530888e+00
-2.627585681362020420e+00
1.038922172878411265e+00
-5.988396843272798975e+00
-4.158401581024500970e+00
1.943599534390740013e-01
-6.656373219263544527e+00
-1.443818602048406952e+00
-1.149926053179719299e+00
-2.022551178127180549e+00
-4.284703006183970153e+00
-5.537612119016275258e+00
-3.265156734389452531e+00
5.351025837204748115e-01
-5.853410427225348656e+00
-4.340646073012573325e+00
-5.962874339326399431e-01
-7.352837877738860328e+00
-3.741248461681240478e+00
5.259837351047907256e-02
-7.564255447328616100e+00
-2.778708507167452879e+00
1.060598699449173621e+00
-7.084843089101322988e+00
-2.296442392389355991e+00
-1.797805550350989545e+00
-4.693502958106341438e+00
-2.901784349891228576e+00
-6.779622513131978501e+00
-1.982446358541880782e+00
-7.050634066634117403e+00
-2.395488665029338549e+00
-5.579367962546005089e+00
-1.840202124058609945e+00
-4.902171752086787571e+00
-3.500487561827433591e+00
-5.523648581581237949e+00
1.238917700935930205e-01
-4.902049267571383595e+00
-2.254653978249515411e+00
-4.820280891000626511e+00
-1.016692807959880707e+00
-6.538851918434669841e+00
-2.326240102129288445e+00
-7.219595467664936983e+00
-2.138464818346447416e+00
-3.269199426070679149e+00
-2.894786071041445474e+00
-4.819928291510711560e+00
-2.809711879685115044e+00
-2.581182296014473909e+00
-2.536889458430874544e+00
-2.855338136659165471e+00
-4.287865582181972002e+00
-4.380908938713343304e+00
-3.940109832109510268e+00
-2.356732932075819242e+00
-3.132901459658584464e+00
-3.374320975417562263e+00
-2.763546017640606145e+00
6.916005252881002319e-01
-4.726272798993541358e+00
-2.579574787683624137e+00
3.057109696688404821e-01
-3.748532998495300195e+00
-1.483885612033512214e+00
-5.183089246761956453e-02
-4.871309896213021240e+00
-4.375511326482465435e+00
1.481308551823177666e+00
