-5.660960436713273758e+00
-1.942323136351957302e+00
-5.683986420962188646e+00
-6.489357813645188600e+00
-3.189922690715638609e+00
-6.067473924834080323e-01
-5.947183443776000722e+00
-2.749829575011655702e+00
6.955047565270640331e-02
-6.512363608152828220e+00
-2.021173276393927853e+00
-7.359549819345677868e+00
-2.271921976022631018e+00
-9.119919229082698031e-01
-4.000000000000000000e+00
-2.139146180886044579e+00
-5.500267787845876111e-01
-7.048986942696619629e+00
-2.923824386356979499e+00
-1.448746652796615297e+00
-7.134593951428940706e+00
-3.718352625397701949e+00
-8.130779011310487192e+00
-3.964841074265681442e+00
1.331689972205441164e+00
-5.145157953146338947e+00
-1.692000358919039327e+00
-4.212362093496802906e+00
-3.376710433757345697e+00
-5.522147390397921463e+00
-1.732721723368299882e+00
1.611565722693362179e+00
-5.518370641105205365e+00
-3.737992640460118476e+00
-1.441695929321075154e+00
-5.566302977605626978e+00
-1.810208483144970071e+00
5.736210704441433439e-01
-5.791336595503046247e+00
-4.085068334259950085e+00
9.880916425238737144e-01
-7.835584498261564335e+00
-2.207351818861471582e+00
4.117072820932346294e-05
-1.677645123122526671e+00
-4.615432365839558848e+00
-7.133423559453725638e+00
-4.265974155622058284e+00
1.720067586189877595e-01
-8.108615400921175720e+00
-2.038466007796930768e+00
-5.724784059004034420e-01
-6.132674857097686782e+00
-2.749477714779233750e+00
-1.223553360196190765e+00
-7.571301177522853365e+00
-2.969602765609312467e+00
1.323815715823755956e-01
-7.227854377114040219e+00
-2.802166039005874687e+00
4.378925336874789354e-01
-5.691394668092098819e+00
-1.605349395104779253e+00
-5.809496693492867792e+00
-8.879958543890283940e-01
-5.028000309663938516e+00
-3.435937466340914792e+00
-6.017525191685788144e+00
-7.328700500291690512e-01
-6.032754223529708248e+00
-1.031662093949590409e+00
-6.082193964905895811e+00
-9.178776226766643953e-01
-4.000000000000000000e+00
-3.418576098299842769e+00
-6.917608292330817754e+00
-2.241733919410034748e+00
-6.736129449318793760e+00
-7.801631038072802671e-01
-5.495100207711671736e+00
-1.364800257013658813e+00
-4.533026273539936923e+00
-4.694646043636272914e+00
-5.113240231091116250e+00
-4.019573382149444818e+00
-4.193502860580340830e+00
-3.814562746176683117e+00
-3.975443401772705609e+00
-2.587720166111798559e+00
-4.614870451298701326e+00
-3.079992601367115501e+00
-3.639489631131018754e+00
-2.471401467639671612e+00
-4.253905417685101220e+00
-3.623842895719946444e+00
2.257358741633043397e+00
-4.637582054759656458e+00
-2.475399608315135058e+00
7.541123057633930538e-01
-4.979947652791751445e+00
-1.484126200965211861e+00
1.413469799599017085e+00
-3.773423331120132396e+00
-4.014268424507877242e+00
1.974972905924565536e+00
