-6.938175513987218324e+00
-1.927997523765450083e+00
-5.525044795684130428e+00
-5.786257962208893879e+00
-4.235008306939254119e+00
-6.541891137262104694e-01
-4.698202253026894759e+00
-1.429613093201538732e+00
-2.567088489130177065e-01
-6.042187488890838232e+00
-1.688538331077098276e+00
-5.444855283079540698e+00
-3.302145702089572588e+00
-5.190142623325673110e-01
-2.558933424526111278e+00
-3.357979434661218399e+00
-3.214327670114706326e+00
-4.568149793354863597e+00
-3.172473906135753641e+00
1.529677117104520923e+00
-5.710168234369186635e+00
-3.512389606398137687e+00
-8.256262177109103817e+00
-2.707133184929194414e+00
-7.584046964338522212e-01
-6.523481034542281343e+00
-2.506871623600086973e+00
-4.184462977590303723e+00
-4.179893059786536469e+00
-7.493335743098238133e+00
-3.211725009739978098e+00
9.502633553432189295e-01
-5.375087665979897622e+00
-3.550992932640787636e+00
-2.804735959246454691e+00
-5.758013762304295291e+00
-3.153837814465960676e+00
-8.090559095382145183e-02
-7.554576146681005078e+00
-1.490024500003581220e+00
1.090244842163000882e+00
-7.077900681886137413e+00
-3.320587378902253306e+00
8.368930597114014880e-01
-1.468931863231767387e+00
-4.622423900608103153e+00
-6.701715095146691503e+00
-2.817063218299450167e+00
1.450432462587678328e+00
-6.650445156634145150e+00
-4.113066876484011480e+00
-9.788428890697574783e-03
-7.482629796356830454e+00
-2.226285275345971648e+00
-9.947647120166968060e-01
-5.889268360298417271e+00
-3.433473324961939355e+00
-1.381792988650587084e+00
-8.024556161412929711e+00
-2.892272656219005089e+00
-1.412439958497826165e-01
-7.782526449903357957e+00
-1.863876123407719243e+00
-5.717469983349628748e+00
-1.438637597582983929e+00
-4.806207727046065692e+00
-1.346853468019154398e+00
-4.293995246040074321e+00
-3.141723240491279157e+00
-6.160738796217140489e+00
-1.343954871755629110e+00
-6.943594573459160202e+00
-1.085813004922100200e+00
-4.367914253166413019e+00
-1.029953244048861682e+00
-5.756215722680613212e+00
-8.628547812695412933e-01
-7.525161334346989861e+00
-1.018065493439398006e+00
-6.667655137740193361e+00
-1.363282672139920049e+00
-4.020981310333207936e+00
-1.116827826362389642e+00
-5.386028580854705261e+00
-4.610835200079931973e+00
-4.439683958092308202e+00
-3.686787635161905108e+00
-2.281674787370169266e+00
-2.579759726260409725e+00
-3.392781316280968351e+00
-4.095099447345764254e+00
-2.776832396458717600e+00
-2.472974383988679303e+00
-3.170452908026343497e+00
-1.846923277672257502e+00
3.000000000000000000e+00
-3.749248249975282388e+00
-3.727112784002798662e+00
1.533092709746756821e+00
-3.726911282987040774e+00
-2.805058961649033566e+00
-3.028734334458483279e-01
-4.824818238507926793e+00
-2.325879168222343640e+00
8.789113454756292132e-01
