-6.804969379024651488e+00
-4.526376708557172890e+00
-7.000000000000000000e+00
-8.000000000000000000e+00
-3.517176194468520478e+00
1.313625914054328492e+00
-6.395111104794234613e+00
-2.042878263983599840e+00
3.937672475615049961e-01
-6.891685720220623423e+00
-4.009916794441326537e+00
-6.445346083839088358e+00
-2.541811618453910349e+00
-3.311715519537052344e-01
-3.035092832118595041e+00
-1.785223186488482217e+00
-2.814064924991511951e+00
-5.405770118902867516e+00
-3.106053038736660277e+00
2.000000000000000000e+00
-7.953502603240556468e+00
-1.202775159260701443e+00
-9.246664451521342087e+00
-2.838021053292377527e+00
-8.775259139060758162e-01
-6.443538939662219356e+00
-2.297539363954783642e+00
-4.785035514367831588e+00
-3.377781221648706200e+00
-8.302261862559427996e+00
-2.745992235072090004e+00
2.835730185600192632e-01
-7.391315766402308363e+00
-4.484091830026583736e+00
9.518522791795827054e-01
-4.326550565551998240e+00
-2.247663870955951548e+00
3.315209692099863048e-01
-6.154003811855271344e+00
-3.115740045752565912e+00
-3.539590219042177965e-01
-5.606517692577905443e+00
-2.935244342577981946e+00
7.915661849519531335e-02
-1.126102248897884683e+00
-2.710090498519302837e+00
-6.301611362737959077e+00
-3.488467862042345047e+00
-5.389658911391742580e-01
-6.205514343368146335e+00
-2.013120666096329447e+00
-7.980796781222208036e-01
-8.972403609585466455e+00
-2.332760652604510376e+00
1.582204604078648602e-01
-7.252809673088853160e+00
-2.669003100884538959e+00
2.000000000000000000e+00
-6.363440664648345901e+00
-5.000000000000000000e+00
1.704425595829721918e-01
-4.327561791758630427e+00
-2.341362634366825013e+00
-7.022904036363129876e+00
-2.188313557065790338e+00
-6.145513812789414665e+00
-3.227374478769867050e+00
-5.950062671873111775e+00
-2.750945304725831875e+00
-5.281626583157851940e+00
-1.560615636768173831e+00
-6.440216252616239423e+00
-2.130200002133177062e+00
-5.783786700641586620e+00
-6.380815150707301875e-01
-5.498178202253065194e+00
-1.358359550219473189e+00
-5.218962755474292337e+00
-1.760447440188611656e+00
-6.606030300127671673e+00
-3.392624783095990471e-01
-4.007464364923957412e+00
-3.082633089843473506e+00
-1.696365724311338585e+00
-3.969669504536274207e+00
-4.235244717026869665e+00
-3.969238074631718849e+00
-5.690196149515636570e+00
-4.424482248031464060e+00
-4.862430432567037997e+00
-3.565424527092710072e+00
-3.570007327224439031e+00
-4.251038115534021777e+00
-5.642412578744914420e+00
-1.000000000000000000e+00
-4.137213943639387326e-01
-4.665381715884606706e+00
-1.979539421190629644e+00
1.549545137966218178e+00
-5.360412163091834437e+00
-2.655531042812341092e+00
2.032260180532505345e+00
-2.544068022635552317e+00
-3.874979259546734944e+00
1.724849642347293210e+00
