-6.920188529463663585e+00
-2.476951239545020833e+00
-5.380149593525697327e+00
-6.056828781792329863e+00
-2.743526295924937575e+00
-8.633187846761735118e-01
-5.227287413696208418e+00
-3.409035873676364403e+00
-9.015211802721615486e-01
-7.716964524330411912e+00
-4.544785044680876851e+00
-6.254856316549814998e+00
-4.421863856187509434e+00
0.000000000000000000e+00
-3.958560425530133209e+00
-1.523134568601669736e+00
-1.920670718875051142e+00
-4.301904076224720264e+00
-1.512219788630361439e+00
4.220752452819984679e-01
-6.110695945913407812e+00
-1.777067453462421565e+00
-8.484393939274017526e+00
-3.163148131471924973e+00
1.019131179894343431e+00
-4.380173588911746130e+00
-4.079003196286751454e+00
-5.103722502644514769e+00
-1.630447601439634742e+00
-6.260466356248513442e+00
-2.989687174740709885e+00
-6.996902401293172979e-02
-3.852691640781743754e+00
-1.597467476458621416e+00
3.252276471045337791e-01
-4.250617008464181446e+00
-2.171597436717580987e+00
2.000000000000000000e+00
-5.860946191964091945e+00
-1.000000000000000000e+00
-1.344766056824049372e+00
-6.434924291481929792e+00
-3.266376900166656494e+00
-4.864314410700374958e-01
-1.540935019803099992e+00
-3.925965094603660610e+00
-6.192823094146202578e+00
-3.588216115644955462e+00
-3.357930936956931567e-01
-6.699965765584082966e+00
-2.476911084011817810e+00
9.124699482501555936e-01
-6.528223857863115320e+00
-3.860986430149586202e+00
6.839389772988913041e-01
-5.231107178528748847e+00
-3.609756109337679320e+00
4.803957900852069973e-01
-5.574682388212520046e+00
-1.648027066125155260e+00
-8.213206139405350159e-01
-5.270413202260161079e+00
3.858630720978535877e-01
-4.772738484971404738e+00
-3.914265139398348747e+00
-7.471552173134851316e+00
-3.299449316864994319e+00
-4.945765358472548279e+00
-2.249986355594288501e+00
-5.524828819344704378e+00
-2.208250883498501516e+00
-6.957059212286196725e+00
-1.698708375513163782e+00
-7.911010605457500233e+00
-2.488079578578092477e+00
-5.172303075829773888e+00
-9.733836248847980155e-01
-6.486565629891302365e+00
-3.450557924141865129e+00
-6.318753755732229749e+00
-9.260557358048212562e-01
-2.917406935226791731e+00
-4.841508757767787330e+00
-2.142100629854559735e+00
-3.021646365523173117e+00
-2.629188252251123181e+00
-5.000000000000000000e+00
-2.174977147784059817e+00
-2.492194409771942620e+00
-2.375270916725177539e+00
-2.005052767106936251e+00
-5.437826751096491051e+00
-1.000000000000000000e+00
-3.211238697750985693e+00
-2.959312558323775821e+00
1.356231759667754000e+00
-4.047963137575034231e+00
-3.827924432392299625e+00
1.177373507955987275e+00
-4.514788999226504451e+00
-1.708766868597258792e+00
2.289906134608344246e+00
-5.403513468048535273e+00
-3.004324526089538594e+00
1.957218944970924523e+00
