-6.970213045385484030e+00
-4.159124475787391084e+00
-4.782402484276549792e+00
-6.107872035848518344e+00
-3.434434941657837470e+00
-8.584299572734039874e-01
-6.624999013327069974e+00
-2.473872689582074624e+00
-1.265948200724226425e+00
-7.025804056556943955e+00
-2.989824204973442257e+00
-5.960584579625122004e+00
-3.015235078623814680e+00
0.000000000000000000e+00
-3.062901011335633417e+00
-1.793098684718384295e+00
-1.340746556831198477e+00
-5.625079317862677897e+00
-2.523314819817670251e+00
5.157344752794734699e-01
-7.711586210952750875e+00
-4.027347680299627974e+00
-9.061161233115234026e+00
-3.542610188343136457e+00
3.319684213741326828e-01
-4.658062555318592146e+00
-1.497523575557260456e+00
-4.130195544270017116e+00
-3.491085691384041567e+00
-7.512187014496311654e+00
-3.901562151701263303e+00
-2.342546138609261086e-02
-5.611933759166950253e+00
-2.232635215962611941e+00
-3.361468126490398389e-01
-4.486495949274233119e+00
-1.727929749751009103e+00
1.329442708159335740e-01
-5.687040427990685210e+00
-2.393325470016794299e+00
1.720495882686236266e-01
-6.196951927551774375e+00
-3.320402927414590089e+00
1.070184443430839405e+00
-1.169353907584473884e+00
-2.604035229288176101e+00
-6.078440275588083530e+00
-3.341183574680428592e+00
-1.836743666910399253e-01
-5.973227806319174604e+00
-2.298477053886875510e+00
1.075425672846402336e-01
-7.952052151584632078e+00
-2.467389029029111391e+00
1.114621827511344199e+00
-5.576560729971849817e+00
-2.186858582859390498e+00
-4.588830634858481750e-01
-6.950483067236270962e+00
-2.144209032146393579e+00
-4.570313674602547588e-02
-4.586496883459028062e+00
-2.999540495873403323e+00
-6.597714881191971692e+00
-3.485694876178076385e+00
-7.552048338186822640e+00
-2.625330387501295437e+00
-5.699044026961339604e+00
-2.842060829071439976e+00
-6.180370260432779261e+00
-1.497041739959061424e+00
-6.361744217128909362e+00
-3.277824246405487973e-01
-6.498666450980315368e+00
-9.638591008374015612e-01
-7.619213748464296110e+00
-3.016049067986675158e+00
-6.618904843748589784e+00
-1.093927907320140225e+00
-5.806531517705777468e+00
-1.625051798706191208e+00
-3.162067747679536911e+00
-3.866544116700622258e+00
-3.827430378905968489e+00
-2.437001415437191287e+00
-3.758270837145513799e+00
-3.162391849418029643e+00
-2.180604365353674190e+00
-4.338169759452009444e+00
-4.610968695969319242e+00
-3.220244635426391167e+00
-3.430044046490485332e+00
-2.847992872561250444e+00
-3.382230093715784314e+00
-2.743917675401878142e+00
4.055880429659498576e-01
-4.696346554811859697e+00
-2.239950832723670349e+00
1.802881407687468185e+00
-3.515420041445552091e+00
-2.948777077807759994e+00
1.701247663953568745e+00
-5.383373919058160872e+00
-1.842619258472505628e+00
5.628508689220261818e-01
