-7.110998710258760624e+00
-2.665453661052684442e+00
-5.399672705640619519e+00
-5.374469618287234240e+00
-2.340592285010480111e+00
1.192482484956249422e+00
-6.440390696589084030e+00
-2.883594327191300710e+00
1.088972033384561389e+00
-6.205226204823328651e+00
-4.024874132161758489e+00
-6.763290101709586999e+00
-2.014770989218807706e+00
-4.576741619116320159e-01
-2.241748846337132228e+00
-1.013338857397018788e+00
-2.900651785494022139e+00
-5.947132221451804313e+00
-2.516832104079345545e+00
8.598253061646990991e-01
-6.322548881693296430e+00
-1.000000000000000000e+00
-9.770935025811390062e+00
-3.699550869663339014e+00
1.482332575035215427e+00
-5.071676542867687765e+00
-1.558911773543881552e+00
-3.767876979572279961e+00
-4.690700373986333993e+00
-6.062056057025764666e+00
-2.038029021571960531e+00
-5.658733029709230866e-01
-4.704919302212323018e+00
-2.989025495118641462e+00
-1.377542315543042184e+00
-5.569910540883373784e+00
-1.846703401860825711e+00
-1.761640271687123227e-01
-5.214177243006222540e+00
-3.180053905251871704e+00
-7.273114101505622209e-01
-7.560985246606680477e+00
-3.938841871905203185e+00
-1.338808620945811878e+00
-1.302726942985378056e+00
-3.293236019751164090e+00
-5.899728107351742246e+00
-2.147220997097694983e+00
-6.641758900305800850e-01
-8.361139146516496368e+00
-2.762112063508004312e+00
-1.641245630989432769e+00
-8.090133936651097812e+00
-4.406233017216635517e+00
-7.210657434378804354e-01
-6.293662373939350907e+00
-3.518060214134245633e+00
-5.118584191338941825e-01
-6.078244344571093194e+00
-1.833680924961412551e+00
1.242180875486512903e+00
-7.331918699607984813e+00
-4.041855431294266721e-01
-4.992795948294497244e+00
-1.280656964929496766e+00
-4.619229207459543574e+00
-1.639240681495212071e+00
-8.000000000000000000e+00
-5.535472967192957006e-01
-5.702274992879381443e+00
-3.041619186948699483e+00
-7.669339795232120949e+00
-1.451317532754937023e+00
-5.422117401470523568e+00
-9.778267596136643869e-01
-5.196369272837608300e+00
-2.606380583384671379e+00
-5.214372630765690353e+00
-2.981040584466196464e+00
-7.334553709736947980e+00
-1.014737598348882885e+00
-5.359668161625651628e+00
-1.259289649091465346e+00
-4.820104049692572445e+00
-2.812930987228405844e+00
-2.816242802810448698e+00
-3.343099974410824959e+00
-3.228755228892782991e+00
-3.604815128794593981e+00
-3.655875861687363226e+00
-2.340755853059403258e+00
-5.207387110528095775e+00
-1.156330433900990329e+00
-3.865252171110818313e+00
-2.288846119981194249e+00
1.503263587705439219e+00
-3.222712578206041290e+00
-2.903743093530434027e+00
-4.904025263141610635e-02
-4.769517116093061837e+00
-2.038823112157469364e+00
1.876575183265841051e+00
-5.111225806034055630e+00
-4.126529638729030225e+00
2.897020416757938310e+00
