-7.408706054031124033e+00
-4.376920659588233065e+00
-4.840813262491749036e+00
-6.318349990508902003e+00
-3.213253579894944423e+00
3.955873204354346528e-01
-6.109764800957472985e+00
-3.568972099099061435e+00
7.693354239711910902e-02
-5.132412289745476031e+00
-3.153970921664593696e+00
-6.051750363138901356e+00
-2.860051330614125309e+00
-2.794083237865424008e-01
-3.293218643369653087e+00
-2.252096803630371902e+00
-3.544803289762880283e+00
-6.465408452097711312e+00
-2.719782395102633199e+00
3.503996703074763741e-01
-9.085449864564576927e+00
-1.940373248359957614e+00
-1.005135696098492737e+01
-3.749685411339591656e+00
8.953986552761649120e-01
-6.047763520941987103e+00
-2.996833231012580256e+00
-3.877430348688359896e+00
-4.126400293686750764e+00
-6.514601416871760975e+00
-2.766921021740478270e+00
9.215931230769927041e-01
-6.359916260310042091e+00
-2.561757737235673460e+00
-1.846693920996506533e+00
-5.757248703606754781e+00
-2.415878095625664912e+00
-7.310801992718047974e-03
-5.900490032074250379e+00
-3.425263593999811285e+00
-1.042597490105277469e+00
-7.631726998957929275e+00
-4.310673338376315833e+00
-4.904878165240018628e-01
-2.260793602595307039e+00
-4.303309514098697441e+00
-8.092134999805894680e+00
-3.500410194569430811e+00
3.912800064696458913e-01
-6.623067070868144057e+00
-2.411570193330442979e+00
-5.358435905300913404e-01
-7.331235403885635549e+00
-3.265606251486203870e+00
9.806465012872276343e-01
-6.915961360580823225e+00
-2.039086813976251911e+00
1.705283222871206705e+00
-5.247937115738561253e+00
-3.613976350068211829e+00
6.743834635361296570e-01
-6.371738745890058730e+00
-2.745448562559361649e-01
-4.186714761638325122e+00
-1.388403213774104694e+00
-4.604319227501847855e+00
-1.893715271816718726e+00
-5.731688916813459045e+00
-1.967556675302017499e+00
-7.112889696706603537e+00
-9.774538457341603870e-01
-4.655824692665469833e+00
-2.561561728367398150e+00
-6.995063181368043281e+00
-1.825223772262114075e+00
-4.789731409733387402e+00
-2.712878258886239458e+00
-6.438794838432426282e+00
-1.212105940563443340e+00
-5.405109188270612819e+00
-8.829767378401468525e-01
-4.688636551903785588e+00
-3.260099919719806394e+00
-4.187378465585946508e+00
-1.685031636808443700e+00
-1.932605470870596642e+00
-2.252506781744435749e+00
-5.690196149515636570e+00
-3.494299959442054515e+00
-5.391740598533623086e+00
-1.322594521664063105e+00
-3.537510409189271954e+00
-3.961357053751392687e+00
-3.968251081605377095e+00
-2.961305658805683194e+00
6.979197708860501725e-01
-4.343046275963532210e+00
-4.412784651442621886e+00
1.007259718073849841e+00
-4.874226823411411225e+00
-2.216658531014523703e+00
1.693313101596857218e+00
-2.544068022635552317e+00
-3.766507134453600525e+00
8.721548414015878326e-01
