4.309750608773771319e+01
3.901600294028267513e+01
3.658005135117812756e+01
3.053961256633863286e+01
2.424388807048383043e+01
2.176016109007987609e+01
1.914430464685980127e+01
1.854664587947792498e+01
1.854664587947792498e+01
1.854664587947792498e+01
1.854664587947792498e+01
1.267985119414573703e+01
1.267985119414573703e+01
1.267985119414573703e+01
1.154991237723789155e+01
1.154991237723789155e+01
1.154991237723789155e+01
1.154991237723789155e+01
1.154991237723789155e+01
1.154991237723789155e+01
1.154991237723789155e+01
1.154991237723789155e+01
8.588688659308807871e+00
8.329813274603825590e+00
7.279280642284261305e+00
3.301922806417061373e+00
3.217892962661406120e+00
2.114514095585880327e+00
1.612602574772854069e+00
1.147385973344877907e+00
6.971355156059793057e-01
6.655531464621750048e-01
6.655531464621750048e-01
5.568551927817086966e-01
4.205637937792918724e-01
3.946303727860198673e-01
2.936129883908603078e-01
2.569694608822124526e-01
2.134580533309137496e-01
1.891517513735813949e-01
1.812964997168062531e-01
1.513415671206188307e-01
1.513415671206188307e-01
1.501179358050735435e-01
1.501179358050735435e-01
1.427266480343293287e-01
1.427266480343293287e-01
1.427266480343293287e-01
1.427266480343293287e-01
1.427266480343293287e-01
1.333889765145056527e-01
1.231874997659362786e-01
1.231874997659362786e-01
1.140851386683877922e-01
1.140851386683877922e-01
1.140851386683877922e-01
1.140851386683877922e-01
1.140851386683877922e-01
1.140851386683877922e-01
1.129767929559249706e-01
1.062130995314643500e-01
1.062130995314643500e-01
1.062130995314643500e-01
1.062130995314643500e-01
1.062130995314643500e-01
1.062130995314643500e-01
1.062130995314643500e-01
1.062130995314643500e-01
1.062130995314643500e-01
1.062130995314643500e-01
9.273709609721939029e-02
9.273709609721939029e-02
9.273709609721939029e-02
9.273709609721939029e-02
9.273709609721939029e-02
9.273709609721939029e-02
9.273709609721939029e-02
9.273709609721939029e-02
9.273709609721939029e-02
9.273709609721939029e-02
9.273709609721939029e-02
9.194324021034674943e-02
8.999311257365355532e-02
8.876936265011961535e-02
8.876936265011961535e-02
8.876936265011961535e-02
8.819256076422507529e-02
8.819256076422507529e-02
8.387252597043770574e-02
8.387252597043770574e-02
8.345782763267929616e-02
8.345782763267929616e-02
8.345782763267929616e-02
8.345782763267929616e-02
8.345782763267929616e-02
8.345782763267929616e-02
8.263405644124607874e-02
8.263405644124607874e-02
8.136056291936713536e-02
8.136056291936713536e-02
8.136056291936713536e-02
8.136056291936713536e-02
8.136056291936713536e-02
8.136056291936713536e-02
8.055403655698423204e-02
7.850820913614342533e-02
7.850820913614342533e-02
7.850820913614342533e-02
7.850820913614342533e-02
7.850820913614342533e-02
7.542660644416229743e-02
7.542660644416229743e-02
7.542660644416229743e-02
7.542660644416229743e-02
7.542660644416229743e-02
7.542660644416229743e-02
7.542660644416229743e-02
7.542660644416229743e-02
7.542660644416229743e-02
7.542660644416229743e-02
7.542660644416229743e-02
7.112598346664639193e-02
6.950713502259907306e-02
6.897123749616730637e-02
6.867416169205839416e-02
6.867416169205839416e-02
6.867416169205839416e-02
6.867416169205839416e-02
6.867416169205839416e-02
6.867416169205839416e-02
6.867416169205839416e-02
6.867416169205839416e-02
6.853063057530782431e-02
6.777838457029240760e-02
6.553413420866120720e-02
6.542703906590222052e-02
6.542703906590222052e-02
6.542703906590222052e-02
6.542703906590222052e-02
6.542703906590222052e-02
6.542703906590222052e-02
6.541520092320406154e-02
6.538586951571351280e-02
6.526209660221597708e-02
6.526209660221597708e-02
6.526209660221597708e-02
6.526209660221597708e-02
6.526209660221597708e-02
6.299979095027311016e-02
6.299979095027311016e-02
6.299979095027311016e-02
6.299979095027311016e-02
6.246822977964946316e-02
6.246822977964946316e-02
6.246822977964946316e-02
6.246822977964946316e-02
6.246822977964946316e-02
6.246822977964946316e-02
6.246822977964946316e-02
6.168551505431199566e-02
6.138736858548923814e-02
6.138736858548923814e-02
6.138736858548923814e-02
6.138736858548923814e-02
6.138736858548923814e-02
6.138736858548923814e-02
6.136304913343679918e-02
6.136304913343679918e-02
6.104398622547420328e-02
6.104398622547420328e-02
6.104398622547420328e-02
6.104398622547420328e-02
5.948765442193825609e-02
5.904333647813353458e-02
5.804145085041785557e-02
5.804145085041785557e-02
5.804145085041785557e-02
5.712886509850055583e-02
5.699273916199999734e-02
5.698118212599517091e-02
5.698047938508779553e-02
5.697993212452494294e-02
5.697993212452494294e-02
5.673978968654867783e-02
5.673978968654867783e-02
5.673978968654867783e-02
5.673978968654867783e-02
5.622508832194544892e-02
5.533408268756224990e-02
5.533408268756224990e-02
5.533408268756224990e-02
5.455056646956894101e-02
5.455056646956894101e-02
5.455056646956894101e-02
5.455056646956894101e-02
5.455056646956894101e-02
5.455056646956894101e-02
5.455056646956894101e-02
5.455056646956894101e-02
5.455056646956894101e-02
