3.276525055616396997e+01
3.276525055616396997e+01
3.088517210593205675e+01
3.003503722140372290e+01
3.003503722140372290e+01
2.919989623224710940e+01
2.431877817458065749e+01
2.184278754213793761e+01
1.559111025413279705e+01
8.459174644776322083e+00
4.897987169595270807e+00
3.815959634754007457e+00
3.815959634754007457e+00
3.815959634754007457e+00
3.774017615565111949e+00
3.774017615565111949e+00
3.774017615565111949e+00
2.209535819631146758e+00
1.598124356408267666e+00
1.209994538166962785e+00
9.444272291879005632e-01
9.444272291879005632e-01
8.875683506683335056e-01
6.542780629376171442e-01
6.461268338480898876e-01
6.145950160058428757e-01
5.808611094408323572e-01
3.755233840095415498e-01
3.755233840095415498e-01
3.755233840095415498e-01
3.686039530283905519e-01
3.686039530283905519e-01
3.686039530283905519e-01
3.423266531660409950e-01
3.260009899102266351e-01
2.948391964657360309e-01
2.829505779308510993e-01
2.521641713283829245e-01
2.358403311850532369e-01
2.271234005059318828e-01
2.166705593745154868e-01
2.166705593745154868e-01
2.166705593745154868e-01
2.048250550740439435e-01
1.992635668003605309e-01
1.406546218770199919e-01
9.583718707509364387e-02
9.583718707509364387e-02
8.650935580463833818e-02
8.650935580463833818e-02
8.650935580463833818e-02
8.438514650954585805e-02
8.187435209772594980e-02
6.993843655841755491e-02
6.993843655841755491e-02
6.993843655841755491e-02
6.993843655841755491e-02
6.993843655841755491e-02
6.993843655841755491e-02
6.993843655841755491e-02
6.993843655841755491e-02
6.993843655841755491e-02
6.993843655841755491e-02
6.993843655841755491e-02
6.993843655841755491e-02
6.993843655841755491e-02
6.993843655841755491e-02
6.919097088244274829e-02
6.919097088244274829e-02
6.708264790511955789e-02
6.516917046522484325e-02
6.173496463240445153e-02
6.173496463240445153e-02
6.173496463240445153e-02
6.173496463240445153e-02
6.077068845950872600e-02
6.077068845950872600e-02
6.077068845950872600e-02
6.077068845950872600e-02
5.772389664787543062e-02
5.772389664787543062e-02
5.772389664787543062e-02
5.772389664787543062e-02
5.772389664787543062e-02
5.772389664787543062e-02
5.772389664787543062e-02
5.772389664787543062e-02
5.772389664787543062e-02
5.772389664787543062e-02
5.772389664787543062e-02
5.772389664787543062e-02
5.772389664787543062e-02
5.716965338263969854e-02
5.675994921880984923e-02
5.547930332283242810e-02
5.547930332283242810e-02
5.547930332283242810e-02
5.547930332283242810e-02
5.547930332283242810e-02
5.547930332283242810e-02
5.547930332283242810e-02
5.539112506090943661e-02
5.539112506090943661e-02
5.539112506090943661e-02
5.539112506090943661e-02
5.502901176063198369e-02
5.502901176063198369e-02
5.502901176063198369e-02
5.502901176063198369e-02
5.493046942933123289e-02
5.463571632143371382e-02
5.463571632143371382e-02
5.463571632143371382e-02
5.463571632143371382e-02
5.419699625341491828e-02
5.229381918956418906e-02
5.229381918956418906e-02
5.229381918956418906e-02
5.229381918956418906e-02
5.229381918956418906e-02
5.229381918956418906e-02
5.229381918956418906e-02
5.229381918956418906e-02
5.209760267477225176e-02
5.147557078600995678e-02
5.147557078600995678e-02
5.147557078600995678e-02
5.147557078600995678e-02
5.147557078600995678e-02
5.147557078600995678e-02
5.147557078600995678e-02
5.147557078600995678e-02
5.147557078600995678e-02
5.147557078600995678e-02
5.147557078600995678e-02
5.147557078600995678e-02
5.140218256721150458e-02
5.140218256721150458e-02
5.140218256721150458e-02
5.099722253149495399e-02
5.099722253149495399e-02
5.080956976814594156e-02
5.080956976814594156e-02
5.080956976814594156e-02
5.080956976814594156e-02
5.080956976814594156e-02
5.080956976814594156e-02
5.063750969601710922e-02
5.061875607747812894e-02
5.061875607747812894e-02
5.061875607747812894e-02
5.061875607747812894e-02
5.057781614202705445e-02
5.057781614202705445e-02
5.055919993275182628e-02
5.055919993275182628e-02
5.055919993275182628e-02
5.053509354008470927e-02
5.053509354008470927e-02
5.053509354008470927e-02
5.053509354008470927e-02
5.053509354008470927e-02
5.047997736583251932e-02
5.047997736583251932e-02
5.046800198738868315e-02
5.046800198738868315e-02
5.046800198738868315e-02
5.032691208830683549e-02
5.031528735542438457e-02
5.031528735542438457e-02
5.031528735542438457e-02
5.027844285938184998e-02
5.027429858861517248e-02
5.027389637473218126e-02
5.027371111321100872e-02
5.027358295153746409e-02
5.027358295153746409e-02
5.027358295153746409e-02
5.027358295153746409e-02
5.027358295153746409e-02
5.027358295153746409e-02
5.027358295153746409e-02
5.025648039662750088e-02
5.025648039662750088e-02
5.025648039662750088e-02
5.025648039662750088e-02
5.025648039662750088e-02
5.025648039662750088e-02
5.025648039662750088e-02
5.025648039662750088e-02
5.025648039662750088e-02
5.025648039662750088e-02
5.025648039662750088e-02
5.025648039662750088e-02
5.025648039662750088e-02
5.025648039662750088e-02
5.025648039662750088e-02
5.025648039662750088e-02
5.013247906970399320e-02
5.013247906970399320e-02
