9.253005654766260690e+00
9.253005654766260690e+00
6.820102671288787555e+00
2.744464362314154915e+00
2.744464362314154915e+00
2.490008672058444006e+00
2.490008672058444006e+00
2.490008672058444006e+00
2.490008672058444006e+00
2.369526119456313751e+00
2.369526119456313751e+00
2.107039814768103092e+00
1.814377146238431493e+00
1.814377146238431493e+00
1.814377146238431493e+00
1.814377146238431493e+00
1.814377146238431493e+00
1.814377146238431493e+00
1.814377146238431493e+00
1.282966731075585454e+00
1.282966731075585454e+00
1.282966731075585454e+00
1.282966731075585454e+00
1.282966731075585454e+00
1.282966731075585454e+00
1.244095506328612322e+00
1.106887274151196587e+00
9.904277956350111545e-01
9.448851916152489760e-01
7.598866930311175549e-01
6.476964103439544207e-01
4.669972693866811242e-01
4.452169629003502327e-01
2.938434446661308819e-01
2.660005474050202157e-01
2.196332600436852189e-01
1.820372650331943953e-01
1.820372650331943953e-01
1.431899257797396297e-01
1.431899257797396297e-01
1.333599289729728576e-01
1.242768419416806214e-01
1.204129993164618911e-01
1.204129993164618911e-01
1.204129993164618911e-01
1.167283347549031985e-01
1.167283347549031985e-01
1.135447045620928408e-01
1.135447045620928408e-01
1.135447045620928408e-01
1.135447045620928408e-01
1.135447045620928408e-01
1.135447045620928408e-01
1.099434859436002193e-01
1.084245496611070947e-01
1.037456359786988885e-01
1.037456359786988885e-01
1.037456359786988885e-01
1.037456359786988885e-01
1.037456359786988885e-01
1.037456359786988885e-01
9.965113176645643001e-02
9.965113176645643001e-02
9.965113176645643001e-02
9.965113176645643001e-02
9.965113176645643001e-02
9.965113176645643001e-02
9.965113176645643001e-02
9.965113176645643001e-02
9.965113176645643001e-02
9.965113176645643001e-02
9.965113176645643001e-02
9.965113176645643001e-02
9.965113176645643001e-02
9.965113176645643001e-02
9.965113176645643001e-02
9.853943583663159200e-02
9.797303498237269759e-02
9.483558737100306057e-02
9.461438236403066360e-02
9.292654032095259975e-02
9.292654032095259975e-02
9.292654032095259975e-02
9.292654032095259975e-02
9.137022967327064482e-02
9.137022967327064482e-02
9.137022967327064482e-02
9.137022967327064482e-02
9.137022967327064482e-02
9.137022967327064482e-02
9.120221383496369960e-02
9.120221383496369960e-02
9.120221383496369960e-02
8.674498923765505687e-02
8.674498923765505687e-02
8.674498923765505687e-02
8.674498923765505687e-02
8.674498923765505687e-02
8.674498923765505687e-02
8.674498923765505687e-02
8.674498923765505687e-02
8.674498923765505687e-02
8.674498923765505687e-02
8.644207169749008879e-02
8.370450381421247477e-02
8.370450381421247477e-02
8.370450381421247477e-02
8.370450381421247477e-02
8.370450381421247477e-02
8.370450381421247477e-02
8.157821708765543300e-02
7.913558987451874138e-02
7.913558987451874138e-02
7.913558987451874138e-02
7.649653717526425090e-02
7.649653717526425090e-02
6.922789324041414560e-02
6.922789324041414560e-02
6.922789324041414560e-02
6.881044561677703009e-02
6.881044561677703009e-02
6.881044561677703009e-02
6.829470282275583448e-02
6.829470282275583448e-02
6.492934547787704291e-02
6.363462297532956891e-02
6.363462297532956891e-02
6.363462297532956891e-02
6.363462297532956891e-02
6.246798579425520692e-02
6.129859640184067565e-02
6.129859640184067565e-02
6.129859640184067565e-02
6.129859640184067565e-02
6.129859640184067565e-02
6.113632809189981088e-02
6.113632809189981088e-02
6.038468473342988030e-02
6.004790359665604371e-02
6.004790359665604371e-02
5.981041204109833337e-02
5.953605243817341325e-02
5.953605243817341325e-02
5.770772985320297283e-02
5.770772985320297283e-02
5.770772985320297283e-02
5.770772985320297283e-02
5.770772985320297283e-02
5.770772985320297283e-02
5.770772985320297283e-02
5.770772985320297283e-02
5.770772985320297283e-02
5.756141095725256229e-02
5.745128326551223602e-02
5.745128326551223602e-02
5.745128326551223602e-02
5.678418928288696960e-02
5.678418928288696960e-02
5.678418928288696960e-02
5.678418928288696960e-02
5.678418928288696960e-02
5.678418928288696960e-02
5.678418928288696960e-02
5.678418928288696960e-02
5.678418928288696960e-02
5.678418928288696960e-02
5.678418928288696960e-02
5.678418928288696960e-02
5.678418928288696960e-02
5.678418928288696960e-02
5.678418928288696960e-02
5.657616829384991969e-02
5.636654728365658035e-02
5.636654728365658035e-02
5.636099131375147536e-02
5.636099131375147536e-02
5.635030683071395874e-02
5.634930566496606369e-02
5.631803436674949481e-02
5.626843647873729093e-02
5.618872530548402883e-02
5.618872530548402883e-02
5.617286102592453784e-02
5.611690112808728759e-02
5.608960056793907412e-02
5.608780075020113748e-02
5.608780075020113748e-02
5.608179294250634217e-02
5.608126300085075622e-02
5.608126300085075622e-02
5.608117153523759640e-02
5.608117153523759640e-02
5.608117153523759640e-02
5.599642187838477919e-02
5.599225810558505767e-02
5.599219264514276179e-02
5.599219264514276179e-02
5.599218715510978495e-02
5.599213377641564654e-02
5.592504948591020542e-02
