2.377165795383908531e+01
2.377165795383908531e+01
2.372822362743888647e+01
2.140331877627495416e+01
2.066944420569269525e+01
2.063691744060523092e+01
2.063691744060523092e+01
1.459608432551187640e+01
1.181603244639595829e+01
1.181603244639595829e+01
9.813530282396534687e+00
8.948055760712183115e+00
8.948055760712183115e+00
8.380584739511061088e+00
7.916303108632243735e+00
7.916303108632243735e+00
7.916303108632243735e+00
7.514407218107209019e+00
6.318462627149697752e+00
5.106849353953295534e+00
4.217958138325861306e+00
3.675691797986364584e+00
3.573090573501337630e+00
3.573090573501337630e+00
3.446734621619508498e+00
3.290460624436404302e+00
2.791709136985073947e+00
2.208722267945650852e+00
1.666999167196146381e+00
1.424756791706879078e+00
9.758138167724832446e-01
7.111298300942612283e-01
6.909439463956822403e-01
4.944170044729854219e-01
3.775312072231927774e-01
3.053470406803885373e-01
2.399156757183533994e-01
1.988560755899400900e-01
1.544213989966978506e-01
1.243405522224364235e-01
1.243405522224364235e-01
1.101052835345259495e-01
1.073960775538425061e-01
1.073960775538425061e-01
1.022398452266912450e-01
1.022398452266912450e-01
1.022398452266912450e-01
1.022398452266912450e-01
1.022398452266912450e-01
1.022398452266912450e-01
1.022398452266912450e-01
9.615258771123022519e-02
9.489960528600041578e-02
9.035544391398889208e-02
8.947895328527610825e-02
8.947895328527610825e-02
8.947895328527610825e-02
8.947895328527610825e-02
8.947895328527610825e-02
8.486921655383894425e-02
8.486921655383894425e-02
8.486921655383894425e-02
8.486921655383894425e-02
8.486921655383894425e-02
8.486921655383894425e-02
8.486921655383894425e-02
8.211202297227304658e-02
8.211202297227304658e-02
8.139610502253405433e-02
8.139610502253405433e-02
7.914584579298386546e-02
7.914584579298386546e-02
7.914584579298386546e-02
7.914584579298386546e-02
7.914584579298386546e-02
7.914584579298386546e-02
7.914584579298386546e-02
7.914584579298386546e-02
7.914584579298386546e-02
7.914584579298386546e-02
7.914584579298386546e-02
7.914584579298386546e-02
7.914584579298386546e-02
7.914584579298386546e-02
7.914584579298386546e-02
7.914584579298386546e-02
7.914584579298386546e-02
7.914584579298386546e-02
7.896203618120511969e-02
7.896203618120511969e-02
7.896203618120511969e-02
7.896203618120511969e-02
7.896203618120511969e-02
7.896203618120511969e-02
7.896203618120511969e-02
7.896203618120511969e-02
7.896203618120511969e-02
7.896203618120511969e-02
7.896203618120511969e-02
7.896203618120511969e-02
7.896203618120511969e-02
7.896203618120511969e-02
7.843921694094245500e-02
7.843921694094245500e-02
7.843921694094245500e-02
7.759660265285463210e-02
7.759660265285463210e-02
7.759660265285463210e-02
7.748358599978746875e-02
7.748358599978746875e-02
7.748358599978746875e-02
7.748358599978746875e-02
7.717754246948407837e-02
7.717754246948407837e-02
7.717754246948407837e-02
7.717754246948407837e-02
7.717754246948407837e-02
7.717754246948407837e-02
7.549467687587727016e-02
7.549467687587727016e-02
7.549467687587727016e-02
7.549467687587727016e-02
7.549467687587727016e-02
7.549467687587727016e-02
7.549467687587727016e-02
7.549467687587727016e-02
7.549467687587727016e-02
7.432203675014273370e-02
7.432203675014273370e-02
7.432203675014273370e-02
7.432203675014273370e-02
7.432203675014273370e-02
7.432203675014273370e-02
7.432203675014273370e-02
7.259539939275595766e-02
7.259539939275595766e-02
7.259539939275595766e-02
7.259539939275595766e-02
7.259539939275595766e-02
7.240285506758928347e-02
7.158583774892424145e-02
7.158583774892424145e-02
7.158583774892424145e-02
7.158583774892424145e-02
7.127225397918832139e-02
7.127225397918832139e-02
7.127225397918832139e-02
7.116599905493126155e-02
7.003406504618987782e-02
7.003406504618987782e-02
7.003406504618987782e-02
7.003406504618987782e-02
7.003406504618987782e-02
7.003406504618987782e-02
7.003406504618987782e-02
7.003406504618987782e-02
7.003406504618987782e-02
6.981184701655851477e-02
6.981184701655851477e-02
6.981184701655851477e-02
6.981184701655851477e-02
6.981184701655851477e-02
6.981184701655851477e-02
6.981184701655851477e-02
6.981184701655851477e-02
6.981184701655851477e-02
6.981184701655851477e-02
6.981184701655851477e-02
6.981184701655851477e-02
6.981184701655851477e-02
6.981184701655851477e-02
6.981184701655851477e-02
6.981184701655851477e-02
6.981184701655851477e-02
6.917579543999596847e-02
6.917579543999596847e-02
6.917579543999596847e-02
6.917579543999596847e-02
6.917579543999596847e-02
6.890288164808189286e-02
6.890288164808189286e-02
6.834712852249992532e-02
6.834712852249992532e-02
6.834712852249992532e-02
6.834712852249992532e-02
6.834712852249992532e-02
6.833272212525173805e-02
6.833272212525173805e-02
6.831370087083173115e-02
6.831292892117807325e-02
6.830523723862114149e-02
6.830523723862114149e-02
6.817661240871072947e-02
6.817422347545477879e-02
6.777779892943118500e-02
6.769157326062232027e-02
6.768927083229804575e-02
6.768927083229804575e-02
6.768927083229804575e-02
6.768927083229804575e-02
