1.356202946817351851e+01
1.356202946817351851e+01
7.882872711581032199e+00
7.882872711581032199e+00
6.240013928567270440e+00
5.687304911577911071e+00
5.578865059386780345e+00
5.578865059386780345e+00
5.578865059386780345e+00
5.578865059386780345e+00
5.264086877653143759e+00
5.264086877653143759e+00
5.063100337942642248e+00
4.596332110774537405e+00
3.612442073315064395e+00
2.024378747675607659e+00
1.573691168666415230e+00
1.558165731260500397e+00
1.558165731260500397e+00
1.558165731260500397e+00
1.097462270588291933e+00
1.097462270588291933e+00
9.923125788830116090e-01
9.254154064191777440e-01
7.286650432757981743e-01
6.314149222267755324e-01
5.803318592560248179e-01
5.803318592560248179e-01
5.607470442326790705e-01
5.607470442326790705e-01
5.607470442326790705e-01
5.607470442326790705e-01
5.410613390681595636e-01
4.790745947117120984e-01
4.114817519733724449e-01
4.114817519733724449e-01
3.752384694773244211e-01
3.747998946508063756e-01
2.936154265755785975e-01
2.806854312123607809e-01
2.610839774532792146e-01
2.163462250616773053e-01
1.737920669561820453e-01
1.711716667620893084e-01
1.593850814762650392e-01
1.197159373534430749e-01
1.197159373534430749e-01
1.102128818322448828e-01
1.102128818322448828e-01
9.235012739240530677e-02
9.235012739240530677e-02
9.235012739240530677e-02
9.235012739240530677e-02
9.235012739240530677e-02
9.235012739240530677e-02
9.235012739240530677e-02
9.235012739240530677e-02
8.799960815161508854e-02
8.608567859740975936e-02
8.608567859740975936e-02
8.608567859740975936e-02
8.079878998749559504e-02
7.918809290237434351e-02
7.796275139899790096e-02
7.777552209461970067e-02
7.777552209461970067e-02
7.777552209461970067e-02
7.777552209461970067e-02
7.528683852899220597e-02
7.528683852899220597e-02
7.528683852899220597e-02
7.528683852899220597e-02
7.528683852899220597e-02
7.449463851592173780e-02
7.363317324972193378e-02
7.330044478271080521e-02
7.330044478271080521e-02
7.330044478271080521e-02
7.330044478271080521e-02
7.330044478271080521e-02
7.141697522769969997e-02
7.141697522769969997e-02
6.839541760142993365e-02
6.839541760142993365e-02
6.839541760142993365e-02
6.839541760142993365e-02
6.839541760142993365e-02
6.839541760142993365e-02
6.839541760142993365e-02
6.839541760142993365e-02
6.839541760142993365e-02
6.839541760142993365e-02
6.839541760142993365e-02
6.839541760142993365e-02
6.839541760142993365e-02
6.839541760142993365e-02
6.839541760142993365e-02
6.812575927616078275e-02
6.703095134887943063e-02
6.606950845043130238e-02
6.382832644930813704e-02
6.281019918837620064e-02
6.281019918837620064e-02
6.281019918837620064e-02
6.281019918837620064e-02
6.281019918837620064e-02
6.281019918837620064e-02
6.281019918837620064e-02
6.269024506811685105e-02
6.269024506811685105e-02
6.269024506811685105e-02
6.269024506811685105e-02
6.269024506811685105e-02
6.269024506811685105e-02
6.269024506811685105e-02
6.269024506811685105e-02
6.074235690321325848e-02
6.054379108471141108e-02
6.054379108471141108e-02
6.054379108471141108e-02
5.982733198814034481e-02
5.956637292461024885e-02
5.862552126493032062e-02
5.862552126493032062e-02
5.862552126493032062e-02
5.862552126493032062e-02
5.862552126493032062e-02
5.862552126493032062e-02
5.715581207081583959e-02
5.715581207081583959e-02
5.715581207081583959e-02
5.714144142991193359e-02
5.642148878592218725e-02
5.573912564752656756e-02
5.565150003180911048e-02
5.565150003180911048e-02
5.565150003180911048e-02
5.565150003180911048e-02
5.565150003180911048e-02
5.565150003180911048e-02
5.565150003180911048e-02
5.565150003180911048e-02
5.565150003180911048e-02
5.492786364435321700e-02
5.380028513173705507e-02
5.368052880545440275e-02
5.364211025645915926e-02
5.362844172130831755e-02
5.362484430389845985e-02
5.362391177064241427e-02
5.362366244412529459e-02
5.362360802203157417e-02
5.348360797890421708e-02
5.311464672576889784e-02
5.311464672576889784e-02
5.311464672576889784e-02
5.294647062040724883e-02
5.294647062040724883e-02
5.237727070787147332e-02
5.237727070787147332e-02
5.237727070787147332e-02
5.237727070787147332e-02
5.237727070787147332e-02
5.237727070787147332e-02
5.152319976379200750e-02
5.152319976379200750e-02
5.147366346870284326e-02
5.147366346870284326e-02
5.147366346870284326e-02
5.147366346870284326e-02
5.147366346870284326e-02
5.147366346870284326e-02
5.147366346870284326e-02
5.147366346870284326e-02
5.147366346870284326e-02
5.147366346870284326e-02
5.147366346870284326e-02
5.147366346870284326e-02
5.147366346870284326e-02
5.147366346870284326e-02
5.147317110008906710e-02
5.147317110008906710e-02
5.146842156300572568e-02
5.146200501144470446e-02
5.146200501144470446e-02
5.113382559780756814e-02
5.103432403993730243e-02
5.103432403993730243e-02
5.103432403993730243e-02
5.051494830372775524e-02
5.047189029369372054e-02
5.004124206051259460e-02
5.004124206051259460e-02
4.999597651824186362e-02
4.998833023727426716e-02
4.998803996022236490e-02
4.998803996022236490e-02
4.979032210254147328e-02
4.967071349586157925e-02
4.959188431086457988e-02
