1.119857411989245399e+01
1.119857411989245399e+01
1.119857411989245399e+01
1.119857411989245399e+01
1.085288220860863362e+01
1.027096378080558203e+01
1.027096378080558203e+01
1.027096378080558203e+01
1.027096378080558203e+01
9.331895036463365045e+00
8.480400223723904674e+00
7.802024666523619700e+00
7.153790511248023343e+00
6.330321663425030110e+00
5.584736483142385133e+00
5.376165897847177355e+00
4.077232660676611609e+00
3.000140076970162273e+00
2.674076883607581223e+00
2.674076883607581223e+00
2.668881494145357358e+00
2.571012211336607400e+00
2.345479666769494820e+00
2.095149071526555939e+00
2.095149071526555939e+00
1.970009198841738085e+00
1.833416938332596891e+00
1.769684827544998562e+00
1.769684827544998562e+00
1.769684827544998562e+00
1.769684827544998562e+00
1.769684827544998562e+00
1.749856695001796414e+00
1.709371650743107818e+00
1.688479683674313447e+00
1.656366034278813348e+00
1.630657158164739329e+00
1.597574297394293241e+00
1.571307960332260611e+00
1.550754213921277325e+00
1.508646406386899397e+00
1.476098553457848350e+00
1.444786541569175631e+00
1.422910253235921241e+00
1.399443263740093979e+00
1.383617292788585917e+00
1.360434570927587794e+00
1.321598195326899372e+00
1.321598195326899372e+00
1.291360425847069671e+00
1.283020778262401240e+00
1.234243969920679973e+00
1.215394906246260120e+00
1.169855541072820415e+00
1.148214381106003046e+00
1.148214381106003046e+00
1.140951189504083807e+00
1.100631847991366152e+00
1.100631847991366152e+00
1.097864119084356549e+00
1.097864119084356549e+00
1.097864119084356549e+00
1.091028034880550335e+00
1.091028034880550335e+00
1.059750683053484410e+00
1.018971361552082122e+00
9.925198163865498469e-01
9.728678736866509524e-01
9.500846101127200516e-01
9.500846101127200516e-01
9.360069774049818436e-01
8.904248741739747564e-01
8.904248741739747564e-01
8.553026768193883189e-01
8.293367039988822631e-01
8.293367039988822631e-01
8.204769308654202842e-01
8.204769308654202842e-01
8.204769308654202842e-01
8.000623939836857268e-01
7.575272121519174284e-01
7.572529553367370880e-01
7.495789078788057669e-01
7.495789078788057669e-01
7.229934462353562186e-01
7.227635620833920971e-01
6.674764874628831279e-01
6.499060634777656942e-01
6.272746121685021103e-01
5.855838264661611392e-01
5.386513138723227900e-01
5.072093698623427738e-01
5.072093698623427738e-01
4.939134248155708784e-01
4.906822660888359167e-01
4.717797523334962273e-01
4.230298337811152498e-01
3.848199212201652841e-01
3.573849087357906518e-01
3.573849087357906518e-01
3.399132145110436154e-01
3.116188857732241635e-01
2.996269161685323201e-01
2.620576703213323144e-01
2.568776864384055836e-01
2.444322176741198782e-01
2.288809483620208307e-01
2.122499414514870120e-01
2.016809186423268452e-01
1.773459718637244442e-01
1.669872744202857417e-01
1.624969795250275906e-01
1.549746510276897860e-01
1.532226121931919427e-01
1.532226121931919427e-01
1.529784940925907333e-01
1.529784940925907333e-01
1.481092231528332581e-01
1.305470845540480374e-01
1.305470845540480374e-01
1.250247479278309704e-01
1.220682705096975129e-01
1.216177643827089649e-01
1.189818566452368609e-01
1.068759785580807725e-01
1.068759785580807725e-01
9.983156145324881270e-02
9.511451515814708935e-02
9.467154670953663309e-02
9.348978667478473337e-02
9.348978667478473337e-02
9.274640751705608144e-02
8.913573682606582005e-02
8.710311159751103760e-02
8.710311159751103760e-02
8.648399740086354370e-02
8.407118557409078152e-02
8.081676080248222094e-02
7.995832334179214795e-02
7.976533727925423645e-02
7.976533727925423645e-02
7.931351329777910908e-02
7.821622781133005797e-02
7.501274949196859443e-02
7.501274949196859443e-02
7.309105712442030833e-02
7.014629353480383855e-02
7.014629353480383855e-02
6.854585033574402131e-02
6.816544526676623916e-02
6.761536152018005064e-02
6.591529135370596815e-02
6.575957783633142040e-02
6.522266974613698254e-02
6.438725619869375971e-02
6.398315737000460912e-02
6.398315737000460912e-02
6.363271725939841084e-02
6.363271725939841084e-02
6.330938982813132110e-02
6.330938982813132110e-02
6.330938982813132110e-02
6.278577913605840055e-02
6.246133735233789369e-02
6.239684418095975404e-02
6.163552117449801193e-02
6.078326461343752651e-02
6.043254350483622667e-02
6.043031836776054100e-02
6.029228301697192594e-02
6.026513080576884063e-02
6.026027404785570113e-02
5.942153514645062001e-02
5.875490484928105189e-02
5.863069448373299519e-02
5.794968284025501376e-02
5.794966458427491807e-02
5.794966458427491807e-02
5.783492095328354038e-02
5.756100480955222282e-02
5.716608983761085200e-02
5.709316004722783666e-02
5.694650567731683599e-02
5.694650567731683599e-02
5.687807079473885391e-02
5.687152342057837096e-02
5.673131322034141027e-02
5.673131322034141027e-02
5.673131322034141027e-02
5.652767937446707969e-02
5.574585612312130123e-02
5.574585612312130123e-02
5.574585612312130123e-02
5.561021781278231713e-02
5.560551131456295537e-02
5.560454531225483138e-02
5.560446658328493247e-02
5.560445366033336251e-02
5.560445366033336251e-02
5.548328899822981691e-02
