1.379051080150689224e+01
1.369072187443697786e+01
1.357425426164669346e+01
9.541255345330203141e+00
9.541255345330203141e+00
6.886438589559805479e+00
6.886438589559805479e+00
6.886438589559805479e+00
6.886438589559805479e+00
6.886438589559805479e+00
6.886438589559805479e+00
6.828956078049961853e+00
5.261600997810448987e+00
4.558394706885367853e+00
4.458929908158926203e+00
3.627241122654616845e+00
2.803281045936895310e+00
2.364676127620922497e+00
2.337218151198602101e+00
2.337218151198602101e+00
2.168139254594359855e+00
2.023117502977402005e+00
1.803760925770363954e+00
1.366007823627455320e+00
1.366007823627455320e+00
1.277413888121178953e+00
7.765374543792245010e-01
7.765374543792245010e-01
7.432070359962492656e-01
7.137983941609287175e-01
5.999516106858429065e-01
5.921405199038753953e-01
4.841780555020571697e-01
4.098242410633984312e-01
3.975752335666162818e-01
3.164103692826256697e-01
2.703857441401467665e-01
2.285826015575719572e-01
2.285826015575719572e-01
1.947970153818112116e-01
1.748382511599711753e-01
1.578540344824840569e-01
1.413859850202495716e-01
1.075739404078465411e-01
1.075739404078465411e-01
1.075739404078465411e-01
1.075739404078465411e-01
1.075739404078465411e-01
1.035162414655312196e-01
1.035162414655312196e-01
1.035162414655312196e-01
8.253413592013401912e-02
8.253413592013401912e-02
8.253413592013401912e-02
8.253413592013401912e-02
8.253413592013401912e-02
8.253413592013401912e-02
8.253413592013401912e-02
7.856437923138118173e-02
7.856437923138118173e-02
7.856437923138118173e-02
7.565427983346671714e-02
7.565427983346671714e-02
7.565427983346671714e-02
7.565427983346671714e-02
7.565427983346671714e-02
7.231113826248782017e-02
7.231113826248782017e-02
7.231113826248782017e-02
6.828729536777730647e-02
6.828729536777730647e-02
6.828729536777730647e-02
6.828729536777730647e-02
6.828729536777730647e-02
6.828729536777730647e-02
6.765778578636508223e-02
6.765778578636508223e-02
6.765778578636508223e-02
6.765778578636508223e-02
6.765778578636508223e-02
6.765778578636508223e-02
6.765778578636508223e-02
6.765778578636508223e-02
6.765778578636508223e-02
6.765778578636508223e-02
6.514389812949936132e-02
6.514389812949936132e-02
6.514389812949936132e-02
6.514389812949936132e-02
6.514389812949936132e-02
6.316195212430883443e-02
6.316195212430883443e-02
6.316195212430883443e-02
6.316195212430883443e-02
6.284147437142599546e-02
6.284147437142599546e-02
6.284147437142599546e-02
6.284147437142599546e-02
6.284147437142599546e-02
6.038227650351082193e-02
6.038227650351082193e-02
6.038227650351082193e-02
6.038227650351082193e-02
6.038227650351082193e-02
5.998647403423416902e-02
5.995404841141708380e-02
5.691164834943920892e-02
5.691164834943920892e-02
5.691164834943920892e-02
5.691164834943920892e-02
5.691164834943920892e-02
5.691164834943920892e-02
5.691164834943920892e-02
5.679540904681325275e-02
5.679540904681325275e-02
5.679540904681325275e-02
5.679540904681325275e-02
5.634663776286311793e-02
5.634663776286311793e-02
5.634663776286311793e-02
5.634663776286311793e-02
5.554262906937279531e-02
5.554262906937279531e-02
5.554262906937279531e-02
5.554262906937279531e-02
5.554262906937279531e-02
5.517581103466829423e-02
5.517581103466829423e-02
5.517581103466829423e-02
5.517581103466829423e-02
5.517581103466829423e-02
5.517581103466829423e-02
5.517581103466829423e-02
5.517581103466829423e-02
5.517581103466829423e-02
5.517581103466829423e-02
5.517581103466829423e-02
5.517581103466829423e-02
5.517581103466829423e-02
5.517581103466829423e-02
5.504609090185269560e-02
5.504609090185269560e-02
5.504609090185269560e-02
5.408256580962127885e-02
5.408256580962127885e-02
5.408256580962127885e-02
5.408256580962127885e-02
5.408256580962127885e-02
5.408256580962127885e-02
5.408256580962127885e-02
5.408256580962127885e-02
5.408256580962127885e-02
5.408256580962127885e-02
5.408256580962127885e-02
5.408256580962127885e-02
5.396505321236755304e-02
5.396505321236755304e-02
5.392373371097604340e-02
5.392373371097604340e-02
5.382338143911031408e-02
5.382338143911031408e-02
5.382338143911031408e-02
5.378033019240193585e-02
5.340214880318280150e-02
5.340214880318280150e-02
5.311361311770632088e-02
5.306159615610321623e-02
5.305388865356699957e-02
5.305295198231800569e-02
5.305221838583804722e-02
5.305221838583804722e-02
5.305221838583804722e-02
5.305221838583804722e-02
5.305221838583804722e-02
5.305221838583804722e-02
5.289564582374044893e-02
5.289564582374044893e-02
5.286504257509561100e-02
5.286504257509561100e-02
5.286504257509561100e-02
5.286504257509561100e-02
5.285204965773879215e-02
5.284226233682889212e-02
5.284168261010890183e-02
5.284154697778079696e-02
5.284121613364260034e-02
5.284121613364260034e-02
5.284121613364260034e-02
5.284121613364260034e-02
5.284121613364260034e-02
5.284121613364260034e-02
5.284121613364260034e-02
5.284121613364260034e-02
5.275886629434047709e-02
5.275886629434047709e-02
5.274733466234868967e-02
5.274655432405886413e-02
5.274655432405886413e-02
5.274645852779658028e-02
5.274499810150289764e-02
