2.457287756062681083e+01
1.592181669289781354e+01
9.409623224235847516e+00
8.487553248008246953e+00
8.487553248008246953e+00
8.487553248008246953e+00
5.966491116880226819e+00
5.966491116880226819e+00
5.668585020950561493e+00
2.993322039233740739e+00
2.405857335064231162e+00
2.405857335064231162e+00
2.405857335064231162e+00
2.405857335064231162e+00
2.405857335064231162e+00
2.405857335064231162e+00
2.405857335064231162e+00
2.405857335064231162e+00
2.405857335064231162e+00
2.405857335064231162e+00
2.209797709931787146e+00
2.209797709931787146e+00
1.552236805296402622e+00
1.467360709739630620e+00
1.467360709739630620e+00
1.244276017315839589e+00
8.869110479181792073e-01
8.634938243521435020e-01
8.085930358909285687e-01
7.480393113114151005e-01
6.660598960005457148e-01
5.473940862164774490e-01
5.298473635579898922e-01
4.126433666015087431e-01
3.627266276942839873e-01
3.086774507414919988e-01
2.841092662553373893e-01
1.661857147498448095e-01
1.348195942446172579e-01
1.348195942446172579e-01
1.225172537198268713e-01
1.140419781467706395e-01
1.059535775926782469e-01
1.059535775926782469e-01
1.059535775926782469e-01
1.059535775926782469e-01
1.059535775926782469e-01
1.059535775926782469e-01
1.059535775926782469e-01
1.059535775926782469e-01
1.059535775926782469e-01
1.059535775926782469e-01
1.059535775926782469e-01
1.059535775926782469e-01
8.689421560899786290e-02
8.689421560899786290e-02
8.689421560899786290e-02
8.689421560899786290e-02
8.689421560899786290e-02
8.539739840784810188e-02
8.453299342883863199e-02
8.453299342883863199e-02
8.453299342883863199e-02
8.453299342883863199e-02
8.453299342883863199e-02
8.453299342883863199e-02
8.453299342883863199e-02
8.453299342883863199e-02
8.453299342883863199e-02
8.453299342883863199e-02
8.453299342883863199e-02
8.453299342883863199e-02
8.453299342883863199e-02
8.126826472638357113e-02
8.126826472638357113e-02
8.126826472638357113e-02
8.126826472638357113e-02
7.884969774375337470e-02
7.884969774375337470e-02
7.884969774375337470e-02
7.884969774375337470e-02
7.884969774375337470e-02
7.884969774375337470e-02
7.884969774375337470e-02
7.871220805998195569e-02
7.871220805998195569e-02
7.871220805998195569e-02
7.550804561696095041e-02
7.206328293565175680e-02
7.206328293565175680e-02
7.206328293565175680e-02
7.206328293565175680e-02
7.206328293565175680e-02
7.206328293565175680e-02
6.921834712218311036e-02
6.921834712218311036e-02
6.921834712218311036e-02
6.921834712218311036e-02
6.890219234720486308e-02
6.890219234720486308e-02
6.890219234720486308e-02
6.890219234720486308e-02
6.770780176118601501e-02
6.770780176118601501e-02
6.564013157342248050e-02
6.564013157342248050e-02
6.564013157342248050e-02
6.564013157342248050e-02
6.564013157342248050e-02
6.537537007163206348e-02
6.537537007163206348e-02
6.537537007163206348e-02
6.525140235489813867e-02
6.525140235489813867e-02
6.525140235489813867e-02
6.525140235489813867e-02
6.525140235489813867e-02
6.525140235489813867e-02
6.525140235489813867e-02
6.525140235489813867e-02
6.367189445765335243e-02
6.367189445765335243e-02
6.367189445765335243e-02
6.367189445765335243e-02
6.367189445765335243e-02
6.367189445765335243e-02
6.367189445765335243e-02
6.367189445765335243e-02
6.367189445765335243e-02
6.287480299108347270e-02
6.244218182939934025e-02
6.244218182939934025e-02
6.244218182939934025e-02
6.236621366992388393e-02
6.236621366992388393e-02
6.236621366992388393e-02
6.236621366992388393e-02
6.236621366992388393e-02
6.213154107507062873e-02
6.201837057506671275e-02
6.201837057506671275e-02
6.201837057506671275e-02
6.160977974324372691e-02
6.124272874631551261e-02
6.108921863924578199e-02
6.108921863924578199e-02
6.108921863924578199e-02
6.108921863924578199e-02
6.108921863924578199e-02
6.108921863924578199e-02
6.108921863924578199e-02
6.108921863924578199e-02
6.108921863924578199e-02
6.108921863924578199e-02
6.108921863924578199e-02
6.108921863924578199e-02
6.030345749286109697e-02
6.030345749286109697e-02
6.030345749286109697e-02
6.030345749286109697e-02
6.030345749286109697e-02
5.967411967728806360e-02
5.967411967728806360e-02
5.967411967728806360e-02
5.967411967728806360e-02
5.967411967728806360e-02
5.967411967728806360e-02
5.967411967728806360e-02
5.967411967728806360e-02
5.967411967728806360e-02
5.967411967728806360e-02
5.967411967728806360e-02
5.967411967728806360e-02
5.967411967728806360e-02
5.967411967728806360e-02
5.967411967728806360e-02
5.967411967728806360e-02
5.967411967728806360e-02
5.967411967728806360e-02
5.958076448066131070e-02
5.903735233979096053e-02
5.903735233979096053e-02
5.903735233979096053e-02
5.903735233979096053e-02
5.903735233979096053e-02
5.903735233979096053e-02
5.903735233979096053e-02
5.903735233979096053e-02
5.903735233979096053e-02
5.903735233979096053e-02
5.903735233979096053e-02
5.903735233979096053e-02
5.903735233979096053e-02
5.903735233979096053e-02
5.895359697726200443e-02
5.894773559519569245e-02
5.894718900405994388e-02
5.894718900405994388e-02
5.894718900405994388e-02
5.894718900405994388e-02
