5.970957368741832028e+00
5.970957368741832028e+00
3.368391126238845068e+00
2.793268056167076629e+00
2.793268056167076629e+00
2.063024462261465963e+00
2.063024462261465963e+00
2.063024462261465963e+00
2.063024462261465963e+00
2.063024462261465963e+00
2.063024462261465963e+00
1.845502831042060699e+00
1.845502831042060699e+00
1.755436041251727586e+00
1.351089819878711573e+00
1.301787219541284513e+00
1.181805474492767960e+00
1.181805474492767960e+00
1.046312493632321150e+00
1.046312493632321150e+00
1.046312493632321150e+00
6.953387612434548393e-01
5.321206201921397927e-01
4.185553140226228042e-01
3.184201165005248191e-01
3.184201165005248191e-01
2.602678845697143362e-01
2.602678845697143362e-01
2.580150964131096014e-01
2.105518961888994955e-01
2.105518961888994955e-01
2.105518961888994955e-01
1.735772239418923724e-01
1.673402530480165018e-01
1.673402530480165018e-01
1.577645411570227640e-01
1.577645411570227640e-01
1.577645411570227640e-01
1.454088522863195287e-01
1.454088522863195287e-01
1.454088522863195287e-01
1.454088522863195287e-01
1.454088522863195287e-01
1.454088522863195287e-01
1.454088522863195287e-01
1.454088522863195287e-01
1.454088522863195287e-01
1.451375648395878959e-01
1.451375648395878959e-01
1.431967449567102535e-01
1.431967449567102535e-01
1.431967449567102535e-01
1.406388729896224377e-01
1.381181787172635067e-01
1.381181787172635067e-01
1.358698165627201526e-01
1.358698165627201526e-01
1.358698165627201526e-01
1.358698165627201526e-01
1.358698165627201526e-01
1.358698165627201526e-01
1.358698165627201526e-01
1.358698165627201526e-01
1.358698165627201526e-01
1.358698165627201526e-01
1.358698165627201526e-01
1.358698165627201526e-01
1.316365505501434496e-01
1.293720018193123822e-01
1.293720018193123822e-01
1.293720018193123822e-01
1.293720018193123822e-01
1.293720018193123822e-01
1.293720018193123822e-01
1.293720018193123822e-01
1.251195369168835725e-01
1.208090793238133509e-01
1.208090793238133509e-01
1.208090793238133509e-01
1.208090793238133509e-01
1.208090793238133509e-01
1.208090793238133509e-01
1.208090793238133509e-01
1.208090793238133509e-01
1.199395749753043583e-01
1.199395749753043583e-01
1.199395749753043583e-01
1.199395749753043583e-01
1.189587008236345084e-01
1.182133373366785478e-01
1.182133373366785478e-01
1.182133373366785478e-01
1.182133373366785478e-01
1.167720247172698983e-01
1.167720247172698983e-01
1.167720247172698983e-01
1.167720247172698983e-01
1.167720247172698983e-01
1.167720247172698983e-01
1.167720247172698983e-01
1.167720247172698983e-01
1.128808019562785314e-01
1.128808019562785314e-01
1.128808019562785314e-01
1.075622409739267760e-01
1.058675920103343826e-01
1.054531883038178353e-01
1.053313634362896684e-01
1.052891185064845914e-01
1.052381449902308891e-01
1.052381449902308891e-01
1.052381449902308891e-01
1.051921544825453886e-01
1.051921544825453886e-01
1.051921544825453886e-01
1.051921544825453886e-01
1.051921544825453886e-01
1.051921544825453886e-01
1.032950325459664198e-01
1.032950325459664198e-01
1.032950325459664198e-01
1.018723901748679328e-01
1.018723901748679328e-01
1.015076032899944886e-01
1.015076032899944886e-01
1.015076032899944886e-01
1.005853800269392723e-01
1.005853800269392723e-01
9.998766036198337981e-02
9.754556493463034661e-02
9.754556493463034661e-02
9.754556493463034661e-02
9.754556493463034661e-02
9.754556493463034661e-02
9.754556493463034661e-02
9.754556493463034661e-02
9.754556493463034661e-02
9.754556493463034661e-02
9.754556493463034661e-02
9.716456324463428051e-02
9.716456324463428051e-02
9.713881841790737715e-02
9.713881841790737715e-02
9.712933441386560618e-02
9.545393997564573241e-02
9.545393997564573241e-02
9.496432531116751063e-02
9.496432531116751063e-02
9.466852994047317282e-02
9.460012762655964358e-02
9.460012762655964358e-02
9.340337013968219582e-02
9.311260173530129525e-02
9.311260173530129525e-02
9.268266121396073753e-02
9.268266121396073753e-02
9.268266121396073753e-02
9.268266121396073753e-02
9.268266121396073753e-02
9.215376675906450377e-02
9.215376675906450377e-02
9.072747502019748445e-02
9.072747502019748445e-02
9.072747502019748445e-02
9.072747502019748445e-02
9.035444893729538407e-02
9.035444893729538407e-02
8.946575891625253851e-02
8.943987184414944891e-02
8.828556402931533875e-02
8.794225880924572136e-02
8.794225880924572136e-02
8.551708270399042966e-02
8.523049250400649424e-02
8.520125683891041635e-02
8.519760272844065230e-02
8.519723505979995282e-02
8.506727097392767500e-02
8.506727097392767500e-02
8.475160497267433812e-02
8.475160497267433812e-02
8.467767600674547257e-02
8.467767600674547257e-02
8.467767600674547257e-02
8.467767600674547257e-02
8.467767600674547257e-02
8.467767600674547257e-02
8.467767600674547257e-02
8.467767600674547257e-02
8.467767600674547257e-02
8.467767600674547257e-02
8.365832881236281993e-02
8.365832881236281993e-02
8.341288804625983377e-02
8.340576180610122237e-02
8.340556796367368242e-02
8.340555163890604751e-02
8.340555163890604751e-02
8.338712262591833901e-02
8.296595003118631406e-02
