2.566897447311446712e+01
9.791234912337513308e+00
2.717803490180789705e+00
2.274634539574124759e+00
2.274634539574124759e+00
2.115691625503106188e+00
1.910792649633474394e+00
1.910792649633474394e+00
1.910792649633474394e+00
1.910792649633474394e+00
1.910792649633474394e+00
1.910792649633474394e+00
1.910792649633474394e+00
1.910792649633474394e+00
1.910792649633474394e+00
1.910792649633474394e+00
1.910792649633474394e+00
1.910792649633474394e+00
1.670365248950663517e+00
1.670365248950663517e+00
1.670365248950663517e+00
1.599765109488205939e+00
1.493649183912846512e+00
1.493649183912846512e+00
1.345328728698980347e+00
1.311811109196387992e+00
8.144383324250151768e-01
7.829519809479459358e-01
7.113267835582045562e-01
5.873121361817547070e-01
5.579961066201442055e-01
5.204171743513520410e-01
5.204171743513520410e-01
5.204171743513520410e-01
5.040291546043840221e-01
4.957724748329082054e-01
4.872418821665533972e-01
4.765480547718030091e-01
4.765480547718030091e-01
4.520276842642306780e-01
4.456135129654752447e-01
4.288075777776228503e-01
4.288075777776228503e-01
4.288075777776228503e-01
4.192464674327242014e-01
4.192464674327242014e-01
4.163583944575957596e-01
3.988770586990509348e-01
3.988770586990509348e-01
3.988770586990509348e-01
3.928926891740475713e-01
3.928926891740475713e-01
3.928926891740475713e-01
3.849930464272868225e-01
3.849930464272868225e-01
3.712585281168776508e-01
3.591979110998305691e-01
3.591979110998305691e-01
3.521486787997626378e-01
3.521486787997626378e-01
3.366856853299615704e-01
3.366856853299615704e-01
3.366856853299615704e-01
3.338497054558224875e-01
3.131957905689358168e-01
2.949446176217400684e-01
2.915094859427245222e-01
2.915094859427245222e-01
2.915094859427245222e-01
2.854943818268198541e-01
2.627172479022119589e-01
2.627172479022119589e-01
2.620238326984242194e-01
2.620238326984242194e-01
2.620238326984242194e-01
2.475365105142366129e-01
2.475365105142366129e-01
2.379138115289744226e-01
2.205733115581188786e-01
2.144368728944138491e-01
2.092429807749955073e-01
2.069359590718163888e-01
2.055402084368708471e-01
2.055402084368708471e-01
1.885899296768188127e-01
1.794325888568156502e-01
1.598505152975840671e-01
1.556532904221702429e-01
1.502235752146322267e-01
1.432362455328276551e-01
1.432362455328276551e-01
1.432362455328276551e-01
1.432362455328276551e-01
1.383776647362942591e-01
1.383776647362942591e-01
1.383776647362942591e-01
1.383776647362942591e-01
1.383776647362942591e-01
1.340339318725721762e-01
1.285402281066442831e-01
1.285402281066442831e-01
1.276705503296409749e-01
1.276705503296409749e-01
1.276705503296409749e-01
1.238634646039444287e-01
1.204283265282554138e-01
1.134547460496123372e-01
1.100078780529435418e-01
1.034460770330093149e-01
9.937761263854059945e-02
9.799491391164062704e-02
9.445480466025318877e-02
9.215085489249631723e-02
8.969878687082463720e-02
8.969878687082463720e-02
8.969878687082463720e-02
8.969878687082463720e-02
8.969878687082463720e-02
8.730141862321011414e-02
8.585295702838587062e-02
8.585295702838587062e-02
8.215168653503257534e-02
8.215168653503257534e-02
8.124770794136093599e-02
8.124770794136093599e-02
8.072185698714004487e-02
8.055272588173503778e-02
8.052738345646612284e-02
7.885490420434013159e-02
7.879600161784942880e-02
7.786056988566689152e-02
7.786056988566689152e-02
7.478129485322078385e-02
7.240244706803654340e-02
7.065892999714783185e-02
7.054892882921671993e-02
7.054892882921671993e-02
7.054892882921671993e-02
7.054892882921671993e-02
7.054892882921671993e-02
7.054892882921671993e-02
7.054892882921671993e-02
7.054892882921671993e-02
7.054892882921671993e-02
7.054892882921671993e-02
7.054892882921671993e-02
7.054892882921671993e-02
7.000692534380101306e-02
6.965362331037806831e-02
6.843496117316850980e-02
6.843496117316850980e-02
6.843496117316850980e-02
6.701647224835372008e-02
6.701647224835372008e-02
6.701647224835372008e-02
6.701647224835372008e-02
6.700078017309174516e-02
6.700078017309174516e-02
6.668353711567615028e-02
6.668353711567615028e-02
6.668353711567615028e-02
6.650161867782881930e-02
6.642227620420033951e-02
6.623872065813987686e-02
6.623872065813987686e-02
6.623872065813987686e-02
6.614936644238852970e-02
6.514097665597201603e-02
6.432657425344828761e-02
6.412804277226230587e-02
6.330039248175757527e-02
6.317362563928485830e-02
6.316096938085362378e-02
6.315922329726925133e-02
6.315906953016249548e-02
6.315901212971707090e-02
6.315901212971707090e-02
6.223101752187903957e-02
6.196170401015888701e-02
6.193406305372208681e-02
6.193106603970845864e-02
6.162826526678761435e-02
6.162826526678761435e-02
6.157380284117913022e-02
6.157380284117913022e-02
6.156717890800327692e-02
6.156686816407017787e-02
6.156674119462542116e-02
6.156674119462542116e-02
6.143096008768514360e-02
6.132417031586728795e-02
6.131967926689913667e-02
6.131951175205629240e-02
6.131951175205629240e-02
6.131951175205629240e-02
6.130506915677779584e-02
6.079162960157031420e-02
6.078377495851598755e-02
6.078366131803000783e-02
6.078366131803000783e-02
