1.538582060935197937e+01
1.291112695392584975e+01
1.108369016160275677e+01
9.223111513923923255e+00
5.346403282689675684e+00
1.888758874112463237e+00
1.888758874112463237e+00
1.054206941432279887e+00
1.054206941432279887e+00
1.054206941432279887e+00
1.054206941432279887e+00
7.784824237343509479e-01
7.784824237343509479e-01
7.393990826565880470e-01
7.393990826565880470e-01
5.189447733597378765e-01
5.189447733597378765e-01
5.189447733597378765e-01
5.189447733597378765e-01
5.189447733597378765e-01
5.189447733597378765e-01
4.932373066463640043e-01
4.932373066463640043e-01
3.358730492337430595e-01
3.256288641677711482e-01
2.098918218201816510e-01
2.098918218201816510e-01
2.098918218201816510e-01
2.059234677807491032e-01
2.052667186732077265e-01
1.540848603817072948e-01
1.540848603817072948e-01
1.540848603817072948e-01
1.436596401418250846e-01
1.330880339496930964e-01
1.283419517237252838e-01
1.201561965615259298e-01
1.201561965615259298e-01
1.108979844857467673e-01
1.067416880043195321e-01
1.043908890598662792e-01
9.937853575730923317e-02
9.937853575730923317e-02
9.937853575730923317e-02
9.937853575730923317e-02
9.937853575730923317e-02
9.937853575730923317e-02
9.937853575730923317e-02
9.937853575730923317e-02
9.937853575730923317e-02
9.506980417546086193e-02
9.506980417546086193e-02
8.518919622355623777e-02
8.518919622355623777e-02
8.518919622355623777e-02
8.518919622355623777e-02
8.183206590188542295e-02
7.915144158962035548e-02
7.593306169575739228e-02
7.593306169575739228e-02
7.593306169575739228e-02
7.593306169575739228e-02
7.593306169575739228e-02
7.593306169575739228e-02
7.593306169575739228e-02
7.556000756114716888e-02
7.498026461827224376e-02
7.402843748868150053e-02
7.402843748868150053e-02
7.402843748868150053e-02
7.402843748868150053e-02
7.402843748868150053e-02
7.241284679069807939e-02
7.241284679069807939e-02
7.241284679069807939e-02
7.241284679069807939e-02
7.241284679069807939e-02
7.241284679069807939e-02
7.241284679069807939e-02
7.225676177290939195e-02
7.225676177290939195e-02
7.225676177290939195e-02
7.166661888906358802e-02
7.166661888906358802e-02
7.166661888906358802e-02
6.900117006409048348e-02
6.900117006409048348e-02
6.900117006409048348e-02
6.751639666136460827e-02
6.751639666136460827e-02
6.751639666136460827e-02
6.751639666136460827e-02
6.751639666136460827e-02
6.751639666136460827e-02
6.751639666136460827e-02
6.616843210145798015e-02
6.616843210145798015e-02
6.616843210145798015e-02
6.542160509847076699e-02
6.542160509847076699e-02
6.542160509847076699e-02
6.542160509847076699e-02
6.510766414890963028e-02
6.510766414890963028e-02
6.510766414890963028e-02
6.510766414890963028e-02
6.472479200546706057e-02
6.235835703219503451e-02
6.235835703219503451e-02
6.235835703219503451e-02
6.054662081437037907e-02
6.054662081437037907e-02
6.054662081437037907e-02
6.054662081437037907e-02
6.054662081437037907e-02
6.054662081437037907e-02
6.054662081437037907e-02
6.054662081437037907e-02
6.054662081437037907e-02
6.054662081437037907e-02
6.054662081437037907e-02
6.046628455763412846e-02
6.046628455763412846e-02
6.046628455763412846e-02
6.046628455763412846e-02
6.046628455763412846e-02
6.046628455763412846e-02
6.046628455763412846e-02
6.046628455763412846e-02
6.046628455763412846e-02
6.046628455763412846e-02
6.046628455763412846e-02
6.014101322047531867e-02
6.014101322047531867e-02
6.014101322047531867e-02
6.014101322047531867e-02
6.014101322047531867e-02
6.014101322047531867e-02
6.014101322047531867e-02
5.981173805091505313e-02
5.981173805091505313e-02
5.981173805091505313e-02
5.981173805091505313e-02
5.975517188133658980e-02
5.969976626370933348e-02
5.968712900300877228e-02
5.968414406570581726e-02
5.968323657046302466e-02
5.968312646215374190e-02
5.968302920524107963e-02
5.968302648067642935e-02
5.968289514809740209e-02
5.968289514809740209e-02
5.968289514809740209e-02
5.968288631416644729e-02
5.967477502995350430e-02
5.967477502995350430e-02
5.960799498375809330e-02
5.960799498375809330e-02
5.960799498375809330e-02
5.960799498375809330e-02
5.960799498375809330e-02
5.924569140012424934e-02
5.896857817098192373e-02
5.896857817098192373e-02
5.896857817098192373e-02
5.896857817098192373e-02
5.896857817098192373e-02
5.896857817098192373e-02
5.896857817098192373e-02
5.896857817098192373e-02
5.896857817098192373e-02
5.896857817098192373e-02
5.896074139018866317e-02
5.895838730219413182e-02
5.895822651097565315e-02
5.895816598264797675e-02
5.882155696456443927e-02
5.882155696456443927e-02
5.882155696456443927e-02
5.882155696456443927e-02
5.882155696456443927e-02
5.882155696456443927e-02
5.882155696456443927e-02
5.882155696456443927e-02
5.882155696456443927e-02
5.826893131746434945e-02
5.786970918516290419e-02
5.773607584165647844e-02
5.773269655707234660e-02
5.773249474369081952e-02
5.773247477223759916e-02
5.773247477223759916e-02
5.773242624291340802e-02
5.773241015883902316e-02
5.773241015883902316e-02
5.764792596023914778e-02
5.764792596023914778e-02
5.744194514734373563e-02
5.743950073700909015e-02
