-4.991711087890262633e+00
-5.000000000000000000e+00
-6.565050178287662241e+00
-5.286108561502247838e+00
-2.244999674140308876e+00
1.835423929494154116e+00
-6.518584472657554585e+00
-1.165344549845755973e+00
-5.306742940163121647e-01
-7.364239076602046907e+00
-2.455251421927651556e+00
-5.681515891376293759e+00
-1.000000000000000000e+00
0.000000000000000000e+00
-2.201927443985245869e+00
-1.351455168184409472e-01
-1.997392333740894754e+00
-5.330916671034745313e+00
-3.766227866705203819e+00
1.257836224682688187e+00
-8.269870710691096249e+00
-5.000000000000000000e+00
-6.578401960054472752e+00
-3.719053197920994425e+00
2.000000000000000000e+00
-7.698970004336018746e+00
-3.296284323175313613e+00
-3.174794187085248076e+00
-2.807842496890631701e+00
-7.968087626965671078e+00
-4.069306073900630594e+00
5.258860555898977607e-01
-7.484195676099266059e+00
-2.897967306490506711e+00
-1.342084957858862837e-01
-5.866453308559440138e+00
-1.550007212129975276e+00
1.169711827895054235e+00
-6.345537622765201391e+00
-3.979635918808257955e+00
8.396592061377080585e-01
-6.904174534325605350e+00
-2.633704767787983680e+00
1.159417656332907498e+00
-1.037025601928247109e+00
-4.301170293940484335e+00
-6.313636158670428600e+00
-2.381934369988943700e+00
-1.916980074681252644e+00
-6.429895144418706465e+00
-1.387511261863738632e+00
-2.482984497828037429e-01
-7.145236170331001446e+00
-2.723145210281820106e+00
-1.363902112403559741e+00
-6.436781135870955239e+00
-2.413282001602995663e+00
-2.000000000000000000e+00
-7.740958553314345458e+00
-3.997024039243507687e+00
1.287635014471263606e+00
-5.688184666021841807e+00
-1.260494210578207097e+00
-4.000000000000000000e+00
-3.920818753952374891e+00
-6.537247563346777923e+00
-2.333978331304528364e+00
-4.793310740890294852e+00
-1.052506054109807909e+00
-4.942030541302882440e+00
0.000000000000000000e+00
-7.732666620356403619e+00
-6.807724386034627040e-01
-5.218847089833572817e+00
-1.901757469131216904e+00
-6.436199708181918666e+00
-2.379382240685935734e+00
-8.000000000000000000e+00
-1.244335090886094841e+00
-5.245786228802830742e+00
-2.387190001791561933e+00
-1.705792064116734563e+00
-4.596253974006450527e+00
-5.421384445530909701e+00
-5.000000000000000000e+00
-1.690196149515636570e+00
-4.355707809239258488e+00
-4.434457498617377702e+00
-1.072476921830352703e+00
-2.549907533096520407e+00
-1.237598736218943563e+00
-2.136856657408040316e+00
-1.788263360780595113e+00
-3.669232604592523206e+00
-3.685779227647336675e+00
5.810256657408846559e-01
-5.524694953059058555e+00
-3.950879154667084059e+00
-7.531174325565707095e-01
-2.544068022635552317e+00
-4.191826867341171159e+00
1.532557722405829992e+00
-3.551942367317781901e+00
-1.752376132400107478e+00
9.474699076984405277e-01
