-5.711446290917765900e+00
-3.385385886488012641e+00
-6.778531607951279625e+00
-6.269748307332559278e+00
-3.233211818937456794e+00
5.066340950141616783e-01
-4.616319751654575754e+00
-2.398511586131826245e+00
-1.522074801714466338e-02
-7.285109560506094262e+00
-2.805380933103272856e+00
-7.980850664374086634e+00
-3.007975897759805672e+00
-3.947243662565165789e-01
-3.306476084402896642e+00
-5.991682916360387967e-01
-1.707763237569620784e+00
-5.245484908900283294e+00
-4.943637879080188924e+00
-8.760600299223221255e-01
-5.301029995663981254e+00
-2.328553935229245919e+00
-6.551039365156306360e+00
-1.348689524717402222e+00
1.947531737624440817e-01
-5.398698082326271575e+00
-2.276255803087579466e+00
-4.316452298533161702e+00
-4.625218174626461121e+00
-5.228676958254129481e+00
-3.405405299483488690e+00
-1.438349386983326594e+00
-6.964628903808348426e+00
-3.862710375616170477e+00
-2.857399165280718467e+00
-4.637047300897480184e+00
0.000000000000000000e+00
-9.136654241979722535e-01
-6.819933101935276909e+00
-1.943485054698768533e+00
2.000000000000000000e+00
-8.147059270710309775e+00
-3.477690476219284843e+00
5.959722467269628066e-01
-9.150500275272054340e-01
-2.955753973446908933e+00
-6.115522013633518661e+00
-4.364069293382676129e+00
2.000000000000000000e+00
-6.639945511709807846e+00
-3.501825378514612730e+00
1.848122501992798483e+00
-6.671520532303900630e+00
-3.264870618724490470e+00
-9.526707578464461701e-01
-7.116724662869863494e+00
-5.000000000000000000e+00
-3.315105823779388589e-02
-8.694731869313581996e+00
-4.238173280507466778e+00
2.000000000000000000e+00
-8.000000000000000000e+00
-1.417047811318216111e+00
-4.000000000000000000e+00
-2.240327938800499297e+00
-8.000000000000000000e+00
-1.620645715537358367e+00
-4.000000000000000000e+00
-4.058556100435886660e-01
-7.809608166491798897e+00
-1.722763872457993672e+00
-4.000000000000000000e+00
-3.301029995663981254e+00
-6.548733975849174271e+00
-2.364583645448600432e-02
-7.884225865218166263e+00
4.139268515822491779e-02
-4.651801587145373063e+00
-7.916757745002515056e-01
-7.820989286667141549e+00
-1.312613337788513634e+00
-3.981598114902148655e+00
-4.830661613535490950e+00
-5.683260176105556560e+00
-2.854842086091736508e+00
-2.221244137049679157e+00
-1.000000000000000000e+00
-2.377281408849909017e+00
-1.099260357506923080e+00
-5.690196149515636570e+00
-1.272350601679180127e+00
-2.884225166767150572e+00
-5.000000000000000000e+00
-4.253855645388486373e+00
-4.555433012628525624e+00
7.170669145707750380e-02
-4.001538014440673585e+00
-5.000000000000000000e+00
3.000000000000000000e+00
-2.859918708471996585e+00
-1.986189720803534620e+00
3.000000000000000000e+00
-2.544068022635552317e+00
-3.662438492628646181e+00
2.099203067669457301e+00
