-6.089752796645743871e+00
-1.020236812809159899e+00
-4.765994903949399841e+00
-5.421032269161626616e+00
-2.765623101807727302e+00
4.924237711781877525e-01
-5.625405635803852888e+00
-3.334773593020778470e+00
-1.905375513762279871e+00
-6.530129506588838062e+00
-3.870207970946935472e+00
-5.918738296401767407e+00
-1.743406730074993138e+00
-4.296993319510558074e-01
-3.736497130220261198e+00
-1.693608386841073843e+00
-2.335150620252684828e+00
-6.788393020528022959e+00
-2.076263444593994922e+00
-2.000000000000000000e+00
-7.004753746431423345e+00
-4.022528230435480801e+00
-1.011635915089997440e+01
-1.020308761627710226e+00
-3.592598463517872598e-01
-5.805266418283512309e+00
-1.864624907074958760e+00
-3.154901959985743076e+00
-4.787905682253024153e+00
-5.963912113190042774e+00
-2.765565733331995180e+00
6.368743010495060419e-01
-6.688754717298433405e+00
-3.613005740819275058e+00
-2.214526393726944153e+00
-6.097815941934920048e+00
-2.259507524161319836e+00
4.359172664363393235e-01
-6.485004915741236609e+00
-3.036346691028751543e+00
-6.468769401560591215e-01
-7.411959693669060378e+00
-2.186516737176106506e+00
1.357919653134804117e+00
-1.067877968150020562e+00
-2.197172520900550818e+00
-5.000000000000000000e+00
-2.963950748148507230e+00
1.287779572540387885e-01
-5.350831695235979346e+00
-2.565576765544713034e+00
2.853831997743364046e-01
-6.347320400398979601e+00
-1.000000000000000000e+00
1.022900836874723884e+00
-5.201672951502399833e+00
-1.350109200851478786e+00
-2.000000000000000000e+00
-7.357692103014255913e+00
-3.512710455423972977e+00
2.000000000000000000e+00
-5.375784058147178079e+00
-3.180456064458131227e+00
-4.000000000000000000e+00
-1.727182441465245466e+00
-8.000000000000000000e+00
-2.662258473016096971e+00
-4.000000000000000000e+00
-2.656234063728091677e+00
-5.012336417757504492e+00
-3.121957276697309158e+00
-4.318581761114526962e+00
-1.814055088208410771e+00
-5.099694547382898513e+00
-3.139000527499467452e+00
-4.298087459028224977e+00
-3.958607314841775082e+00
-6.269998270696444997e+00
-2.633653601622877094e+00
-7.411265238602797290e+00
8.764871092326094459e-02
-4.116211796357923447e+00
-4.903209010042322902e+00
-5.690196149515636570e+00
-1.726785535276226025e+00
-2.448546312744873887e+00
-5.000000000000000000e+00
-2.106270854050544372e+00
-3.291057410385382465e+00
-1.690196149515636570e+00
-5.000000000000000000e+00
-3.675209200569334200e+00
-2.242819307376630711e+00
-2.544068022635552317e+00
-3.150722091040897954e+00
-1.000000000000000000e+00
-3.995310873839495347e+00
-3.525192348617883997e+00
-1.000000000000000000e+00
-5.536131635184304400e+00
-2.439146698630651589e+00
1.081678282311255623e+00
-6.544068022635552317e+00
-3.753697071547294151e+00
3.283794038227952350e-01
