-4.769719977562052016e+00
-1.000000000000000000e+00
-6.075257368808448355e+00
-6.192001327164892821e+00
-3.433217914966811168e+00
4.227511519316956567e-01
-5.757387998940613372e+00
-1.955461764203285213e+00
1.136061835122149422e+00
-5.743809914750278800e+00
-3.700011777544833791e+00
-8.000000000000000000e+00
-4.384006865122370478e+00
0.000000000000000000e+00
-4.000000000000000000e+00
-1.043258055572085841e+00
0.000000000000000000e+00
-6.376767715738369091e+00
-1.823152043229699704e+00
1.325361955335339292e+00
-5.322729124711647941e+00
-3.842544102766291658e+00
-1.029855715193751742e+01
-4.318676154462163908e+00
4.169844525495347010e-01
-7.698970004336018746e+00
-4.923949823488618982e+00
-6.594391270700457497e+00
-4.584383063619058341e+00
-6.780502804948354445e+00
-3.940393567469702596e+00
1.320010490436735795e+00
-6.668381265607203900e+00
-3.094831200945547423e+00
8.825750994536138982e-01
-5.389900231114027385e+00
-2.502600060436843687e+00
1.320663561587535950e+00
-5.418980747493344907e+00
-2.060247773082878986e+00
-6.789954106429474390e-02
-8.183384700420772262e+00
-5.000000000000000000e+00
3.098018755251708001e-02
-1.426882228007293196e-01
-1.966749406839487069e+00
-5.304278972204783393e+00
-1.000000000000000000e+00
2.000000000000000000e+00
-5.757571472630955256e+00
-2.074608592563814469e+00
1.872884318551157667e+00
-5.000000000000000000e+00
-1.000000000000000000e+00
1.306638642102996295e+00
-8.167008746181323886e+00
-1.556976657834136413e+00
2.000000000000000000e+00
-6.301069163845344434e+00
-2.952227662883403880e+00
1.850984814975331849e+00
-4.000000000000000000e+00
-2.528013201925644715e+00
-5.203018843934936299e+00
-2.875187298863614016e-01
-6.376077319727336601e+00
-4.000000000000000000e+00
-4.000000000000000000e+00
-3.214644176307728696e+00
-6.836136379069787772e+00
0.000000000000000000e+00
-5.537203400280333199e+00
-3.069099418552717395e+00
-4.023355209855782988e+00
-2.179998099938025291e+00
-4.513808711609327950e+00
-1.471165595830172590e+00
-8.000000000000000000e+00
-2.205071371896637267e+00
-4.147913458258611463e+00
-4.830307023975641822e-01
-2.806968162979776249e+00
-4.839995682991760972e+00
-3.944125534339338657e+00
-3.099169567948484971e+00
-1.690196149515636570e+00
-2.216440954295648691e+00
-5.237410553937743352e+00
-4.943528161471508753e+00
-4.080839431884556667e+00
-4.298921266595573165e+00
-1.744847064575423046e+00
-2.242607623822275187e+00
-4.464518047200584761e+00
-1.544235323898308643e+00
2.131601773373880349e+00
-3.972051817893888614e+00
-2.186186571805684764e+00
-5.147143454117398820e-01
-2.544068022635552317e+00
-2.874686274002358655e+00
1.322525687045498000e+00
-5.007313839045159476e+00
-1.853798483404547781e+00
3.899825153567532121e-01
