-8.100605237605410736e+00
-5.000000000000000000e+00
-4.510171169207328745e+00
-6.453733013104743677e+00
-1.417352569129795015e+00
6.722144656591907408e-01
-5.324953096501023886e+00
-3.376186675160829154e+00
8.890365174160106410e-01
-6.569768333351694523e+00
-2.441987329933077433e+00
-5.189500291250824127e+00
-3.052776832411190799e+00
-1.073695532149533172e+00
-3.526927697323063438e+00
-2.527324002878954534e+00
-1.611788498601615105e+00
-5.912408828977652853e+00
-5.000000000000000000e+00
-1.497955336527294845e+00
-7.099345155710063970e+00
-3.973828255408694332e+00
-1.030102999566398125e+01
-3.288085126224326693e+00
1.894790672323700464e+00
-7.698970004336018746e+00
-4.917025691952162880e+00
-5.206380664525175561e+00
-5.000000000000000000e+00
-7.192031834158085779e+00
-1.000000000000000000e+00
-3.423280187963032017e-02
-7.698970004336018746e+00
-2.672837551698923342e+00
-2.273937987345257206e+00
-4.000000000000000000e+00
-1.702235157999222981e+00
4.238120673439806363e-01
-5.736690868060042803e+00
-4.355991340348510654e+00
-1.029870263690223275e+00
-6.720243967149339248e+00
-2.586946609227413152e+00
2.000000000000000000e+00
-1.034457199073184785e+00
-4.547289974155211745e+00
-5.000000000000000000e+00
-1.160542578273274561e+00
-2.000000000000000000e+00
-7.010498093562422817e+00
-2.203691184666558112e+00
1.954585299507067608e+00
-8.056016086030487244e+00
-2.255137991606440018e+00
1.697629571299782203e+00
-6.870020196506962940e+00
-3.763772111004219934e+00
-2.000000000000000000e+00
-5.661897038311262342e+00
-1.750722820973805494e+00
3.879819840364561179e-01
-4.011769030247282153e+00
-1.263378489975280017e+00
-6.840565136354598508e+00
-7.818454661923016635e-01
-6.478005410241629569e+00
-1.248656863191767608e+00
-4.487665908215381805e+00
-3.659481052123646272e+00
-4.006016620282952800e+00
0.000000000000000000e+00
-4.000019770928128438e+00
-3.212482965388649081e+00
-6.084846489638631617e+00
-3.282618961623793741e+00
-6.448122900122003287e+00
-3.958607314841775082e+00
-4.164949731861465665e+00
-2.330794620239682757e+00
-8.000000000000000000e+00
-1.393201700213227978e+00
-4.969215741243837137e+00
-4.976769911157764348e+00
-3.379387667109468030e+00
-2.614790087657321571e+00
-4.500053162778058002e+00
-1.799396981544380658e+00
-5.690196149515636570e+00
-4.937926892176941251e+00
-1.875990610829234795e+00
-3.163143532595467100e+00
-5.129548912793377546e+00
-3.870680494646870251e+00
-3.115787019835361882e+00
-4.059190882304843484e+00
1.934960688680865459e+00
-2.544307607560035045e+00
-5.000000000000000000e+00
2.843218461691715770e+00
-5.285507938830058094e+00
-1.359440544346044888e+00
2.238349733581421197e-01
-6.478745953677218949e+00
-2.326400925739423808e+00
4.634960604566757403e-01
