-7.013611161253577642e+00
-2.248915418027033652e+00
-5.009252423803793874e+00
-5.832625558549513478e+00
-3.786257683600573465e+00
9.887898363766395304e-01
-5.703731445616992524e+00
-3.194987661378941191e+00
1.998953033399019752e+00
-8.000000000000000000e+00
-3.923786527210030073e+00
-5.338816744855748198e+00
-3.084530191751082118e+00
0.000000000000000000e+00
-2.453466279410903894e+00
-1.942716027412491053e+00
-3.477973807781661097e+00
-4.734729260267114270e+00
-3.598874156139128200e+00
-6.502963240105204268e-02
-6.144890465777757882e+00
-1.000000000000000000e+00
-1.028180278219742405e+01
-3.378011252072031123e+00
4.705041427063094694e-02
-5.226839797886088768e+00
-1.857762957905442880e+00
-3.154901959985743076e+00
-2.425258435259962209e+00
-5.909031334046111361e+00
-2.640815241995446705e+00
5.129519692500543737e-01
-5.657990779492574340e+00
-3.698541530099877406e+00
2.412191797712264496e-01
-4.994093772319052604e+00
-1.248262256722078689e+00
1.260812856124752468e+00
-6.818247914737163740e+00
-4.996404202636058223e+00
1.701979287086345383e-01
-6.200613119010497165e+00
-3.540495828225995290e+00
-1.656183980419922430e-01
-1.163797388384525178e+00
-3.534532164516666519e+00
-7.580092287043880717e+00
-1.000000000000000000e+00
-4.752386245295822098e-01
-5.000000000000000000e+00
-3.147786056043122116e+00
-2.000000000000000000e+00
-8.931308996149416757e+00
-2.265239508169734073e+00
-8.220826665425421398e-01
-9.000000000000000000e+00
-2.681642254663731517e+00
-2.000000000000000000e+00
-7.803687505851621964e+00
-4.088715762282214783e+00
-8.585840059067276764e-01
-4.059291418625861958e+00
-3.180456064458131227e+00
-6.879328257829921078e+00
-9.407832084013448837e-01
-7.037572121075212017e+00
-1.623590564463749164e+00
-4.001634754039830710e+00
-5.087043730412083714e-02
-6.175069363186982407e+00
-4.000000000000000000e+00
-5.706254695298872193e+00
-1.866213649717371803e+00
-6.204019271445281092e+00
-2.672824475573084335e+00
-8.000000000000000000e+00
-2.206525967993081538e-01
-6.507652491083594448e+00
0.000000000000000000e+00
-6.454076535812983018e+00
-2.146256452040873342e+00
-3.007946156046333641e+00
-5.000000000000000000e+00
-2.147706643289280848e+00
-5.000000000000000000e+00
-3.814506827824418522e+00
-2.762215706184798059e+00
-4.686805206059178275e+00
-3.441212190262935788e+00
-2.694528816627090873e+00
-4.422848866970147341e+00
-3.103303426953668787e+00
-3.146479673492308393e+00
-2.544068022635552317e+00
-4.399974591134387047e+00
2.984081012396332611e+00
-3.120595952542338125e+00
-2.518972161821847688e+00
3.000000000000000000e+00
-3.971353558506322212e+00
-4.007965915550020242e+00
1.794595901308714936e+00
-6.094604667246019680e+00
-2.032779905443858226e+00
1.001699180634363362e+00
