-4.397940008672037493e+00
-3.840578403434162347e+00
-5.778162762934416996e+00
-6.733602233189174058e+00
-2.482581478508282036e+00
-1.388416775375388712e-01
-5.589540486171112654e+00
-1.321131632942341927e+00
-1.010628319729571789e+00
-6.197263586982254324e+00
-4.361748543308245907e+00
-7.442916762686598631e+00
-3.649353540649304950e+00
-5.952733786199445598e-01
-4.000000000000000000e+00
-2.838456399545058684e+00
-2.464223460077355821e+00
-5.629756684479463757e+00
-2.089708594276928455e+00
1.107918667958069037e+00
-6.559797974081678973e+00
-3.404643877834307109e+00
-7.960068792571643570e+00
-3.672566792980886063e+00
8.371892308484231160e-01
-5.871435003969129873e+00
-2.941617698354991983e+00
-3.740024283840413410e+00
-2.830838382291192445e+00
-7.477393981722260108e+00
-3.712458253759291615e+00
-7.179032482663169970e-03
-5.186423635797615006e+00
-2.639212798806652049e+00
-6.193071487035468614e-01
-5.892546986574324741e+00
-3.118490398053894275e+00
-2.257336746197102784e-01
-7.153114817119024416e+00
-3.684032512955694116e+00
-2.071735744152661263e-01
-7.086970155541821192e+00
-2.417673761746203187e+00
4.131492504267205712e-01
-7.668470613225072952e-02
-3.640856645293714333e+00
-6.372901108296034955e+00
-4.399453178161176758e+00
9.467222129093997296e-01
-8.801885597420715968e+00
-3.743717256935024995e+00
-1.541727513952609652e+00
-7.529830711524723164e+00
-3.397639736230320562e+00
-4.784458289674328735e-01
-7.550106284625981878e+00
-3.578423267647645289e+00
-1.184266337604087949e-01
-5.888704903328243923e+00
-3.083189570279948999e+00
-1.479570207145383343e+00
-4.044182612830918622e+00
-1.330232144730241206e-01
-7.169579506416826398e+00
-1.723803838187671245e+00
-4.000000000000000000e+00
-1.855984471735353081e+00
-6.486556292327719575e+00
-8.914531803345309147e-01
-7.311105183986344791e+00
-2.424257363127771292e+00
-5.829905004192607265e+00
-1.674066237731353990e+00
-7.117551495488000590e+00
-2.171671992724255595e+00
-5.681251470458835939e+00
-1.594954768735201478e+00
-4.988435419330765619e+00
-2.332582373346058890e+00
-5.425194797677479919e+00
-2.005403839883283634e+00
-4.598662097605595633e+00
-2.805496559703681836e+00
-4.042501039291714449e+00
-2.006774727136527492e+00
-5.385972451659266191e+00
-1.886733939539166238e+00
-3.443825080376596848e+00
-2.900176734258176570e+00
-3.502405639120446335e+00
-1.123022795750052483e+00
-2.999695959595034100e+00
-2.780454170142315107e+00
-3.581436273113354218e+00
-4.334744264368198152e+00
1.100592396877176027e+00
-3.692377186291850855e+00
-2.048525876595210793e+00
4.254310619698529194e-01
-3.098907156430605880e+00
-2.166182394064019689e+00
-8.580469709320731608e-01
-4.703148208897951932e+00
-3.941421035217619551e+00
2.967896932643036223e+00
