-6.753559211842629750e+00
-3.343750213849752129e+00
-3.271772206338175781e+00
-6.809406729359862354e+00
-3.055349795217782383e+00
-1.935000409487364292e+00
-5.219450510471025595e+00
-3.593427398652915716e+00
1.118486197473714361e+00
-4.923811461823692781e+00
-3.698118875417547802e+00
-4.526619397903596465e+00
-4.766371212584462391e+00
-1.679577069121763674e-02
-4.000000000000000000e+00
-3.912016390751713590e+00
-3.414012206059261256e+00
-6.203962220331430188e+00
-4.304515644412237663e+00
-4.977056268013161922e-01
-7.034593105895539544e+00
-2.724921960895851925e+00
-8.059498891582176583e+00
-3.867614453247929962e+00
-6.475370697155190536e-01
-6.109835415466715602e+00
-2.064204437878708553e+00
-4.362897967900430274e+00
-3.482215181686199035e+00
-7.597025139578883923e+00
-3.704580887965607694e+00
-1.057170168018450873e+00
-7.268503245809742275e+00
-4.876774096915751144e+00
-1.101126668306418477e+00
-5.891788119157130410e+00
-1.259694387806931104e+00
-5.184381374886224414e-01
-6.999858683455657982e+00
-1.770140116104822026e+00
-1.273454825923374667e+00
-7.921186790163559976e+00
-3.758189977130869774e+00
3.940245504324813020e-01
-2.613209374956624309e+00
-4.162530704544475491e+00
-6.598985020324659168e+00
-3.092590410326832906e+00
3.707767575979104557e-01
-6.683788296858129918e+00
-2.317486457067818417e+00
1.063712176111978103e+00
-7.124802940177004551e+00
-4.161982781471913029e+00
-1.810749932009092067e+00
-8.375249812967840768e+00
-3.441741368183939276e+00
-7.882617014773105613e-01
-7.963219211097106509e+00
-2.554128448153456521e+00
-9.461670836291276032e-01
-7.415235618891927949e+00
-4.599200316185776960e-01
-5.023429094613101498e+00
-2.608317167244396106e+00
-5.175633519783573888e+00
-7.581695981996087186e-01
-7.068715011450804830e+00
-1.585313784865215680e+00
-6.491769836772673941e+00
0.000000000000000000e+00
-5.131051868254710158e+00
-3.301029995663981254e+00
-6.469347369450120233e+00
-1.179702026594499076e+00
-5.203658265603686495e+00
-1.456437628988707544e+00
-5.758010984937403265e+00
-1.871274213812874176e+00
-6.379505010892554395e+00
-2.315931927289712089e+00
-4.493759087660158968e+00
-4.090530941357887862e+00
-1.989863727689700212e+00
-5.000000000000000000e+00
-3.626123618453088060e+00
-4.323471421378197732e+00
-3.638681488471759540e+00
-3.813455946797454921e+00
-3.392263251919696909e+00
-3.177135593094434274e+00
-3.377574764402492491e+00
-3.769044890723143748e+00
-3.541612937176939369e+00
-1.825978101272071052e+00
-3.276542922344270470e-01
-4.298170984605545364e+00
-3.548562736261255512e+00
2.026461719927620031e+00
-2.687308993196647844e+00
-2.865168193102059835e+00
8.121677860574432195e-01
-5.223931949585756129e+00
-2.183446687978670919e+00
2.081591099035349668e+00
