-7.437060947793662002e+00
-4.882158506868589321e+00
-3.000000000000000000e+00
-8.000000000000000000e+00
-4.527927880067548649e+00
2.000000000000000000e+00
-6.046495216934683725e+00
-3.536709459236976993e+00
1.467760469235158238e+00
-5.950482971998970250e+00
-1.000000000000000000e+00
-7.832789283888367926e+00
-1.000000000000000000e+00
-5.349002504543725472e-02
-4.000000000000000000e+00
-2.997297286260828475e+00
-2.409620398093165416e+00
-4.301902659344787772e+00
-1.000000000000000000e+00
-2.000000000000000000e+00
-9.288335365238543417e+00
-4.070184111252709513e+00
-8.702226946633176752e+00
-3.319242655924467211e+00
4.362930129805043800e-01
-3.698970004336018746e+00
-5.000000000000000000e+00
-3.154901959985743076e+00
-1.000000000000000000e+00
-6.429330530031739599e+00
-4.546380347572882563e+00
-2.000000000000000000e+00
-4.627018322512949311e+00
-2.965968709222966293e+00
-7.256691974751575680e-01
-4.014220883306619747e+00
-1.888057478577216397e+00
1.560103742248623693e+00
-4.927180102200576783e+00
-1.000000000000000000e+00
2.000000000000000000e+00
-7.004474806934943842e+00
-1.000000000000000000e+00
2.560460990439530904e-01
2.842405281038228870e-01
-2.763845557322262891e+00
-5.507139510705115981e+00
-3.119247831498653589e+00
-2.000000000000000000e+00
-5.000000000000000000e+00
-2.670272255084893853e+00
-2.000000000000000000e+00
-9.000000000000000000e+00
-1.366886109309381148e+00
1.919929019634210254e+00
-5.000000000000000000e+00
-5.000000000000000000e+00
7.900055143030793037e-01
-6.547899832653317098e+00
-4.632872003305434916e+00
2.000000000000000000e+00
-4.000000000000000000e+00
8.195439355418687732e-01
-4.668368347249804096e+00
7.918124604762488694e-02
-4.000000000000000000e+00
-2.113785821437072610e+00
-4.000000000000000000e+00
-4.000000000000000000e+00
-7.519254058211937597e+00
-1.814001744425522533e+00
-4.097094314422919936e+00
-3.301029995663981254e+00
-8.000000000000000000e+00
-3.611559240647903568e-01
-8.000000000000000000e+00
-1.410196167781726517e+00
-8.000000000000000000e+00
-4.000000000000000000e+00
-5.085138916776063667e+00
-6.636575970856525286e-01
-3.366209538730955853e+00
-1.000000000000000000e+00
-3.374314133774089175e+00
-1.000000000000000000e+00
-5.690196149515636570e+00
-1.217621246411314306e+00
-3.159646391454400405e+00
-2.542132025789328509e+00
-2.831138478688386417e+00
-1.000000000000000000e+00
-5.690196149515636570e+00
-4.222940126385037907e+00
-6.540565473139556829e+00
-5.000000000000000000e+00
2.011947075035653842e+00
-3.217587586508229069e+00
-5.000000000000000000e+00
1.481102286508850230e-01
-4.908088819774970801e+00
-4.971433229363380946e+00
3.000000000000000000e+00
-2.544068022635552317e+00
-3.836848329141255398e+00
-1.000000000000000000e+00
