-8.078607589582034620e+00
-4.663810062859706562e+00
-5.502115491129877078e+00
-6.528040110939108409e+00
-2.108720373448027541e+00
-1.871580440581834592e+00
-4.000859685450278036e+00
-1.970721946536227343e+00
5.681167654504098996e-01
-6.761289349145226169e+00
-2.749964994055035472e+00
-6.445847250280760221e+00
-5.000000000000000000e+00
-2.731788963435610382e-02
-2.146653911970177742e+00
-8.038933633412652657e-01
-1.650247446613004820e+00
-5.659731766429898059e+00
-2.810261832207676669e+00
-1.073084243596737375e+00
-6.207034770711335803e+00
-1.000000000000000000e+00
-7.600533811345144386e+00
-1.777341362723172447e+00
-2.000000000000000000e+00
-7.511786536643523249e+00
-2.171583774824988655e+00
-3.466865021070630437e+00
-5.000000000000000000e+00
-9.000000000000000000e+00
-5.000000000000000000e+00
1.107735069259254690e+00
-7.698970004336018746e+00
-5.000000000000000000e+00
9.919430209276213217e-01
-5.556940411411136260e+00
0.000000000000000000e+00
-1.757642463130381361e-01
-7.042100076572293865e+00
-1.000000000000000000e+00
-1.355740470113869778e+00
-8.125752085349379428e+00
-5.000000000000000000e+00
1.293249891333678514e+00
-1.226728331573155445e-01
-3.408896951456407365e+00
-5.010113243197691801e+00
-2.503387928807604190e+00
2.000000000000000000e+00
-7.495749483299073646e+00
-2.088748592761736411e+00
2.939863578259321319e-01
-9.000000000000000000e+00
-1.256910385749328896e+00
5.303827578251579106e-02
-5.318915341804462571e+00
-1.000000000000000000e+00
2.000000000000000000e+00
-8.499170155428087625e+00
-1.112126565514553134e+00
-3.355415744692240021e-01
-6.739901537257199315e+00
8.194785223449178035e-01
-7.226008743460471173e+00
7.918124604762488694e-02
-5.044215477554543803e+00
-4.000000000000000000e+00
-4.803568461064268824e+00
-3.979019440698606136e+00
-6.593982185314050781e+00
-2.888273486108317911e+00
-7.336695019936890105e+00
-1.000811095383042248e+00
-4.000000000000000000e+00
-2.657842706759676599e+00
-6.940007522687128727e+00
-3.958607314841775082e+00
-6.713956286149390884e+00
-1.619309331488938186e+00
-5.893902429189858516e+00
-3.139801587068787647e+00
-4.309632555134477627e+00
-5.000000000000000000e+00
-3.613001638407087768e+00
-5.000000000000000000e+00
-4.706936570589887125e+00
-5.000000000000000000e+00
-4.593161151957789734e+00
-2.535323939146477468e+00
-2.393404485305760332e+00
-2.568909234426184796e+00
-2.810064078958454115e+00
-2.664841802643722168e+00
-2.553511558585802810e+00
-4.672483998827202889e+00
1.648632244445331074e-01
-5.647244812885902299e+00
-1.000000000000000000e+00
2.942153359753083564e+00
-6.148763226494636136e+00
-5.000000000000000000e+00
1.778401770487582967e+00
-3.956974550097820842e+00
-2.007525332550725850e+00
-1.000000000000000000e+00
