-6.819826727265929200e+00
-2.945005957828700893e+00
-5.074114962781168359e+00
-5.626105333955978338e+00
-4.953454768755590543e+00
-1.067938999451261139e+00
-4.000000000000000000e+00
-4.659506812128280551e+00
-1.980935728169174403e+00
-6.427067368685142945e+00
-2.569911934757492578e+00
-6.087183035472248704e+00
-2.917268537546613416e+00
0.000000000000000000e+00
-4.000000000000000000e+00
-3.952080579895038692e+00
-2.163550934641600865e+00
-7.457896477303443739e+00
-2.913693073267963118e+00
1.991455344495266289e+00
-6.005704788595079613e+00
-1.653893050853584512e+00
-8.721676280085439714e+00
-4.647917118860747543e+00
1.553734832349126682e+00
-6.375246290380800041e+00
-5.000000000000000000e+00
-4.610496667641254653e+00
-4.353245552919251082e+00
-5.000000000000000000e+00
-1.722973580089616430e+00
-1.102146866781250623e+00
-7.698970004336018746e+00
-1.000000000000000000e+00
-1.654587442414589549e-01
-5.719856781386250866e+00
-3.946484696689114280e+00
1.129795732422831378e+00
-4.463111326493459430e+00
-2.325814869699599274e+00
-2.000000000000000000e+00
-8.880952943293722868e+00
-3.685176668112954079e+00
-3.342576466827260617e-01
-2.624594634248826441e+00
-4.456265343094105269e+00
-6.138114423014793708e+00
-4.988018067990047655e+00
-2.716972448359449288e-01
-7.031627245696027373e+00
-1.000000000000000000e+00
1.442710282467890050e-02
-6.352890645410335324e+00
-4.956928911180229491e+00
8.704762228196050167e-01
-7.504365414137057932e+00
-2.927027228648223289e+00
2.000000000000000000e+00
-5.000000000000000000e+00
-1.000000000000000000e+00
1.261398309601290180e+00
-5.660500159860281322e+00
5.646514582569166912e-02
-4.000000000000000000e+00
-1.578378605372161569e-01
-4.005387606025197833e+00
-2.363845478050180748e+00
-8.000000000000000000e+00
0.000000000000000000e+00
-4.740844851904108204e+00
-1.555817587759340537e+00
-7.297651909779913737e+00
-1.318139400037877385e-01
-4.000000000000000000e+00
-4.000000000000000000e+00
-5.941936865028411674e+00
-2.023824993179845766e+00
-8.000000000000000000e+00
-1.623246238960242838e-01
-6.805521865279065885e+00
-2.766121004794754423e+00
-2.829254296301138893e+00
-4.232235470942726785e+00
-5.042078280062882278e+00
-4.139196150473042124e+00
-1.690196149515636570e+00
-2.868984232174108584e+00
-4.282471973216098071e+00
-2.959913149979209734e+00
-3.721949661770973972e+00
-3.641069783314387021e+00
-5.214281343958724335e+00
-2.868645299244664937e+00
-2.736074751557854068e+00
-1.000000000000000000e+00
1.998445087635132511e+00
-2.841399647837719478e+00
-3.215655178632693456e+00
2.963900159778072751e+00
-2.708983309925343086e+00
-5.000000000000000000e+00
-9.974683066810713372e-01
-6.543467208249249545e+00
-3.982425979177842468e+00
1.835678050547482565e+00
