-8.397940008672037493e+00
-2.465979393846606360e+00
-4.222039490707791387e+00
-4.690503106834547964e+00
-1.273134462219337903e+00
2.000000000000000000e+00
-4.053484638043913790e+00
-3.556662261713000373e+00
-2.000000000000000000e+00
-4.007950002699971037e+00
-1.000000000000000000e+00
-4.906081038808198791e+00
-1.000000000000000000e+00
0.000000000000000000e+00
-2.035505804104762451e+00
0.000000000000000000e+00
-2.270583166429983368e+00
-5.389360284495829490e+00
-1.000000000000000000e+00
5.106511682929857354e-01
-9.208128176208518312e+00
-1.054404611352309784e+00
-6.949913719511513044e+00
-2.644116180451524745e+00
6.056173435291335450e-01
-7.336541954599108628e+00
-4.973247906989015199e+00
-3.815694545417618322e+00
-5.000000000000000000e+00
-5.191706162471692032e+00
-1.277861370169330435e+00
2.000000000000000000e+00
-7.698970004336018746e+00
-1.000000000000000000e+00
-1.000582315843980608e+00
-6.007270750068124165e+00
-2.376994060593638824e+00
-7.673490304589171140e-01
-6.712738713837509863e+00
-3.951670548369544012e+00
2.000000000000000000e+00
-7.039787717132116818e+00
-5.000000000000000000e+00
-2.000000000000000000e+00
-3.000000000000000000e+00
-5.000000000000000000e+00
-5.318089341315634933e+00
-4.955198856308679289e+00
1.536896549318715222e+00
-7.420146205248527416e+00
-4.908536891876404518e+00
4.813066120164499057e-02
-5.493975100742398254e+00
-1.938149060817292657e+00
1.999973105935929807e+00
-8.287596680327448340e+00
-3.778761941318394157e+00
-1.049602831888626797e+00
-5.984770617557394701e+00
-2.407434794442903314e+00
1.814735728073415988e+00
-4.022302936424779318e+00
-2.668667175155942317e+00
-8.000000000000000000e+00
7.918124604762488694e-02
-8.000000000000000000e+00
-8.093643122766052134e-01
-6.871239171790658240e+00
-2.280954567910301822e+00
-4.013802308706062583e+00
-9.571478320997297562e-01
-4.000953755330292516e+00
-2.817281878472471135e+00
-4.111966671396991124e+00
-3.959305404589000599e+00
-7.401284275350280772e+00
-3.958607314841775082e+00
-6.177102664691155987e+00
-8.554109569658513434e-01
-6.339042687555864752e+00
-2.743650766020262033e+00
-2.461164824846740817e+00
-3.623067490409410230e+00
-2.555513205063775661e+00
-3.432925842217699142e+00
-4.988119551407447005e+00
-4.993901784991431114e+00
-2.395905421562821935e+00
-3.809626806359541096e+00
-2.482285774887850405e+00
-2.948825620204087006e+00
-3.807365889998589381e+00
-4.946843337003767438e+00
-3.310596575390603036e+00
-3.958639517542636987e+00
2.037052917819580367e-02
-3.081780776873384031e+00
-1.029828425924106394e+00
2.846374206198158063e+00
-2.544068022635552317e+00
-1.825853252667858140e+00
2.131544202623807394e+00
-5.909487267688909640e+00
-2.358618269923598909e+00
-9.755902152937182548e-01
