-4.555953700965635456e+00
-3.825655122424120425e+00
-7.000000000000000000e+00
-4.852608685515311215e+00
-1.894318991787974138e+00
-1.066718065406429217e+00
-5.636146158654321781e+00
-4.989664350953177951e+00
-5.018946067377059173e-01
-5.691672512745352464e+00
-2.967399558181892605e+00
-4.521554723138311083e+00
-1.358418433102586143e+00
0.000000000000000000e+00
-4.000000000000000000e+00
-4.000000000000000000e+00
-2.731754230224729962e+00
-4.636723667678703364e+00
-1.000000000000000000e+00
-1.292977788617667434e+00
-5.327481818342157283e+00
-2.626376260182481381e+00
-7.689148784343967868e+00
-3.996387046116129937e+00
2.000000000000000000e+00
-6.381883385908668771e+00
-1.036413033323658306e+00
-6.242320831292045291e+00
-3.544576225713724327e+00
-6.295427559275257323e+00
-4.998342426158470353e+00
2.000000000000000000e+00
-7.628260361116098842e+00
-2.761028527141162314e+00
1.000000000000000000e+00
-6.471139421782768686e+00
-3.997794389556332373e+00
-1.823224497275813261e-01
-7.811083481161151809e+00
-1.000088989557432084e+00
7.980483946708173404e-01
-6.407209131263069679e+00
-1.136342325242890139e+00
-1.470454776139944242e+00
1.000000000000000000e+00
-1.001679177072212656e+00
-5.000181832639332136e+00
-3.633572075015276237e+00
-1.782332188285363994e+00
-7.851863020941094895e+00
-2.156397135862213599e+00
-7.118493997069577084e-01
-8.151655405727700199e+00
-1.544695233740357665e+00
5.289782005720082836e-01
-5.686756625389419284e+00
-4.574627372998630648e+00
1.745460652785449707e+00
-6.485513802499648151e+00
-4.846288655795030209e+00
-6.102298858538914850e-01
-4.000000000000000000e+00
-2.000299095506804292e+00
-6.513813906427583511e+00
-2.552012758369101242e+00
-4.407572057070408000e+00
-8.204918398915646283e-02
-4.896225860910794481e+00
-3.514241947658593102e+00
-6.083280986373535093e+00
-4.000000000000000000e+00
-4.691446793745108756e+00
3.719456059343153043e-01
-7.425510271909534943e+00
-1.053042963434954515e+00
-5.128347757226062953e+00
-2.496922726155344385e+00
-6.934717293269654803e+00
-2.599874750700702286e+00
-8.000000000000000000e+00
-9.064084893500526929e-01
-4.079888211551943478e+00
-4.292014243020206621e+00
-3.712976597813711255e+00
-2.518915621792350734e+00
-1.690196149515636570e+00
-3.775551302190188530e+00
-1.690196149515636570e+00
-5.000000000000000000e+00
-3.945229219751109184e+00
-1.000000000000000000e+00
-5.630444973164462574e+00
-5.000000000000000000e+00
-5.564598675517888893e+00
-1.999325675126675694e+00
-3.646291279974303023e-01
-2.544068022635552317e+00
-5.000000000000000000e+00
-3.805299140995956064e-03
-2.568299420930371113e+00
-2.395540603016193870e+00
2.707587991407512273e+00
-4.664430294588770565e+00
-2.439005907231797110e+00
8.737030404671540795e-01
