-5.538413507839234917e+00
-3.014143540136450028e+00
-5.153597520248353270e+00
-6.822952544724701696e+00
-3.577084110283340834e+00
-7.924329881111963347e-01
-5.584860653521240614e+00
-2.578998460298482343e+00
-6.905707411032004917e-01
-6.021745866200334696e+00
-2.677830647632116090e+00
-4.927398950673961053e+00
-2.624293962936886437e+00
0.000000000000000000e+00
-3.010569873426705456e+00
-3.423009150336839834e+00
-1.387163884486872778e+00
-7.063516787765133031e+00
-2.608947499418357907e+00
-4.764985773785400669e-01
-9.213125453956001465e+00
-3.164332563082384642e+00
-9.396797993709837371e+00
-4.587870650049214127e+00
3.365016604998828376e-01
-6.153464595171264762e+00
-2.139819171553848598e+00
-5.352500517447801975e+00
-3.317618340973321978e+00
-5.756986116564053901e+00
-2.092148638746949896e+00
-1.799220130273900820e-01
-5.948773594088421213e+00
-3.302252325394166466e+00
-5.288601927932077285e-01
-5.447549367328713643e+00
-1.032853944436399329e+00
6.708818753397305379e-01
-5.617061082639976277e+00
-3.598805420378729636e+00
1.243894400577774534e-01
-7.831680914967642515e+00
-2.649931612369182066e+00
-1.922830581579772768e-01
4.116012433269504167e-01
-4.002604802101838999e+00
-6.478927705205654419e+00
-2.510614011957642333e+00
-6.903062054545421322e-01
-6.033082299653917069e+00
-3.441289523644010639e+00
-5.547300627067028866e-01
-7.233228570385817235e+00
-2.504613631473191049e+00
-3.343369729435153315e-01
-7.504477840169598402e+00
-2.493078165935123547e+00
1.133829343841452619e+00
-5.000000000000000000e+00
-2.299315946791292475e+00
-5.642862989902950321e-01
-7.139206686697150417e+00
-8.003573148026016382e-02
-5.206700716495658021e+00
-3.397933861418494406e+00
-5.576953610749138868e+00
-2.420245074807954033e+00
-5.264734414802730633e+00
-4.345085053336010805e-01
-6.280555438899039444e+00
-2.195244028428473104e+00
-4.425428302514021084e+00
-3.290111977080321992e+00
-7.942185239271231545e+00
-4.000000000000000000e+00
-7.377392801982557202e+00
-2.050179416652885500e+00
-5.802621381393275435e+00
-2.258433047812933747e+00
-6.012802812717119139e+00
-1.953235226264568469e+00
-2.960192288940711958e+00
-3.040998114933753271e+00
-3.439985325815006600e+00
-2.903645474794994019e+00
-3.980592957748462890e+00
-2.599146416922681002e+00
-4.253756371489184396e+00
-4.163517380354543995e+00
-4.310392033438664505e+00
-1.046903760345084811e+00
-4.146047677783448293e+00
-3.728437604173226561e+00
-4.229742861448887226e+00
-4.804773199344337442e+00
1.400950510552445571e+00
-6.146016097537870593e+00
-1.720191193467669022e+00
2.189167519955636187e+00
-4.342701402282183487e+00
-2.786607958457282486e+00
1.190169007692989167e+00
-4.690176083586500511e+00
-4.341513861092961335e+00
9.138286748845095842e-01
