1.357733575260690628e+01
5.527956749475555043e+00
3.778767840934075917e+00
3.203849921053040894e+00
1.589109118804202359e+00
1.377088206263867409e+00
7.994092330138742319e-01
7.994092330138742319e-01
7.994092330138742319e-01
7.994092330138742319e-01
7.994092330138742319e-01
7.994092330138742319e-01
7.994092330138742319e-01
7.994092330138742319e-01
7.994092330138742319e-01
7.796192749222409235e-01
7.796192749222409235e-01
7.796192749222409235e-01
6.707045904605958286e-01
6.707045904605958286e-01
6.707045904605958286e-01
5.869157583502584430e-01
5.869157583502584430e-01
5.869157583502584430e-01
5.869157583502584430e-01
5.869157583502584430e-01
5.869157583502584430e-01
5.869157583502584430e-01
5.869157583502584430e-01
5.869157583502584430e-01
5.869157583502584430e-01
5.869157583502584430e-01
5.869157583502584430e-01
5.869157583502584430e-01
5.869157583502584430e-01
5.869157583502584430e-01
5.830607737055967243e-01
4.639278737292670263e-01
4.639278737292670263e-01
4.310172446031236837e-01
4.310172446031236837e-01
4.310172446031236837e-01
4.310172446031236837e-01
4.310172446031236837e-01
4.310172446031236837e-01
3.846116392839626363e-01
3.846116392839626363e-01
3.846116392839626363e-01
3.846116392839626363e-01
3.846116392839626363e-01
3.846116392839626363e-01
3.846116392839626363e-01
2.958571959352900294e-01
2.958571959352900294e-01
2.958571959352900294e-01
2.418905968615565893e-01
2.418905968615565893e-01
2.418905968615565893e-01
2.418905968615565893e-01
2.418905968615565893e-01
2.418905968615565893e-01
2.418905968615565893e-01
2.418905968615565893e-01
2.281708489437137832e-01
2.281708489437137832e-01
2.281708489437137832e-01
2.281708489437137832e-01
2.281708489437137832e-01
2.281708489437137832e-01
2.281708489437137832e-01
2.281708489437137832e-01
2.281708489437137832e-01
2.281708489437137832e-01
2.281708489437137832e-01
2.281708489437137832e-01
2.281708489437137832e-01
2.281708489437137832e-01
2.281708489437137832e-01
2.281708489437137832e-01
2.281708489437137832e-01
2.281708489437137832e-01
2.281708489437137832e-01
2.281708489437137832e-01
2.281708489437137832e-01
2.281708489437137832e-01
1.927908165033903332e-01
1.927908165033903332e-01
1.927908165033903332e-01
1.927908165033903332e-01
1.927908165033903332e-01
1.927908165033903332e-01
1.927908165033903332e-01
1.902771593247136739e-01
1.902771593247136739e-01
1.902771593247136739e-01
1.902771593247136739e-01
1.902771593247136739e-01
1.683220636280773341e-01
1.683220636280773341e-01
1.683220636280773341e-01
1.683220636280773341e-01
1.683220636280773341e-01
1.683220636280773341e-01
1.683220636280773341e-01
1.602256415339464446e-01
1.602256415339464446e-01
1.602256415339464446e-01
1.299855118995444925e-01
1.299855118995444925e-01
1.299855118995444925e-01
1.299855118995444925e-01
1.299855118995444925e-01
1.299855118995444925e-01
1.299855118995444925e-01
1.299855118995444925e-01
1.299855118995444925e-01
1.299855118995444925e-01
1.299855118995444925e-01
1.299855118995444925e-01
1.299855118995444925e-01
1.299855118995444925e-01
1.199059873480380622e-01
1.199059873480380622e-01
1.199059873480380622e-01
1.199059873480380622e-01
1.199059873480380622e-01
1.199059873480380622e-01
1.199059873480380622e-01
1.199059873480380622e-01
1.199059873480380622e-01
1.199059873480380622e-01
1.199059873480380622e-01
1.199059873480380622e-01
1.199059873480380622e-01
1.199059873480380622e-01
1.199059873480380622e-01
1.199059873480380622e-01
1.173437417871773386e-01
1.173437417871773386e-01
1.173437417871773386e-01
1.173437417871773386e-01
1.173437417871773386e-01
1.173437417871773386e-01
1.173437417871773386e-01
1.118178857456195996e-01
1.072429718063494519e-01
1.072429718063494519e-01
1.039866926623469467e-01
1.019406683873192582e-01
1.016246947427425912e-01
1.015664516163368863e-01
1.015535698227771066e-01
1.015503709365402768e-01
9.263506180904262921e-02
9.263506180904262921e-02
9.263506180904262921e-02
9.263506180904262921e-02
9.263506180904262921e-02
9.263506180904262921e-02
9.263506180904262921e-02
9.263506180904262921e-02
9.263506180904262921e-02
9.263506180904262921e-02
9.263506180904262921e-02
8.958013333116982002e-02
8.820102888197893509e-02
8.786576790082449573e-02
8.780655361363395861e-02
8.709876027553858924e-02
8.681562656053283533e-02
8.681562656053283533e-02
8.572769276634749358e-02
8.567819394247104536e-02
8.567401376527450374e-02
8.567366256084070486e-02
8.567362612590313786e-02
8.567350848862964607e-02
8.567336635246609877e-02
8.567325480049739483e-02
8.567323612559046841e-02
8.567323612559046841e-02
8.567296667739755789e-02
8.567296667739755789e-02
8.567296667739755789e-02
8.567296667739755789e-02
8.567296667739755789e-02
8.567294970520379638e-02
8.567294970520379638e-02
8.567294970520379638e-02
8.567288303924332216e-02
8.567288303924332216e-02
8.567288303924332216e-02
8.567288303924332216e-02
8.567279182280526650e-02
8.567279182280526650e-02
8.567279182280526650e-02
8.567279182280526650e-02
8.567279182280526650e-02
8.567279182280526650e-02
8.494982749200893912e-02
