1.512315556143130912e+01
7.471847867533030652e+00
7.227519633691792400e+00
3.621095354111875331e+00
2.953851708342782878e+00
2.426368633025576038e+00
1.782260866837318325e+00
1.219448084293774492e+00
1.219448084293774492e+00
6.293298411016694516e-01
3.987186654122140128e-01
3.987186654122140128e-01
3.987186654122140128e-01
3.987186654122140128e-01
3.987186654122140128e-01
3.987186654122140128e-01
3.987186654122140128e-01
3.987186654122140128e-01
3.987186654122140128e-01
3.245836911138629821e-01
2.874792148257101498e-01
2.874792148257101498e-01
2.874792148257101498e-01
2.874792148257101498e-01
2.874792148257101498e-01
2.874792148257101498e-01
2.874792148257101498e-01
2.874792148257101498e-01
2.874792148257101498e-01
2.874792148257101498e-01
2.874792148257101498e-01
2.874792148257101498e-01
2.874792148257101498e-01
2.874792148257101498e-01
2.874792148257101498e-01
2.874792148257101498e-01
2.874792148257101498e-01
2.874792148257101498e-01
2.521214047558159588e-01
2.521214047558159588e-01
2.521214047558159588e-01
2.521214047558159588e-01
2.521214047558159588e-01
2.521214047558159588e-01
2.521214047558159588e-01
2.521214047558159588e-01
2.521214047558159588e-01
2.521214047558159588e-01
2.521214047558159588e-01
2.521214047558159588e-01
2.521214047558159588e-01
2.521214047558159588e-01
2.521214047558159588e-01
2.521214047558159588e-01
1.693844774236559492e-01
1.693844774236559492e-01
1.693844774236559492e-01
1.693844774236559492e-01
1.693844774236559492e-01
1.693844774236559492e-01
1.693844774236559492e-01
1.693844774236559492e-01
1.693844774236559492e-01
1.693844774236559492e-01
1.693844774236559492e-01
1.693844774236559492e-01
1.266873958918526277e-01
1.266873958918526277e-01
1.266873958918526277e-01
1.266873958918526277e-01
1.266873958918526277e-01
1.266873958918526277e-01
1.266873958918526277e-01
1.266873958918526277e-01
1.266873958918526277e-01
1.266873958918526277e-01
1.266873958918526277e-01
1.266873958918526277e-01
1.266873958918526277e-01
1.266873958918526277e-01
1.266873958918526277e-01
1.266873958918526277e-01
1.266873958918526277e-01
1.266873958918526277e-01
1.266873958918526277e-01
1.266873958918526277e-01
1.266873958918526277e-01
1.266873958918526277e-01
1.266873958918526277e-01
1.266873958918526277e-01
1.266873958918526277e-01
1.266873958918526277e-01
1.220665634534029154e-01
1.220665634534029154e-01
1.220665634534029154e-01
1.220665634534029154e-01
1.220665634534029154e-01
1.220665634534029154e-01
1.220665634534029154e-01
1.220665634534029154e-01
1.220665634534029154e-01
1.220665634534029154e-01
1.220665634534029154e-01
1.220665634534029154e-01
1.220665634534029154e-01
1.220665634534029154e-01
1.220665634534029154e-01
1.220665634534029154e-01
1.220665634534029154e-01
1.080284756850865002e-01
1.080284756850865002e-01
1.080284756850865002e-01
1.080284756850865002e-01
1.080284756850865002e-01
1.080284756850865002e-01
1.080284756850865002e-01
1.080284756850865002e-01
1.080284756850865002e-01
1.049805350382348318e-01
1.049805350382348318e-01
1.049805350382348318e-01
1.049805350382348318e-01
1.049805350382348318e-01
1.049805350382348318e-01
1.049805350382348318e-01
1.049805350382348318e-01
1.049805350382348318e-01
1.049805350382348318e-01
1.049805350382348318e-01
1.000584447747914774e-01
1.000584447747914774e-01
1.000584447747914774e-01
1.000584447747914774e-01
1.000584447747914774e-01
1.000584447747914774e-01
1.000584447747914774e-01
1.000584447747914774e-01
1.000584447747914774e-01
1.000584447747914774e-01
9.863631193239731643e-02
9.529774647205882521e-02
9.511056104904783148e-02
9.511056104904783148e-02
9.510583529216054544e-02
9.510583529216054544e-02
9.501159649429921639e-02
9.499224191093960656e-02
9.498776801831200489e-02
9.498668763673033533e-02
9.498616231835634027e-02
9.498616231835634027e-02
9.498616231835634027e-02
9.498612540202308607e-02
9.498612540202308607e-02
9.498612540202308607e-02
9.498504921982046934e-02
9.498453279459583010e-02
9.498453279459583010e-02
9.498453279459583010e-02
9.483667393855031713e-02
9.483667393855031713e-02
9.482232585963951133e-02
9.453486401514532567e-02
9.453486401514532567e-02
9.453486401514532567e-02
9.453343503643248102e-02
9.449144084823694889e-02
9.448419646836840602e-02
9.448310875256737962e-02
9.448290606024328797e-02
9.448290229312762689e-02
9.448287331577170933e-02
9.448287331577170933e-02
9.448284817970391269e-02
9.448284817970391269e-02
8.603873723836102938e-02
8.603873723836102938e-02
8.603873723836102938e-02
8.603873723836102938e-02
8.603873723836102938e-02
8.603873723836102938e-02
8.603873723836102938e-02
8.603873723836102938e-02
8.603873723836102938e-02
6.718786977943161376e-02
6.718786977943161376e-02
6.718786977943161376e-02
6.718786977943161376e-02
6.718786977943161376e-02
6.718786977943161376e-02
6.718786977943161376e-02
6.718786977943161376e-02
6.718786977943161376e-02
6.718786977943161376e-02
6.718786977943161376e-02
6.718786977943161376e-02
6.718786977943161376e-02
6.718786977943161376e-02
6.718786977943161376e-02
6.718786977943161376e-02
