9.030517021629158592e+00
9.030517021629158592e+00
9.030517021629158592e+00
8.271909379558797681e+00
6.240771001466088208e+00
5.437789894477671915e+00
2.791036830089066001e+00
2.791036830089066001e+00
2.145523023075009306e+00
2.145523023075009306e+00
1.646001601854507168e+00
1.646001601854507168e+00
1.395594492064773373e+00
1.395594492064773373e+00
1.188144180970569286e+00
9.843014332326589511e-01
9.843014332326589511e-01
9.843014332326589511e-01
9.843014332326589511e-01
8.237332139306918766e-01
8.237332139306918766e-01
8.237332139306918766e-01
8.085074678762466105e-01
8.085074678762466105e-01
8.085074678762466105e-01
8.085074678762466105e-01
8.085074678762466105e-01
8.085074678762466105e-01
8.085074678762466105e-01
8.085074678762466105e-01
8.085074678762466105e-01
8.085074678762466105e-01
8.085074678762466105e-01
8.085074678762466105e-01
8.085074678762466105e-01
7.223094621385486303e-01
7.223094621385486303e-01
7.223094621385486303e-01
7.223094621385486303e-01
7.223094621385486303e-01
7.223094621385486303e-01
7.223094621385486303e-01
7.223094621385486303e-01
7.223094621385486303e-01
7.223094621385486303e-01
6.952426972231572355e-01
6.952426972231572355e-01
6.952426972231572355e-01
6.952426972231572355e-01
6.899625300152896212e-01
6.899625300152896212e-01
6.899625300152896212e-01
6.524512923782154195e-01
6.524512923782154195e-01
6.524512923782154195e-01
6.524512923782154195e-01
6.524512923782154195e-01
6.524512923782154195e-01
6.524512923782154195e-01
6.208506156513650120e-01
6.208506156513650120e-01
6.208506156513650120e-01
5.653254395490223683e-01
5.653254395490223683e-01
5.653254395490223683e-01
5.653254395490223683e-01
5.637460623775172319e-01
5.637460623775172319e-01
5.637460623775172319e-01
5.637460623775172319e-01
5.637460623775172319e-01
5.637460623775172319e-01
5.205250526648476095e-01
5.205250526648476095e-01
5.205250526648476095e-01
5.205250526648476095e-01
5.205250526648476095e-01
5.205250526648476095e-01
5.205250526648476095e-01
5.205250526648476095e-01
5.205250526648476095e-01
5.205250526648476095e-01
5.205250526648476095e-01
5.155189361199843390e-01
5.155189361199843390e-01
5.155189361199843390e-01
5.155189361199843390e-01
5.155189361199843390e-01
5.155189361199843390e-01
5.155189361199843390e-01
5.155189361199843390e-01
5.073029317733677157e-01
5.073029317733677157e-01
5.073029317733677157e-01
4.646949924113046304e-01
4.646949924113046304e-01
4.646949924113046304e-01
4.243303156704055223e-01
4.243303156704055223e-01
4.243303156704055223e-01
4.243303156704055223e-01
4.243303156704055223e-01
4.224364596490206569e-01
4.224364596490206569e-01
4.224364596490206569e-01
4.224364596490206569e-01
3.870648187843260257e-01
3.870648187843260257e-01
3.870648187843260257e-01
3.868758368036254724e-01
3.868758368036254724e-01
3.779002845087310880e-01
3.779002845087310880e-01
3.779002845087310880e-01
3.779002845087310880e-01
3.779002845087310880e-01
3.779002845087310880e-01
3.779002845087310880e-01
3.779002845087310880e-01
3.779002845087310880e-01
3.778796783597057618e-01
3.766543767937706733e-01
3.762509817303686943e-01
3.761924579126429968e-01
3.761924579126429968e-01
3.761754139333806091e-01
3.761754139333806091e-01
3.761330758197032886e-01
3.761161519092219852e-01
3.761161519092219852e-01
3.680576488851520223e-01
3.656454428135265111e-01
3.651934472813582744e-01
3.651075813217555810e-01
3.650969843015547389e-01
3.650664411642318696e-01
3.650598231681185801e-01
3.575645939143797802e-01
3.575645939143797802e-01
3.575645939143797802e-01
3.575645939143797802e-01
3.575645939143797802e-01
3.463786453821571243e-01
3.463786453821571243e-01
3.463786453821571243e-01
3.351826726792657696e-01
3.351826726792657696e-01
3.351826726792657696e-01
3.351826726792657696e-01
2.932515514925020939e-01
2.810205354983197346e-01
2.810205354983197346e-01
2.740754759990786105e-01
2.740754759990786105e-01
2.740754759990786105e-01
2.740754759990786105e-01
2.693155192858250335e-01
2.693155192858250335e-01
2.693155192858250335e-01
2.693155192858250335e-01
2.684103367924165484e-01
2.684103367924165484e-01
2.676047525030832985e-01
2.676047525030832985e-01
2.676047525030832985e-01
2.676047525030832985e-01
2.670344955825206812e-01
2.670344955825206812e-01
2.670344955825206812e-01
2.670344955825206812e-01
2.670344955825206812e-01
2.520992048549664521e-01
2.520992048549664521e-01
2.520992048549664521e-01
2.520992048549664521e-01
2.520992048549664521e-01
2.520992048549664521e-01
2.503806656793117202e-01
2.503806656793117202e-01
2.500312004294045209e-01
2.500312004294045209e-01
2.500312004294045209e-01
2.499820495829222222e-01
2.499715825986655038e-01
2.499715825986655038e-01
2.499715825986655038e-01
2.499715825986655038e-01
2.499715825986655038e-01
2.499715825986655038e-01
2.499704803830759547e-01
2.499672072646473286e-01
2.499672072646473286e-01
2.498336477419955404e-01
2.497526168179092509e-01
2.491878073994647225e-01
2.480993488245159528e-01
2.480993488245159528e-01
2.480993488245159528e-01
2.480940871587884178e-01
2.480546793498928648e-01
