1.115019503491510555e+01
9.074145841885737696e+00
1.631726227141846230e+00
1.631726227141846230e+00
1.031932562009046261e+00
7.539794380358972870e-01
3.737598615427233373e-01
3.737598615427233373e-01
3.737598615427233373e-01
3.184831645856340820e-01
3.184831645856340820e-01
3.184831645856340820e-01
3.184831645856340820e-01
3.184831645856340820e-01
3.184831645856340820e-01
3.184831645856340820e-01
3.184831645856340820e-01
3.184831645856340820e-01
3.184831645856340820e-01
3.184831645856340820e-01
2.372593133185247893e-01
2.372593133185247893e-01
2.372593133185247893e-01
1.731353608296599400e-01
1.731353608296599400e-01
1.731353608296599400e-01
1.731353608296599400e-01
1.731353608296599400e-01
1.731353608296599400e-01
1.731353608296599400e-01
1.731353608296599400e-01
1.731353608296599400e-01
1.731353608296599400e-01
1.731353608296599400e-01
1.731353608296599400e-01
1.731353608296599400e-01
1.731353608296599400e-01
1.731353608296599400e-01
1.731353608296599400e-01
1.731353608296599400e-01
1.731353608296599400e-01
1.549267966170154165e-01
1.549267966170154165e-01
1.483318428150346424e-01
1.483318428150346424e-01
1.483318428150346424e-01
1.483318428150346424e-01
1.483318428150346424e-01
1.483318428150346424e-01
1.449642570621880455e-01
1.449642570621880455e-01
1.449642570621880455e-01
1.449642570621880455e-01
1.449642570621880455e-01
1.449642570621880455e-01
1.449642570621880455e-01
1.449642570621880455e-01
1.449642570621880455e-01
1.449642570621880455e-01
1.449642570621880455e-01
1.449642570621880455e-01
1.449642570621880455e-01
1.449642570621880455e-01
1.419387238032316090e-01
1.419387238032316090e-01
1.419387238032316090e-01
1.419387238032316090e-01
1.419387238032316090e-01
1.257294049471860964e-01
1.257294049471860964e-01
1.257294049471860964e-01
1.257294049471860964e-01
1.257294049471860964e-01
1.257294049471860964e-01
1.257294049471860964e-01
1.257294049471860964e-01
1.257294049471860964e-01
1.257294049471860964e-01
1.257294049471860964e-01
1.257294049471860964e-01
1.257294049471860964e-01
1.227631356708180355e-01
1.227631356708180355e-01
1.227631356708180355e-01
1.227631356708180355e-01
1.227631356708180355e-01
1.227631356708180355e-01
1.227631356708180355e-01
1.227631356708180355e-01
1.227631356708180355e-01
9.070937106338748668e-02
9.070937106338748668e-02
9.070937106338748668e-02
9.070937106338748668e-02
9.070937106338748668e-02
9.070937106338748668e-02
9.070937106338748668e-02
9.070937106338748668e-02
9.070937106338748668e-02
9.070937106338748668e-02
9.070937106338748668e-02
8.443803936807492416e-02
8.443803936807492416e-02
8.443803936807492416e-02
8.443803936807492416e-02
8.443803936807492416e-02
8.443803936807492416e-02
8.443803936807492416e-02
8.443803936807492416e-02
8.443803936807492416e-02
8.443803936807492416e-02
8.443803936807492416e-02
8.443803936807492416e-02
7.940305341314671250e-02
7.940305341314671250e-02
7.940305341314671250e-02
7.940305341314671250e-02
7.909784988767934455e-02
7.909784988767934455e-02
7.909784988767934455e-02
7.909784988767934455e-02
7.854489763481435627e-02
7.854489763481435627e-02
7.783249503952459347e-02
7.783249503952459347e-02
7.783249503952459347e-02
7.783249503952459347e-02
7.718879944970485907e-02
7.718879944970485907e-02
7.718879944970485907e-02
7.718879944970485907e-02
7.718879944970485907e-02
7.718879944970485907e-02
7.718879944970485907e-02
7.076753278304527550e-02
7.076753278304527550e-02
6.984901491683667696e-02
6.984901491683667696e-02
6.984901491683667696e-02
6.734068732354278608e-02
6.734068732354278608e-02
6.734068732354278608e-02
6.734068732354278608e-02
6.734068732354278608e-02
6.734068732354278608e-02
6.734068732354278608e-02
6.734068732354278608e-02
6.734068732354278608e-02
6.734068732354278608e-02
6.734068732354278608e-02
6.734068732354278608e-02
6.211820756676539323e-02
6.211820756676539323e-02
6.211820756676539323e-02
6.211820756676539323e-02
6.211820756676539323e-02
6.211820756676539323e-02
6.211820756676539323e-02
6.211820756676539323e-02
6.211820756676539323e-02
6.211820756676539323e-02
6.211820756676539323e-02
6.211820756676539323e-02
6.211820756676539323e-02
6.211820756676539323e-02
6.211820756676539323e-02
6.211820756676539323e-02
6.211820756676539323e-02
6.211820756676539323e-02
6.211820756676539323e-02
6.211820756676539323e-02
6.211820756676539323e-02
6.211820756676539323e-02
6.211820756676539323e-02
6.211820756676539323e-02
6.211820756676539323e-02
6.211820756676539323e-02
6.211820756676539323e-02
6.211820756676539323e-02
6.211820756676539323e-02
6.197388536340463217e-02
6.197388536340463217e-02
6.173327686864261976e-02
6.171219584075041120e-02
6.171040295032537149e-02
6.171040295032537149e-02
6.171040295032537149e-02
6.171040295032537149e-02
6.171040295032537149e-02
6.171040295032537149e-02
6.171040295032537149e-02
6.171040295032537149e-02
6.171040295032537149e-02
6.171040295032537149e-02
6.171040295032537149e-02
6.171040295032537149e-02
6.171039017132176618e-02
6.171036744425786869e-02
6.171036744425786869e-02
6.171022176136332221e-02
