1.573798677564901993e+01
1.215067949324964225e+01
1.536217581033503476e+00
1.536217581033503476e+00
1.536217581033503476e+00
1.536217581033503476e+00
1.536217581033503476e+00
9.877645064188851354e-01
9.877645064188851354e-01
9.877645064188851354e-01
5.558173756867678117e-01
5.558173756867678117e-01
5.558173756867678117e-01
5.558173756867678117e-01
5.558173756867678117e-01
5.558173756867678117e-01
4.404294886767465833e-01
4.404294886767465833e-01
4.404294886767465833e-01
4.404294886767465833e-01
4.404294886767465833e-01
4.404294886767465833e-01
4.404294886767465833e-01
4.404294886767465833e-01
4.404294886767465833e-01
4.404294886767465833e-01
4.404294886767465833e-01
4.404294886767465833e-01
4.404294886767465833e-01
4.404294886767465833e-01
4.404294886767465833e-01
4.404294886767465833e-01
4.404294886767465833e-01
4.404294886767465833e-01
4.404294886767465833e-01
3.599334364658489105e-01
3.599334364658489105e-01
3.599334364658489105e-01
3.599334364658489105e-01
3.599334364658489105e-01
3.599334364658489105e-01
3.599334364658489105e-01
2.904198144216494359e-01
2.904198144216494359e-01
2.904198144216494359e-01
2.904198144216494359e-01
2.824865241137570759e-01
2.824865241137570759e-01
2.824865241137570759e-01
2.824865241137570759e-01
2.824865241137570759e-01
2.824865241137570759e-01
2.824865241137570759e-01
2.824865241137570759e-01
2.824865241137570759e-01
2.824865241137570759e-01
2.824865241137570759e-01
2.726478931555906260e-01
2.726478931555906260e-01
2.726478931555906260e-01
2.726478931555906260e-01
2.726478931555906260e-01
2.726478931555906260e-01
2.726478931555906260e-01
1.197456853584035197e-01
1.197456853584035197e-01
1.197456853584035197e-01
1.197456853584035197e-01
1.197456853584035197e-01
1.197456853584035197e-01
1.197456853584035197e-01
1.197456853584035197e-01
1.197456853584035197e-01
1.197456853584035197e-01
1.197456853584035197e-01
1.197456853584035197e-01
1.197456853584035197e-01
1.197456853584035197e-01
1.197456853584035197e-01
1.197456853584035197e-01
1.197456853584035197e-01
1.197456853584035197e-01
1.197456853584035197e-01
8.831330231313493095e-02
8.831330231313493095e-02
8.831330231313493095e-02
8.831330231313493095e-02
8.831330231313493095e-02
8.831330231313493095e-02
8.831330231313493095e-02
8.651360591927895194e-02
8.651360591927895194e-02
8.651360591927895194e-02
8.651360591927895194e-02
8.651360591927895194e-02
6.396587588323537910e-02
6.396587588323537910e-02
6.396587588323537910e-02
6.396587588323537910e-02
6.396587588323537910e-02
6.396587588323537910e-02
6.396587588323537910e-02
6.396587588323537910e-02
6.396587588323537910e-02
6.396587588323537910e-02
6.396587588323537910e-02
6.396587588323537910e-02
6.135826045463693007e-02
6.135826045463693007e-02
6.135826045463693007e-02
5.960373374894252507e-02
5.960373374894252507e-02
5.960373374894252507e-02
5.960373374894252507e-02
5.960373374894252507e-02
5.960373374894252507e-02
5.960373374894252507e-02
5.960373374894252507e-02
5.960373374894252507e-02
5.960373374894252507e-02
5.923468819829974530e-02
5.923468819829974530e-02
5.893560452503129182e-02
5.880278596640614586e-02
5.880278596640614586e-02
5.878779226578664807e-02
5.878779226578664807e-02
5.726648926710194154e-02
5.726648926710194154e-02
5.726648926710194154e-02
5.726648926710194154e-02
5.726648926710194154e-02
5.726648926710194154e-02
5.726648926710194154e-02
5.726648926710194154e-02
5.726648926710194154e-02
5.726648926710194154e-02
5.726648926710194154e-02
5.726648926710194154e-02
5.726648926710194154e-02
5.726648926710194154e-02
5.726648926710194154e-02
5.726648926710194154e-02
5.726648926710194154e-02
5.726648926710194154e-02
5.726648926710194154e-02
5.726648926710194154e-02
5.726648926710194154e-02
5.722596439418996955e-02
5.722596439418996955e-02
5.722596439418996955e-02
5.697081475261203676e-02
5.697081475261203676e-02
5.697081475261203676e-02
5.632044697018923768e-02
5.632044697018923768e-02
5.632044697018923768e-02
5.632044697018923768e-02
5.515437141073820798e-02
5.515437141073820798e-02
5.512116151463300473e-02
5.512116151463300473e-02
5.512116151463300473e-02
5.512116151463300473e-02
5.512116151463300473e-02
5.506940134545261489e-02
5.503070624693442991e-02
5.502870900954691391e-02
5.502858185056608981e-02
5.502849319214024593e-02
5.502849319214024593e-02
5.502849319214024593e-02
5.502849319214024593e-02
5.502849319214024593e-02
5.502849319214024593e-02
5.502845843108601642e-02
5.502845843108601642e-02
5.502842826560757489e-02
5.502842826560757489e-02
5.502842826560757489e-02
5.502842826560757489e-02
5.502842826560757489e-02
5.502840879222456461e-02
5.502840879222456461e-02
5.502840879222456461e-02
5.502840879222456461e-02
5.502840879222456461e-02
5.502840879222456461e-02
5.403288076131123469e-02
5.403288076131123469e-02
5.403288076131123469e-02
5.403288076131123469e-02
5.403288076131123469e-02
5.372260251855050933e-02
5.370714693180154986e-02
5.370666070870824121e-02
5.370662428585580572e-02
5.370662428585580572e-02
5.370649649576180601e-02
5.370649649576180601e-02
