1.943683111894294413e+01
4.921690876457020636e+00
4.921690876457020636e+00
4.921690876457020636e+00
1.619940816994396293e+00
1.035166655015264947e+00
1.035166655015264947e+00
9.218081164364477775e-01
5.175213543458107024e-01
5.175213543458107024e-01
5.175213543458107024e-01
5.175213543458107024e-01
5.175213543458107024e-01
5.175213543458107024e-01
5.175213543458107024e-01
4.275157501524747827e-01
4.275157501524747827e-01
4.275157501524747827e-01
4.275157501524747827e-01
4.275157501524747827e-01
4.275157501524747827e-01
4.275157501524747827e-01
4.275157501524747827e-01
4.275157501524747827e-01
4.275157501524747827e-01
4.275157501524747827e-01
4.275157501524747827e-01
3.132524077044262500e-01
3.132524077044262500e-01
3.132524077044262500e-01
3.132524077044262500e-01
3.132524077044262500e-01
3.132524077044262500e-01
3.132524077044262500e-01
3.132524077044262500e-01
3.132524077044262500e-01
3.132524077044262500e-01
3.132524077044262500e-01
3.132524077044262500e-01
3.132524077044262500e-01
3.132524077044262500e-01
3.132524077044262500e-01
3.132524077044262500e-01
3.132524077044262500e-01
2.744226694287003054e-01
2.744226694287003054e-01
2.744226694287003054e-01
2.744226694287003054e-01
2.744226694287003054e-01
2.744226694287003054e-01
2.744226694287003054e-01
2.744226694287003054e-01
2.744226694287003054e-01
2.744226694287003054e-01
2.744226694287003054e-01
2.744226694287003054e-01
2.744226694287003054e-01
2.346208192862094255e-01
2.346208192862094255e-01
2.346208192862094255e-01
2.346208192862094255e-01
2.346208192862094255e-01
2.346208192862094255e-01
2.346208192862094255e-01
1.985765419804620957e-01
1.985765419804620957e-01
1.985765419804620957e-01
1.985765419804620957e-01
1.985765419804620957e-01
1.985765419804620957e-01
1.985765419804620957e-01
1.985765419804620957e-01
1.985765419804620957e-01
1.985765419804620957e-01
1.985765419804620957e-01
1.985765419804620957e-01
1.985765419804620957e-01
1.985765419804620957e-01
1.985765419804620957e-01
1.985765419804620957e-01
1.985765419804620957e-01
1.985765419804620957e-01
1.985765419804620957e-01
1.985765419804620957e-01
1.985765419804620957e-01
1.985765419804620957e-01
1.985765419804620957e-01
1.985765419804620957e-01
1.985765419804620957e-01
1.985765419804620957e-01
1.985765419804620957e-01
1.985765419804620957e-01
1.768928000496264585e-01
1.768928000496264585e-01
1.768928000496264585e-01
1.768928000496264585e-01
1.768928000496264585e-01
1.768928000496264585e-01
1.768928000496264585e-01
1.768928000496264585e-01
1.768928000496264585e-01
1.652880423874133198e-01
1.652880423874133198e-01
1.652880423874133198e-01
1.652880423874133198e-01
1.652880423874133198e-01
1.652880423874133198e-01
1.652880423874133198e-01
1.652880423874133198e-01
1.615021355829492911e-01
1.615021355829492911e-01
1.572131694372435884e-01
1.558517336511602291e-01
1.558517336511602291e-01
1.558517336511602291e-01
1.556740875728054863e-01
1.550922312131536585e-01
1.512557666991158900e-01
1.512557666991158900e-01
1.512557666991158900e-01
1.512557666991158900e-01
1.512557666991158900e-01
1.401038003441220647e-01
1.401038003441220647e-01
1.401038003441220647e-01
1.401038003441220647e-01
1.351977236193002418e-01
1.351977236193002418e-01
1.351977236193002418e-01
1.351977236193002418e-01
1.351977236193002418e-01
1.351977236193002418e-01
1.351977236193002418e-01
1.351977236193002418e-01
1.351977236193002418e-01
1.351977236193002418e-01
1.341449747182049401e-01
1.341449747182049401e-01
1.281053949828597494e-01
1.281053949828597494e-01
1.281053949828597494e-01
1.059510993479440694e-01
1.059510993479440694e-01
1.059510993479440694e-01
1.059510993479440694e-01
1.059510993479440694e-01
1.059510993479440694e-01
1.059510993479440694e-01
1.059510993479440694e-01
1.059510993479440694e-01
1.059510993479440694e-01
1.059510993479440694e-01
1.059510993479440694e-01
1.059510993479440694e-01
1.032430729532445857e-01
1.032430729532445857e-01
9.990926040372828665e-02
9.903435461977272425e-02
9.886872581461382536e-02
9.883482824811995471e-02
9.815804414883975981e-02
9.815804414883975981e-02
9.815804414883975981e-02
9.815804414883975981e-02
9.815804414883975981e-02
9.815804414883975981e-02
9.815804414883975981e-02
9.815804414883975981e-02
9.815804414883975981e-02
9.815804414883975981e-02
9.815804414883975981e-02
9.815804414883975981e-02
9.815804414883975981e-02
9.815804414883975981e-02
9.815804414883975981e-02
9.815461057624719210e-02
9.815461057624719210e-02
9.815461057624719210e-02
9.814125058777979638e-02
9.813447340790386331e-02
9.813226351345820386e-02
9.812992014326324397e-02
9.812992014326324397e-02
9.812992014326324397e-02
9.812992014326324397e-02
9.812789723144675624e-02
9.812592311451981408e-02
9.812560121777294531e-02
9.812560121777294531e-02
9.812560121777294531e-02
9.812535476546083157e-02
9.812535476546083157e-02
9.812535476546083157e-02
9.812535476546083157e-02
9.812535476546083157e-02
9.812450856320655002e-02
9.812436307886981957e-02
9.812436307886981957e-02
9.812436307886981957e-02
9.812426744896358966e-02
