2.438189617093961914e+01
2.438189617093961914e+01
1.171443260548609189e+01
8.019507330824428237e+00
2.252180511511431948e+00
2.252180511511431948e+00
9.213245192467466316e-01
9.213245192467466316e-01
6.338199590127685523e-01
5.643743362287850784e-01
5.643743362287850784e-01
3.164843572013793516e-01
3.164843572013793516e-01
3.164843572013793516e-01
3.164843572013793516e-01
3.164843572013793516e-01
3.164843572013793516e-01
3.164843572013793516e-01
3.164843572013793516e-01
3.164843572013793516e-01
3.164843572013793516e-01
3.164843572013793516e-01
3.164843572013793516e-01
3.164843572013793516e-01
3.164843572013793516e-01
3.164843572013793516e-01
3.164843572013793516e-01
3.164843572013793516e-01
3.164843572013793516e-01
3.164843572013793516e-01
3.164843572013793516e-01
3.164843572013793516e-01
3.164843572013793516e-01
3.164843572013793516e-01
3.164843572013793516e-01
3.164843572013793516e-01
3.164843572013793516e-01
2.777211007838121803e-01
2.014159874177686438e-01
2.014159874177686438e-01
2.014159874177686438e-01
2.014159874177686438e-01
2.014159874177686438e-01
2.014159874177686438e-01
2.014159874177686438e-01
2.014159874177686438e-01
2.014159874177686438e-01
2.014159874177686438e-01
2.014159874177686438e-01
2.014159874177686438e-01
2.014159874177686438e-01
2.014159874177686438e-01
2.014159874177686438e-01
2.014159874177686438e-01
2.014159874177686438e-01
1.790419019994118899e-01
1.790419019994118899e-01
1.790419019994118899e-01
1.790419019994118899e-01
1.790419019994118899e-01
1.790419019994118899e-01
1.790419019994118899e-01
1.790419019994118899e-01
1.790419019994118899e-01
1.705832292288613494e-01
1.705832292288613494e-01
1.705832292288613494e-01
1.705832292288613494e-01
1.705832292288613494e-01
1.705832292288613494e-01
1.705832292288613494e-01
1.410486066261468774e-01
1.410486066261468774e-01
1.410486066261468774e-01
1.410486066261468774e-01
1.410486066261468774e-01
1.410486066261468774e-01
1.410486066261468774e-01
1.410486066261468774e-01
1.410486066261468774e-01
1.410486066261468774e-01
1.410486066261468774e-01
1.410486066261468774e-01
1.410486066261468774e-01
1.410486066261468774e-01
1.410486066261468774e-01
1.410486066261468774e-01
1.410486066261468774e-01
1.410486066261468774e-01
1.410486066261468774e-01
1.410486066261468774e-01
1.410486066261468774e-01
1.410486066261468774e-01
1.387792540799896446e-01
1.387792540799896446e-01
1.387792540799896446e-01
1.387792540799896446e-01
1.387792540799896446e-01
1.387792540799896446e-01
1.387792540799896446e-01
1.368809349154589405e-01
1.368809349154589405e-01
1.368809349154589405e-01
1.368809349154589405e-01
1.257909728343153399e-01
1.257909728343153399e-01
1.257909728343153399e-01
1.257909728343153399e-01
1.170733492759604005e-01
1.170733492759604005e-01
1.170733492759604005e-01
1.170733492759604005e-01
1.170733492759604005e-01
9.345783969557991400e-02
9.345783969557991400e-02
9.345783969557991400e-02
9.345783969557991400e-02
9.345783969557991400e-02
9.345783969557991400e-02
9.345783969557991400e-02
9.345783969557991400e-02
9.345783969557991400e-02
9.345783969557991400e-02
9.345783969557991400e-02
9.345783969557991400e-02
9.345783969557991400e-02
9.345783969557991400e-02
9.345783969557991400e-02
9.345783969557991400e-02
9.345783969557991400e-02
9.345783969557991400e-02
9.345783969557991400e-02
9.345783969557991400e-02
8.944139118288718659e-02
8.944139118288718659e-02
8.944139118288718659e-02
8.944139118288718659e-02
8.944139118288718659e-02
8.942666991261183362e-02
8.942666991261183362e-02
8.843080482765375283e-02
8.843080482765375283e-02
8.803892714272554265e-02
8.803892714272554265e-02
8.662491172646737125e-02
8.662491172646737125e-02
8.230830338663669421e-02
8.230830338663669421e-02
8.050286408620535572e-02
7.886784731061868836e-02
7.886784731061868836e-02
7.839014983412856408e-02
7.789604570028049735e-02
7.764955180490899778e-02
7.759334521673159901e-02
7.758076194591181918e-02
7.698393408599443766e-02
7.683858816187826013e-02
7.680813841094236150e-02
7.680188464063500420e-02
7.664686653374222502e-02
7.628362691047410604e-02
7.543282967753124624e-02
7.441386400023858316e-02
7.400012371292472024e-02
7.400012371292472024e-02
7.400012371292472024e-02
7.319739758325224943e-02
7.313876106218807072e-02
7.313876106218807072e-02
7.309693283105390960e-02
7.308145177739767961e-02
7.303796874539027206e-02
7.302805260090362849e-02
7.302805260090362849e-02
7.270786724793161515e-02
7.155926646477497877e-02
7.155926646477497877e-02
7.155926646477497877e-02
7.155926646477497877e-02
7.155926646477497877e-02
6.997652132218906695e-02
6.899685451405546122e-02
6.868061377128475975e-02
6.861473625154944356e-02
6.730903620034077439e-02
6.730903620034077439e-02
6.730903620034077439e-02
6.730903620034077439e-02
6.705004637549955016e-02
6.696844231167381478e-02
6.608501143336513450e-02
6.608501143336513450e-02
6.599704097974219696e-02
6.599434346944497987e-02
6.339807186980354892e-02
6.339807186980354892e-02
6.339807186980354892e-02
6.266477762807716456e-02
6.266477762807716456e-02
