1.154482204598559569e+01
4.792185620922315259e+00
4.792185620922315259e+00
3.422129184632554111e+00
1.321817749283501486e+00
1.321817749283501486e+00
7.167655370224657041e-01
7.167655370224657041e-01
7.167655370224657041e-01
7.167655370224657041e-01
7.167655370224657041e-01
6.340429472849378190e-01
6.340429472849378190e-01
5.987137827942756729e-01
5.987137827942756729e-01
5.987137827942756729e-01
5.987137827942756729e-01
4.057228738774860122e-01
3.951990578097700491e-01
3.951990578097700491e-01
3.172529468389708174e-01
1.725245547897142351e-01
1.725245547897142351e-01
1.725245547897142351e-01
1.725245547897142351e-01
1.725245547897142351e-01
1.725245547897142351e-01
1.725245547897142351e-01
1.725245547897142351e-01
1.725245547897142351e-01
1.725245547897142351e-01
1.725245547897142351e-01
1.725245547897142351e-01
1.725245547897142351e-01
1.725245547897142351e-01
1.725245547897142351e-01
1.725245547897142351e-01
1.525405091783690326e-01
1.525405091783690326e-01
1.525405091783690326e-01
1.525405091783690326e-01
1.525405091783690326e-01
1.525405091783690326e-01
1.525405091783690326e-01
1.525405091783690326e-01
1.525405091783690326e-01
1.525405091783690326e-01
1.525405091783690326e-01
1.147205537340442727e-01
1.147205537340442727e-01
1.147205537340442727e-01
1.147205537340442727e-01
1.147205537340442727e-01
1.147205537340442727e-01
1.147205537340442727e-01
1.147205537340442727e-01
8.974043726396327414e-02
8.974043726396327414e-02
8.974043726396327414e-02
8.974043726396327414e-02
8.974043726396327414e-02
8.974043726396327414e-02
8.974043726396327414e-02
8.974043726396327414e-02
8.974043726396327414e-02
8.974043726396327414e-02
8.974043726396327414e-02
8.974043726396327414e-02
8.974043726396327414e-02
8.974043726396327414e-02
8.974043726396327414e-02
8.974043726396327414e-02
8.974043726396327414e-02
8.974043726396327414e-02
8.974043726396327414e-02
8.974043726396327414e-02
8.974043726396327414e-02
8.974043726396327414e-02
8.974043726396327414e-02
8.974043726396327414e-02
8.974043726396327414e-02
6.163211728367777587e-02
6.163211728367777587e-02
6.163211728367777587e-02
6.163211728367777587e-02
6.163211728367777587e-02
6.163211728367777587e-02
6.163211728367777587e-02
6.163211728367777587e-02
6.163211728367777587e-02
6.163211728367777587e-02
6.163211728367777587e-02
6.163211728367777587e-02
6.163211728367777587e-02
5.850697017134465217e-02
5.850697017134465217e-02
5.850697017134465217e-02
5.850697017134465217e-02
5.850697017134465217e-02
5.850697017134465217e-02
5.850697017134465217e-02
5.850697017134465217e-02
5.850697017134465217e-02
5.850697017134465217e-02
5.850697017134465217e-02
5.850697017134465217e-02
5.850697017134465217e-02
5.850697017134465217e-02
5.850697017134465217e-02
5.850697017134465217e-02
5.794201216383896430e-02
5.794201216383896430e-02
5.785772787701175257e-02
5.785772787701175257e-02
5.776832234104015140e-02
5.776832234104015140e-02
5.776832234104015140e-02
5.759764901650862856e-02
5.759764901650862856e-02
5.759709671155999189e-02
5.759709671155999189e-02
5.759709671155999189e-02
5.759709671155999189e-02
5.759709671155999189e-02
5.757701791228924532e-02
5.755654054126190661e-02
5.754934862054781469e-02
5.460888703170337088e-02
5.389348232867011146e-02
5.389348232867011146e-02
5.389348232867011146e-02
5.382547063227734879e-02
5.382547063227734879e-02
5.382547063227734879e-02
5.323336744883092053e-02
5.308036434976570739e-02
5.257247084600302073e-02
5.180643343580879773e-02
5.180643343580879773e-02
5.180643343580879773e-02
5.180643343580879773e-02
5.180643343580879773e-02
5.082663737755221955e-02
5.082663737755221955e-02
5.077036995953662646e-02
5.076872654782897676e-02
5.076872654782897676e-02
5.075747869878336621e-02
5.075413303183202995e-02
5.075316446706908818e-02
5.075294006563318971e-02
5.075291011677615649e-02
5.075289125435832049e-02
5.075286072710266660e-02
5.075286072710266660e-02
5.075286072710266660e-02
5.023578777841707088e-02
5.015942125541882762e-02
5.015414263217505414e-02
5.015356866983654988e-02
5.015350588198741466e-02
4.978152418323379680e-02
4.978152418323379680e-02
4.978152418323379680e-02
4.978152418323379680e-02
4.978152418323379680e-02
4.949987203217828813e-02
4.949987203217828813e-02
4.949987203217828813e-02
4.949987203217828813e-02
4.949987203217828813e-02
4.949497882105072244e-02
4.949497882105072244e-02
4.949202560911446919e-02
4.909665227636124396e-02
4.909665227636124396e-02
4.852571458392414272e-02
4.840474194052968998e-02
4.835819494545524205e-02
4.835338234472448538e-02
4.835234094814372385e-02
4.786096825235613972e-02
4.783891142947790248e-02
4.778593885662726914e-02
4.746452256127661751e-02
4.742941191243109367e-02
4.742941191243109367e-02
4.742230506930820988e-02
4.733375785302459948e-02
4.733375785302459948e-02
4.730495564014438464e-02
4.730370064841918354e-02
4.723699994297922422e-02
4.723059567011536619e-02
4.719224453820657084e-02
4.719224453820657084e-02
4.708919586556359338e-02
4.708919586556359338e-02
4.708805365276236277e-02
4.704280265991649113e-02
