2.197117165242898906e+01
1.387354052179609987e+01
5.150998845031329765e+00
5.150998845031329765e+00
4.244217585899484391e+00
2.390144399496652472e+00
2.289604376907177219e+00
2.289604376907177219e+00
2.289604376907177219e+00
2.224998176350291956e+00
2.224998176350291956e+00
1.901161786241571505e+00
1.901161786241571505e+00
1.871413800387974558e+00
1.871413800387974558e+00
1.871413800387974558e+00
1.871413800387974558e+00
1.871413800387974558e+00
1.871413800387974558e+00
1.844199020564297298e+00
1.839183436257949777e+00
1.839183436257949777e+00
1.839183436257949777e+00
1.839183436257949777e+00
1.839183436257949777e+00
1.839183436257949777e+00
1.700428298129707638e+00
1.700428298129707638e+00
1.700428298129707638e+00
1.700428298129707638e+00
1.700428298129707638e+00
1.644219452000832415e+00
1.634101132784176347e+00
1.593401196468134717e+00
1.556749283439367026e+00
1.556749283439367026e+00
1.556749283439367026e+00
1.556749283439367026e+00
1.556749283439367026e+00
1.556749283439367026e+00
1.556749283439367026e+00
1.548515294328251635e+00
1.548515294328251635e+00
1.548515294328251635e+00
1.545720603512877656e+00
1.545720603512877656e+00
1.518957634763520304e+00
1.518957634763520304e+00
1.518957634763520304e+00
1.458848999688917347e+00
1.458848999688917347e+00
1.423236944743210275e+00
1.336838596835814741e+00
1.336838596835814741e+00
1.300647681958911006e+00
1.277957419761387214e+00
1.277957419761387214e+00
1.277957419761387214e+00
1.142523751073956761e+00
1.142523751073956761e+00
1.114381321517889267e+00
9.545296989282681110e-01
9.041490716835778318e-01
8.214471869777852930e-01
8.214471869777852930e-01
7.878161124559734940e-01
7.057192901870008583e-01
7.057192901870008583e-01
7.057192901870008583e-01
7.057192901870008583e-01
7.057192901870008583e-01
7.057192901870008583e-01
7.057192901870008583e-01
7.057192901870008583e-01
5.398934751366895046e-01
4.249536811352031540e-01
4.249536811352031540e-01
4.249536811352031540e-01
4.249536811352031540e-01
4.249536811352031540e-01
4.249536811352031540e-01
4.249536811352031540e-01
4.249536811352031540e-01
4.187240524076603077e-01
4.187240524076603077e-01
4.187240524076603077e-01
4.187240524076603077e-01
4.187240524076603077e-01
3.832321421043964338e-01
3.832321421043964338e-01
3.782493563662858160e-01
3.778891132929221852e-01
3.778891132929221852e-01
3.754200490766811393e-01
3.754200490766811393e-01
3.754200490766811393e-01
3.754200490766811393e-01
3.614763336699428620e-01
3.469399865740509514e-01
3.469399865740509514e-01
3.298335005120798802e-01
3.298335005120798802e-01
3.298335005120798802e-01
3.269542294482702394e-01
2.919461816114478081e-01
2.919461816114478081e-01
2.872096333071260110e-01
2.872096333071260110e-01
2.824503917223912808e-01
2.824503917223912808e-01
2.801260363979674040e-01
2.801260363979674040e-01
2.681238987327898560e-01
2.681238987327898560e-01
2.681238987327898560e-01
2.681238987327898560e-01
2.681238987327898560e-01
2.681238987327898560e-01
2.681238987327898560e-01
2.681238987327898560e-01
2.681238987327898560e-01
2.681238987327898560e-01
2.681238987327898560e-01
2.636615675224546762e-01
2.618567858574707419e-01
2.613647568865960502e-01
2.483926331709935820e-01
2.393425620414444954e-01
2.393425620414444954e-01
2.393425620414444954e-01
2.393425620414444954e-01
2.393425620414444954e-01
2.346203507269178090e-01
2.346203507269178090e-01
2.346203507269178090e-01
2.346203507269178090e-01
2.346203507269178090e-01
2.345890341697285664e-01
2.345890341697285664e-01
2.269765871356257403e-01
2.269765871356257403e-01
2.269765871356257403e-01
2.269765871356257403e-01
2.187446506434495563e-01
2.187446506434495563e-01
2.187446506434495563e-01
2.187446506434495563e-01
2.187446506434495563e-01
2.157380257116427724e-01
2.128701721825471960e-01
2.128701721825471960e-01
2.128701721825471960e-01
2.128701721825471960e-01
2.128701721825471960e-01
2.128701721825471960e-01
2.114879079831344655e-01
2.114879079831344655e-01
2.114879079831344655e-01
2.114879079831344655e-01
2.114879079831344655e-01
2.095044421337116103e-01
2.095044421337116103e-01
2.095044421337116103e-01
2.093800332477296910e-01
2.093001497977834968e-01
2.092281766235980223e-01
2.092281766235980223e-01
2.092281766235980223e-01
2.065553994377177516e-01
2.065553994377177516e-01
2.051618096014379000e-01
2.043974826336052986e-01
2.042620323258386439e-01
2.042445868693306688e-01
2.042421660942071726e-01
2.042417650107828386e-01
2.041106530864785218e-01
2.024313458057002690e-01
2.022324513352965758e-01
2.022324513352965758e-01
2.022324513352965758e-01
2.022324513352965758e-01
2.022324513352965758e-01
2.022324513352965758e-01
2.022324513352965758e-01
2.021435969258211229e-01
2.021377432418693110e-01
2.021377432418693110e-01
2.021377432418693110e-01
2.021362524882741596e-01
2.021362524882741596e-01
2.021362524882741596e-01
2.021360837617082740e-01
2.021359768034813320e-01
2.021359768034813320e-01
2.018169679189973920e-01
1.995313917048527896e-01
1.995107554600207833e-01
1.995104372466563747e-01
1.980785905342151987e-01
