1.470113125952874533e+01
1.470113125952874533e+01
9.297412063231259793e+00
8.167789739639950142e+00
6.266473346087460428e+00
6.266473346087460428e+00
5.834887599514541279e+00
4.704825153254589054e+00
4.704825153254589054e+00
4.704825153254589054e+00
3.630167764479995007e+00
3.630167764479995007e+00
3.420438165275876408e+00
3.420438165275876408e+00
3.420438165275876408e+00
3.420438165275876408e+00
3.038645223644457438e+00
3.038645223644457438e+00
3.038645223644457438e+00
3.038645223644457438e+00
3.038645223644457438e+00
3.038645223644457438e+00
3.038645223644457438e+00
3.038645223644457438e+00
3.038645223644457438e+00
2.803086343608615749e+00
2.803086343608615749e+00
2.803086343608615749e+00
2.803086343608615749e+00
2.803086343608615749e+00
2.593962018955883853e+00
2.593962018955883853e+00
2.593962018955883853e+00
2.593962018955883853e+00
2.593962018955883853e+00
2.593962018955883853e+00
2.593962018955883853e+00
2.593962018955883853e+00
2.593962018955883853e+00
2.592449153466652056e+00
2.592449153466652056e+00
2.592449153466652056e+00
2.592449153466652056e+00
2.592449153466652056e+00
2.592449153466652056e+00
2.592449153466652056e+00
2.398647422889057523e+00
2.398647422889057523e+00
2.398647422889057523e+00
2.398647422889057523e+00
2.398647422889057523e+00
2.398647422889057523e+00
2.398647422889057523e+00
2.398647422889057523e+00
2.398647422889057523e+00
2.398647422889057523e+00
2.398647422889057523e+00
2.398647422889057523e+00
2.398647422889057523e+00
2.398647422889057523e+00
2.398647422889057523e+00
2.398647422889057523e+00
2.398647422889057523e+00
2.398647422889057523e+00
2.398647422889057523e+00
2.398647422889057523e+00
2.362961381068152900e+00
2.362961381068152900e+00
2.362961381068152900e+00
2.359238761611221591e+00
2.359238761611221591e+00
2.359238761611221591e+00
2.359238761611221591e+00
2.359238761611221591e+00
2.359238761611221591e+00
2.359238761611221591e+00
2.359238761611221591e+00
2.359238761611221591e+00
2.359238761611221591e+00
2.359238761611221591e+00
2.359238761611221591e+00
2.359238761611221591e+00
2.359238761611221591e+00
2.359238761611221591e+00
2.359238761611221591e+00
2.359238761611221591e+00
2.359238761611221591e+00
2.359238761611221591e+00
2.354211285497548545e+00
2.354211285497548545e+00
2.354211285497548545e+00
2.354211285497548545e+00
2.353639961605832998e+00
2.353639961605832998e+00
2.353639961605832998e+00
2.353639961605832998e+00
2.351236027887534608e+00
2.340383158030205912e+00
2.340383158030205912e+00
2.340383158030205912e+00
2.340383158030205912e+00
2.340383158030205912e+00
2.340383158030205912e+00
2.340383158030205912e+00
2.331239028334443297e+00
2.331239028334443297e+00
2.326485073012096727e+00
2.326485073012096727e+00
2.326485073012096727e+00
2.326485073012096727e+00
2.316592441918213563e+00
2.316592441918213563e+00
2.315917881959343561e+00
2.315917881959343561e+00
2.315917881959343561e+00
2.315917881959343561e+00
2.315917881959343561e+00
2.315917881959343561e+00
2.315917881959343561e+00
2.315917881959343561e+00
2.303641475779338865e+00
2.269214562599091600e+00
2.269214562599091600e+00
2.269214562599091600e+00
2.269214562599091600e+00
2.268069982023289910e+00
2.268069982023289910e+00
2.268069982023289910e+00
2.268069982023289910e+00
2.268069982023289910e+00
2.268069982023289910e+00
2.268069982023289910e+00
2.268069982023289910e+00
2.268069982023289910e+00
2.268069982023289910e+00
2.268069982023289910e+00
2.268069982023289910e+00
2.268069982023289910e+00
2.260975539929694467e+00
2.260975539929694467e+00
2.256159412447164669e+00
2.256159412447164669e+00
2.256159412447164669e+00
2.256159412447164669e+00
2.256159412447164669e+00
2.249779413882232681e+00
2.237493111895263453e+00
2.237493111895263453e+00
2.237493111895263453e+00
2.235341688350610312e+00
2.234534338157751598e+00
2.224976448967770803e+00
2.220491725052512688e+00
2.220491725052512688e+00
2.220491725052512688e+00
2.220491725052512688e+00
2.220491725052512688e+00
2.220491725052512688e+00
2.219252263040529360e+00
2.219252263040529360e+00
2.219252263040529360e+00
2.215741807623834880e+00
2.214135312634962993e+00
2.214135312634962993e+00
2.210199835263846335e+00
2.210199835263846335e+00
2.201519544421356667e+00
2.201519544421356667e+00
2.194620028762380493e+00
2.194620028762380493e+00
2.194620028762380493e+00
2.194620028762380493e+00
2.194620028762380493e+00
2.194620028762380493e+00
2.192841437725038922e+00
2.189468759010749110e+00
2.189468759010749110e+00
2.189468759010749110e+00
2.187650044884951850e+00
2.187456145701243138e+00
2.187456145701243138e+00
2.187456145701243138e+00
2.187456145701243138e+00
2.187398530978460709e+00
2.187391781355817688e+00
2.187390011811035873e+00
2.187390011811035873e+00
2.186885765799018166e+00
2.186848145672849242e+00
2.186847152826187468e+00
2.186846774811376903e+00
2.186846774811376903e+00
2.186846774811376903e+00
2.186832462991734616e+00
2.186832462991734616e+00
2.186822055114494567e+00
2.186797158463419155e+00
2.186793877529008334e+00
2.186793877529008334e+00
2.186793877529008334e+00
