3.014343198164987569e+01
1.234440155039838949e+01
8.478801030822369356e+00
2.996362480518835802e+00
2.996362480518835802e+00
2.996362480518835802e+00
2.996362480518835802e+00
2.996362480518835802e+00
2.785776635839932069e+00
2.163679468680963058e+00
2.163679468680963058e+00
2.163679468680963058e+00
1.443300532496912147e+00
1.400363622808287412e+00
1.400363622808287412e+00
1.253056665979253026e+00
1.253056665979253026e+00
1.253056665979253026e+00
5.573863892325886527e-01
5.573863892325886527e-01
5.573863892325886527e-01
5.573863892325886527e-01
5.573863892325886527e-01
5.573863892325886527e-01
5.573863892325886527e-01
5.573863892325886527e-01
5.573863892325886527e-01
5.522354319618753005e-01
5.522354319618753005e-01
5.522354319618753005e-01
5.522354319618753005e-01
5.522354319618753005e-01
5.522354319618753005e-01
5.522354319618753005e-01
5.522354319618753005e-01
4.617708984843352793e-01
4.617708984843352793e-01
4.617708984843352793e-01
4.617708984843352793e-01
4.617708984843352793e-01
4.164992596969604444e-01
4.164992596969604444e-01
4.164992596969604444e-01
4.164992596969604444e-01
4.164992596969604444e-01
4.164992596969604444e-01
4.164992596969604444e-01
4.164992596969604444e-01
4.164992596969604444e-01
4.164992596969604444e-01
4.164992596969604444e-01
4.164992596969604444e-01
4.164992596969604444e-01
4.164992596969604444e-01
4.164992596969604444e-01
4.164992596969604444e-01
4.164992596969604444e-01
4.164992596969604444e-01
3.920058148449661051e-01
3.856595291922078061e-01
3.856595291922078061e-01
3.401304657459940928e-01
3.401304657459940928e-01
3.401304657459940928e-01
3.401304657459940928e-01
3.401304657459940928e-01
3.401304657459940928e-01
3.401304657459940928e-01
3.401304657459940928e-01
3.145072916915516714e-01
3.145072916915516714e-01
3.145072916915516714e-01
2.266876728738377311e-01
2.266876728738377311e-01
2.266876728738377311e-01
2.266876728738377311e-01
2.266876728738377311e-01
2.266876728738377311e-01
2.266876728738377311e-01
2.266876728738377311e-01
2.266876728738377311e-01
2.266876728738377311e-01
2.214888987653050312e-01
2.214888987653050312e-01
2.214888987653050312e-01
2.214888987653050312e-01
2.214888987653050312e-01
2.214888987653050312e-01
2.214888987653050312e-01
2.214888987653050312e-01
2.214888987653050312e-01
2.214888987653050312e-01
2.214888987653050312e-01
2.214888987653050312e-01
2.040862272751848561e-01
2.040862272751848561e-01
2.040862272751848561e-01
2.040862272751848561e-01
2.040862272751848561e-01
2.040862272751848561e-01
2.040862272751848561e-01
2.015799862598661452e-01
2.015799862598661452e-01
2.015799862598661452e-01
2.015799862598661452e-01
2.015799862598661452e-01
2.015799862598661452e-01
2.015799862598661452e-01
2.015799862598661452e-01
2.015799862598661452e-01
2.015799862598661452e-01
2.015378113635939161e-01
2.015378113635939161e-01
2.014439324564754885e-01
1.989228910899331904e-01
1.982531682569730336e-01
1.980567776274128611e-01
1.979873851974161270e-01
1.979611889720483686e-01
1.979504623134774322e-01
1.856589355420453502e-01
1.856589355420453502e-01
1.758576097225848511e-01
1.758576097225848511e-01
1.758576097225848511e-01
1.758576097225848511e-01
1.758576097225848511e-01
1.758576097225848511e-01
1.758576097225848511e-01
1.758576097225848511e-01
1.747627204836534609e-01
1.716821848796826200e-01
1.701068610733105224e-01
1.695027455080983791e-01
1.692924335529787105e-01
1.692225314843553707e-01
1.691999736014701272e-01
1.691916066830205512e-01
1.691893442262893121e-01
1.691887407873192695e-01
1.691885284782680687e-01
1.691884440688356528e-01
1.691883795309348792e-01
1.691883665503672307e-01
1.691883613018562160e-01
1.691883613018562160e-01
1.635032953642505948e-01
1.635032953642505948e-01
1.635032953642505948e-01
1.635032953642505948e-01
1.635032953642505948e-01
1.635032953642505948e-01
1.635032953642505948e-01
1.635032953642505948e-01
1.635032953642505948e-01
1.635032953642505948e-01
1.635032953642505948e-01
1.635032953642505948e-01
1.635032953642505948e-01
1.635032953642505948e-01
1.635032953642505948e-01
1.634164789720434496e-01
1.634164789720434496e-01
1.631038948345260031e-01
1.631038948345260031e-01
1.630590165201273312e-01
1.629101058357741438e-01
1.629101058357741438e-01
1.629101058357741438e-01
1.629101058357741438e-01
1.629022086365108368e-01
1.628992911981732850e-01
1.628991165278684539e-01
1.628990200943250255e-01
1.628990157271811845e-01
1.628990157271811845e-01
1.628989450387900717e-01
1.628989450387900717e-01
1.626989110003225769e-01
1.626989110003225769e-01
1.626989110003225769e-01
1.613778104763831933e-01
1.613778104763831933e-01
1.610304954036309577e-01
1.607625802723720299e-01
1.606924921544243823e-01
1.604593819543580491e-01
1.604331561021996588e-01
1.604315326621393034e-01
1.604314439372353240e-01
1.604280904640431049e-01
1.540818193979328066e-01
1.522255585155978530e-01
1.522255585155978530e-01
1.521361770442647143e-01
1.521325031696681707e-01
1.521325031696681707e-01
1.521325031696681707e-01
1.521322562276701817e-01
1.521322562276701817e-01
