4.785883927075662569e+00
4.785883927075662569e+00
9.672627225141881002e-01
5.398666823965860839e-01
5.398666823965860839e-01
5.398666823965860839e-01
5.398666823965860839e-01
5.398666823965860839e-01
4.397869962328165849e-01
4.397869962328165849e-01
4.397869962328165849e-01
4.397869962328165849e-01
4.397869962328165849e-01
4.397869962328165849e-01
4.397869962328165849e-01
4.397869962328165849e-01
4.397869962328165849e-01
4.397869962328165849e-01
4.397869962328165849e-01
3.921135147302992063e-01
3.921135147302992063e-01
3.431433250183658634e-01
3.431433250183658634e-01
3.408677305060204832e-01
3.408677305060204832e-01
2.671343114432516153e-01
2.671343114432516153e-01
2.671343114432516153e-01
2.671343114432516153e-01
2.671343114432516153e-01
2.671343114432516153e-01
2.671343114432516153e-01
2.671343114432516153e-01
2.671343114432516153e-01
2.671343114432516153e-01
2.671343114432516153e-01
2.671343114432516153e-01
2.671343114432516153e-01
2.671343114432516153e-01
2.671343114432516153e-01
2.671343114432516153e-01
2.671343114432516153e-01
2.671343114432516153e-01
2.671343114432516153e-01
2.671343114432516153e-01
2.671343114432516153e-01
2.671343114432516153e-01
2.671343114432516153e-01
2.671343114432516153e-01
2.120569154070052198e-01
2.120569154070052198e-01
1.596290494712455654e-01
1.596290494712455654e-01
1.596290494712455654e-01
1.596290494712455654e-01
1.596290494712455654e-01
1.596290494712455654e-01
1.596290494712455654e-01
1.596290494712455654e-01
1.596290494712455654e-01
1.596290494712455654e-01
1.596290494712455654e-01
1.596290494712455654e-01
1.596290494712455654e-01
1.596290494712455654e-01
1.396787618526638686e-01
1.396787618526638686e-01
1.396787618526638686e-01
1.396787618526638686e-01
1.396787618526638686e-01
1.396787618526638686e-01
1.396787618526638686e-01
1.396787618526638686e-01
1.396787618526638686e-01
1.396787618526638686e-01
1.396787618526638686e-01
1.396787618526638686e-01
1.344154239957806585e-01
1.344154239957806585e-01
1.344154239957806585e-01
1.344154239957806585e-01
1.344154239957806585e-01
1.222577868013481200e-01
1.222577868013481200e-01
1.222577868013481200e-01
1.222577868013481200e-01
1.222577868013481200e-01
1.222577868013481200e-01
1.222577868013481200e-01
1.222577868013481200e-01
1.201799883127648155e-01
1.201799883127648155e-01
1.201799883127648155e-01
1.201799883127648155e-01
1.201799883127648155e-01
1.201799883127648155e-01
1.201799883127648155e-01
1.201799883127648155e-01
1.201799883127648155e-01
1.201799883127648155e-01
1.201799883127648155e-01
1.201799883127648155e-01
1.201799883127648155e-01
1.201799883127648155e-01
1.201799883127648155e-01
1.201799883127648155e-01
1.201799883127648155e-01
1.201799883127648155e-01
1.070355887667039929e-01
1.070355887667039929e-01
1.070355887667039929e-01
1.062663083133033592e-01
1.062663083133033592e-01
1.062663083133033592e-01
1.062663083133033592e-01
7.559185060803924605e-02
7.559185060803924605e-02
7.559185060803924605e-02
7.559185060803924605e-02
7.559185060803924605e-02
7.559185060803924605e-02
7.559185060803924605e-02
7.559185060803924605e-02
7.559185060803924605e-02
7.559185060803924605e-02
7.559185060803924605e-02
7.559185060803924605e-02
7.330683984485575344e-02
7.330683984485575344e-02
7.330683984485575344e-02
7.330683984485575344e-02
7.330683984485575344e-02
7.330683984485575344e-02
7.330683984485575344e-02
7.330683984485575344e-02
7.330683984485575344e-02
7.330683984485575344e-02
7.330683984485575344e-02
7.330683984485575344e-02
7.330683984485575344e-02
7.330683984485575344e-02
7.330683984485575344e-02
7.330683984485575344e-02
6.921143385436191731e-02
6.921143385436191731e-02
6.921143385436191731e-02
6.921143385436191731e-02
6.921143385436191731e-02
6.921143385436191731e-02
6.921143385436191731e-02
6.138615791184456882e-02
6.138615791184456882e-02
6.138615791184456882e-02
6.138615791184456882e-02
6.138615791184456882e-02
6.138615791184456882e-02
6.138615791184456882e-02
6.138615791184456882e-02
6.061623857233595231e-02
5.919111149808428674e-02
5.891961177295052671e-02
5.886719791805302554e-02
5.885706166380027388e-02
5.885512471808144325e-02
5.885473528744139537e-02
5.885473528744139537e-02
5.885473528744139537e-02
5.885469125165715409e-02
5.885469125165715409e-02
5.885456393346961967e-02
5.885456393346961967e-02
5.885446470206884967e-02
5.783873974505403942e-02
5.651991841455791810e-02
5.638847004952037695e-02
5.636271340639052024e-02
5.635925984868325050e-02
5.635872212309629009e-02
5.514440946151388800e-02
5.514440946151388800e-02
5.514440946151388800e-02
5.514440946151388800e-02
5.512893153686586334e-02
5.512893153686586334e-02
5.510724180175057690e-02
5.510330087566192581e-02
5.510304782865876883e-02
5.510297935082875131e-02
5.510297935082875131e-02
5.510297869471083437e-02
5.510296886787468401e-02
5.510296886787468401e-02
5.510296886787468401e-02
5.510295714590671828e-02
5.510295714590671828e-02
5.510295714590671828e-02
5.510295714590671828e-02
5.510295714590671828e-02
5.510295714590671828e-02
5.510295714590671828e-02
