2.221192459640114691e+01
1.674711062906288817e+01
8.588188395925625329e+00
2.498286528669810380e+00
1.411022531248391942e+00
1.411022531248391942e+00
6.167863208156140198e-01
6.016893307383709422e-01
5.773947704897484101e-01
4.373111369908945223e-01
4.373111369908945223e-01
4.373111369908945223e-01
4.373111369908945223e-01
4.373111369908945223e-01
4.232400752894043272e-01
4.232400752894043272e-01
3.037727525410629514e-01
3.037727525410629514e-01
2.119164967906301822e-01
2.119164967906301822e-01
2.119164967906301822e-01
2.119164967906301822e-01
1.853170973652593645e-01
1.853170973652593645e-01
1.853170973652593645e-01
1.853170973652593645e-01
1.853170973652593645e-01
1.853170973652593645e-01
1.853170973652593645e-01
1.853170973652593645e-01
1.249275681119495496e-01
1.249275681119495496e-01
7.231988269671896230e-02
7.231988269671896230e-02
7.231988269671896230e-02
7.231988269671896230e-02
7.231988269671896230e-02
7.231988269671896230e-02
7.231988269671896230e-02
7.231988269671896230e-02
7.231988269671896230e-02
7.231988269671896230e-02
7.231988269671896230e-02
7.231988269671896230e-02
7.231988269671896230e-02
7.231988269671896230e-02
7.231988269671896230e-02
7.231988269671896230e-02
7.231988269671896230e-02
7.231988269671896230e-02
7.231988269671896230e-02
7.231988269671896230e-02
7.231988269671896230e-02
7.231988269671896230e-02
7.231988269671896230e-02
7.231988269671896230e-02
7.231988269671896230e-02
7.231988269671896230e-02
7.231988269671896230e-02
7.231988269671896230e-02
7.231988269671896230e-02
7.231988269671896230e-02
7.231988269671896230e-02
7.231988269671896230e-02
7.231988269671896230e-02
7.231988269671896230e-02
7.231988269671896230e-02
7.231988269671896230e-02
7.231988269671896230e-02
7.231988269671896230e-02
7.231988269671896230e-02
7.231988269671896230e-02
7.231988269671896230e-02
7.231988269671896230e-02
7.231988269671896230e-02
7.231988269671896230e-02
7.231988269671896230e-02
7.231988269671896230e-02
7.231988269671896230e-02
7.231988269671896230e-02
7.231988269671896230e-02
7.231988269671896230e-02
7.231988269671896230e-02
7.231988269671896230e-02
7.231988269671896230e-02
7.231988269671896230e-02
7.231988269671896230e-02
7.231988269671896230e-02
7.231988269671896230e-02
6.943218551980419317e-02
6.943218551980419317e-02
6.943218551980419317e-02
6.943218551980419317e-02
6.943218551980419317e-02
6.943218551980419317e-02
6.943218551980419317e-02
6.369355286984976217e-02
6.369355286984976217e-02
6.369355286984976217e-02
6.369355286984976217e-02
6.369355286984976217e-02
6.369355286984976217e-02
6.369355286984976217e-02
6.369355286984976217e-02
5.990165905470935109e-02
5.990165905470935109e-02
5.990165905470935109e-02
5.990165905470935109e-02
5.990165905470935109e-02
5.990165905470935109e-02
5.990165905470935109e-02
5.823541981817347696e-02
5.823541981817347696e-02
5.823541981817347696e-02
5.823541981817347696e-02
5.503829844180967851e-02
5.503829844180967851e-02
5.503829844180967851e-02
5.503829844180967851e-02
5.503829844180967851e-02
5.503829844180967851e-02
5.503829844180967851e-02
5.503829844180967851e-02
5.503829844180967851e-02
5.503829844180967851e-02
5.503829844180967851e-02
5.503829844180967851e-02
5.503829844180967851e-02
5.503829844180967851e-02
5.503829844180967851e-02
5.503829844180967851e-02
5.487143892398586853e-02
5.487143892398586853e-02
5.487143892398586853e-02
5.473266944174415977e-02
5.470901874616268534e-02
5.470687781240622660e-02
5.470614481492883791e-02
5.470614481492883791e-02
5.470503430139866952e-02
5.470459992857516773e-02
5.470451796410890494e-02
5.470448760356569351e-02
5.470448436510602641e-02
5.470448181582662078e-02
5.470448125698612607e-02
5.470448125698612607e-02
5.470448125698612607e-02
5.470448125698612607e-02
5.470448125698612607e-02
5.470448125698612607e-02
5.470448045440337581e-02
5.470448045440337581e-02
5.470448045440337581e-02
5.470448045440337581e-02
5.470448045440337581e-02
5.470448045440337581e-02
5.409100193766600007e-02
5.368460693011169182e-02
5.368460693011169182e-02
5.368460693011169182e-02
5.368460693011169182e-02
5.368460693011169182e-02
5.368460693011169182e-02
5.289919736604873496e-02
5.289919736604873496e-02
5.247053954745947713e-02
5.247053954745947713e-02
5.240014372748237614e-02
5.240014372748237614e-02
5.240014372748237614e-02
5.232035526050639318e-02
5.231486499885690256e-02
5.230460619528704003e-02
5.228158215243860346e-02
5.227766896946056674e-02
5.227720714124876877e-02
5.227700002270974089e-02
5.227497500989090884e-02
5.227186285569628693e-02
5.227133998159181477e-02
5.227042643542462175e-02
5.227019885915619446e-02
5.226996780611153220e-02
5.226989943052519350e-02
5.226987130340890464e-02
5.214928706025911964e-02
5.214928706025911964e-02
5.180750455125011228e-02
5.180750455125011228e-02
5.179936775001817151e-02
5.179849780633680872e-02
5.179846811816769120e-02
5.179846354471898118e-02
5.179846354471898118e-02
5.179846354471898118e-02
5.179846354471898118e-02
5.179846354471898118e-02
5.179846113655776213e-02
5.179846113655776213e-02
