3.479184669688841325e+01
1.342679346505431681e+01
1.036313749667567663e+01
1.013707866875359187e+01
1.889602435952633996e+00
1.018858300764180935e+00
1.018858300764180935e+00
1.018858300764180935e+00
1.018858300764180935e+00
1.018858300764180935e+00
9.991230165671971530e-01
9.991230165671971530e-01
8.703443615836774505e-01
8.703443615836774505e-01
8.703443615836774505e-01
7.730544642173092784e-01
7.730544642173092784e-01
7.730544642173092784e-01
6.198018482736319390e-01
6.198018482736319390e-01
6.198018482736319390e-01
3.291095940606771353e-01
3.291095940606771353e-01
3.291095940606771353e-01
3.291095940606771353e-01
3.291095940606771353e-01
3.291095940606771353e-01
3.291095940606771353e-01
3.291095940606771353e-01
3.291095940606771353e-01
3.291095940606771353e-01
2.684351935490728036e-01
2.684351935490728036e-01
2.684351935490728036e-01
2.684351935490728036e-01
2.684351935490728036e-01
2.684351935490728036e-01
2.684351935490728036e-01
2.684351935490728036e-01
2.684351935490728036e-01
2.684351935490728036e-01
2.684351935490728036e-01
2.562854180490498068e-01
1.569645138915171656e-01
1.569645138915171656e-01
1.569645138915171656e-01
1.569645138915171656e-01
1.569645138915171656e-01
1.569645138915171656e-01
1.569645138915171656e-01
1.569645138915171656e-01
1.569645138915171656e-01
1.569645138915171656e-01
1.569645138915171656e-01
1.569645138915171656e-01
1.569645138915171656e-01
1.569645138915171656e-01
1.569645138915171656e-01
1.569645138915171656e-01
1.569645138915171656e-01
1.569645138915171656e-01
1.569645138915171656e-01
1.569645138915171656e-01
1.569645138915171656e-01
1.467734699187530634e-01
1.467734699187530634e-01
8.254968553133887332e-02
8.254968553133887332e-02
8.254968553133887332e-02
8.254968553133887332e-02
8.254968553133887332e-02
8.254968553133887332e-02
8.254968553133887332e-02
8.254968553133887332e-02
8.254968553133887332e-02
8.254968553133887332e-02
8.254968553133887332e-02
8.254968553133887332e-02
8.254968553133887332e-02
8.254968553133887332e-02
8.254968553133887332e-02
8.254968553133887332e-02
8.254968553133887332e-02
8.254968553133887332e-02
8.254968553133887332e-02
8.254968553133887332e-02
8.254968553133887332e-02
8.254968553133887332e-02
8.254968553133887332e-02
8.254968553133887332e-02
8.254968553133887332e-02
8.254968553133887332e-02
8.254968553133887332e-02
5.946563784896276988e-02
5.946563784896276988e-02
4.688325851191556259e-02
4.688325851191556259e-02
4.688325851191556259e-02
4.688325851191556259e-02
4.579566037226579650e-02
4.579566037226579650e-02
4.579566037226579650e-02
4.579566037226579650e-02
4.579566037226579650e-02
4.579566037226579650e-02
4.579566037226579650e-02
4.579566037226579650e-02
4.579566037226579650e-02
4.579566037226579650e-02
4.579566037226579650e-02
4.579566037226579650e-02
4.579566037226579650e-02
4.579566037226579650e-02
4.579566037226579650e-02
4.579566037226579650e-02
4.579566037226579650e-02
4.579566037226579650e-02
4.579566037226579650e-02
4.579566037226579650e-02
4.579566037226579650e-02
4.558449599696484666e-02
4.526805241629535542e-02
4.526805241629535542e-02
4.526805241629535542e-02
4.526805241629535542e-02
4.526805241629535542e-02
4.526805241629535542e-02
4.526630815703678451e-02
4.526630815703678451e-02
4.525578885616755170e-02
4.525346787514038932e-02
4.525306429320077872e-02
4.525296457801603056e-02
4.525295774117779612e-02
4.459567875893537259e-02
4.459567875893537259e-02
4.447065354059413084e-02
4.447065354059413084e-02
4.447065354059413084e-02
4.447065354059413084e-02
4.447065354059413084e-02
4.433104635401032695e-02
4.423013644796148364e-02
4.421494353057700555e-02
4.421129958275076682e-02
4.421052326992175319e-02
4.421009435559838247e-02
4.421009435559838247e-02
4.420999204694253670e-02
4.420999204694253670e-02
4.420999204694253670e-02
4.420999204694253670e-02
4.420204363352044780e-02
4.420204363352044780e-02
4.401625202927030023e-02
4.394789005578749602e-02
4.393582755213806812e-02
4.391084161315156331e-02
4.382104001559737616e-02
4.380541940806028517e-02
4.378643620938758863e-02
4.378001607083163715e-02
4.378001607083163715e-02
4.376678461767782163e-02
4.376678461767782163e-02
4.376678461767782163e-02
4.376678461767782163e-02
4.376660550814814171e-02
4.376656390301643385e-02
4.376655092543846326e-02
4.376647511803229140e-02
4.376647511803229140e-02
4.376647511803229140e-02
4.376233608400731390e-02
4.376231390980835773e-02
4.375813268545890311e-02
4.375399641359536268e-02
4.375299417238347893e-02
4.374902029620022365e-02
4.373589559053890630e-02
4.364167796632341390e-02
4.364167796632341390e-02
4.358551837346999469e-02
4.353795337313474956e-02
4.341514183974864299e-02
4.328908360233263419e-02
4.327309235629984291e-02
4.327182621458131040e-02
4.301750339577131016e-02
4.295217367453121188e-02
4.295125703180164428e-02
4.295118884593029929e-02
4.295118643779742562e-02
4.295118643779742562e-02
4.295115669953881304e-02
4.295115669953881304e-02
4.295115669953881304e-02
4.295115669953881304e-02
4.295115050768446435e-02
4.295115050768446435e-02
