3.156980997346506257e+01
2.024774137769263049e+01
9.549034330312981211e+00
9.549034330312981211e+00
4.711144229364680136e+00
4.711144229364680136e+00
2.727681494505013404e+00
2.727681494505013404e+00
2.126217080447303953e+00
2.126217080447303953e+00
2.126217080447303953e+00
1.731100127331238525e+00
1.731100127331238525e+00
1.262276123711485898e+00
1.262276123711485898e+00
1.262276123711485898e+00
1.262276123711485898e+00
1.071655768970288802e+00
9.526458367986859743e-01
9.526458367986859743e-01
9.526458367986859743e-01
9.526458367986859743e-01
7.829175328348519924e-01
6.502027057322410375e-01
6.502027057322410375e-01
6.502027057322410375e-01
6.502027057322410375e-01
6.502027057322410375e-01
6.502027057322410375e-01
6.502027057322410375e-01
6.502027057322410375e-01
6.502027057322410375e-01
6.502027057322410375e-01
6.502027057322410375e-01
6.502027057322410375e-01
6.375557703833367729e-01
6.375557703833367729e-01
6.375557703833367729e-01
6.375557703833367729e-01
6.375557703833367729e-01
6.375557703833367729e-01
6.375557703833367729e-01
6.375557703833367729e-01
6.375557703833367729e-01
6.375557703833367729e-01
6.375557703833367729e-01
6.375557703833367729e-01
6.375557703833367729e-01
6.375557703833367729e-01
6.375557703833367729e-01
6.375557703833367729e-01
6.375557703833367729e-01
6.375557703833367729e-01
6.375557703833367729e-01
6.375557703833367729e-01
6.375557703833367729e-01
6.375557703833367729e-01
6.375557703833367729e-01
6.075670640765814534e-01
6.075670640765814534e-01
6.020422520262858068e-01
6.020422520262858068e-01
6.020422520262858068e-01
6.020422520262858068e-01
6.020422520262858068e-01
5.765113742524518026e-01
5.408627185679861782e-01
5.408627185679861782e-01
5.408627185679861782e-01
5.408627185679861782e-01
5.408627185679861782e-01
5.408627185679861782e-01
5.408627185679861782e-01
5.408627185679861782e-01
5.408627185679861782e-01
5.408627185679861782e-01
5.408627185679861782e-01
5.408627185679861782e-01
5.408627185679861782e-01
5.408627185679861782e-01
5.408627185679861782e-01
5.408627185679861782e-01
5.408627185679861782e-01
5.408627185679861782e-01
5.408627185679861782e-01
5.408627185679861782e-01
5.408627185679861782e-01
5.408627185679861782e-01
5.167375594053632559e-01
5.167375594053632559e-01
5.167375594053632559e-01
5.167375594053632559e-01
5.167375594053632559e-01
5.167375594053632559e-01
5.145980610788346565e-01
5.145980610788346565e-01
5.145980610788346565e-01
5.145980610788346565e-01
4.932780096401749859e-01
4.932780096401749859e-01
4.932780096401749859e-01
4.932780096401749859e-01
4.932780096401749859e-01
4.854258219726290124e-01
4.854258219726290124e-01
4.854258219726290124e-01
4.713471509080224831e-01
4.713471509080224831e-01
4.713471509080224831e-01
4.713471509080224831e-01
4.713471509080224831e-01
4.710974418375797890e-01
4.710974418375797890e-01
4.710974418375797890e-01
4.710974418375797890e-01
4.687959224539085534e-01
4.687959224539085534e-01
4.687959224539085534e-01
4.687959224539085534e-01
4.687959224539085534e-01
4.614031137404279170e-01
4.614031137404279170e-01
4.614031137404279170e-01
4.555427341214136061e-01
4.555427341214136061e-01
4.500002433537703128e-01
4.500002433537703128e-01
4.500002433537703128e-01
4.500002433537703128e-01
4.467897849620444117e-01
4.467897849620444117e-01
4.467897849620444117e-01
4.467897849620444117e-01
4.346462782386321111e-01
4.325854679030096683e-01
4.325854679030096683e-01
4.325854679030096683e-01
4.279594079084623748e-01
4.279594079084623748e-01
4.279594079084623748e-01
4.279594079084623748e-01
4.279594079084623748e-01
4.279594079084623748e-01
4.278530710762801781e-01
4.278530710762801781e-01
4.278530710762801781e-01
4.278530710762801781e-01
4.278338920600623374e-01
4.278338920600623374e-01
4.278160473643980999e-01
4.278160473643980999e-01
4.278160473643980999e-01
4.266830357769028081e-01
4.263628673409391445e-01
4.263443782068716548e-01
4.263419676366930200e-01
4.263419676366930200e-01
4.263419676366930200e-01
4.263252764551229701e-01
4.263212636130779276e-01
4.263203465003342907e-01
4.263201875769155325e-01
4.258196465080776316e-01
4.258196465080776316e-01
4.246745669035224546e-01
4.246745669035224546e-01
4.246745669035224546e-01
4.246745669035224546e-01
4.246745669035224546e-01
4.246745669035224546e-01
4.205621509140459180e-01
4.202956188734602305e-01
4.202706057900574277e-01
4.189092197628255798e-01
4.189092197628255798e-01
4.138654526707978842e-01
4.138654526707978842e-01
4.138654526707978842e-01
4.138654526707978842e-01
4.138654526707978842e-01
4.138654526707978842e-01
4.138654526707978842e-01
4.138654526707978842e-01
4.138654526707978842e-01
4.138654526707978842e-01
4.138654526707978842e-01
4.138654526707978842e-01
4.138654526707978842e-01
4.138654526707978842e-01
4.138654526707978842e-01
4.138654526707978842e-01
4.138654526707978842e-01
4.138654526707978842e-01
4.138654526707978842e-01
4.138654526707978842e-01
4.138654526707978842e-01
4.138654526707978842e-01
4.138467814439417691e-01
4.138458830404145861e-01
4.138458830404145861e-01
