1.533965629662728958e+01
6.224033919017884386e+00
4.377825252573983583e+00
3.033052767168896047e+00
1.459738800892359523e+00
4.050389440641891103e-01
4.050389440641891103e-01
4.050389440641891103e-01
2.594776539533796278e-01
2.594776539533796278e-01
2.594776539533796278e-01
1.556962549367966742e-01
1.556962549367966742e-01
1.556962549367966742e-01
1.556962549367966742e-01
1.556962549367966742e-01
1.556962549367966742e-01
1.556962549367966742e-01
1.556962549367966742e-01
1.556962549367966742e-01
1.556962549367966742e-01
1.556962549367966742e-01
1.556962549367966742e-01
1.556962549367966742e-01
1.556962549367966742e-01
1.556962549367966742e-01
1.556962549367966742e-01
1.556962549367966742e-01
1.556962549367966742e-01
1.556962549367966742e-01
1.556962549367966742e-01
1.556962549367966742e-01
1.556962549367966742e-01
1.556962549367966742e-01
1.556962549367966742e-01
1.556962549367966742e-01
1.556962549367966742e-01
1.556962549367966742e-01
1.556962549367966742e-01
1.556962549367966742e-01
1.556962549367966742e-01
1.556962549367966742e-01
1.556962549367966742e-01
1.556962549367966742e-01
1.556962549367966742e-01
1.556962549367966742e-01
1.556962549367966742e-01
1.556962549367966742e-01
1.556962549367966742e-01
1.556962549367966742e-01
1.556962549367966742e-01
1.556962549367966742e-01
1.556962549367966742e-01
1.556962549367966742e-01
1.556962549367966742e-01
1.556962549367966742e-01
1.131140614761057539e-01
1.131140614761057539e-01
1.131140614761057539e-01
1.131140614761057539e-01
1.131140614761057539e-01
1.131140614761057539e-01
1.131140614761057539e-01
1.131140614761057539e-01
1.131140614761057539e-01
1.131140614761057539e-01
1.131140614761057539e-01
1.131140614761057539e-01
1.131140614761057539e-01
1.131140614761057539e-01
1.131140614761057539e-01
1.131140614761057539e-01
1.131140614761057539e-01
1.131140614761057539e-01
1.131140614761057539e-01
1.131140614761057539e-01
1.131140614761057539e-01
1.131140614761057539e-01
1.131140614761057539e-01
1.131140614761057539e-01
1.131140614761057539e-01
1.131140614761057539e-01
1.131140614761057539e-01
1.131140614761057539e-01
1.131140614761057539e-01
1.131140614761057539e-01
1.131140614761057539e-01
1.131140614761057539e-01
1.131140614761057539e-01
1.131140614761057539e-01
1.131140614761057539e-01
1.131140614761057539e-01
1.131140614761057539e-01
1.131140614761057539e-01
1.131140614761057539e-01
1.077690597387254284e-01
1.047456464654434732e-01
1.047456464654434732e-01
1.047456464654434732e-01
1.047456464654434732e-01
1.047456464654434732e-01
1.015149619392733682e-01
1.015149619392733682e-01
1.015149619392733682e-01
1.015149619392733682e-01
1.015149619392733682e-01
1.015149619392733682e-01
9.844957839066610650e-02
9.844957839066610650e-02
9.844957839066610650e-02
9.844957839066610650e-02
9.844957839066610650e-02
9.844957839066610650e-02
9.844957839066610650e-02
9.844957839066610650e-02
9.844957839066610650e-02
9.844957839066610650e-02
9.844957839066610650e-02
9.844957839066610650e-02
9.844957839066610650e-02
9.844957839066610650e-02
9.844957839066610650e-02
9.844957839066610650e-02
9.792222057165080040e-02
9.792222057165080040e-02
9.792222057165080040e-02
9.792222057165080040e-02
9.792222057165080040e-02
9.548445186713384880e-02
9.051995965550284351e-02
9.051995965550284351e-02
8.989200293370566697e-02
8.989200293370566697e-02
8.989200293370566697e-02
8.989200293370566697e-02
8.989200293370566697e-02
8.989200293370566697e-02
8.989200293370566697e-02
8.989200293370566697e-02
8.989200293370566697e-02
8.989200293370566697e-02
8.989200293370566697e-02
8.989200293370566697e-02
8.989200293370566697e-02
8.989200293370566697e-02
8.989200293370566697e-02
8.989200293370566697e-02
8.989200293370566697e-02
8.989200293370566697e-02
8.989200293370566697e-02
8.989200293370566697e-02
8.166617762619143850e-02
8.070223791218139597e-02
8.070223791218139597e-02
8.057321432930648897e-02
8.032260006388972085e-02
8.027232847117365955e-02
8.026161134749666692e-02
8.025931402521115088e-02
8.025902734523517046e-02
8.025876852092304892e-02
8.025875720527450574e-02
8.025875388862410698e-02
8.025875388862410698e-02
8.025875388862410698e-02
8.025875388862410698e-02
8.025874939228844207e-02
8.025874939228844207e-02
8.025874939228844207e-02
8.025874939228844207e-02
8.025874804264472584e-02
8.025874804264472584e-02
8.025874804264472584e-02
8.025874385157719115e-02
8.025874385157719115e-02
7.984622515701675360e-02
7.963698882455255701e-02
7.955099169476079202e-02
7.953096056894870536e-02
7.952884975797684664e-02
7.951291271643948222e-02
7.950783217326548580e-02
7.949907302226640049e-02
7.949750291865248508e-02
7.949729580579643906e-02
7.949575231531839925e-02
7.949418603660114713e-02
7.949390247833543199e-02
7.949375847523060257e-02
7.949372113388947225e-02
7.949363084360784593e-02
7.949363084360784593e-02
7.949363084360784593e-02
7.949363084360784593e-02
7.949363084360784593e-02
7.949363084360784593e-02
7.949363084360784593e-02
7.949363084360784593e-02
7.949363084360784593e-02
7.949363084360784593e-02
