2.253801778330132066e+01
1.525579229489675015e+01
4.471469958410423828e+00
4.080333441808579487e+00
4.080333441808579487e+00
2.583509496882545164e+00
1.203928734044055426e+00
1.091257478063850206e+00
1.072722070571748176e+00
1.072722070571748176e+00
9.359021836153066376e-01
9.359021836153066376e-01
9.359021836153066376e-01
9.359021836153066376e-01
9.359021836153066376e-01
9.359021836153066376e-01
9.359021836153066376e-01
9.005819719591682260e-01
9.005819719591682260e-01
9.005819719591682260e-01
9.005819719591682260e-01
9.005819719591682260e-01
7.720105282886027265e-01
7.720105282886027265e-01
7.370054462374259208e-01
7.370054462374259208e-01
7.370054462374259208e-01
4.728318668785979617e-01
4.728318668785979617e-01
4.728318668785979617e-01
4.728318668785979617e-01
4.728318668785979617e-01
4.728318668785979617e-01
4.728318668785979617e-01
4.728318668785979617e-01
4.728318668785979617e-01
4.728318668785979617e-01
4.728318668785979617e-01
4.728318668785979617e-01
4.728318668785979617e-01
4.728318668785979617e-01
4.514158262732713145e-01
3.667888541952189496e-01
3.667888541952189496e-01
3.162751443793776485e-01
3.162751443793776485e-01
3.072451904090012231e-01
3.072451904090012231e-01
3.072451904090012231e-01
3.072451904090012231e-01
3.072451904090012231e-01
3.072451904090012231e-01
3.072451904090012231e-01
3.072451904090012231e-01
1.933565715596370915e-01
1.933565715596370915e-01
1.933565715596370915e-01
1.933565715596370915e-01
1.933565715596370915e-01
1.933565715596370915e-01
1.933565715596370915e-01
1.933565715596370915e-01
1.933565715596370915e-01
1.933565715596370915e-01
9.538152796484897222e-02
9.538152796484897222e-02
9.538152796484897222e-02
9.538152796484897222e-02
9.538152796484897222e-02
9.538152796484897222e-02
9.538152796484897222e-02
9.538152796484897222e-02
9.538152796484897222e-02
9.538152796484897222e-02
9.538152796484897222e-02
9.538152796484897222e-02
9.538152796484897222e-02
9.538152796484897222e-02
9.538152796484897222e-02
9.538152796484897222e-02
9.538152796484897222e-02
9.538152796484897222e-02
9.538152796484897222e-02
9.538152796484897222e-02
9.538152796484897222e-02
9.538152796484897222e-02
9.538152796484897222e-02
9.538152796484897222e-02
9.538152796484897222e-02
9.538152796484897222e-02
9.538152796484897222e-02
9.538152796484897222e-02
8.618057410235704929e-02
8.618057410235704929e-02
8.618057410235704929e-02
8.618057410235704929e-02
8.618057410235704929e-02
8.618057410235704929e-02
8.618057410235704929e-02
8.618057410235704929e-02
8.618057410235704929e-02
8.618057410235704929e-02
8.618057410235704929e-02
8.618057410235704929e-02
8.618057410235704929e-02
7.543808802558932269e-02
7.543808802558932269e-02
7.543808802558932269e-02
7.543808802558932269e-02
7.543808802558932269e-02
7.543808802558932269e-02
7.543808802558932269e-02
7.543808802558932269e-02
7.543808802558932269e-02
7.543808802558932269e-02
7.543808802558932269e-02
7.543808802558932269e-02
7.543808802558932269e-02
6.847283475080238879e-02
6.847283475080238879e-02
6.847283475080238879e-02
6.803225662726947176e-02
6.803225662726947176e-02
6.803225662726947176e-02
6.450244937915321219e-02
6.450244937915321219e-02
6.450244937915321219e-02
6.450244937915321219e-02
6.450244937915321219e-02
6.450244937915321219e-02
6.450244937915321219e-02
6.450244937915321219e-02
5.857291987704253688e-02
5.791075574230529488e-02
5.243239100595050578e-02
5.243239100595050578e-02
5.243239100595050578e-02
5.243239100595050578e-02
5.243239100595050578e-02
5.243239100595050578e-02
5.243239100595050578e-02
5.243239100595050578e-02
5.243239100595050578e-02
5.243239100595050578e-02
5.243239100595050578e-02
5.243239100595050578e-02
5.243239100595050578e-02
5.243239100595050578e-02
5.243239100595050578e-02
5.243239100595050578e-02
5.243239100595050578e-02
5.243239100595050578e-02
5.243239100595050578e-02
5.234587335289234145e-02
5.234587335289234145e-02
5.234587335289234145e-02
5.234587335289234145e-02
5.234587335289234145e-02
5.232579596915754722e-02
5.232579596915754722e-02
5.228510013830701963e-02
5.225022928333049321e-02
5.224674467151858154e-02
5.177993879820706746e-02
5.177993879820706746e-02
5.177993879820706746e-02
5.177993879820706746e-02
5.177993879820706746e-02
5.177993879820706746e-02
5.177993879820706746e-02
5.177993879820706746e-02
5.177993879820706746e-02
5.177993879820706746e-02
5.177993879820706746e-02
5.177993879820706746e-02
5.177993879820706746e-02
5.177993879820706746e-02
5.177993879820706746e-02
5.177993879820706746e-02
5.177993879820706746e-02
5.177993879820706746e-02
5.172067393316468614e-02
5.172067393316468614e-02
5.170830840497746272e-02
5.170659732440764655e-02
5.170633094062095092e-02
5.170633094062095092e-02
5.170633094062095092e-02
5.170633094062095092e-02
5.170633094062095092e-02
5.144921213648605968e-02
5.144921213648605968e-02
5.131562934664330583e-02
5.130955513164187770e-02
5.130951796113664837e-02
5.130939328862803295e-02
5.130939328862803295e-02
5.130939328862803295e-02
5.130939328862803295e-02
5.130148111648581699e-02
