8.965369303286619740e+00
8.965369303286619740e+00
8.965369303286619740e+00
3.288484021603914620e+00
2.766773625482458421e+00
6.767480805924654952e-01
2.483704848548234367e-01
2.483704848548234367e-01
2.483704848548234367e-01
2.483704848548234367e-01
2.367107773660453995e-01
2.367107773660453995e-01
2.367107773660453995e-01
2.260400646919537293e-01
2.260400646919537293e-01
2.260400646919537293e-01
2.260400646919537293e-01
2.260400646919537293e-01
2.260400646919537293e-01
2.260400646919537293e-01
2.260400646919537293e-01
2.260400646919537293e-01
2.260400646919537293e-01
2.260400646919537293e-01
2.260400646919537293e-01
2.260400646919537293e-01
2.260400646919537293e-01
2.260400646919537293e-01
2.260400646919537293e-01
2.260400646919537293e-01
1.772933084238760837e-01
1.653873947566693037e-01
1.653873947566693037e-01
1.653873947566693037e-01
1.653873947566693037e-01
1.653873947566693037e-01
1.653873947566693037e-01
1.653873947566693037e-01
1.653873947566693037e-01
1.653873947566693037e-01
1.247832518339360292e-01
1.247832518339360292e-01
1.247832518339360292e-01
1.247832518339360292e-01
1.247832518339360292e-01
1.247832518339360292e-01
1.247832518339360292e-01
1.247832518339360292e-01
1.247832518339360292e-01
1.247832518339360292e-01
1.247832518339360292e-01
1.247832518339360292e-01
1.240252310804770414e-01
1.240252310804770414e-01
1.184596877398191583e-01
1.184596877398191583e-01
1.184596877398191583e-01
1.184596877398191583e-01
1.184596877398191583e-01
1.184596877398191583e-01
1.184596877398191583e-01
1.184596877398191583e-01
1.184596877398191583e-01
1.184596877398191583e-01
1.184596877398191583e-01
1.184596877398191583e-01
1.072810934537653665e-01
1.072810934537653665e-01
1.072810934537653665e-01
1.072810934537653665e-01
8.361149782071559955e-02
8.361149782071559955e-02
8.361149782071559955e-02
8.361149782071559955e-02
8.361149782071559955e-02
8.361149782071559955e-02
8.361149782071559955e-02
8.361149782071559955e-02
8.361149782071559955e-02
8.361149782071559955e-02
8.361149782071559955e-02
8.361149782071559955e-02
8.361149782071559955e-02
8.361149782071559955e-02
8.361149782071559955e-02
8.361149782071559955e-02
8.361149782071559955e-02
7.598494018644638692e-02
7.598494018644638692e-02
7.598494018644638692e-02
7.598494018644638692e-02
7.598494018644638692e-02
7.598494018644638692e-02
7.434766682170185215e-02
7.434766682170185215e-02
7.325352749916778927e-02
7.325352749916778927e-02
7.325352749916778927e-02
7.325352749916778927e-02
7.325352749916778927e-02
7.325352749916778927e-02
7.325352749916778927e-02
7.325352749916778927e-02
7.325352749916778927e-02
7.325352749916778927e-02
7.325352749916778927e-02
6.576266576841044431e-02
6.576266576841044431e-02
6.576266576841044431e-02
6.576266576841044431e-02
6.576266576841044431e-02
6.355483507830111956e-02
6.355483507830111956e-02
6.355483507830111956e-02
6.355483507830111956e-02
6.355483507830111956e-02
6.355483507830111956e-02
6.355483507830111956e-02
6.355483507830111956e-02
6.355483507830111956e-02
6.355483507830111956e-02
6.355483507830111956e-02
6.355483507830111956e-02
6.355483507830111956e-02
6.355483507830111956e-02
6.355483507830111956e-02
6.355483507830111956e-02
6.301614953249344564e-02
5.416307747454161825e-02
5.416307747454161825e-02
4.970126547442152432e-02
4.970126547442152432e-02
4.970126547442152432e-02
4.970126547442152432e-02
4.970126547442152432e-02
4.970126547442152432e-02
4.970126547442152432e-02
4.934782432314873540e-02
4.934782432314873540e-02
4.883596189656560366e-02
4.883596189656560366e-02
4.883596189656560366e-02
4.883596189656560366e-02
4.883596189656560366e-02
4.883596189656560366e-02
4.883596189656560366e-02
4.883596189656560366e-02
4.883596189656560366e-02
4.883596189656560366e-02
4.883596189656560366e-02
4.883596189656560366e-02
4.883596189656560366e-02
4.882600713401687859e-02
4.873568571032615981e-02
4.873568571032615981e-02
4.873447127718302796e-02
4.872293998367811102e-02
4.869171274157829687e-02
4.869046825106720933e-02
4.859689510310102184e-02
4.857170612351841693e-02
4.856756777009803294e-02
4.855083842244772852e-02
4.854627828806504924e-02
4.854548271123253905e-02
4.854534297506610252e-02
4.854531642065338520e-02
4.854531642065338520e-02
4.854531033010233559e-02
4.854531033010233559e-02
4.854531033010233559e-02
4.847460410163978439e-02
4.796003634393734144e-02
4.759049111228451368e-02
4.755481166887988442e-02
4.746034979225345618e-02
4.744091568833666561e-02
4.701852609159330731e-02
4.629026484860311597e-02
4.629026484860311597e-02
4.629026484860311597e-02
4.629026484860311597e-02
4.629026484860311597e-02
4.628621475351012149e-02
4.628449642747387016e-02
4.628427088910755383e-02
4.585884220311194776e-02
4.585884220311194776e-02
4.563111244091814372e-02
4.562298195952674967e-02
4.562267694816630331e-02
4.562266421750530571e-02
4.562265805806400149e-02
4.562265805806400149e-02
4.562265805806400149e-02
4.562265499719346529e-02
4.562265499719346529e-02
4.562265499719346529e-02
4.562263949710484295e-02
4.562263949710484295e-02
