2.293109407467179039e+01
2.293109407467179039e+01
7.938510844548133605e+00
1.908621149787620208e+00
1.233423068280199653e+00
1.233423068280199653e+00
1.233423068280199653e+00
1.233423068280199653e+00
9.200003313228505286e-01
7.178658129896872131e-01
7.178658129896872131e-01
6.052266464871884910e-01
6.052266464871884910e-01
6.052266464871884910e-01
6.052266464871884910e-01
5.850040935320734992e-01
4.120950252569270389e-01
4.120950252569270389e-01
4.120950252569270389e-01
4.120950252569270389e-01
2.869452774464764100e-01
2.869452774464764100e-01
2.869452774464764100e-01
2.869452774464764100e-01
2.869452774464764100e-01
2.869452774464764100e-01
2.869452774464764100e-01
2.869452774464764100e-01
2.869452774464764100e-01
2.869452774464764100e-01
2.869452774464764100e-01
2.869452774464764100e-01
2.869452774464764100e-01
2.869452774464764100e-01
2.463270898729275904e-01
2.463270898729275904e-01
2.463270898729275904e-01
2.316664686886513724e-01
2.316664686886513724e-01
2.316664686886513724e-01
2.316664686886513724e-01
2.316664686886513724e-01
2.316664686886513724e-01
2.191867554980471700e-01
2.191867554980471700e-01
1.233592690042740747e-01
1.233592690042740747e-01
1.233592690042740747e-01
1.233592690042740747e-01
1.233592690042740747e-01
1.233592690042740747e-01
1.233592690042740747e-01
1.233592690042740747e-01
1.233592690042740747e-01
1.233592690042740747e-01
1.233592690042740747e-01
1.233592690042740747e-01
1.233592690042740747e-01
1.233592690042740747e-01
1.233592690042740747e-01
1.233592690042740747e-01
1.233592690042740747e-01
1.037054202722555163e-01
1.037054202722555163e-01
1.037054202722555163e-01
1.037054202722555163e-01
8.160746541693181255e-02
8.160746541693181255e-02
8.160746541693181255e-02
8.160746541693181255e-02
8.160746541693181255e-02
8.160746541693181255e-02
8.160746541693181255e-02
8.160746541693181255e-02
8.160746541693181255e-02
8.160746541693181255e-02
8.160746541693181255e-02
8.160746541693181255e-02
8.160746541693181255e-02
8.160746541693181255e-02
8.160746541693181255e-02
8.160746541693181255e-02
8.160746541693181255e-02
8.160746541693181255e-02
8.160746541693181255e-02
8.160746541693181255e-02
8.160746541693181255e-02
8.160746541693181255e-02
8.160746541693181255e-02
8.160746541693181255e-02
8.160746541693181255e-02
8.160746541693181255e-02
8.160746541693181255e-02
8.160746541693181255e-02
8.160746541693181255e-02
8.160746541693181255e-02
8.160746541693181255e-02
8.160746541693181255e-02
8.160746541693181255e-02
8.160746541693181255e-02
8.160746541693181255e-02
8.160746541693181255e-02
8.160746541693181255e-02
8.160746541693181255e-02
8.160746541693181255e-02
8.160746541693181255e-02
8.160746541693181255e-02
8.160746541693181255e-02
8.160746541693181255e-02
7.875250250261982277e-02
7.875250250261982277e-02
7.875250250261982277e-02
7.875250250261982277e-02
7.875250250261982277e-02
7.875250250261982277e-02
7.875250250261982277e-02
7.875250250261982277e-02
7.875250250261982277e-02
7.875250250261982277e-02
7.875250250261982277e-02
7.875250250261982277e-02
7.875250250261982277e-02
7.875250250261982277e-02
7.875250250261982277e-02
7.875250250261982277e-02
7.875250250261982277e-02
7.875250250261982277e-02
7.875250250261982277e-02
7.875250250261982277e-02
7.875250250261982277e-02
7.875250250261982277e-02
7.875250250261982277e-02
7.875250250261982277e-02
7.875250250261982277e-02
7.875250250261982277e-02
7.875250250261982277e-02
7.875250250261982277e-02
6.981608155857213505e-02
6.981608155857213505e-02
6.981608155857213505e-02
6.981608155857213505e-02
6.981608155857213505e-02
6.981608155857213505e-02
6.981608155857213505e-02
6.981608155857213505e-02
6.981608155857213505e-02
6.981608155857213505e-02
6.981608155857213505e-02
6.981608155857213505e-02
6.981608155857213505e-02
6.981608155857213505e-02
6.981608155857213505e-02
6.981608155857213505e-02
6.981608155857213505e-02
6.981608155857213505e-02
6.981608155857213505e-02
6.981608155857213505e-02
6.981608155857213505e-02
6.981608155857213505e-02
6.981608155857213505e-02
6.981608155857213505e-02
6.981608155857213505e-02
6.949685555208459653e-02
6.928104758615716285e-02
6.924705130547979814e-02
6.924103903302854246e-02
6.924016355736976880e-02
6.924001079098940359e-02
6.893603137067344511e-02
6.827852111051690986e-02
6.818740249082182181e-02
6.817422857170196693e-02
6.817249663881620736e-02
6.752558325778103276e-02
6.752558325778103276e-02
6.746427371750837731e-02
6.745065716520597110e-02
6.725203314453363779e-02
6.722749786541498684e-02
6.722491658005907977e-02
6.720727751751580381e-02
6.718934916241968425e-02
6.718621101134679419e-02
6.717495100103537675e-02
6.717250899423174437e-02
6.717013456406266403e-02
6.716899426168460030e-02
6.716899426168460030e-02
6.716899426168460030e-02
6.716861621780952085e-02
6.716861621780952085e-02
6.716861621780952085e-02
6.716861621780952085e-02
6.716861621780952085e-02
6.716861621780952085e-02
6.716861621780952085e-02
6.716855515258103593e-02
6.716855515258103593e-02
6.716855515258103593e-02
6.716855515258103593e-02
