7.720161914267444914e+00
7.720161914267444914e+00
1.418019430645699686e+00
1.418019430645699686e+00
1.418019430645699686e+00
1.370833486485974584e+00
1.370833486485974584e+00
1.233065149763300949e+00
1.207367318510330190e+00
4.162223170307033926e-01
4.162223170307033926e-01
4.162223170307033926e-01
4.162223170307033926e-01
3.733900844164061983e-01
3.733900844164061983e-01
3.733900844164061983e-01
3.733900844164061983e-01
3.733900844164061983e-01
3.595740073155213046e-01
3.595740073155213046e-01
3.595740073155213046e-01
3.595740073155213046e-01
3.595740073155213046e-01
3.595740073155213046e-01
3.595740073155213046e-01
3.595740073155213046e-01
3.595740073155213046e-01
3.595740073155213046e-01
3.595740073155213046e-01
3.595740073155213046e-01
3.595740073155213046e-01
3.595740073155213046e-01
3.595740073155213046e-01
3.595740073155213046e-01
3.595740073155213046e-01
3.595740073155213046e-01
3.595740073155213046e-01
3.595740073155213046e-01
3.595740073155213046e-01
3.595740073155213046e-01
3.595740073155213046e-01
3.595740073155213046e-01
3.595740073155213046e-01
3.595740073155213046e-01
3.595740073155213046e-01
3.595740073155213046e-01
3.595740073155213046e-01
3.595740073155213046e-01
3.595740073155213046e-01
3.595740073155213046e-01
3.595740073155213046e-01
3.595740073155213046e-01
3.595740073155213046e-01
3.595740073155213046e-01
3.595740073155213046e-01
3.595740073155213046e-01
3.595740073155213046e-01
3.595740073155213046e-01
3.595740073155213046e-01
3.595740073155213046e-01
3.595740073155213046e-01
3.595740073155213046e-01
3.595740073155213046e-01
3.595740073155213046e-01
3.595740073155213046e-01
3.523521725053108677e-01
3.154395375638269217e-01
3.154395375638269217e-01
3.154395375638269217e-01
3.154395375638269217e-01
3.154395375638269217e-01
3.154395375638269217e-01
2.907117088487342627e-01
2.907117088487342627e-01
2.907117088487342627e-01
2.907117088487342627e-01
2.167034973223231631e-01
2.167034973223231631e-01
2.167034973223231631e-01
2.124704331017895631e-01
2.124704331017895631e-01
2.124704331017895631e-01
2.124704331017895631e-01
2.124704331017895631e-01
2.124704331017895631e-01
2.124704331017895631e-01
2.124704331017895631e-01
2.124704331017895631e-01
2.124704331017895631e-01
2.124704331017895631e-01
2.124704331017895631e-01
1.979450352745921182e-01
1.979450352745921182e-01
1.979450352745921182e-01
1.979450352745921182e-01
1.979450352745921182e-01
1.979450352745921182e-01
1.979450352745921182e-01
1.979450352745921182e-01
1.979450352745921182e-01
1.979450352745921182e-01
1.979450352745921182e-01
1.979450352745921182e-01
1.979450352745921182e-01
1.979450352745921182e-01
1.979450352745921182e-01
1.979450352745921182e-01
1.979450352745921182e-01
1.939442131863675089e-01
1.939442131863675089e-01
1.939442131863675089e-01
1.939442131863675089e-01
1.939442131863675089e-01
1.939442131863675089e-01
1.939442131863675089e-01
1.939442131863675089e-01
1.939442131863675089e-01
1.915089857162723674e-01
1.915089857162723674e-01
1.915089857162723674e-01
1.915089857162723674e-01
1.915089857162723674e-01
1.915089857162723674e-01
1.915089857162723674e-01
1.915089857162723674e-01
1.568006991583299758e-01
1.568006991583299758e-01
1.568006991583299758e-01
1.568006991583299758e-01
1.568006991583299758e-01
1.568006991583299758e-01
1.568006991583299758e-01
1.568006991583299758e-01
1.568006991583299758e-01
1.568006991583299758e-01
1.568006991583299758e-01
1.568006991583299758e-01
1.568006991583299758e-01
1.568006991583299758e-01
1.568006991583299758e-01
1.568006991583299758e-01
1.568006991583299758e-01
1.552705414298832243e-01
1.552705414298832243e-01
1.552705414298832243e-01
1.489290112056828042e-01
1.489290112056828042e-01
1.489290112056828042e-01
1.489290112056828042e-01
1.489290112056828042e-01
1.489290112056828042e-01
1.475263727298095906e-01
1.475263727298095906e-01
1.475263727298095906e-01
1.475263727298095906e-01
1.475263727298095906e-01
1.475263727298095906e-01
1.475263727298095906e-01
1.472654979747510251e-01
1.472654979747510251e-01
1.463362155258471076e-01
1.463362155258471076e-01
1.438545012697706182e-01
1.427718435032682698e-01
1.427718435032682698e-01
1.419116065080531786e-01
1.419116065080531786e-01
1.419116065080531786e-01
1.419116065080531786e-01
1.414975177032579690e-01
1.400293263426114210e-01
1.400293263426114210e-01
1.397658442489382313e-01
1.393931930819696519e-01
1.393631455733130020e-01
1.393198133754818824e-01
1.386253968915656665e-01
1.378516758408443177e-01
1.376852802818794852e-01
1.376473922982317522e-01
1.376473922982317522e-01
1.374845622150061841e-01
1.374687997796877892e-01
1.374675209084910976e-01
1.218375945647374864e-01
1.082574294813770932e-01
1.082574294813770932e-01
1.082574294813770932e-01
1.082574294813770932e-01
1.082574294813770932e-01
1.082574294813770932e-01
1.082574294813770932e-01
1.082574294813770932e-01
1.079442951391452049e-01
1.079442951391452049e-01
1.036369871658916475e-01
1.035584402805662663e-01
1.035550615807904612e-01
1.035545598195910522e-01
1.035545598195910522e-01
