2.146461399562498684e+01
1.573225475022305098e+01
1.905964252968781691e+00
1.905964252968781691e+00
1.822726900497324998e+00
1.379749763484490632e+00
1.211696680317514430e+00
1.211696680317514430e+00
6.081946885800565417e-01
4.822563636276389065e-01
4.822563636276389065e-01
4.822563636276389065e-01
4.822563636276389065e-01
3.591193702117173037e-01
3.591193702117173037e-01
3.591193702117173037e-01
3.591193702117173037e-01
3.591193702117173037e-01
3.591193702117173037e-01
3.591193702117173037e-01
3.591193702117173037e-01
3.591193702117173037e-01
3.591193702117173037e-01
3.591193702117173037e-01
3.591193702117173037e-01
3.591193702117173037e-01
3.591193702117173037e-01
2.497970028161777822e-01
2.497970028161777822e-01
2.497970028161777822e-01
1.554515066817516722e-01
1.554515066817516722e-01
1.554515066817516722e-01
1.554515066817516722e-01
1.554515066817516722e-01
1.554515066817516722e-01
1.554515066817516722e-01
1.554515066817516722e-01
1.554515066817516722e-01
1.554515066817516722e-01
1.554515066817516722e-01
1.554515066817516722e-01
1.554515066817516722e-01
1.554515066817516722e-01
1.554515066817516722e-01
1.554515066817516722e-01
1.554515066817516722e-01
1.518780571535626178e-01
1.518780571535626178e-01
1.518780571535626178e-01
1.518780571535626178e-01
1.518780571535626178e-01
1.518780571535626178e-01
1.518780571535626178e-01
1.518780571535626178e-01
1.518780571535626178e-01
1.518780571535626178e-01
1.518780571535626178e-01
1.518780571535626178e-01
1.518780571535626178e-01
1.518780571535626178e-01
1.518780571535626178e-01
1.518780571535626178e-01
1.518780571535626178e-01
1.518780571535626178e-01
1.518780571535626178e-01
1.518780571535626178e-01
1.518780571535626178e-01
1.518780571535626178e-01
1.518780571535626178e-01
1.518780571535626178e-01
1.518780571535626178e-01
1.518780571535626178e-01
1.518780571535626178e-01
1.518780571535626178e-01
1.518780571535626178e-01
1.518780571535626178e-01
1.518780571535626178e-01
1.518780571535626178e-01
1.518780571535626178e-01
1.518780571535626178e-01
1.518780571535626178e-01
1.518780571535626178e-01
1.518780571535626178e-01
1.518780571535626178e-01
1.518780571535626178e-01
1.518780571535626178e-01
1.518780571535626178e-01
1.025533774638483775e-01
1.025533774638483775e-01
1.025533774638483775e-01
1.025533774638483775e-01
1.025533774638483775e-01
1.025533774638483775e-01
1.025533774638483775e-01
1.025533774638483775e-01
1.025533774638483775e-01
9.667324933857088243e-02
9.667324933857088243e-02
9.667324933857088243e-02
9.667324933857088243e-02
9.667324933857088243e-02
9.667324933857088243e-02
9.667324933857088243e-02
9.667324933857088243e-02
9.667324933857088243e-02
9.667324933857088243e-02
9.221816554647493946e-02
9.221816554647493946e-02
9.221816554647493946e-02
8.719965349957499445e-02
8.719965349957499445e-02
8.719965349957499445e-02
8.719965349957499445e-02
8.719965349957499445e-02
8.719965349957499445e-02
8.719965349957499445e-02
8.719965349957499445e-02
8.719965349957499445e-02
8.719965349957499445e-02
8.719965349957499445e-02
8.719965349957499445e-02
8.717231130757711888e-02
8.717231130757711888e-02
8.717231130757711888e-02
8.717231130757711888e-02
8.717231130757711888e-02
7.828000905835573453e-02
7.828000905835573453e-02
7.828000905835573453e-02
7.828000905835573453e-02
7.828000905835573453e-02
7.828000905835573453e-02
7.828000905835573453e-02
7.828000905835573453e-02
7.524522957700084669e-02
7.524522957700084669e-02
7.524522957700084669e-02
7.524522957700084669e-02
7.524522957700084669e-02
7.524522957700084669e-02
7.524522957700084669e-02
7.441276795991476345e-02
7.364231139950690175e-02
7.364231139950690175e-02
7.364231139950690175e-02
7.364231139950690175e-02
7.364231139950690175e-02
7.347992484876399166e-02
7.332636691574130616e-02
7.332636691574130616e-02
7.331201842052505191e-02
7.330820326527495712e-02
7.330808512850794934e-02
7.330801078253867953e-02
6.992428663464675398e-02
6.992428663464675398e-02
6.992428663464675398e-02
6.992428663464675398e-02
6.988684167484233989e-02
6.898341410925548645e-02
6.885620412553913883e-02
6.589280524395349503e-02
6.176159435672592957e-02
6.176159435672592957e-02
6.176159435672592957e-02
6.176159435672592957e-02
6.176159435672592957e-02
6.036458006471445009e-02
5.693547297051530787e-02
5.693547297051530787e-02
5.693547297051530787e-02
5.693547297051530787e-02
5.693547297051530787e-02
5.693547297051530787e-02
5.693547297051530787e-02
5.531491950555633696e-02
5.531491950555633696e-02
5.531491950555633696e-02
5.531491950555633696e-02
5.531491950555633696e-02
5.531491950555633696e-02
5.531491950555633696e-02
5.531491950555633696e-02
5.531491950555633696e-02
5.531491950555633696e-02
5.531491950555633696e-02
5.531491950555633696e-02
5.522617173128680640e-02
5.522617173128680640e-02
5.503463446280777716e-02
5.247386427182490487e-02
5.247386427182490487e-02
5.247386427182490487e-02
5.226451651163304540e-02
5.226451651163304540e-02
5.189929750552743637e-02
5.189031092188611805e-02
5.189011200206851415e-02
5.189011200206851415e-02
