3.066017486452934548e+01
1.720206077008178625e+01
1.340741611224671814e+01
5.923722653066928245e+00
3.773686343664329979e+00
3.773686343664329979e+00
2.504007369618877821e+00
2.385271803471198826e+00
1.367091713583686863e+00
1.161573170047795145e+00
1.161573170047795145e+00
9.271188457371231095e-01
9.271188457371231095e-01
8.811907002658474486e-01
6.631723051606224217e-01
6.631723051606224217e-01
6.631723051606224217e-01
6.631723051606224217e-01
6.631723051606224217e-01
6.631723051606224217e-01
6.631723051606224217e-01
6.631723051606224217e-01
6.631723051606224217e-01
6.631723051606224217e-01
5.072714379897702575e-01
5.072714379897702575e-01
5.072714379897702575e-01
5.072714379897702575e-01
5.072714379897702575e-01
5.072714379897702575e-01
5.072714379897702575e-01
5.072714379897702575e-01
5.072714379897702575e-01
5.072714379897702575e-01
5.072714379897702575e-01
5.072714379897702575e-01
5.072714379897702575e-01
5.072714379897702575e-01
5.072714379897702575e-01
5.072714379897702575e-01
5.072714379897702575e-01
5.072714379897702575e-01
5.072714379897702575e-01
5.072714379897702575e-01
5.072714379897702575e-01
5.072714379897702575e-01
5.072714379897702575e-01
5.072714379897702575e-01
5.072714379897702575e-01
4.604782169881149190e-01
4.407321401331257271e-01
4.407321401331257271e-01
3.995110140550646727e-01
3.995110140550646727e-01
3.995110140550646727e-01
3.995110140550646727e-01
3.995110140550646727e-01
3.580847234339007423e-01
3.580847234339007423e-01
3.580847234339007423e-01
3.580847234339007423e-01
3.580847234339007423e-01
3.580847234339007423e-01
3.042232673802137688e-01
3.042232673802137688e-01
3.042232673802137688e-01
3.042232673802137688e-01
2.007707495372782203e-01
2.007707495372782203e-01
2.007707495372782203e-01
2.007707495372782203e-01
2.007707495372782203e-01
2.007707495372782203e-01
2.007707495372782203e-01
1.586251561371922747e-01
1.586251561371922747e-01
1.586251561371922747e-01
1.586251561371922747e-01
1.586251561371922747e-01
1.586251561371922747e-01
1.586251561371922747e-01
1.586251561371922747e-01
1.586251561371922747e-01
1.586251561371922747e-01
1.586251561371922747e-01
1.586251561371922747e-01
1.586251561371922747e-01
1.571960018760622524e-01
1.571960018760622524e-01
1.571960018760622524e-01
1.571960018760622524e-01
1.571960018760622524e-01
1.571960018760622524e-01
1.571960018760622524e-01
1.571960018760622524e-01
1.571960018760622524e-01
1.571960018760622524e-01
1.571960018760622524e-01
1.571960018760622524e-01
1.571960018760622524e-01
1.571960018760622524e-01
1.571960018760622524e-01
1.567654301676184858e-01
1.567654301676184858e-01
1.567654301676184858e-01
1.567654301676184858e-01
1.495907890160778075e-01
1.495907890160778075e-01
1.495907890160778075e-01
1.495907890160778075e-01
1.495907890160778075e-01
1.480539434457590897e-01
1.480539434457590897e-01
1.460248564413844652e-01
1.460248564413844652e-01
1.451009184858950141e-01
1.447492777340700087e-01
1.446468013850364664e-01
1.446120421045325177e-01
1.445993248519723551e-01
1.326002815264216150e-01
1.326002815264216150e-01
1.326002815264216150e-01
1.326002815264216150e-01
1.326002815264216150e-01
1.326002815264216150e-01
1.326002815264216150e-01
1.326002815264216150e-01
1.326002815264216150e-01
1.326002815264216150e-01
1.326002815264216150e-01
1.326002815264216150e-01
1.324475477076833552e-01
1.324475477076833552e-01
1.324475477076833552e-01
1.323635054145586576e-01
1.323635054145586576e-01
1.322334315441004993e-01
1.322334315441004993e-01
1.322334315441004993e-01
1.322334315441004993e-01
1.322061564627711183e-01
1.322053561585156134e-01
1.322053561585156134e-01
1.322053561585156134e-01
1.322021260138368515e-01
1.322017495279612376e-01
1.322016156380857455e-01
1.322015911807850053e-01
1.322015911807850053e-01
1.322015662624212995e-01
1.322015662624212995e-01
1.322015662624212995e-01
1.322015406799656179e-01
1.287792523169399850e-01
1.287792523169399850e-01
1.287792523169399850e-01
1.287792523169399850e-01
1.285496382844742158e-01
1.279899758031628476e-01
1.261646122090529232e-01
1.238128875716228011e-01
1.237670101943988965e-01
1.226119279052179795e-01
1.206321284624785745e-01
1.206321284624785745e-01
1.191626948687348891e-01
1.187949545765685927e-01
1.187949545765685927e-01
1.184597138853283743e-01
1.184597138853283743e-01
1.168810266534579811e-01
1.168244723088797954e-01
1.168244723088797954e-01
1.140033590924151158e-01
1.140033590924151158e-01
1.140033590924151158e-01
1.137710596787328554e-01
1.136841048141193494e-01
1.136781875917109441e-01
1.136780503199172759e-01
1.136776723716111104e-01
1.136776723716111104e-01
1.136599810993819404e-01
1.135989528339030746e-01
1.135989528339030746e-01
1.135904041745714604e-01
1.135894817098860310e-01
1.135894043529980801e-01
1.072405656843637423e-01
1.026160921785850139e-01
1.024726097043776041e-01
1.024684168633172993e-01
1.024679433302996268e-01
1.024673930906313396e-01
1.006529956456119201e-01
8.302745433018376975e-02
8.257404752334430997e-02
8.256815744487919217e-02
8.256701377348642235e-02
