-6.142446286903894936e+00
-2.791970924103673646e+00
-5.322823982260020514e+00
-5.510344099524834505e+00
-3.664989550122087714e+00
-1.616403116111690297e+00
-6.397782720859623851e+00
-3.659242965390674396e+00
7.392613723506654688e-01
-6.851233710557233181e+00
-2.249595379119164740e+00
-5.498693164355296759e+00
-4.633816550289103553e+00
-1.130726432540372306e+00
-2.799463942756229340e+00
-1.311069325313388267e+00
-1.577102136230676743e+00
-6.335364024884993839e+00
-3.600355904731726397e+00
-7.219759201477607968e-01
-8.894371454184460291e+00
-1.235062726524922105e+00
-7.720252883019364631e+00
-3.383152185040243065e+00
1.305337939485161913e-01
-6.152395790330304592e+00
-2.967553730885268859e+00
-3.423168655716090303e+00
-3.257556657169640157e+00
-7.839716399459762286e+00
-3.177658493604161194e+00
-3.878201330741199993e-01
-5.855891967706067014e+00
-1.383327617419512601e+00
-2.424394955649848971e+00
-4.604031579190206003e+00
-1.565317533209392042e+00
2.567556391236424096e-01
-5.398536841723349688e+00
-1.790204503676463332e+00
9.574239833777790087e-01
-6.505308867823862862e+00
-3.186272782392005620e+00
-1.151885729036894457e-01
-9.736109960496064364e-01
-3.187275119942860169e+00
-7.681088708703017964e+00
-2.028121557041638212e+00
1.323874736347085967e-02
-6.832081586485751146e+00
-4.124405009740238270e+00
-4.952238774070936156e-01
-6.975379569114679157e+00
-3.801573534623586603e+00
8.298791484737355617e-01
-6.065360263692018528e+00
-4.703835260732446288e-01
-7.097685491459809093e+00
-3.886035142207466819e-01
-5.332969399656962040e+00
-3.153573973813450060e+00
-6.865152903595340916e+00
-1.985883355049040011e+00
-6.619556052707678440e+00
-2.318023639880713471e+00
-6.620479633403507869e+00
-2.040201799237503888e+00
-5.033948536300712817e+00
-1.742548906680695397e+00
-4.822493151160950120e+00
-3.400991361811817715e+00
-4.661637851287470546e+00
-2.779503923108826324e+00
-3.376036279158478592e+00
-1.988564223184835722e+00
-2.184559009073682834e+00
-4.505536246625633012e+00
-5.631540175056463760e+00
-3.352647542616602916e+00
-4.529896554986004631e+00
-4.566974359499655911e+00
1.396714361314725927e+00
-2.908370070062577195e+00
-2.452815577569529726e+00
1.593498578486519213e+00
-4.455083574571411908e+00
-3.028147717547882145e+00
-1.778374246967781847e-01
-5.252981077463235948e+00
-4.362613896962351134e+00
1.441222582974946320e+00
