-7.299129991906887938e+00
-2.159853029721243711e+00
-5.107580973301727667e+00
-5.276329809935998760e+00
-3.645024642959156846e+00
-1.099755951043402513e+00
-5.563856946724953012e+00
-4.341578918365744499e+00
9.949583927476994827e-01
-7.513671953244487334e+00
-1.696509950081891649e+00
-5.401836155920415550e+00
-2.642580533118708885e+00
-9.536017550756424599e-02
-3.641750353567167586e+00
-2.411035990773379822e+00
-2.695547230645967129e+00
-6.278250248708082459e+00
-2.683724213826839122e+00
-8.564216163235539581e-01
-6.371483850332678500e+00
-2.505194405112880940e+00
-7.397989578119872789e+00
-3.356697210572766377e+00
-8.591838174629111702e-01
-5.921395768558668671e+00
-3.543904642403523209e+00
-4.996906111019804086e+00
-2.663517997108852065e+00
-6.011804049249671600e+00
-1.621460308157702812e+00
2.400621482930705430e-01
-4.564962582868175467e+00
-2.834645293128096988e+00
-1.108326924831841254e+00
-5.584333111946996553e+00
-1.249455360304641660e+00
1.058865840797338365e-01
-5.168972979685189095e+00
-2.392744175563704445e+00
8.807031324696757979e-01
-6.968123454410184436e+00
-2.903306115073190696e+00
-4.286573623884997603e-02
-1.687042376537674304e+00
-3.644850117014852842e+00
-6.090903696236685150e+00
-2.133701258121512456e+00
-9.111187690693282049e-01
-5.315283421555614396e+00
-2.496680396667309232e+00
-7.300788521550855004e-01
-7.246575256927963338e+00
-2.741427334844938724e+00
-2.658713401191332704e-01
-6.242287328809370095e+00
-1.871822337953331639e+00
-4.009703931804878607e+00
-3.261393071507960872e+00
-5.805355780593769666e+00
-1.664558650552496744e+00
-6.149517855456937632e+00
-1.206744027462492541e+00
-6.948624821592135348e+00
-2.179207761727342541e-01
-6.411884323696278365e+00
-2.587358539575788097e+00
-4.310260290999251787e+00
-3.393026741454199691e+00
-4.780212999401058482e+00
-2.203477439775837432e+00
-2.748356397614825308e+00
-2.402879484756067274e+00
-2.765708275640167191e+00
-3.089660705423884934e+00
-3.783897676732225435e+00
-4.542933601318484449e+00
-4.618828021103034587e+00
-3.512581040105864361e+00
-3.169652668167095566e+00
-2.166885826048375652e+00
1.531823696624045716e+00
-4.607059270800575312e+00
-3.763740823195282026e+00
1.503156755197809780e+00
-5.195240394808694262e+00
-3.527237751104542518e+00
1.930719084730163626e+00
-5.157984572386956401e+00
-2.106151909605920913e+00
1.704866554004833556e+00
