3.433681270934119123e-01 3.433681270934119123e-01 3.433681270934119123e-01
3.369958100989085548e-01 3.369958100989085548e-01 3.369958100989085548e-01
4.153096305970983004e-01 4.153096305970983004e-01 4.153096305970983004e-01
3.784162068210171759e-01 3.784162068210171759e-01 3.784162068210171759e-01
3.861217031257339616e-01 3.861217031257339616e-01 3.861217031257339616e-01
3.600073502189936603e-01 3.600073502189936603e-01 3.600073502189936603e-01
3.695285919393727081e-01 3.695285919393727081e-01 3.695285919393727081e-01
3.607790518581281414e-01 3.607790518581281414e-01 3.607790518581281414e-01
3.332300203496568747e-01 3.332300203496568747e-01 3.332300203496568747e-01
3.938450989105657940e-01 3.938450989105657940e-01 3.938450989105657940e-01
3.269271550953033456e-01 3.269271550953033456e-01 3.269271550953033456e-01
3.619260362091034078e-01 3.619260362091034078e-01 3.619260362091034078e-01
4.061003179732892709e-01 4.061003179732892709e-01 4.061003179732892709e-01
3.106348069349142427e-01 3.106348069349142427e-01 3.106348069349142427e-01
3.903385082640347115e-01 3.903385082640347115e-01 3.903385082640347115e-01
3.380231293459273201e-01 3.380231293459273201e-01 3.380231293459273201e-01
3.705814022002867913e-01 3.705814022002867913e-01 3.705814022002867913e-01
3.228154537225396692e-01 3.228154537225396692e-01 3.228154537225396692e-01
3.798954580930882230e-01 3.798954580930882230e-01 3.798954580930882230e-01
1.145110952735040399e+02 1.145110952735040399e+02 1.145110952735040399e+02
3.289670286367279983e-01 3.289670286367279983e-01 3.289670286367279983e-01
3.344639002000823202e-01 3.344639002000823202e-01 3.344639002000823202e-01
3.337083325769251152e-01 3.337083325769251152e-01 3.337083325769251152e-01
3.591808679091313961e-01 3.591808679091313961e-01 3.591808679091313961e-01
3.561158006882589877e-01 3.561158006882589877e-01 3.561158006882589877e-01
3.466754274245303358e-01 3.466754274245303358e-01 3.466754274245303358e-01
3.274887468791866652e-01 3.274887468791866652e-01 3.274887468791866652e-01
3.545568879120088446e-01 3.545568879120088446e-01 3.545568879120088446e-01
3.665958171180243585e-01 3.665958171180243585e-01 3.665958171180243585e-01
3.282316655554796125e-01 3.282316655554796125e-01 3.282316655554796125e-01
3.274214700479949891e-01 3.274214700479949891e-01 3.274214700479949891e-01
4.242744983462737873e-01 4.242744983462737873e-01 4.242744983462737873e-01
3.644315528508421664e-01 3.644315528508421664e-01 3.644315528508421664e-01
4.080896200506732296e-01 4.080896200506732296e-01 4.080896200506732296e-01
3.377620950413048884e-01 3.377620950413048884e-01 3.377620950413048884e-01
3.478749377070530224e-01 3.478749377070530224e-01 3.478749377070530224e-01
3.132445443661087681e-01 3.132445443661087681e-01 3.132445443661087681e-01
3.528868512191686291e-01 3.528868512191686291e-01 3.528868512191686291e-01
3.352355623334455914e-01 3.352355623334455914e-01 3.352355623334455914e-01
3.049210000565449330e-01 3.049210000565449330e-01 3.049210000565449330e-01
3.863156191055309163e-01 3.863156191055309163e-01 3.863156191055309163e-01
3.392692846025159303e-01 3.392692846025159303e-01 3.392692846025159303e-01
3.107884607344528760e-01 3.107884607344528760e-01 3.107884607344528760e-01
3.798178726930743210e-01 3.798178726930743210e-01 3.798178726930743210e-01
3.149478591503536706e-01 3.149478591503536706e-01 3.149478591503536706e-01
3.606556794594507620e-01 3.606556794594507620e-01 3.606556794594507620e-01
3.898119285064981510e-01 3.898119285064981510e-01 3.898119285064981510e-01
3.362398023283764692e-01 3.362398023283764692e-01 3.362398023283764692e-01
3.812137740861623603e-01 3.812137740861623603e-01 3.812137740861623603e-01
3.711753881715991188e-01 3.711753881715991188e-01 3.711753881715991188e-01
