-5.829224397286662196e+00
-1.668788220084120422e+00
-4.862491918318260886e+00
-5.447415948611489256e+00
-2.167474571778011505e+00
-5.334193898416597079e-01
-6.239837643834703407e+00
-2.102069778362851249e+00
1.635858655674313544e+00
-5.548184071037993270e+00
-2.942266234132335345e+00
-4.901797312220021574e+00
-2.850696582782753730e+00
-4.027105324464785308e-01
-3.178536756440302646e+00
-1.121978898374845546e+00
-1.969561935531706443e+00
-6.096534025790167455e+00
-3.069073314097826799e+00
7.118909484694828649e-01
-8.770288907416601276e+00
-3.253163701404503172e+00
-7.898458311704368739e+00
-3.400870380121370218e+00
-1.646081529942045318e-01
-6.303172767753890682e+00
-2.264612256518542921e+00
-6.206390159914565885e+00
-4.327096261056063042e+00
-6.658040775218618812e+00
-2.459253918284388885e+00
-4.470917520063495409e-01
-6.507130602869089842e+00
-2.990485108744585840e+00
-8.706767851179686435e-01
-5.473118317743614902e+00
-8.832613109613207669e-01
-6.205453122349143813e-01
-6.502338435774054126e+00
-1.694082663957642287e+00
6.335065980243953510e-01
-7.024210852763035362e+00
-3.807813974256205825e+00
1.031093154648643345e-01
8.359202754149744341e-02
-4.721711135121495317e+00
-6.556216311237331951e+00
-2.425051406037872059e+00
-2.645014987512415705e-01
-6.435263325031581161e+00
-1.821477768632802086e+00
1.365266196501435214e+00
-9.000000000000000000e+00
-4.024533902918244976e+00
7.032246767997245573e-01
-5.973895296505118857e+00
-8.593171221994233555e-01
-5.432395912973261964e+00
-2.811637140399760870e+00
-6.318584561320339965e+00
-2.600684025264971666e+00
-6.714413661244055476e+00
-2.315713691603491498e+00
-4.575333190018483265e+00
-1.988982621268497120e+00
-5.250819868402896162e+00
-2.659977154407366484e+00
-5.365184451468299365e+00
-2.459911700709071614e+00
-2.646643756513617607e+00
-2.886444501928551620e+00
-3.862192593744154578e+00
-4.260764266684744506e+00
-3.061989633255121745e+00
-2.839682719003927325e+00
-3.475139676497583707e+00
-2.784512523937796580e+00
-3.986283298824182530e+00
-3.205232778656839088e+00
-3.311831913987598242e+00
-3.066706798394296829e+00
-9.589377463573897642e-02
-4.819547953039681865e+00
-4.072112801254909265e+00
8.042966237101255578e-01
-4.726700928122761880e+00
-3.623854985198497580e+00
4.541352746538025453e-01
-3.207503322173162363e+00
-2.838079298948206208e+00
4.701955453973740706e-01
