-7.730944954199454600e+00
-4.175045938250772970e+00
-3.859901860860911693e+00
-6.415123434308602768e+00
-2.770191090941324763e+00
3.834088285756550585e-01
-6.355515082111366176e+00
-2.390030787043759375e+00
-2.333197670325699580e-01
-6.979337451640469148e+00
-4.066774270500555843e+00
-5.695456703744153693e+00
-4.258041051242804187e+00
-1.887421683585462640e-01
-3.234078214522038586e+00
-3.249702659593663334e+00
-3.018906518719195020e+00
-8.020632365582583745e+00
-4.094396868745167950e+00
-4.243818590642265409e-01
-7.434594078946424212e+00
-1.782013865444753709e+00
-1.023513183281758110e+01
-1.989771120139354421e+00
-2.649291943589443532e-01
-5.233820986386763963e+00
-3.572640382256284219e+00
-5.765197075568718965e+00
-5.000000000000000000e+00
-6.950055048551445402e+00
-4.099962632983718436e+00
7.734515102284381660e-01
-5.084000528826145171e+00
-2.832219708178188800e+00
-1.520251259749936912e+00
-5.922266343945461919e+00
-3.363603353149442921e+00
-7.843561780977187370e-01
-6.414233011452506794e+00
-3.135214539271272027e+00
-5.386758735575485346e-01
-7.461993055709531752e+00
-3.841060096384825595e+00
2.941699535040122604e-01
-1.874738189991648485e-01
-2.373051524525091160e+00
-6.164066676473681561e+00
-2.985781652586185331e+00
3.693367078135584847e-01
-8.395134146108963691e+00
-2.605973534107171030e+00
1.225148694126548587e+00
-5.000000000000000000e+00
-4.366072239902673680e+00
3.746761973588113026e-01
-6.886167581026048978e+00
-1.163354214059706182e+00
-7.799146261296832527e+00
-1.718345716171984616e+00
-5.668742726439246482e+00
-9.404225127501040227e-01
-6.770097968452268411e+00
-2.407172129380684478e+00
-5.468122297070413751e+00
-2.625644560037431852e+00
-5.748124732631670675e+00
-1.763789207960158922e+00
-3.388630228676132727e+00
-1.070000030327471041e+00
-4.729051306800329257e+00
-1.273020657177238668e+00
-4.265685644885123473e+00
-1.636902178356267612e+00
-5.671893644434132575e+00
-1.000000000000000000e+00
-4.989372022268452334e+00
-4.872072486741487296e+00
-5.045677872338316661e+00
-5.000000000000000000e+00
-4.478521990612588155e+00
-2.510300692542235534e+00
8.096692088737432735e-01
-2.544068022635552317e+00
-2.952939486763025201e+00
2.370070976773559934e+00
-4.689724276830598448e+00
-1.499249192067291458e+00
2.423472799384595255e+00
-2.544068022635552317e+00
-3.802072379863207452e+00
1.284733861013700462e+00
