-6.171806282237322527e+00
-4.920517479631493885e+00
-5.728333515522415986e+00
-6.276528854154305392e+00
-4.225875233062993175e+00
8.309305566809217503e-01
-5.904806128039226998e+00
-3.715490515557370976e+00
-1.108662900265098283e+00
-5.614284812245291079e+00
-1.444676779906582498e+00
-6.783806278585061911e+00
-3.802717904356073042e+00
-3.874946575869903098e-01
-2.715102899643969891e+00
-1.579695890404289926e+00
-2.159121274634883125e+00
-6.091386126982804683e+00
-2.087178651238383864e+00
3.190569342473585923e-01
-9.301029995663981254e+00
-3.199227150932463015e+00
-7.673075044857363025e+00
-4.511179902147259391e+00
3.890079230102725938e-01
-5.480329693500049615e+00
-1.761362041660772260e+00
-4.780633304551922258e+00
-3.100599875036998743e+00
-7.485637672648538299e+00
-5.000000000000000000e+00
4.329587653611396969e-01
-6.841078720861080598e+00
-1.601299957214583625e+00
-3.472624782307535130e-01
-5.709248133302852857e+00
-2.662639950525020449e+00
-1.082859441908311793e-01
-6.804577555922517895e+00
-3.095303807886846226e+00
-1.121054101335131836e+00
-7.041274279793507063e+00
-4.511090693369992799e+00
3.043614041396988656e-02
-1.761954800891827988e+00
-3.692568702903476829e+00
-5.832232313489797093e+00
-4.668252748440119504e+00
8.470093251633189491e-01
-7.815220370877432821e+00
-3.412093498899229527e+00
-1.659383792839262295e+00
-6.128885516996919414e+00
-3.065202886051468845e+00
-1.096923830020705981e-01
-7.386303482857016434e+00
-1.146941236958604948e+00
-4.665080942782883433e+00
-2.181831169396562409e+00
-6.709047201890355083e+00
-1.943472622333985766e+00
-5.977270581259046978e+00
-1.607837376146175057e+00
-6.267085411334802458e+00
-3.313742617658370193e+00
-7.142707283023391973e+00
-9.437322921950919152e-01
-3.360195961264043518e+00
-3.414641600692476242e+00
-4.132589572969624037e+00
-3.220806478215275437e+00
-4.626777613667042210e+00
-3.323224504482354291e+00
-3.343915588475532275e+00
-1.874706716332644296e+00
-2.587906236598937593e+00
-3.566841044209663192e+00
-3.492988886464399201e+00
-4.597765182090784997e+00
-5.482731934998303913e+00
-3.783956343246864140e+00
1.482900590882763936e+00
-5.662037621817991528e+00
-2.501744243599413497e+00
-5.319098333205014850e-02
-3.417385470919025448e+00
-3.292913510876323002e+00
-8.949015146166232615e-01
-5.407594971817355933e+00
-2.658627442047298395e+00
7.216459593114556981e-01
