2.353241897105097280e+01 2.353241897105097280e+01 2.353241897105097280e+01
2.271046245322001766e+01 2.271046245322001766e+01 2.271046245322001766e+01
9.104997029930089747e-02 9.104997029930089747e-02 9.104997029930089747e-02
9.934030072668388611e-02 9.934030072668388611e-02 9.934030072668388611e-02
1.032696280317888515e-01 1.032696280317888515e-01 1.032696280317888515e-01
1.078885368543620465e-01 1.078885368543620465e-01 1.078885368543620465e-01
1.084741267541377285e-01 1.084741267541377285e-01 1.084741267541377285e-01
9.809033780105302913e-02 9.809033780105302913e-02 9.809033780105302913e-02
9.251484367776452444e-02 9.251484367776452444e-02 9.251484367776452444e-02
1.074614789342719368e-01 1.074614789342719368e-01 1.074614789342719368e-01
8.363909515567156949e-02 8.363909515567156949e-02 8.363909515567156949e-02
9.068550121952916043e-02 9.068550121952916043e-02 9.068550121952916043e-02
1.010110688895867331e-01 1.010110688895867331e-01 1.010110688895867331e-01
1.207778989911869050e-01 1.207778989911869050e-01 1.207778989911869050e-01
1.146926963069663241e-01 1.146926963069663241e-01 1.146926963069663241e-01
1.347922732933967416e-01 1.347922732933967416e-01 1.347922732933967416e-01
1.019376094892050222e-01 1.019376094892050222e-01 1.019376094892050222e-01
1.046350669040394948e-01 1.046350669040394948e-01 1.046350669040394948e-01
1.143614255589342765e-01 1.143614255589342765e-01 1.143614255589342765e-01
1.321742648094383632e-01 1.321742648094383632e-01 1.321742648094383632e-01
9.187486970710243006e-02 9.187486970710243006e-02 9.187486970710243006e-02
1.158914987308989342e-01 1.158914987308989342e-01 1.158914987308989342e-01
1.366186224160670093e-01 1.366186224160670093e-01 1.366186224160670093e-01
8.313921028109938494e-02 8.313921028109938494e-02 8.313921028109938494e-02
1.100534603443853732e-01 1.100534603443853732e-01 1.100534603443853732e-01
1.012656692522787422e-01 1.012656692522787422e-01 1.012656692522787422e-01
1.112524954031707397e-01 1.112524954031707397e-01 1.112524954031707397e-01
1.324775680378108833e-01 1.324775680378108833e-01 1.324775680378108833e-01
3.510222468265537543e+01 3.510222468265537543e+01 3.510222468265537543e+01
1.136644906837310232e-01 1.136644906837310232e-01 1.136644906837310232e-01
8.658756003616951968e-02 8.658756003616951968e-02 8.658756003616951968e-02
1.319297361365050492e-01 1.319297361365050492e-01 1.319297361365050492e-01
9.550326612207110655e-02 9.550326612207110655e-02 9.550326612207110655e-02
8.475010416651662659e-02 8.475010416651662659e-02 8.475010416651662659e-02
9.477161386242746732e-02 9.477161386242746732e-02 9.477161386242746732e-02
9.942243313191237442e-02 9.942243313191237442e-02 9.942243313191237442e-02
1.014406592134655116e-01 1.014406592134655116e-01 1.014406592134655116e-01
8.789335169418550919e-02 8.789335169418550919e-02 8.789335169418550919e-02
1.025761757692831566e-01 1.025761757692831566e-01 1.025761757692831566e-01
1.328814535457883972e-01 1.328814535457883972e-01 1.328814535457883972e-01
1.149685173828305512e-01 1.149685173828305512e-01 1.149685173828305512e-01
8.656372422222559371e-02 8.656372422222559371e-02 8.656372422222559371e-02
1.718558809211214178e-01 1.718558809211214178e-01 1.718558809211214178e-01
9.830551550304106323e-02 9.830551550304106323e-02 9.830551550304106323e-02
1.037964383531977536e-01 1.037964383531977536e-01 1.037964383531977536e-01
8.670087886878280470e-02 8.670087886878280470e-02 8.670087886878280470e-02
8.902847228745183750e-02 8.902847228745183750e-02 8.902847228745183750e-02
9.743920220468771376e-02 9.743920220468771376e-02 9.743920220468771376e-02
1.000608353865769101e-01 1.000608353865769101e-01 1.000608353865769101e-01
1.159831182166449204e-01 1.159831182166449204e-01 1.159831182166449204e-01
