7.852304484638517046e-02 7.852304484638517046e-02 7.852304484638517046e-02
7.491091534051293188e-02 7.491091534051293188e-02 7.491091534051293188e-02
7.896057084474709942e-02 7.896057084474709942e-02 7.896057084474709942e-02
7.038100605362380968e-02 7.038100605362380968e-02 7.038100605362380968e-02
7.798345935356137959e-02 7.798345935356137959e-02 7.798345935356137959e-02
7.982443070182324019e-02 7.982443070182324019e-02 7.982443070182324019e-02
6.402103093325264838e-02 6.402103093325264838e-02 6.402103093325264838e-02
8.479579089549212079e-02 8.479579089549212079e-02 8.479579089549212079e-02
3.668138100181075600e+01 3.668138100181075600e+01 3.668138100181075600e+01
7.942031415506203840e-02 7.942031415506203840e-02 7.942031415506203840e-02
6.873046691703754707e-02 6.873046691703754707e-02 6.873046691703754707e-02
1.053171325256515439e-01 1.053171325256515439e-01 1.053171325256515439e-01
6.476150030594143847e-02 6.476150030594143847e-02 6.476150030594143847e-02
6.850634209041753242e-02 6.850634209041753242e-02 6.850634209041753242e-02
7.339160702999074359e-02 7.339160702999074359e-02 7.339160702999074359e-02
6.692148995647152765e-02 6.692148995647152765e-02 6.692148995647152765e-02
8.461125791256264572e-02 8.461125791256264572e-02 8.461125791256264572e-02
6.504942115688017168e-02 6.504942115688017168e-02 6.504942115688017168e-02
8.779073517908070334e-02 8.779073517908070334e-02 8.779073517908070334e-02
7.343760484043522496e-02 7.343760484043522496e-02 7.343760484043522496e-02
6.919931496966821860e-02 6.919931496966821860e-02 6.919931496966821860e-02
6.682397792795369273e-02 6.682397792795369273e-02 6.682397792795369273e-02
7.680590561602931854e-02 7.680590561602931854e-02 7.680590561602931854e-02
8.956254816928128915e-02 8.956254816928128915e-02 8.956254816928128915e-02
9.058422367825619270e-02 9.058422367825619270e-02 9.058422367825619270e-02
8.343207401776912835e-02 8.343207401776912835e-02 8.343207401776912835e-02
7.831014612050497814e-02 7.831014612050497814e-02 7.831014612050497814e-02
7.607913284273337684e-02 7.607913284273337684e-02 7.607913284273337684e-02
6.755999215378577505e-02 6.755999215378577505e-02 6.755999215378577505e-02
7.375785951459808143e-02 7.375785951459808143e-02 7.375785951459808143e-02
8.280788199200798949e-02 8.280788199200798949e-02 8.280788199200798949e-02
6.710885449523668056e-02 6.710885449523668056e-02 6.710885449523668056e-02
7.092145192590218472e-02 7.092145192590218472e-02 7.092145192590218472e-02
8.513360136865537331e-02 8.513360136865537331e-02 8.513360136865537331e-02
7.388556982224495084e-02 7.388556982224495084e-02 7.388556982224495084e-02
7.448079639856869383e-02 7.448079639856869383e-02 7.448079639856869383e-02
8.000915857946573617e-02 8.000915857946573617e-02 8.000915857946573617e-02
7.250051076009987605e-02 7.250051076009987605e-02 7.250051076009987605e-02
7.847830507616550266e-02 7.847830507616550266e-02 7.847830507616550266e-02
8.428174589478788781e-02 8.428174589478788781e-02 8.428174589478788781e-02
6.899590251663627327e-02 6.899590251663627327e-02 6.899590251663627327e-02
1.100234848933106802e-01 1.100234848933106802e-01 1.100234848933106802e-01
8.483046359896102839e-02 8.483046359896102839e-02 8.483046359896102839e-02
1.185223282852986143e-01 1.185223282852986143e-01 1.185223282852986143e-01
9.440768746261261890e-02 9.440768746261261890e-02 9.440768746261261890e-02
7.678834166128464811e-02 7.678834166128464811e-02 7.678834166128464811e-02
8.134972358389300218e-02 8.134972358389300218e-02 8.134972358389300218e-02
8.676331945072923713e-02 8.676331945072923713e-02 8.676331945072923713e-02
7.999981806503049520e-02 7.999981806503049520e-02 7.999981806503049520e-02
6.833858354971070193e-02 6.833858354971070193e-02 6.833858354971070193e-02
