-6.473489895039437059e+00
-1.969262664634161109e+00
-4.288947017819887186e+00
-6.051541853160074425e+00
-3.875564285604614856e+00
-8.311665018672325100e-01
-5.280175710911031217e+00
-3.066236582212130912e+00
-2.000000000000000000e+00
-5.969782378815130741e+00
-2.676078744863111147e+00
-5.929784788993370803e+00
-2.529275306878714158e+00
-5.315155767520343133e-01
-2.960444235080478492e+00
-1.448775191684089858e+00
-2.208684334770635527e+00
-6.714379381983400563e+00
-2.357733509415488982e+00
1.203392923559156724e+00
-7.981916301373898293e+00
-2.093796833473110741e+00
-7.323268590891023777e+00
-2.794753226684103975e+00
4.847771651472276844e-01
-5.311742357031616457e+00
-3.028893782233663234e+00
-3.453879063730453947e+00
-3.782101421328214919e+00
-7.479696710691377426e+00
-3.400235931374965048e+00
1.024435548455109757e+00
-5.117122823622979766e+00
-1.911026205660486754e+00
-1.380009976413902884e+00
-5.451490519853626537e+00
-2.607811927975119737e+00
-3.310412027964466097e-01
-5.432103206941892637e+00
-2.926787028417487058e+00
-1.211777088464065733e+00
-7.278330993519397829e+00
-2.490807263489163148e+00
-1.676397739913955354e+00
-9.178759086113743582e-01
-2.177567077118955030e+00
-5.414418700379454386e+00
-3.737018375799485259e+00
5.714490503961149326e-01
-7.886378379866829214e+00
-2.549903495889744409e+00
-2.027972663516754426e-01
-7.278625859654940022e+00
-2.166706940346875054e+00
-2.179881677035260534e-01
-5.043032512863660166e+00
-2.405671270787597127e+00
-7.016207715351145957e+00
-1.780831256953543607e+00
-6.095835072905585683e+00
-1.672063207172780341e+00
-6.435081169402704582e+00
-1.003432291644543950e+00
-5.444818935807003157e+00
-3.159054316526489270e+00
-7.734204021606410961e+00
-2.085936839528144571e+00
-4.473505444505029516e+00
-1.969181175104866233e+00
-3.377881308921210302e+00
-3.365389514277745686e+00
-2.826253451973322672e+00
-3.574433021156151469e+00
-4.033796491530292627e+00
-4.143515043999654424e+00
-3.159403472928707046e+00
-3.562933293488249387e+00
-4.812033077053605723e+00
-2.550009240842837865e+00
-2.644068022635552406e+00
-3.202317074333639990e+00
2.574062353462979735e-01
-4.753462633628359413e+00
-3.637725538823914029e+00
2.254834687240657498e+00
-3.177151192056074880e+00
-4.197006886382421698e+00
-3.705131139362494164e-01
-4.014137710618634891e+00
-1.465786476764830093e+00
7.420554772417822242e-01
