-7.791756171955420029e+00
-1.072603888998487687e+00
-4.017049720698137705e+00
-6.924208078084042484e+00
-3.618370517569442057e+00
7.217482459728041810e-01
-6.985911886055612641e+00
-2.177746116934754728e+00
5.650430295504303702e-02
-5.371139085134530866e+00
-3.970524821922416070e+00
-4.194034508288732255e+00
-3.115945471105329823e+00
0.000000000000000000e+00
-3.256631143152590280e+00
-2.563242756195490468e+00
-9.915136716863708344e-01
-5.491063505110252763e+00
-3.110111141121820744e+00
1.023767600986501547e+00
-6.546849092491632049e+00
-3.789745909889588926e+00
-9.248814215669019845e+00
-2.288778801719796085e+00
-3.459021671309675527e-01
-5.552650625152948827e+00
-3.578963594715825369e+00
-5.207007179903816230e+00
-3.481444559679372830e+00
-6.095733551924468863e+00
-1.973436871143180449e+00
9.511399507991229463e-01
-7.534332896246757727e+00
-1.954443592824309128e+00
-2.028600733091770802e+00
-6.573748060159805284e+00
-2.210517620946371053e+00
-1.155024661692477306e+00
-5.291091926051964656e+00
-2.519683592753587220e+00
-2.391666346821376410e-02
-7.162843403326291991e+00
-2.359237222756587649e+00
8.432991577573787367e-01
-2.990776477347125151e-01
-2.214856475786000534e+00
-6.745123735274218824e+00
-3.205272994412495802e+00
-1.352596068069888968e+00
-5.766986104489072673e+00
-2.818089972342356031e+00
-6.401062672229969053e-01
-8.055561903935759105e+00
-2.616979593594827236e+00
-1.259534864100672724e+00
-5.425901701270100297e+00
-7.442349787615335499e-01
-4.985892571012645824e+00
-1.466507366796502509e+00
-6.650337045749275866e+00
-3.172171053656079209e+00
-6.474229256388112752e+00
-2.056164946087668977e+00
-4.982309725017625368e+00
-1.720926344938465302e+00
-5.011348190511992762e+00
-1.733663212306795431e+00
-2.997627511057579408e+00
-5.000000000000000000e+00
-3.469178845133248146e+00
-2.632335298793436529e+00
-3.866631111518197716e+00
-3.102686370255475889e+00
-4.298573774969773886e+00
-3.386751658136135656e+00
-2.514489917223805104e+00
-1.368344733891950327e+00
-5.143584397037963107e+00
-2.438635674297024991e+00
-5.037679504460827573e+00
-5.000000000000000000e+00
7.676428955959059275e-01
-2.779585071611418989e+00
-4.856876728405469912e+00
1.106444839430567928e+00
-4.611029518827693074e+00
-3.767228570498609486e+00
1.262704570878685706e+00
-4.928249649555904277e+00
-4.100984933496811813e+00
7.251260316119159111e-01
