1.628424479483693288e-01 1.628424479483693288e-01 1.628424479483693288e-01
1.445180776016682378e-01 1.445180776016682378e-01 1.445180776016682378e-01
1.612628051260909523e-01 1.612628051260909523e-01 1.612628051260909523e-01
1.921747843476952511e+01 1.921747843476952511e+01 1.921747843476952511e+01
1.325734443568896137e-01 1.325734443568896137e-01 1.325734443568896137e-01
1.005144161862483732e-01 1.005144161862483732e-01 1.005144161862483732e-01
1.201054802129411792e-01 1.201054802129411792e-01 1.201054802129411792e-01
1.389519311362391596e-01 1.389519311362391596e-01 1.389519311362391596e-01
1.570335348461041058e-01 1.570335348461041058e-01 1.570335348461041058e-01
1.012794033217122580e-01 1.012794033217122580e-01 1.012794033217122580e-01
1.176994162423272705e-01 1.176994162423272705e-01 1.176994162423272705e-01
1.364633880942547894e-01 1.364633880942547894e-01 1.364633880942547894e-01
1.426799772153227452e-01 1.426799772153227452e-01 1.426799772153227452e-01
1.422873706799469562e-01 1.422873706799469562e-01 1.422873706799469562e-01
1.395170165213733549e-01 1.395170165213733549e-01 1.395170165213733549e-01
1.500556886816604152e-01 1.500556886816604152e-01 1.500556886816604152e-01
1.343307018041906553e-01 1.343307018041906553e-01 1.343307018041906553e-01
1.236900732609551162e-01 1.236900732609551162e-01 1.236900732609551162e-01
1.253819577259357998e-01 1.253819577259357998e-01 1.253819577259357998e-01
1.693551609607928388e-01 1.693551609607928388e-01 1.693551609607928388e-01
2.125001121620724298e-01 2.125001121620724298e-01 2.125001121620724298e-01
1.104382909589654016e-01 1.104382909589654016e-01 1.104382909589654016e-01
1.381264549348129034e-01 1.381264549348129034e-01 1.381264549348129034e-01
1.225558169189566171e-01 1.225558169189566171e-01 1.225558169189566171e-01
1.372169862549526553e-01 1.372169862549526553e-01 1.372169862549526553e-01
1.674546235363803537e-01 1.674546235363803537e-01 1.674546235363803537e-01
1.517514701288224244e-01 1.517514701288224244e-01 1.517514701288224244e-01
1.051624401511459944e-01 1.051624401511459944e-01 1.051624401511459944e-01
1.435809030239664219e-01 1.435809030239664219e-01 1.435809030239664219e-01
1.089439775232275975e-01 1.089439775232275975e-01 1.089439775232275975e-01
2.458328814404352747e-01 2.458328814404352747e-01 2.458328814404352747e-01
1.300850214605974997e-01 1.300850214605974997e-01 1.300850214605974997e-01
1.168741433834051269e-01 1.168741433834051269e-01 1.168741433834051269e-01
1.150345735899228755e-01 1.150345735899228755e-01 1.150345735899228755e-01
1.094374615022817715e-01 1.094374615022817715e-01 1.094374615022817715e-01
1.720373850938822502e-01 1.720373850938822502e-01 1.720373850938822502e-01
1.350186250982597091e-01 1.350186250982597091e-01 1.350186250982597091e-01
1.415323328055736740e-01 1.415323328055736740e-01 1.415323328055736740e-01
1.073534959793409210e-01 1.073534959793409210e-01 1.073534959793409210e-01
1.627778816263054096e-01 1.627778816263054096e-01 1.627778816263054096e-01
1.341634951897311689e-01 1.341634951897311689e-01 1.341634951897311689e-01
1.272569142361768824e-01 1.272569142361768824e-01 1.272569142361768824e-01
1.018871708616201216e-01 1.018871708616201216e-01 1.018871708616201216e-01
1.221893684241713296e-01 1.221893684241713296e-01 1.221893684241713296e-01
1.535356111553906260e+02 1.535356111553906260e+02 1.535356111553906260e+02
1.473092902285409178e-01 1.473092902285409178e-01 1.473092902285409178e-01
1.353487470771343459e-01 1.353487470771343459e-01 1.353487470771343459e-01
1.397337827926506404e-01 1.397337827926506404e-01 1.397337827926506404e-01
1.187714745974045583e-01 1.187714745974045583e-01 1.187714745974045583e-01
1.424980541952253210e-01 1.424980541952253210e-01 1.424980541952253210e-01
