-6.360330159077788537e+00
-5.000000000000000000e+00
-3.485323361716871293e+00
-7.800284425193646953e+00
-4.873864187529786562e+00
-2.430020129527123707e-01
-6.674255975279516306e+00
-4.061265124420506467e+00
-6.684450531679272944e-02
-7.683487698714016823e+00
-1.608821319604398781e+00
-7.760039081849885889e+00
-3.642147319446789488e+00
-1.154736792787521615e+00
-2.758563866083848293e+00
-1.382353586332356832e+00
-2.040180155419635266e+00
-7.954053347096992965e+00
-4.627383476198851930e+00
-1.332524966094142282e+00
-6.454081455491335717e+00
-3.363418278632773539e+00
-7.496708165733246609e+00
-2.992864135336612108e+00
9.325322242484501700e-01
-6.575164504816741307e+00
-3.020147263941439952e+00
-3.700925357303419982e+00
-4.266480863860900641e+00
-7.305440262911966798e+00
-3.672627673506753787e+00
-4.978126157258708773e-01
-4.985041540631963031e+00
-2.470694861802034570e+00
8.862676156701112529e-01
-4.046597978139609531e+00
-1.657252625911314947e+00
6.792203378399036540e-01
-5.605345973171949048e+00
-3.424656103538730623e+00
-4.581056547789840172e-01
-6.022789101012888224e+00
-3.420627639677674026e+00
3.066517543762154463e-01
-1.470452650324419075e+00
-2.631442798592920962e+00
-5.742554495670222359e+00
-2.314116935304169065e+00
1.452955867437268622e-01
-6.159933781069437231e+00
-2.529349554850285120e+00
4.564384472571286072e-02
-7.213397835580882322e+00
-4.002005709973986747e+00
-9.710502482082467024e-01
-5.786651276155807544e+00
6.508950711449981164e-01
-6.210194539744585462e+00
-2.320434469626016849e+00
-5.159666134089312628e+00
-4.000000000000000000e+00
-5.899930085840273897e+00
-1.103995531363870519e+00
-6.723082204127700301e+00
-8.320958712278755387e-01
-5.845449348560305403e+00
-1.391937893793755210e+00
-3.769521002395941345e+00
-2.470473044808166652e+00
-2.481911342430252798e+00
-4.964169646189861673e+00
-5.318424264424448822e+00
-1.790317169344313175e+00
-2.448402708500419411e+00
-1.525422824853894799e+00
-4.592533549045199059e+00
-3.248397481397218733e+00
-5.477735376580881166e+00
-2.775578611443156429e+00
-3.018016487146226279e+00
-2.983301879059926165e+00
-2.513928631436285199e-01
-4.070759469508535844e+00
-1.379123593681159221e+00
3.400134529643607517e-01
-5.438887961292528495e+00
-4.596191488211157861e+00
9.861567493929810357e-01
-6.033407960207999743e+00
-2.733514724809469332e+00
-8.677107180676235654e-01
