-6.702088822010103364e+00
-3.191549591526259722e+00
-5.128372244606767438e+00
-5.069013703140418770e+00
-3.831757960182744949e+00
-1.803133762980719146e+00
-6.845194728663402728e+00
-2.519935337930777841e+00
-3.748557791881870771e-01
-4.927463764048823691e+00
-1.779299674878161985e+00
-5.323761697439089779e+00
-1.534731121337936433e+00
-4.747751033281231159e-01
-2.797742668364605834e+00
-2.627699216293495788e+00
-2.732999835788418430e+00
-6.558030243546426163e+00
-2.478410382306443172e+00
-1.951380966529759675e+00
-9.301029995663981254e+00
-2.320833090920464414e+00
-8.274703665676407027e+00
-1.774113031609303448e+00
-1.864676296819394730e-01
-6.550637646565563799e+00
-4.531929843856826956e+00
-6.222157011930808501e+00
-5.000000000000000000e+00
-7.218971027797753237e+00
-2.676817806743396311e+00
1.847111357884233251e-01
-6.859778383956662395e+00
-2.872487926056381369e+00
5.721552999468262346e-01
-6.092025171410651474e+00
-4.574988026333337010e-01
9.974116938805095700e-02
-6.751458298438191008e+00
-2.111492296955720605e+00
1.749919183230780773e+00
-6.422506046809337121e+00
-3.115755147950776127e+00
1.296797090347581838e+00
-1.466847274406862578e+00
-3.063064736454194303e+00
-7.395890546410009314e+00
-1.000000000000000000e+00
-1.001226116516164000e+00
-7.519648965565719934e+00
-1.000000000000000000e+00
9.489599470001596204e-01
-7.732034617353893857e+00
-2.894074900879911816e+00
1.183687180778584036e+00
-7.349433135165987174e+00
-1.752944134965394474e+00
-7.075101366830256033e+00
-1.483391517965839457e+00
-6.802517240654879949e+00
-4.000000000000000000e+00
-8.000000000000000000e+00
-1.254534416862365553e+00
-5.809067222903353311e+00
-8.176515075857837545e-01
-5.728099024083217472e+00
-1.912524089004858929e+00
-3.425736354264133698e+00
-2.123197445351372004e+00
-3.165999506459805879e+00
-1.666477936104726609e+00
-4.632920248389482687e+00
-1.814116750138534240e+00
-5.690196149515636570e+00
-2.352163101467203088e+00
-4.680592639592886961e+00
-3.255360409147701528e+00
-2.921271758994246959e+00
-1.337029940753484691e+00
-3.503739987283259527e+00
-4.090888076193420098e+00
-2.306701865975910593e-01
-3.557659103951730017e+00
-3.939812194598030004e+00
2.079781094674869379e+00
-2.544068022635552317e+00
-3.421883728885922515e+00
1.976219452969149859e-01
-4.081121990251281417e+00
-2.528078242469527392e+00
1.413095486567106818e+00
