-6.134844698677561325e+00
-3.314912833091620659e+00
-4.942822340776059420e+00
-6.007896285862782015e+00
-3.436766874883033562e+00
-8.585409443683308384e-01
-6.332778499467712763e+00
-3.522324443191209298e+00
1.823784456510755714e+00
-6.557436101668893791e+00
-2.665859070927995234e+00
-4.505509346132723358e+00
-2.438846099052089489e+00
-8.406832713240232069e-01
-4.000000000000000000e+00
-1.084225199019864805e+00
-3.173814470260181153e+00
-7.237607542989219489e+00
-3.007093433167328467e+00
-9.759239685032955469e-02
-7.001647290516716637e+00
-3.334386214060433673e+00
-8.430859376471916633e+00
-3.547756530707921740e+00
5.344048903211235935e-01
-5.588519364037069614e+00
-2.225647360863622026e+00
-5.030356695593636296e+00
-3.219943979589313443e+00
-7.680408849213676170e+00
-3.038680697715088641e+00
9.644574210845083817e-01
-6.661456595126500346e+00
-2.205589731895923666e+00
-9.656448999522773136e-01
-5.274124430080322057e+00
-9.478910609528771181e-01
1.147601024076694953e+00
-5.828625852958216669e+00
-3.998792655748110381e+00
-1.327244522506795921e+00
-7.065032267364874663e+00
-3.249825202236960475e+00
-8.083509602942647865e-01
-1.727091421763204737e+00
-3.281178186062561508e+00
-6.433898801283369551e+00
-2.209576498784731058e+00
-1.052972293645508151e+00
-6.446485995031708605e+00
-3.161391721620083750e+00
-1.139248107314744241e+00
-7.729009104020713394e+00
-3.776375917114184855e+00
-9.883240744371012410e-01
-5.203259300949582666e+00
-2.457040732186151905e-02
-7.281322523203153096e+00
-3.041370835849892984e+00
-4.000000000000000000e+00
-2.891267005663405776e+00
-6.003301207305192122e+00
-1.410843532161567326e+00
-6.107601395814367784e+00
-1.165899969249119650e+00
-6.004856318146632788e+00
-1.995430000182029762e+00
-3.046538989772349826e+00
-2.299031846908910381e+00
-3.576823238241248148e+00
-2.572210119416499907e+00
-4.278890513391221617e+00
-2.898276818154582379e+00
-4.776670743999957836e+00
-3.728838982535334079e+00
-2.968088438226648584e+00
-2.612302256277323043e+00
-1.885924198927692697e+00
-2.361087603252378209e+00
-3.972907485736189237e+00
-3.443945425288419848e+00
1.251278515016427173e+00
-3.219459236133292546e+00
-2.894945331333114602e+00
5.082380157339299043e-01
-3.631317260774507005e+00
-1.000000000000000000e+00
2.317327418100823877e+00
-5.876223213514852439e+00
-3.756066267159085648e+00
1.287151042828224234e+00
