1.378678626413988306e+00 1.378678626413988306e+00 1.378678626413988306e+00
1.440945549880087162e+00 1.440945549880087162e+00 1.440945549880087162e+00
1.362314172176678939e+00 1.362314172176678939e+00 1.362314172176678939e+00
1.400757007823758116e+00 1.400757007823758116e+00 1.400757007823758116e+00
1.404617780627005708e+00 1.404617780627005708e+00 1.404617780627005708e+00
1.424950800370020865e+00 1.424950800370020865e+00 1.424950800370020865e+00
1.385199333142308920e+00 1.385199333142308920e+00 1.385199333142308920e+00
1.381160233497754852e+00 1.381160233497754852e+00 1.381160233497754852e+00
1.413771148479310291e+00 1.413771148479310291e+00 1.413771148479310291e+00
1.465940446463337654e+00 1.465940446463337654e+00 1.465940446463337654e+00
1.384469309809569726e+00 1.384469309809569726e+00 1.384469309809569726e+00
1.447769884207581903e+00 1.447769884207581903e+00 1.447769884207581903e+00
1.378399173949786727e+00 1.378399173949786727e+00 1.378399173949786727e+00
1.356750933976189399e+00 1.356750933976189399e+00 1.356750933976189399e+00
1.412846752097346448e+00 1.412846752097346448e+00 1.412846752097346448e+00
1.370257406491377949e+00 1.370257406491377949e+00 1.370257406491377949e+00
1.375216162499329320e+00 1.375216162499329320e+00 1.375216162499329320e+00
1.484536782649096054e+00 1.484536782649096054e+00 1.484536782649096054e+00
1.395558716135843813e+00 1.395558716135843813e+00 1.395558716135843813e+00
1.407905835559374763e+00 1.407905835559374763e+00 1.407905835559374763e+00
1.433242279327857194e+00 1.433242279327857194e+00 1.433242279327857194e+00
1.473166270171083481e+00 1.473166270171083481e+00 1.473166270171083481e+00
1.398072725704643027e+00 1.398072725704643027e+00 1.398072725704643027e+00
1.406519502994996174e+00 1.406519502994996174e+00 1.406519502994996174e+00
1.496778286920703360e+00 1.496778286920703360e+00 1.496778286920703360e+00
1.366778821903231078e+00 1.366778821903231078e+00 1.366778821903231078e+00
1.377473719991724410e+00 1.377473719991724410e+00 1.377473719991724410e+00
1.346798353783256408e+00 1.346798353783256408e+00 1.346798353783256408e+00
1.389136066552037141e+00 1.389136066552037141e+00 1.389136066552037141e+00
1.387765320349030995e+00 1.387765320349030995e+00 1.387765320349030995e+00
1.359802458350814147e+00 1.359802458350814147e+00 1.359802458350814147e+00
1.454910491306172782e+00 1.454910491306172782e+00 1.454910491306172782e+00
1.426477369734004741e+00 1.426477369734004741e+00 1.426477369734004741e+00
1.416341186930577534e+00 1.416341186930577534e+00 1.416341186930577534e+00
1.381875838875365359e+00 1.381875838875365359e+00 1.381875838875365359e+00
1.393937241812623462e+00 1.393937241812623462e+00 1.393937241812623462e+00
1.378864372560149487e+00 1.378864372560149487e+00 1.378864372560149487e+00
1.466676926840791317e+00 1.466676926840791317e+00 1.466676926840791317e+00
1.375957548002971098e+00 1.375957548002971098e+00 1.375957548002971098e+00
1.414251048851818293e+00 1.414251048851818293e+00 1.414251048851818293e+00
1.367650914630693215e+00 1.367650914630693215e+00 1.367650914630693215e+00
1.373831143427920898e+00 1.373831143427920898e+00 1.373831143427920898e+00
1.379266021528289254e+00 1.379266021528289254e+00 1.379266021528289254e+00
1.396906265537937619e+00 1.396906265537937619e+00 1.396906265537937619e+00
1.430494471530424860e+00 1.430494471530424860e+00 1.430494471530424860e+00
1.388709271110825316e+00 1.388709271110825316e+00 1.388709271110825316e+00
1.462282903074542784e+00 1.462282903074542784e+00 1.462282903074542784e+00
1.373583921661854390e+00 1.373583921661854390e+00 1.373583921661854390e+00
1.383270389959511792e+00 1.383270389959511792e+00 1.383270389959511792e+00
1.446095062162795930e+00 1.446095062162795930e+00 1.446095062162795930e+00
