-6.160891607626705735e+00
-2.926564092917809834e+00
-4.447912220408771766e+00
-7.104027273993593461e+00
-1.618432194623402598e+00
3.172370382812492728e-01
-5.806181606059570122e+00
-2.317342213011911678e+00
-5.933038592846541226e-01
-5.203239598611086869e+00
-2.957298434759435324e+00
-5.857453204377765843e+00
-3.340776658642395258e+00
-1.936335009665756390e-01
-3.429817081619018992e+00
-2.483068275019177040e+00
-2.336415473783756802e+00
-5.582715067835416711e+00
-1.250150809814331021e+00
-5.029935744317386437e-01
-6.831264218846835767e+00
-2.557461265608268253e+00
-8.522675085340500445e+00
-2.806850230621884990e+00
-1.034097303037699644e+00
-7.674459843087142019e+00
-2.834687311658985909e+00
-4.800688393818601796e+00
-2.015396177065519545e+00
-8.054371632831603733e+00
-1.420593054920133325e+00
-1.305828084306893233e+00
-6.487006131186012325e+00
-1.490363168025255591e+00
-2.259002775450644318e+00
-4.971607790754211997e+00
-1.256275534614987643e+00
7.622659812992527151e-01
-6.091593657771387171e+00
-4.185624446531742038e+00
1.251285670891138180e+00
-6.828392853696940712e+00
-3.097847223686677864e+00
-5.108157823409065212e-02
-1.358093561790295611e-01
-1.555606649574212907e+00
-6.533655817335083604e+00
-3.424680591489855708e+00
8.636408486435319665e-01
-6.113478069312660246e+00
-3.129917839755377074e+00
5.012777770870142646e-01
-8.455069084809816005e+00
-3.330030206797647274e+00
7.840037136255977313e-01
-4.000000000000000000e+00
-3.180456064458131227e+00
-6.180914851963543732e+00
-1.227644929569125631e+00
-7.208684852201574955e+00
-2.233355358077655506e+00
-4.556848359487392308e+00
-1.479157290052293128e+00
-4.685370096337404533e+00
-1.955827191376517504e+00
-5.177725249026797982e+00
-1.396127574837299656e+00
-4.352575883393365430e+00
-2.547889843870017046e+00
-2.472717349596222469e+00
-2.722638181997303786e+00
-4.150246098115651705e+00
-4.407311836913323511e+00
-2.728202680507119116e+00
-4.664415865016903417e+00
-3.719400708208239426e+00
-3.353597014520082631e+00
-1.904526777885609867e+00
-1.820061126590968303e+00
-5.334534583637398519e+00
-2.732138006038381306e+00
2.112507228921545632e+00
-4.377490527933083797e+00
-2.298513816416470679e+00
2.267994273863681021e-01
-4.121486003910348472e+00
-4.220474079629028097e+00
1.415756392334265978e+00
-3.871661188069841941e+00
-3.502531239625739090e+00
1.210986408265751546e+00
