1.242994128652577107e-01 1.242994128652577107e-01 1.242994128652577107e-01
1.098655906025320927e-01 1.098655906025320927e-01 1.098655906025320927e-01
9.833160357579141808e-02 9.833160357579141808e-02 9.833160357579141808e-02
9.617891107145702667e-02 9.617891107145702667e-02 9.617891107145702667e-02
1.444859401565591062e-01 1.444859401565591062e-01 1.444859401565591062e-01
7.267323164612666631e+01 7.267323164612666631e+01 7.267323164612666631e+01
9.969125121288596736e-02 9.969125121288596736e-02 9.969125121288596736e-02
9.209957576320336459e-02 9.209957576320336459e-02 9.209957576320336459e-02
1.170558833472936655e-01 1.170558833472936655e-01 1.170558833472936655e-01
8.443685890163613039e-02 8.443685890163613039e-02 8.443685890163613039e-02
1.027414782195352344e-01 1.027414782195352344e-01 1.027414782195352344e-01
9.621429071876456962e-02 9.621429071876456962e-02 9.621429071876456962e-02
1.189191067230140758e-01 1.189191067230140758e-01 1.189191067230140758e-01
8.439955933773414520e-02 8.439955933773414520e-02 8.439955933773414520e-02
1.011094482100191871e-01 1.011094482100191871e-01 1.011094482100191871e-01
9.216105033006564973e-02 9.216105033006564973e-02 9.216105033006564973e-02
7.535307032167526398e-02 7.535307032167526398e-02 7.535307032167526398e-02
1.106948150437342959e-01 1.106948150437342959e-01 1.106948150437342959e-01
1.065578430474307114e-01 1.065578430474307114e-01 1.065578430474307114e-01
9.210906825800438402e-02 9.210906825800438402e-02 9.210906825800438402e-02
1.035748177940017251e-01 1.035748177940017251e-01 1.035748177940017251e-01
8.003594996685281515e-02 8.003594996685281515e-02 8.003594996685281515e-02
8.136983746235003367e-02 8.136983746235003367e-02 8.136983746235003367e-02
8.671656491434054370e-02 8.671656491434054370e-02 8.671656491434054370e-02
9.922634059214041624e-02 9.922634059214041624e-02 9.922634059214041624e-02
1.082516397462258279e-01 1.082516397462258279e-01 1.082516397462258279e-01
1.058568954704584009e-01 1.058568954704584009e-01 1.058568954704584009e-01
1.135181401494951003e-01 1.135181401494951003e-01 1.135181401494951003e-01
1.088304219224433961e-01 1.088304219224433961e-01 1.088304219224433961e-01
1.150170427130431383e-01 1.150170427130431383e-01 1.150170427130431383e-01
1.035062995135083569e-01 1.035062995135083569e-01 1.035062995135083569e-01
1.176879137840926293e-01 1.176879137840926293e-01 1.176879137840926293e-01
1.097051461100591596e-01 1.097051461100591596e-01 1.097051461100591596e-01
9.783285161746094194e-02 9.783285161746094194e-02 9.783285161746094194e-02
1.199858156323847791e-01 1.199858156323847791e-01 1.199858156323847791e-01
9.105295604258077657e-02 9.105295604258077657e-02 9.105295604258077657e-02
8.220295406209063294e-02 8.220295406209063294e-02 8.220295406209063294e-02
1.320076139321715580e-01 1.320076139321715580e-01 1.320076139321715580e-01
8.301276431127524447e-02 8.301276431127524447e-02 8.301276431127524447e-02
8.333500245511767102e-02 8.333500245511767102e-02 8.333500245511767102e-02
1.045834310365568731e-01 1.045834310365568731e-01 1.045834310365568731e-01
1.018341203889106261e-01 1.018341203889106261e-01 1.018341203889106261e-01
9.065820278693742518e-02 9.065820278693742518e-02 9.065820278693742518e-02
8.117990212944121986e-02 8.117990212944121986e-02 8.117990212944121986e-02
9.830319793124092653e-02 9.830319793124092653e-02 9.830319793124092653e-02
9.331606273491264980e-02 9.331606273491264980e-02 9.331606273491264980e-02
8.852925820109849853e-02 8.852925820109849853e-02 8.852925820109849853e-02
9.883184460888252976e-02 9.883184460888252976e-02 9.883184460888252976e-02
1.189075910642875683e-01 1.189075910642875683e-01 1.189075910642875683e-01
8.048913832817938818e-02 8.048913832817938818e-02 8.048913832817938818e-02
