-7.197162239309156995e+00
-4.114720329862072035e+00
-4.373773023762887568e+00
-6.179213696841452830e+00
-2.645845066013112756e+00
6.537675401335576453e-01
-5.700233434948588140e+00
-3.157684537503799849e+00
1.017360401811075343e+00
-5.438989368677541236e+00
-4.080517358828487318e+00
-4.690503917743532369e+00
-3.147421283290070981e+00
-6.577163397352713270e-01
-2.319398691661714640e+00
-3.250880395025959602e-01
-8.852575098967644385e-01
-5.242294516908329705e+00
-3.290052846320718594e+00
-1.356633383787350100e+00
-7.214893610355083808e+00
-1.867043861350692113e+00
-9.277236540344642179e+00
-3.787674722488662660e+00
1.205033144295135639e+00
-5.548290286871687016e+00
-1.424611794586940094e+00
-3.154901959985743076e+00
-2.509392825691234563e+00
-6.281668513093176642e+00
-3.868145674088027786e+00
1.040453298762475720e+00
-6.746087282156365106e+00
-2.294467343237919899e+00
-7.379162213609887777e-01
-5.588354994645885476e+00
-2.514438332030106249e+00
-5.138252425694649073e-02
-6.334671353484788270e+00
-4.395897998525367001e+00
1.437731665438160666e+00
-7.597436838258385450e+00
-1.455212625881677324e+00
-3.198823561203401056e-01
-1.483787603058727811e+00
-2.781522920527774723e+00
-5.957327262290887049e+00
-2.535035311643518252e+00
-1.149522668239587153e+00
-7.336490348212306500e+00
-3.805917424210234046e+00
2.713353777682088186e-01
-8.218748166939606747e+00
-2.640692794309995151e+00
3.181028196610245495e-01
-5.336737883958842410e+00
2.221188827720202985e-01
-7.025961539380961796e+00
-2.351458475526322367e+00
-4.982420375292109682e+00
-3.472582213089078884e+00
-6.908372491099616930e+00
-3.121162717299144518e+00
-6.054140366259966655e+00
-2.207570429067255091e+00
-5.569931806306578359e+00
-2.627090508833255011e+00
-3.438966465064851707e+00
-4.035024418630377419e+00
-3.029584929122983716e+00
-1.641664252184441120e+00
-4.189902655341695592e+00
-3.108175274572198887e+00
-1.800530295382385404e+00
-4.321598112614924325e+00
-3.077850137339337433e+00
-4.560521619927483172e+00
-4.357547441373224473e+00
-1.990870256486666490e+00
-2.867513313245880102e+00
-3.062553023752261350e+00
8.884565932813877076e-01
-3.597449813011571074e+00
-2.580051389882561441e+00
1.678632110444437942e+00
-5.126566174298861078e+00
-4.234100440955870681e+00
5.950570292665386951e-01
-3.058522236265041272e+00
-3.424425898320564432e+00
-5.962199758042222575e-01
