2.003927758111285762e+00 2.003927758111285762e+00 2.003927758111285762e+00
1.975230198269348980e+00 1.975230198269348980e+00 1.975230198269348980e+00
1.991971835680732328e+00 1.991971835680732328e+00 1.991971835680732328e+00
2.017147088039678238e+00 2.017147088039678238e+00 2.017147088039678238e+00
1.964370572133817383e+00 1.964370572133817383e+00 1.964370572133817383e+00
1.961290422265079769e+00 1.961290422265079769e+00 1.961290422265079769e+00
1.965585336602254429e+00 1.965585336602254429e+00 1.965585336602254429e+00
2.017964781783276873e+00 2.017964781783276873e+00 2.017964781783276873e+00
1.965373471883360201e+00 1.965373471883360201e+00 1.965373471883360201e+00
2.011062053777225245e+00 2.011062053777225245e+00 2.011062053777225245e+00
1.971977642031379485e+00 1.971977642031379485e+00 1.971977642031379485e+00
1.963903997686287983e+00 1.963903997686287983e+00 1.963903997686287983e+00
1.969981609937864642e+00 1.969981609937864642e+00 1.969981609937864642e+00
1.963395355577565837e+00 1.963395355577565837e+00 1.963395355577565837e+00
1.975928356905666483e+00 1.975928356905666483e+00 1.975928356905666483e+00
1.957253316396573073e+00 1.957253316396573073e+00 1.957253316396573073e+00
1.959595425585562545e+00 1.959595425585562545e+00 1.959595425585562545e+00
2.011945767737794100e+00 2.011945767737794100e+00 2.011945767737794100e+00
2.013303729459467117e+00 2.013303729459467117e+00 2.013303729459467117e+00
1.962484659633363604e+00 1.962484659633363604e+00 1.962484659633363604e+00
1.954549082517273995e+00 1.954549082517273995e+00 1.954549082517273995e+00
1.992247746266264219e+00 1.992247746266264219e+00 1.992247746266264219e+00
2.015963747999839573e+00 2.015963747999839573e+00 2.015963747999839573e+00
1.980316942991737328e+00 1.980316942991737328e+00 1.980316942991737328e+00
2.039757929020382221e+00 2.039757929020382221e+00 2.039757929020382221e+00
1.981522068968537997e+00 1.981522068968537997e+00 1.981522068968537997e+00
1.985221339890355985e+00 1.985221339890355985e+00 1.985221339890355985e+00
1.999158877142546586e+00 1.999158877142546586e+00 1.999158877142546586e+00
1.981656325424482112e+00 1.981656325424482112e+00 1.981656325424482112e+00
2.017447651016495591e+00 2.017447651016495591e+00 2.017447651016495591e+00
1.992167435918898111e+00 1.992167435918898111e+00 1.992167435918898111e+00
2.002676965887386196e+00 2.002676965887386196e+00 2.002676965887386196e+00
1.980641376277582744e+00 1.980641376277582744e+00 1.980641376277582744e+00
1.976347983755928350e+00 1.976347983755928350e+00 1.976347983755928350e+00
1.970776314342505220e+00 1.970776314342505220e+00 1.970776314342505220e+00
1.991290716722606824e+00 1.991290716722606824e+00 1.991290716722606824e+00
1.985082621526591762e+00 1.985082621526591762e+00 1.985082621526591762e+00
1.980696648299824059e+00 1.980696648299824059e+00 1.980696648299824059e+00
1.985183030758528977e+00 1.985183030758528977e+00 1.985183030758528977e+00
1.984878639020480895e+00 1.984878639020480895e+00 1.984878639020480895e+00
1.969529485088011622e+00 1.969529485088011622e+00 1.969529485088011622e+00
1.991795305441621755e+00 1.991795305441621755e+00 1.991795305441621755e+00
1.963164766505216097e+00 1.963164766505216097e+00 1.963164766505216097e+00
1.981424044684361396e+00 1.981424044684361396e+00 1.981424044684361396e+00
1.993296991365750337e+00 1.993296991365750337e+00 1.993296991365750337e+00
1.967101098419446359e+00 1.967101098419446359e+00 1.967101098419446359e+00
1.970766834639603893e+00 1.970766834639603893e+00 1.970766834639603893e+00
1.965512934531669753e+00 1.965512934531669753e+00 1.965512934531669753e+00
1.967351147986710735e+00 1.967351147986710735e+00 1.967351147986710735e+00
1.979100234172464168e+00 1.979100234172464168e+00 1.979100234172464168e+00
