-8.111299817552783509e+00
-3.176345305548767595e+00
-3.948719204134657712e+00
-5.390803728805204642e+00
-2.218659970690977978e+00
1.103616955225611207e+00
-7.457737205294845850e+00
-3.774631360619786768e+00
-1.693793793370180767e+00
-4.391498982558928788e+00
-4.029046625634427947e+00
-4.365886526238665688e+00
-4.099137343908050291e+00
-1.285948657239524895e+00
-3.255723067089209000e+00
-3.505342697631202320e+00
-7.127257151624963871e-01
-4.784872851849810260e+00
-1.000000000000000000e+00
-2.329964492793186737e-01
-8.845909982350972811e+00
-1.861921394718537348e+00
-7.865210016674449633e+00
-1.447567010598928450e+00
-2.598126220665628039e-01
-6.034485138364947154e+00
-3.257266796983367296e+00
-4.137936995466028556e+00
-3.804871095600538045e+00
-7.256351907496083165e+00
-3.275308553778276455e+00
7.896210126568266041e-01
-5.451911393665491268e+00
-3.587970035880535313e+00
-1.742432518914859951e+00
-5.978087833493734848e+00
-3.706213593817907270e+00
6.457476807048919687e-01
-4.606869300286099644e+00
-1.146075895688233315e+00
6.944007844078359248e-01
-5.522878745280337398e+00
-2.248212531015035154e+00
2.931613622174124023e-01
-8.300644941724548698e-01
-1.877257157480965111e+00
-6.450631242068400439e+00
-1.797142118667969024e+00
5.424224839856353619e-02
-6.561249274831676637e+00
-3.925208648863014460e+00
1.462380907390504747e+00
-5.979406339177506524e+00
-2.327207292238339331e+00
2.434700881510674583e-02
-6.778378712610216184e+00
-3.654908663144927350e-01
-4.900671401073820377e+00
-3.039910882972885364e+00
-5.924272347393787719e+00
-2.945770254322700676e+00
-4.699093306845954388e+00
-2.582150822596180895e+00
-7.030790262960785242e+00
-2.912202032990091283e+00
-5.950107514896041394e+00
-3.027392013523859671e+00
-3.462618786107612756e+00
-2.250872525350283926e+00
-4.702342431357914521e+00
-2.269496852115089780e+00
-2.828916686548394122e+00
-3.810875199717296713e+00
-3.807831628565490956e+00
-4.168540108899760455e+00
-4.763858646999459268e+00
-2.956319405940461831e+00
-4.713437940315577279e+00
-2.697082817771852437e+00
-5.569003464056115682e+00
-1.719337726277494038e+00
1.871795001059537444e+00
-4.668541405279654555e+00
-5.000000000000000000e+00
2.238093145995479372e+00
-2.544068022635552317e+00
-1.365794383010865864e+00
1.356543345400012646e+00
-3.873149611285758631e+00
-1.464577027811083010e+00
1.424769342729016230e+00
