-8.397940008672037493e+00
-1.000000000000000000e+00
-4.796076165753836662e+00
-7.622423323632337322e+00
-3.672711568172306595e+00
3.722401620810603662e-01
-7.204984762866884829e+00
-4.884142055484629985e+00
-1.788373154402179421e-01
-6.186627211343942889e+00
-1.517862656287930934e+00
-4.902944254677970903e+00
-1.685405915921304620e+00
-5.898122386355203473e-01
-2.488417711571623947e+00
-8.290917583045216421e-01
-2.185788990648923846e+00
-4.414909394627912320e+00
-3.845075341602880670e+00
7.191994982668648007e-01
-8.288304450671626356e+00
-1.000000000000000000e+00
-8.950454870454073841e+00
-2.049785491808262528e+00
1.012849857046387081e+00
-3.698970004336018746e+00
-2.772419916228774373e+00
-3.154901959985743076e+00
-3.512154144146904855e+00
-6.064123814446354288e+00
-4.129592095409588381e+00
-5.958196643292081873e-01
-5.143903670661304162e+00
-3.291898429220459832e+00
-2.080371656664016022e+00
-5.628569858232835621e+00
-1.737601417124779779e+00
-1.238710465591206455e+00
-4.000000000000000000e+00
-5.000000000000000000e+00
6.181131563632603632e-01
-7.360357033853770936e+00
-3.260454813123136564e+00
-9.483467716186101404e-01
-1.090813969508178660e+00
-4.237781637635451126e+00
-6.705127055312297024e+00
-2.311964731732347289e+00
1.286518027765500838e+00
-6.874875056809490736e+00
-3.289200876408792329e+00
2.056483917411507656e-01
-6.325889809628900018e+00
-2.140267108693742593e+00
-5.322704889206976153e-01
-7.317971071574455699e+00
-6.419226572988107060e-01
-6.408852897940553461e+00
-7.865170180169324121e-01
-6.319985007985205350e+00
-9.883971930265531558e-01
-7.039597218828652636e+00
-2.906312246203099914e+00
-7.568555685314145798e+00
-1.472405546709614765e-01
-5.296080058069000174e+00
-3.023352438394244945e+00
-5.284397677016821504e+00
-3.063857912080582224e+00
-4.441392486587604438e+00
-1.000000000000000000e+00
-3.684764965433295458e+00
-1.892881823371125538e+00
-5.413812436732990285e+00
-1.917563659480177929e+00
-5.078384137134757559e+00
-3.046339171138452429e+00
-2.412471658599465663e+00
-2.931506497527211597e+00
-5.460020721130374177e+00
-1.721928062649927371e+00
1.500223137128963602e+00
-2.544068022635552317e+00
-2.136118637072594417e+00
1.531554000158924511e+00
-4.852405300406783084e+00
-2.229928023104889689e+00
-6.781279454677801022e-01
-5.617147557201641384e+00
-1.833275561535051779e+00
5.234320464944340889e-01
