1.508192777345279900e+00 1.508192777345279900e+00 1.508192777345279900e+00
1.500203029967488000e+00 1.500203029967488000e+00 1.500203029967488000e+00
1.462957475285636022e+00 1.462957475285636022e+00 1.462957475285636022e+00
1.562020677675088676e+00 1.562020677675088676e+00 1.562020677675088676e+00
1.463007339002056373e+00 1.463007339002056373e+00 1.463007339002056373e+00
1.507211555525514113e+00 1.507211555525514113e+00 1.507211555525514113e+00
1.483842219958415365e+00 1.483842219958415365e+00 1.483842219958415365e+00
1.505599250296938862e+00 1.505599250296938862e+00 1.505599250296938862e+00
1.453061311496282482e+00 1.453061311496282482e+00 1.453061311496282482e+00
1.481462634693108349e+00 1.481462634693108349e+00 1.481462634693108349e+00
1.578671458401416317e+00 1.578671458401416317e+00 1.578671458401416317e+00
1.522648053596573181e+00 1.522648053596573181e+00 1.522648053596573181e+00
1.530716591976822860e+00 1.530716591976822860e+00 1.530716591976822860e+00
1.496083123661380965e+00 1.496083123661380965e+00 1.496083123661380965e+00
1.466477771245527695e+00 1.466477771245527695e+00 1.466477771245527695e+00
1.451757694707346502e+00 1.451757694707346502e+00 1.451757694707346502e+00
1.483733635343462032e+00 1.483733635343462032e+00 1.483733635343462032e+00
1.537276702769655667e+00 1.537276702769655667e+00 1.537276702769655667e+00
1.536381718507505267e+00 1.536381718507505267e+00 1.536381718507505267e+00
1.479689937054777360e+00 1.479689937054777360e+00 1.479689937054777360e+00
1.514780640118970734e+00 1.514780640118970734e+00 1.514780640118970734e+00
1.522032859303465990e+00 1.522032859303465990e+00 1.522032859303465990e+00
1.502287024549815886e+00 1.502287024549815886e+00 1.502287024549815886e+00
1.455367198427873543e+00 1.455367198427873543e+00 1.455367198427873543e+00
1.479679880527943414e+00 1.479679880527943414e+00 1.479679880527943414e+00
1.512566673656613014e+00 1.512566673656613014e+00 1.512566673656613014e+00
1.511641707246858646e+00 1.511641707246858646e+00 1.511641707246858646e+00
1.487570890111163946e+00 1.487570890111163946e+00 1.487570890111163946e+00
1.503757226667935765e+00 1.503757226667935765e+00 1.503757226667935765e+00
1.488856947073535553e+00 1.488856947073535553e+00 1.488856947073535553e+00
1.453927332870144529e+00 1.453927332870144529e+00 1.453927332870144529e+00
1.532575092912740189e+00 1.532575092912740189e+00 1.532575092912740189e+00
1.497258914948281339e+00 1.497258914948281339e+00 1.497258914948281339e+00
1.465794604626881714e+00 1.465794604626881714e+00 1.465794604626881714e+00
1.532118966092598455e+00 1.532118966092598455e+00 1.532118966092598455e+00
1.487731441896843698e+00 1.487731441896843698e+00 1.487731441896843698e+00
1.501633872182155605e+00 1.501633872182155605e+00 1.501633872182155605e+00
1.527669408598364642e+00 1.527669408598364642e+00 1.527669408598364642e+00
1.479801529241543401e+00 1.479801529241543401e+00 1.479801529241543401e+00
1.544119363437758352e+00 1.544119363437758352e+00 1.544119363437758352e+00
1.489935098675896796e+00 1.489935098675896796e+00 1.489935098675896796e+00
1.492810067541292085e+00 1.492810067541292085e+00 1.492810067541292085e+00
1.476481536532160632e+00 1.476481536532160632e+00 1.476481536532160632e+00
1.541443857064297651e+00 1.541443857064297651e+00 1.541443857064297651e+00
1.494101181048872462e+00 1.494101181048872462e+00 1.494101181048872462e+00
1.454868268695511002e+00 1.454868268695511002e+00 1.454868268695511002e+00
1.508207804580210976e+00 1.508207804580210976e+00 1.508207804580210976e+00
1.475662582631327435e+00 1.475662582631327435e+00 1.475662582631327435e+00
1.495412441607347542e+00 1.495412441607347542e+00 1.495412441607347542e+00
1.548303842972389432e+00 1.548303842972389432e+00 1.548303842972389432e+00
