-7.029904400439858314e+00
-3.840818668442738559e+00
-5.255411920982655083e+00
-5.416846618298620797e+00
-3.077422032941802499e+00
2.328728674399727361e-01
-6.893089352644161671e+00
-2.684468617117599543e+00
8.051710272126113566e-01
-6.130124195852545199e+00
-3.957083817181135110e+00
-6.260748283522106661e+00
-3.181277896176831987e+00
-4.091970064874809188e-01
-3.421755051940744252e+00
-1.988335987116878867e+00
-3.363720960130574866e+00
-6.394606654437433590e+00
-3.912536105773958717e+00
-1.045224042186743141e+00
-7.181729066673541162e+00
-4.383351392399145396e+00
-7.694633151750913669e+00
-3.303872353800773265e+00
-1.021265590211787311e+00
-4.879868377339967367e+00
-3.089819349705680285e+00
-4.196132869660792686e+00
-4.786581548023634447e+00
-8.017094687932821984e+00
-3.439479573311859273e+00
-4.781814348558260375e-01
-7.152746686851470415e+00
-4.353626772034365544e+00
-1.927326299122109177e+00
-5.110051025505686795e+00
-3.979292370358098907e+00
-9.959107357772239988e-01
-5.216328025791164613e+00
-4.564098607455719936e+00
1.199343108304351979e+00
-7.072049937706420764e+00
-3.085412405481108511e+00
-4.620583392269939083e-01
2.370160080212883880e-01
-3.578497710582744684e+00
-7.551945705884977933e+00
-3.310645417645027511e+00
1.060391274635645864e+00
-7.121459764858498076e+00
-2.575642988551210877e+00
-1.384814022984234727e+00
-6.432852672178213105e+00
-1.841757221896425767e+00
-7.369968673260101077e-01
-7.535534650797511169e+00
-3.285849639447981918e-01
-6.063239934098668904e+00
-2.606426933622142617e+00
-5.565998395779222285e+00
-2.613978989565135080e+00
-7.671847022981054032e+00
-2.058856999858039494e+00
-7.184313311316627981e+00
-2.400075731850455973e+00
-7.912001805494964124e+00
-1.874405564779156874e+00
-4.146769694688778429e+00
-2.703720649999410863e+00
-3.627398475443247339e+00
-1.602379792289214455e+00
-4.850763328772548455e+00
-2.750767171805907907e+00
-4.285097773323331083e+00
-2.936094584092701076e+00
-2.772188182731620376e+00
-3.493056969804847700e+00
-4.777570892947356818e+00
-3.083427326675439506e+00
-3.868711932751040194e+00
-4.370491360523018898e+00
2.218132214048630590e+00
-4.541864841484855475e+00
-4.263068880041395836e+00
1.739245839202268717e+00
-3.341442119348335904e+00
-2.899472445065318649e+00
-6.851522870209993954e-01
-5.023257326482349683e+00
-1.819692135623175444e+00
3.398288295835240058e-01
