-6.184063762628143834e+00
-1.962187466213675124e+00
-3.496128134655464237e+00
-7.548579388640606069e+00
-5.000000000000000000e+00
-3.267053092437736117e-01
-5.780550326338424583e+00
-3.483824937863148730e+00
-1.609105824230770698e-01
-5.618471732753935299e+00
-2.329754860819396978e+00
-5.495783831432079936e+00
-2.997127827252302978e+00
0.000000000000000000e+00
-1.662245560756844265e+00
-4.000000000000000000e+00
-3.675454993718464625e+00
-8.301029995663981254e+00
-2.143684935278172610e+00
1.194884666992658273e+00
-8.719996455968878735e+00
-3.166712381842807567e+00
-8.134878592351856952e+00
-1.484546161075784410e+00
-1.230448159743020797e+00
-7.358492237891555376e+00
-5.000000000000000000e+00
-4.128464832158905473e+00
-4.915027184252316772e+00
-8.310113077538158421e+00
-1.890635031425281554e+00
9.771404523362337002e-02
-3.698970004336018746e+00
-2.458860793805949907e+00
-1.452438321980822344e+00
-4.317865816781979227e+00
-2.346456116684461968e+00
-8.665027959767671595e-01
-5.549503262657871971e+00
-4.636500884020767543e+00
-7.974433835961423078e-01
-7.012569047353546914e+00
-1.422568772853758157e+00
-1.028026843446393723e+00
-1.013599615877117444e+00
-2.678430422088153406e+00
-8.360703189599041352e+00
-3.665573310220237691e+00
-3.940165279221450878e-01
-5.944548152752688885e+00
-2.402120334376740551e+00
1.199289618151798242e+00
-5.000000000000000000e+00
-1.059731008416127107e+00
-8.515512163309545413e-01
-6.153826432794182288e+00
-6.615550808814052441e-01
-4.772444179733060565e+00
-7.953483164017369766e-01
-6.616592061544323222e+00
-2.492848661223105111e+00
-7.763351650762073675e+00
-1.316096392325681208e+00
-6.826443865968954583e+00
-2.354354175585620101e+00
-7.046733443305208233e+00
-1.708942240673249957e+00
-3.738991076693510163e+00
-4.014069990359653062e+00
-5.690196149515636570e+00
-1.593654760464986664e+00
-4.984624985130276187e+00
-1.000000000000000000e+00
-5.690196149515636570e+00
-3.693358780966530475e+00
-4.654936566263573994e+00
-3.145121538663146588e+00
-4.844765564912752787e+00
-2.326660733138672388e+00
-4.256483908028203977e+00
-3.332727170608533740e+00
6.487325692143168787e-01
-2.729639755161977543e+00
-3.064619570341028165e+00
6.467864527233222471e-01
-6.544068022635552317e+00
-2.652738467219285745e+00
1.724259557034004686e+00
-2.544068022635552317e+00
-5.000000000000000000e+00
1.742023800410380296e+00
