6.692361443083483241e-01 6.692361443083483241e-01 6.692361443083483241e-01
6.772332697916303434e-01 6.772332697916303434e-01 6.772332697916303434e-01
6.675304876780897567e-01 6.675304876780897567e-01 6.675304876780897567e-01
6.528432547628318927e-01 6.528432547628318927e-01 6.528432547628318927e-01
6.632499889716161334e-01 6.632499889716161334e-01 6.632499889716161334e-01
6.597921645811275493e-01 6.597921645811275493e-01 6.597921645811275493e-01
7.053884740928914043e-01 7.053884740928914043e-01 7.053884740928914043e-01
6.732910285694673203e-01 6.732910285694673203e-01 6.732910285694673203e-01
6.684799097834288606e-01 6.684799097834288606e-01 6.684799097834288606e-01
6.871133651821684785e-01 6.871133651821684785e-01 6.871133651821684785e-01
6.381023485056515065e-01 6.381023485056515065e-01 6.381023485056515065e-01
6.671316686998377543e-01 6.671316686998377543e-01 6.671316686998377543e-01
6.553531772633887087e-01 6.553531772633887087e-01 6.553531772633887087e-01
6.935484924779472538e-01 6.935484924779472538e-01 6.935484924779472538e-01
6.376048449605240531e-01 6.376048449605240531e-01 6.376048449605240531e-01
6.504827398904928781e-01 6.504827398904928781e-01 6.504827398904928781e-01
6.614192767358971770e-01 6.614192767358971770e-01 6.614192767358971770e-01
6.427153685868347566e-01 6.427153685868347566e-01 6.427153685868347566e-01
6.460458076269179895e-01 6.460458076269179895e-01 6.460458076269179895e-01
6.719398373842873085e-01 6.719398373842873085e-01 6.719398373842873085e-01
6.705086322094707674e-01 6.705086322094707674e-01 6.705086322094707674e-01
6.694596916314874413e-01 6.694596916314874413e-01 6.694596916314874413e-01
6.745131907845808295e-01 6.745131907845808295e-01 6.745131907845808295e-01
6.477896910755392978e-01 6.477896910755392978e-01 6.477896910755392978e-01
6.553996297787186842e-01 6.553996297787186842e-01 6.553996297787186842e-01
6.810157652371640058e-01 6.810157652371640058e-01 6.810157652371640058e-01
6.818039787995975320e-01 6.818039787995975320e-01 6.818039787995975320e-01
6.529912967606354979e-01 6.529912967606354979e-01 6.529912967606354979e-01
6.610356585255756645e-01 6.610356585255756645e-01 6.610356585255756645e-01
6.665234478139614449e-01 6.665234478139614449e-01 6.665234478139614449e-01
6.597779899992027852e-01 6.597779899992027852e-01 6.597779899992027852e-01
6.675968971850565481e-01 6.675968971850565481e-01 6.675968971850565481e-01
6.432977582880812228e-01 6.432977582880812228e-01 6.432977582880812228e-01
6.638285905655522123e-01 6.638285905655522123e-01 6.638285905655522123e-01
6.627309643878767087e-01 6.627309643878767087e-01 6.627309643878767087e-01
6.628676212036416215e-01 6.628676212036416215e-01 6.628676212036416215e-01
6.556928612603152295e-01 6.556928612603152295e-01 6.556928612603152295e-01
6.505575120206537054e-01 6.505575120206537054e-01 6.505575120206537054e-01
6.614683054507385362e-01 6.614683054507385362e-01 6.614683054507385362e-01
6.834401766686714064e-01 6.834401766686714064e-01 6.834401766686714064e-01
6.767038571772294731e-01 6.767038571772294731e-01 6.767038571772294731e-01
6.476689540240283538e-01 6.476689540240283538e-01 6.476689540240283538e-01
6.956533422081428997e-01 6.956533422081428997e-01 6.956533422081428997e-01
6.738807543268306999e-01 6.738807543268306999e-01 6.738807543268306999e-01
7.180111841478085122e-01 7.180111841478085122e-01 7.180111841478085122e-01
6.774909776653750271e-01 6.774909776653750271e-01 6.774909776653750271e-01
6.693413145023430211e-01 6.693413145023430211e-01 6.693413145023430211e-01
6.667706709819045674e-01 6.667706709819045674e-01 6.667706709819045674e-01
6.640020854038989340e-01 6.640020854038989340e-01 6.640020854038989340e-01
6.492494118797197400e-01 6.492494118797197400e-01 6.492494118797197400e-01
