3.580513104462960672e-01 3.580513104462960672e-01 3.580513104462960672e-01
3.124604082823700946e-01 3.124604082823700946e-01 3.124604082823700946e-01
3.595934796612337836e-01 3.595934796612337836e-01 3.595934796612337836e-01
3.458428247066097638e-01 3.458428247066097638e-01 3.458428247066097638e-01
2.991500006731868111e-01 2.991500006731868111e-01 2.991500006731868111e-01
3.930051567670047041e-01 3.930051567670047041e-01 3.930051567670047041e-01
3.639782442156753728e-01 3.639782442156753728e-01 3.639782442156753728e-01
2.894365928161709567e-01 2.894365928161709567e-01 2.894365928161709567e-01
3.086115431131441489e-01 3.086115431131441489e-01 3.086115431131441489e-01
3.662730587119691350e-01 3.662730587119691350e-01 3.662730587119691350e-01
2.856885827227362284e-01 2.856885827227362284e-01 2.856885827227362284e-01
3.349188226904004084e-01 3.349188226904004084e-01 3.349188226904004084e-01
3.287641014828482366e-01 3.287641014828482366e-01 3.287641014828482366e-01
3.131880245129165519e-01 3.131880245129165519e-01 3.131880245129165519e-01
3.696521505587837542e-01 3.696521505587837542e-01 3.696521505587837542e-01
3.120095476992605921e-01 3.120095476992605921e-01 3.120095476992605921e-01
2.980858003380936205e-01 2.980858003380936205e-01 2.980858003380936205e-01
3.534149827245390285e-01 3.534149827245390285e-01 3.534149827245390285e-01
3.248902230831820503e-01 3.248902230831820503e-01 3.248902230831820503e-01
3.790194249036662466e-01 3.790194249036662466e-01 3.790194249036662466e-01
3.444445712551662542e-01 3.444445712551662542e-01 3.444445712551662542e-01
3.787124088166058944e-01 3.787124088166058944e-01 3.787124088166058944e-01
3.027007136668319887e-01 3.027007136668319887e-01 3.027007136668319887e-01
2.778646373155570504e-01 2.778646373155570504e-01 2.778646373155570504e-01
2.807760084702661807e-01 2.807760084702661807e-01 2.807760084702661807e-01
3.876740549963421101e-01 3.876740549963421101e-01 3.876740549963421101e-01
3.769035236342838102e-01 3.769035236342838102e-01 3.769035236342838102e-01
3.675956741585201248e-01 3.675956741585201248e-01 3.675956741585201248e-01
2.865251348738039883e-01 2.865251348738039883e-01 2.865251348738039883e-01
3.358910582503045195e-01 3.358910582503045195e-01 3.358910582503045195e-01
3.832556440061096747e-01 3.832556440061096747e-01 3.832556440061096747e-01
2.662392440748478917e-01 2.662392440748478917e-01 2.662392440748478917e-01
3.372252679425751243e-01 3.372252679425751243e-01 3.372252679425751243e-01
2.554482131566016001e-01 2.554482131566016001e-01 2.554482131566016001e-01
3.680405116914093333e-01 3.680405116914093333e-01 3.680405116914093333e-01
3.938065380397092752e-01 3.938065380397092752e-01 3.938065380397092752e-01
3.270354784314767893e-01 3.270354784314767893e-01 3.270354784314767893e-01
2.896217628681764245e-01 2.896217628681764245e-01 2.896217628681764245e-01
3.772214844302985703e-01 3.772214844302985703e-01 3.772214844302985703e-01
3.959075701770808364e-01 3.959075701770808364e-01 3.959075701770808364e-01
3.300668167536782160e-01 3.300668167536782160e-01 3.300668167536782160e-01
3.121191819698836967e-01 3.121191819698836967e-01 3.121191819698836967e-01
3.876494407499162520e-01 3.876494407499162520e-01 3.876494407499162520e-01
3.730171892605774198e-01 3.730171892605774198e-01 3.730171892605774198e-01
4.168684797927845742e-01 4.168684797927845742e-01 4.168684797927845742e-01
3.490864845449109244e-01 3.490864845449109244e-01 3.490864845449109244e-01
3.643263471144070897e-01 3.643263471144070897e-01 3.643263471144070897e-01
3.058587661835068805e-01 3.058587661835068805e-01 3.058587661835068805e-01
3.470666155557365351e-01 3.470666155557365351e-01 3.470666155557365351e-01
3.709141085086333223e-01 3.709141085086333223e-01 3.709141085086333223e-01
