-6.584284967726724780e+00
-3.487931047009161567e+00
-3.688134348295370124e+00
-6.746377084501691712e+00
-2.624937046739713065e+00
-7.916246845066114701e-02
-6.375922341739870269e+00
-1.582399716154784919e+00
-7.882517509785216814e-02
-5.974723068283837257e+00
-3.111449735777994441e+00
-4.326513145385821879e+00
-4.961179208889650916e+00
-1.158651332650148191e+00
-3.966336123917359568e+00
-1.622895378655648591e+00
-2.859007358715203839e+00
-7.171943212524296563e+00
-1.716850571071756981e+00
6.502448748975564463e-01
-6.833255834373025195e+00
-2.437923523247110147e+00
-8.025468278311334913e+00
-3.269992007649523913e+00
-8.610395939357973205e-01
-5.881510398734586254e+00
-3.698600769517312870e+00
-3.154901959985743076e+00
-2.791918200454767796e+00
-7.331183014882093119e+00
-2.649687553936856510e+00
6.032892847782030943e-01
-4.536267253997726456e+00
-3.750889118775548869e+00
-1.565893396149885985e+00
-5.988675639158379305e+00
-1.320071483540249391e+00
5.591433448013768404e-01
-6.138153837797583279e+00
-2.652255815424730212e+00
6.253473588313072096e-01
-8.328833198894958656e+00
-2.328334119482067255e+00
1.959010543695292872e-01
-1.125984799272640613e+00
-4.140639243498310584e+00
-7.220699294675045010e+00
-2.108143535171048910e+00
-2.684251734973944759e-01
-5.828824299176022627e+00
-2.960709228932496995e+00
-3.702148677142405031e-01
-7.485002583707566437e+00
-3.773742710023772595e+00
1.765538021007263758e+00
-4.952605006465297777e+00
7.500659579315033243e-02
-6.019902281625451934e+00
-2.054674829366325284e+00
-5.513294127600040895e+00
-2.960057265209605770e+00
-7.268201464618047503e+00
-1.140826666908668185e+00
-6.313965401354401763e+00
-2.949122281939410062e+00
-5.880382025642774124e+00
-1.666125898892063972e+00
-5.264850594053945620e+00
-3.147869788432865690e+00
-3.518042521880537787e+00
-3.299886195184882798e+00
-4.477451203091757037e+00
-4.285618898175048486e+00
-2.532289009495942267e+00
-2.787553324379358877e+00
-4.928534878887365522e+00
-2.394862961609084628e+00
-3.494118656026074632e+00
-2.395834430006754001e+00
-2.919744354634778993e+00
-3.098314857383544396e+00
7.525178387272165592e-01
-4.365599325108000528e+00
-1.490476098266237726e+00
1.434394198156772937e+00
-4.252250826326464228e+00
-3.670766486375986126e+00
3.437070602539354924e-01
-5.119655002516074305e+00
-3.047633540617674441e+00
1.093188527451036229e+00
