-7.320012542377932974e+00
-1.421856742468022627e+00
-4.710954195717737214e+00
-6.840733386734895838e+00
-1.834925998246013990e+00
-8.980319824325235789e-01
-4.916030125511834825e+00
-2.604135492206763658e+00
-9.405492612813305398e-01
-6.522970478081675516e+00
-3.063547942014261505e+00
-7.030103013725787164e+00
-1.784043523948988241e+00
-2.494292834497220113e-01
-3.306754727965847795e+00
-2.609691419482064845e+00
-1.726401118504131471e+00
-7.104487584774762610e+00
-1.625225563331975209e+00
-1.047349531882829865e+00
-6.036209228222472412e+00
-3.972899294748545085e+00
-9.013813996260211070e+00
-4.320944746514717494e+00
5.968540965066972959e-01
-6.824225394048831994e+00
-2.617869746034859890e+00
-5.197533344375584008e+00
-3.415943590643052197e+00
-7.580924568809803255e+00
-4.115410956041549717e+00
1.359230656105461676e+00
-7.404179976169871225e+00
-3.584461388178191044e+00
-1.194783656816592154e+00
-4.966458471072246361e+00
-7.136179909632769380e-01
-2.754822081953932078e-01
-6.315022826670698919e+00
-2.661144263723587589e+00
7.271361008647146962e-01
-7.154761917863174503e+00
-4.700000000000001066e+00
-7.157474741598494061e-01
-3.182466195842487688e-01
-1.729458690748557403e+00
-5.716677991301040151e+00
-4.385386693020270066e+00
-6.651993466388966825e-01
-6.160626776250195391e+00
-1.540317002602727747e+00
1.741922407599439393e-01
-5.285261872279611417e+00
-1.773667189784721154e+00
-3.699331547496521599e-01
-6.913962936336140785e+00
-2.104769186620802479e+00
-5.160086227584610441e+00
-3.424949457476674120e+00
-6.746006160985172251e+00
-1.107916117232093045e+00
-5.441867102201363160e+00
-1.795173213273232316e+00
-6.162532465511588953e+00
-2.981343736394376887e+00
-6.687557566813569387e+00
-2.048358631393514706e+00
-3.820795164825829815e+00
-4.072548995504670089e+00
-2.535851224230549317e+00
-4.295987971079411771e+00
-4.231659047458058431e+00
-4.021152648892224235e+00
-3.823476986346573181e+00
-3.196318519931009128e+00
-3.025048050016319046e+00
-4.014442821260749916e+00
-2.659083009818855814e+00
-4.070821814850014597e+00
-3.917491710858720388e+00
-1.986338916665858711e+00
5.194665626908195888e-01
-4.338297818873392053e+00
-1.394434007370230821e+00
1.190420869513385993e+00
-3.105800342125316860e+00
-3.718456937588823674e+00
-4.392388569710096169e-01
-5.161909857484440423e+00
-1.611761241086711482e+00
1.098782930781063261e+00
