-5.543281140255484907e+00
-3.540250122457818449e+00
-5.558007771501819683e+00
-6.572264827944072962e+00
-2.250683495421273328e+00
1.033672166663037739e+00
-6.224396379065440854e+00
-2.260384397225938979e+00
-1.007858799624235857e+00
-5.384206817952017055e+00
-2.953532486152146141e+00
-8.000000000000000000e+00
-4.428146489186279844e+00
-2.276560441785845101e-01
-2.634062452115679243e+00
-2.498493922155981650e+00
-2.469322012894198615e+00
-5.021072873535207037e+00
-2.079324391587368925e+00
2.489689856587350980e-01
-9.051061026957953004e+00
-1.000000000000000000e+00
-9.879272814076298204e+00
-3.673015840770397222e+00
9.310015211729180673e-03
-4.700735491704208791e+00
-2.890474605240748396e+00
-3.154901959985743076e+00
-1.750456172802903776e+00
-6.807274069723802334e+00
-4.397330925622447317e+00
-1.469615136069439609e+00
-6.642188841423373624e+00
-1.685028917940736948e+00
-1.842162842521051669e+00
-4.146501162806356611e+00
-3.968669873559632855e+00
-9.095165612342549499e-01
-5.583613011153966355e+00
-1.897527021288341498e+00
-9.529526497311666677e-01
-6.436576135395724485e+00
-3.913924296858881213e+00
-7.959007987183399635e-01
-3.230078198542689627e-01
-2.187939317070968226e+00
-6.430680571387013877e+00
-4.398099226264262640e+00
-1.059362134697356073e+00
-8.383231626359174626e+00
-2.327133624040667481e+00
-6.978731816650822761e-01
-5.009844545603324484e+00
-3.382723901708574843e+00
-1.986807848899156681e-01
-5.374521027460110290e+00
-7.123400912847914768e-01
-8.000000000000000000e+00
-9.591251000324904075e-01
-7.370625914561456327e+00
-3.286449779355025580e+00
-4.732785028571205643e+00
-8.392613159658742772e-01
-6.054845842095303965e+00
-2.034388176797861547e+00
-4.904440020252006427e+00
4.348822041062582605e-02
-4.677426751323001675e+00
-2.592151282718350824e+00
-2.615395868194779982e+00
-3.830276458282347196e+00
-4.682247875274652138e+00
-2.163675578075927586e+00
-5.196742194691831962e+00
-2.900814437182451577e+00
-3.582192672413495593e+00
-1.396633964605447975e+00
-4.091544049144848927e+00
-3.745330940515830154e+00
-3.884834493462701044e+00
-2.683517269365527813e+00
6.117037118548694918e-01
-4.065989586087236596e+00
-3.442271025993945965e+00
-8.057363192061239854e-01
-5.017145683269724543e+00
-3.273502981722522076e+00
1.520902953852453221e+00
-2.544068022635552317e+00
-1.644964924893500990e+00
1.753608967085667603e+00
