-4.397940008672037493e+00
-4.356049661793356620e+00
-4.933483434043213656e+00
-8.000000000000000000e+00
-2.402494212266347962e+00
-2.000000000000000000e+00
-5.233831608342563335e+00
-4.396229071218883178e+00
2.000000000000000000e+00
-6.831002586678261324e+00
-1.000156662347264858e+00
-7.387758909785296702e+00
-1.742712695294291736e+00
0.000000000000000000e+00
-4.000000000000000000e+00
-9.899411470614556396e-01
-1.216861072814448441e+00
-6.133641383720519258e+00
-4.496607625430188548e+00
-1.911528759411981193e-01
-5.458529704035795405e+00
-4.993622140374432306e+00
-8.577396222661933578e+00
-4.729666298249432188e+00
-2.000000000000000000e+00
-4.021431284539384698e+00
-1.019016956002856578e+00
-5.719772812603483914e+00
-5.000000000000000000e+00
-7.034943646639343129e+00
-4.579236823435423709e+00
1.126263437946567192e-01
-7.698970004336018746e+00
-1.000000000000000000e+00
-4.064205654643850418e-01
-5.824465328647559836e+00
-1.959981756776763673e+00
2.000000000000000000e+00
-5.101976500273696757e+00
-1.000000000000000000e+00
-2.000000000000000000e+00
-8.345928893364956025e+00
-3.104510473759751754e+00
1.874018751358783152e+00
-2.025299657245329676e+00
-5.000000000000000000e+00
-7.307614747837221536e+00
-2.997185523367488891e+00
-2.000000000000000000e+00
-5.736465088150331404e+00
-1.000000000000000000e+00
-2.000000000000000000e+00
-5.000000000000000000e+00
-3.115911989619382094e+00
2.000000000000000000e+00
-7.646141821227384838e+00
-1.000000000000000000e+00
3.323692443230340521e-01
-9.000000000000000000e+00
-4.980933624796742620e+00
4.825561228943094777e-02
-8.000000000000000000e+00
-3.180456064458131227e+00
-7.607294246941056493e+00
-3.920818753952374891e+00
-5.476586705426780277e+00
-8.184502454207920590e-04
-4.000000000000000000e+00
0.000000000000000000e+00
-4.000000000000000000e+00
-4.000000000000000000e+00
-8.000000000000000000e+00
-1.215920630171398953e+00
-4.000000000000000000e+00
-3.993540150294709878e+00
-5.649026389403505100e+00
-3.713623719338681184e-01
-8.000000000000000000e+00
-1.446350675844143563e-02
-5.223015768622182975e+00
-1.613405742949534982e+00
-5.690196149515636570e+00
-4.284762778973145281e+00
-4.152745639935231381e+00
-1.091456684630185414e+00
-4.682389374062111642e+00
-2.603974466403410570e+00
-3.776070988448808396e+00
-5.000000000000000000e+00
-4.104576121151449541e+00
-1.000000000000000000e+00
-5.690196149515636570e+00
-5.000000000000000000e+00
-5.025229270594155473e+00
-5.000000000000000000e+00
-1.000000000000000000e+00
-2.544068022635552317e+00
-3.730493901549318370e+00
3.000000000000000000e+00
-6.544068022635552317e+00
-1.198870422219691534e+00
3.000000000000000000e+00
-5.880459929678589326e+00
-5.000000000000000000e+00
-4.234629836660530611e-01
