-5.251530880723119132e+00
-2.610486245641512326e+00
-5.244857815893254838e+00
-6.685806031366207769e+00
-1.000000000000000000e+00
1.806193666397756803e-01
-5.170776599183502853e+00
-1.996380402098613560e+00
-1.455003530032060066e+00
-6.820583238144545923e+00
-3.334998544899633544e+00
-5.964804108737285837e+00
-1.494454714676339391e+00
0.000000000000000000e+00
-4.000000000000000000e+00
-4.000000000000000000e+00
-2.118335471293951722e-01
-4.616667754072291352e+00
-2.185938399659401732e+00
-1.998874869788364039e+00
-9.222794886770438794e+00
-5.000000000000000000e+00
-6.301029995663981254e+00
-1.000000000000000000e+00
-7.267914752769345510e-01
-7.698970004336018746e+00
-5.000000000000000000e+00
-7.138407333840496527e+00
-1.002789639987485604e+00
-6.232541172871250978e+00
-1.000000000000000000e+00
-6.282905405224233908e-01
-7.698970004336018746e+00
-4.008467446155917102e+00
1.000000000000000000e+00
-4.014856862727570253e+00
-5.820280929303296713e-02
-9.534541590153711166e-01
-8.000000000000000000e+00
-5.000000000000000000e+00
-2.342443604720959027e-01
-5.607011956291530375e+00
-1.000000000000000000e+00
1.999943425426534249e+00
-7.044378015809199534e-01
-2.741628826666664853e+00
-5.147198535173632905e+00
-3.829403632791622769e+00
-2.000000000000000000e+00
-5.000000000000000000e+00
-5.000000000000000000e+00
-3.689337565758145192e-03
-8.996658624993610687e+00
-2.987920622856872210e+00
8.073488705860111248e-01
-5.003818751246877028e+00
-5.000000000000000000e+00
2.000000000000000000e+00
-5.670343360931688892e+00
-4.062581613687752835e+00
7.416668305102236403e-01
-4.535795277872098019e+00
-1.656728635761407276e+00
-8.000000000000000000e+00
7.918124604762488694e-02
-4.314376445550012207e+00
-1.665612367767192348e+00
-4.000000000000000000e+00
-4.373611300726066853e-01
-7.748381757986336105e+00
-2.258233402692577663e+00
-6.021340873927448989e+00
-1.680884627006663079e+00
-5.432824554596055400e+00
-3.634792273395840212e+00
-6.249463615440574493e+00
-1.781289702427283350e+00
-8.000000000000000000e+00
-1.327195506699129890e+00
-4.000000000000000000e+00
2.787536009528290837e-01
-1.808898504807987528e+00
-1.000000000000000000e+00
-1.690196149515636570e+00
-2.128973887168206236e+00
-5.690196149515636570e+00
-5.000000000000000000e+00
-1.690196149515636570e+00
-3.274272147640662212e+00
-2.328948572012571550e+00
-1.939059735848764676e+00
-5.690196149515636570e+00
-1.000000000000000000e+00
-2.717689528604142701e+00
-3.254327622333441195e+00
-1.000000000000000000e+00
-5.447802659442134932e+00
-3.049804157377096647e+00
-6.322219918353047530e-02
-6.543965012596366648e+00
-4.165441263274264116e+00
-1.000000000000000000e+00
-2.928763173730730696e+00
-4.561926303017327378e+00
-1.000000000000000000e+00
