-4.397940008672037493e+00
-1.000000000000000000e+00
-7.000000000000000000e+00
-8.000000000000000000e+00
-1.000000000000000000e+00
-2.000000000000000000e+00
-4.000000000000000000e+00
-4.127198146979139892e+00
-2.000000000000000000e+00
-8.000000000000000000e+00
-1.000000000000000000e+00
-8.000000000000000000e+00
-5.000000000000000000e+00
0.000000000000000000e+00
-4.000000000000000000e+00
-4.000000000000000000e+00
-3.986649325854935366e+00
-4.301029995663981254e+00
-5.000000000000000000e+00
2.000000000000000000e+00
-5.301030273799983483e+00
-4.041286079431165135e+00
-6.301029995663981254e+00
-5.000000000000000000e+00
1.694014867962145177e+00
-7.698970004336018746e+00
-5.000000000000000000e+00
-3.155175832678705827e+00
-5.000000000000000000e+00
-6.015977097485543545e+00
-3.273027684899687095e+00
-2.000000000000000000e+00
-6.287381785725216332e+00
-1.000000000000000000e+00
-3.000000000000000000e+00
-5.295295254877274260e+00
-4.000000000000000000e+00
-2.000000000000000000e+00
-4.000000000000000000e+00
-5.000000000000000000e+00
1.249536066401896850e+00
-8.968008254509824084e+00
-1.000000000000000000e+00
2.000000000000000000e+00
5.724166590086380291e-01
-5.000000000000000000e+00
-8.928828757638507696e+00
-5.000000000000000000e+00
2.000000000000000000e+00
-8.321830630834833542e+00
-4.424991350841751547e+00
-2.000000000000000000e+00
-5.000000000000000000e+00
-4.928487906826509501e+00
2.000000000000000000e+00
-5.000000000000000000e+00
-4.921837071196089042e+00
-5.094481215908457788e-02
-5.000000000000000000e+00
-5.000000000000000000e+00
-2.000000000000000000e+00
-4.000000000000000000e+00
-3.180456064458131227e+00
-5.091536753380538904e+00
-3.920818753952374891e+00
-8.000000000000000000e+00
0.000000000000000000e+00
-6.985992347436333461e+00
-1.331948673409065975e+00
-7.151799872723644924e+00
-2.987564577949094247e+00
-8.000000000000000000e+00
6.989700043360187465e-01
-5.510348926580531881e+00
-4.000000000000000000e+00
-8.000000000000000000e+00
4.139268515822491779e-02
-5.843548540003472347e+00
-3.999986619161981061e+00
-8.000000000000000000e+00
-2.419795340159146768e+00
-5.690196149515636570e+00
-5.000000000000000000e+00
-5.690196149515636570e+00
-1.000000000000000000e+00
-5.690196149515636570e+00
-1.000000000000000000e+00
-4.000864479826410580e+00
-1.000000000000000000e+00
-5.690196149515636570e+00
-1.000000000000000000e+00
-1.690196149515636570e+00
-5.000000000000000000e+00
-5.782717985953428119e+00
-1.000000000000000000e+00
3.000000000000000000e+00
-2.550930294032291545e+00
-1.000000000000000000e+00
3.000000000000000000e+00
-6.544068022635552317e+00
-5.000000000000000000e+00
1.161733888739510334e+00
-2.544068022635552317e+00
-1.011694483295053626e+00
2.367520385122961812e+00
