-4.397940008672037493e+00
-5.000000000000000000e+00
-7.000000000000000000e+00
-8.000000000000000000e+00
-4.955309496455956975e+00
-2.000000000000000000e+00
-8.000000000000000000e+00
-5.000000000000000000e+00
-2.000000000000000000e+00
-4.015586015525792973e+00
-3.086871682016353091e+00
-7.923628431007204043e+00
-1.000000000000000000e+00
0.000000000000000000e+00
-2.518282144718817950e+00
-4.000000000000000000e+00
-4.252495426815059007e-04
-4.301029995663981254e+00
-5.000000000000000000e+00
-2.000000000000000000e+00
-8.843630558462542979e+00
-4.395986603205256138e+00
-7.289032467795545145e+00
-5.000000000000000000e+00
-5.270886896847652991e-01
-4.390315144280952708e+00
-2.199707391423917358e+00
-3.154901959985743076e+00
-5.000000000000000000e+00
-9.000000000000000000e+00
-2.508073265204277202e+00
-1.242972648723019047e+00
-7.698970004336018746e+00
-4.055978068141044446e+00
-3.000000000000000000e+00
-6.024113239005786546e+00
-4.000000000000000000e+00
-1.002740738763628014e+00
-4.000000000000000000e+00
-1.000000000000000000e+00
1.587187770062401304e+00
-5.522878745280337398e+00
-1.000000000000000000e+00
2.000000000000000000e+00
6.948596284564219072e-01
-5.000000000000000000e+00
-6.042739162316271617e+00
-1.000000000000000000e+00
5.363729358720772389e-01
-6.002963269398396307e+00
-5.000000000000000000e+00
1.423647247459623344e+00
-9.000000000000000000e+00
-5.000000000000000000e+00
-2.000000000000000000e+00
-9.000000000000000000e+00
-5.000000000000000000e+00
-2.000000000000000000e+00
-7.041673174007830660e+00
-4.998632945151225471e+00
-2.000000000000000000e+00
-7.993231550664051888e+00
-1.340912617109323079e+00
-5.048939196342956848e+00
7.918124604762488694e-02
-4.673461453262898857e+00
-1.572942703784951046e+00
-7.402434568114228064e+00
0.000000000000000000e+00
-7.961207483167153320e+00
-4.000000000000000000e+00
-4.000000000000000000e+00
6.978441562061089565e-01
-6.103286841464725221e+00
-1.776242164742593888e+00
-8.000000000000000000e+00
-1.013333414201092353e+00
-8.000000000000000000e+00
-3.996696806219428577e+00
-7.710980735166622857e+00
-1.945817508113823813e+00
-5.688891798502726083e+00
-1.000000000000000000e+00
-5.249598029093163198e+00
-5.000000000000000000e+00
-1.690196149515636570e+00
-3.425018591972673665e+00
-1.705973181509558678e+00
-5.000000000000000000e+00
-3.415003048733714852e+00
-1.522631376050882723e+00
-4.650889968342195147e+00
-1.089930613458002240e+00
-6.544068022635552317e+00
-4.407912746348945809e+00
-1.000000000000000000e+00
-2.544068022635552317e+00
-1.000000000000000000e+00
1.161023444516040115e+00
-6.138859961059445425e+00
-5.000000000000000000e+00
-1.000000000000000000e+00
-3.144610546688549668e+00
-4.995967081388717368e+00
3.000000000000000000e+00
