-7.977724108543243098e+00
-5.000000000000000000e+00
-4.802420442400917366e+00
-5.363112269143261557e+00
-3.519316008860899903e+00
2.000000000000000000e+00
-6.272957056448619007e+00
-1.508920381916988518e+00
-1.734762003871070268e+00
-4.182549385502959183e+00
-1.000000000000000000e+00
-6.192011409380109299e+00
-2.219112275109885069e+00
0.000000000000000000e+00
-4.000000000000000000e+00
-4.000000000000000000e+00
-2.401751531808137941e+00
-4.301029995663981254e+00
-3.340716734469451943e+00
1.270883898712341642e+00
-9.298459959022226329e+00
-2.350334897755901320e+00
-9.613164595337162055e+00
-1.000000000000000000e+00
-1.611944255437738893e-02
-7.698970004336018746e+00
-4.731314153093659769e+00
-3.901416689735190957e+00
-3.825258486859291818e+00
-8.124407825774145664e+00
-3.268865460303505444e+00
-1.354671308724052281e+00
-5.735712117486976069e+00
-3.672879746185484073e+00
-1.265406060733195170e+00
-4.763972108454498589e+00
-4.000000000000000000e+00
8.509077123827173406e-01
-4.000000000000000000e+00
-2.145021534452419498e+00
1.357615212536507965e+00
-7.237538463261565802e+00
-1.000000000000000000e+00
-6.210917912043516509e-01
5.357012349613277102e-02
-3.019466237979576473e+00
-5.901134828096325613e+00
-4.316880167909171284e+00
-6.476425926793759613e-01
-6.040827937285204285e+00
-3.062467096377685216e+00
1.375664909347796838e+00
-7.658698378051536082e+00
-1.000000000000000000e+00
-6.854513433288836888e-01
-6.868311831611038087e+00
-3.262421158164462653e+00
-1.186127133634546249e+00
-7.510421842889608790e+00
-5.000000000000000000e+00
-4.245862319812906960e-01
-4.000000000000000000e+00
-1.392166616641945298e+00
-8.000000000000000000e+00
-2.695583864170143507e+00
-6.166790875242040393e+00
-4.000000000000000000e+00
-7.194623514523816432e+00
0.000000000000000000e+00
-5.464072794814369693e+00
-2.164598110616188897e+00
-8.000000000000000000e+00
-2.245345454572155397e+00
-4.000000000000000000e+00
-1.475528156822872639e+00
-7.691240526754421047e+00
-1.056747650222135126e+00
-4.089577431041683475e+00
-1.208343514792594497e+00
-6.251586580973963692e+00
7.879644324001216366e-03
-2.181331081615540679e+00
-2.681396285614970232e+00
-4.237285215592026866e+00
-3.574779533131613896e+00
-3.647362350776541806e+00
-1.178439564129932338e+00
-4.090956832601242432e+00
-5.000000000000000000e+00
-5.683473029714714464e+00
-1.000000000000000000e+00
-5.690196149515636570e+00
-1.000000000000000000e+00
-2.589714197098665238e+00
-1.750530875810173193e+00
4.123294653022483575e-02
-4.150283643541185619e+00
-1.329972377976422537e+00
3.000000000000000000e+00
-6.311880086903942200e+00
-2.539626996668185921e+00
-5.952128023333755902e-01
-3.308278292178302937e+00
-1.000000000000000000e+00
3.000000000000000000e+00
