-8.394408227420347757e+00
-3.992499206320243132e+00
-6.968086272106530643e+00
-4.000000000000000000e+00
-4.803717637301331500e+00
1.765509248064331294e+00
-6.921977642900378314e+00
-1.225645356744108572e+00
-1.061628209024495062e+00
-5.765435850715089572e+00
-4.036601524849190881e+00
-8.000000000000000000e+00
-4.989037624046911645e+00
0.000000000000000000e+00
-3.999806289238821755e+00
0.000000000000000000e+00
-2.900869055363721749e+00
-6.669133729878125472e+00
-2.955404601592548808e+00
-2.000000000000000000e+00
-8.100916452661234501e+00
-4.420031331957683385e+00
-9.382236363992246808e+00
-3.605617022707354735e+00
-2.000000000000000000e+00
-7.698970004336018746e+00
-1.000000007221728104e+00
-3.172308056137828292e+00
-1.000000000000000000e+00
-7.208404583147727251e+00
-2.237825820838771573e+00
1.319181712920529881e+00
-6.275566765257423185e+00
-4.983524374030560367e+00
-3.962112011325549799e-01
-5.643168539988396404e+00
-4.000000000000000000e+00
4.073800434747115728e-01
-4.128740901873269920e+00
-1.000000000000000000e+00
-2.000000000000000000e+00
-6.644370509181633189e+00
-4.048660568702912244e+00
-2.000000000000000000e+00
1.000000000000000000e+00
-2.771143163057566472e+00
-5.933465232864812755e+00
-1.000527264736025934e+00
-2.000000000000000000e+00
-6.746763681771462906e+00
-4.531163103683835125e+00
2.000000000000000000e+00
-5.387105891273445302e+00
-1.000000000000000000e+00
-2.000000000000000000e+00
-6.417582654561928557e+00
-5.000000000000000000e+00
-1.981315134283703427e+00
-8.543080121978039898e+00
-5.000000000000000000e+00
1.004657612900600627e+00
-8.000000000000000000e+00
-3.180456064458131227e+00
-6.782609727774282504e+00
-3.626324698314745465e+00
-4.109085415688219278e+00
-3.999949062649876375e+00
-4.848527115720807856e+00
0.000000000000000000e+00
-4.000000000000000000e+00
-1.689421517064397360e+00
-8.000000000000000000e+00
6.989700043360187465e-01
-4.000000000000000000e+00
-2.818331965065364320e-01
-5.559688624104059507e+00
4.139268515822491779e-02
-4.296441676314825209e+00
0.000000000000000000e+00
-4.000000000000000000e+00
2.783820367224840719e-01
-1.927251126803185777e+00
-5.000000000000000000e+00
-4.923074482741784941e+00
-5.000000000000000000e+00
-4.957390233816193259e+00
-2.629890101434089189e+00
-5.690196149515636570e+00
-3.827194372552606971e+00
-3.774517265610466410e+00
-1.000000000000000000e+00
-4.774123659608695114e+00
-3.823733415862235585e+00
-6.543741860144027811e+00
-3.516276387293090000e+00
3.000000000000000000e+00
-3.137101045375432218e+00
-1.430710631016457235e+00
1.082366431576932575e+00
-6.544068022635552317e+00
-2.153804537248814377e+00
-1.000000000000000000e+00
-2.547442001380773036e+00
-3.054915069459097854e+00
1.738017545500948335e+00
