4.173376785189362614e+00
4.173376785189362614e+00
1.727876473955123782e+00
1.727876473955123782e+00
1.727876473955123782e+00
1.727876473955123782e+00
1.550136854322001101e+00
1.550136854322001101e+00
1.263301468409755879e+00
1.263301468409755879e+00
9.385139884646866992e-01
9.385139884646866992e-01
4.718648387841555270e-01
4.718648387841555270e-01
4.718648387841555270e-01
4.718648387841555270e-01
4.718648387841555270e-01
4.718648387841555270e-01
4.718648387841555270e-01
4.718648387841555270e-01
4.718648387841555270e-01
4.718648387841555270e-01
4.718648387841555270e-01
4.718648387841555270e-01
4.718648387841555270e-01
4.718648387841555270e-01
4.718648387841555270e-01
4.718648387841555270e-01
4.718648387841555270e-01
4.718648387841555270e-01
4.718648387841555270e-01
4.718648387841555270e-01
4.718648387841555270e-01
4.718648387841555270e-01
4.718648387841555270e-01
4.718648387841555270e-01
4.718648387841555270e-01
4.718648387841555270e-01
4.718648387841555270e-01
4.718648387841555270e-01
4.718648387841555270e-01
4.718648387841555270e-01
4.667590192079285605e-01
4.667590192079285605e-01
4.667590192079285605e-01
4.667590192079285605e-01
4.667590192079285605e-01
4.667590192079285605e-01
3.255879687017835811e-01
3.255879687017835811e-01
3.255879687017835811e-01
3.255879687017835811e-01
3.255879687017835811e-01
3.255879687017835811e-01
3.255879687017835811e-01
3.255879687017835811e-01
3.255879687017835811e-01
3.255879687017835811e-01
3.255879687017835811e-01
3.255879687017835811e-01
3.255879687017835811e-01
3.255879687017835811e-01
3.255879687017835811e-01
3.255879687017835811e-01
3.255879687017835811e-01
3.143132606413033270e-01
3.019624772675044144e-01
3.019624772675044144e-01
2.854687821891718769e-01
2.854687821891718769e-01
2.854687821891718769e-01
2.854687821891718769e-01
2.854687821891718769e-01
2.854687821891718769e-01
2.854687821891718769e-01
2.854687821891718769e-01
2.854687821891718769e-01
2.854687821891718769e-01
2.854687821891718769e-01
2.854687821891718769e-01
2.854687821891718769e-01
2.854687821891718769e-01
2.854687821891718769e-01
2.854687821891718769e-01
2.854687821891718769e-01
2.854687821891718769e-01
2.854687821891718769e-01
2.854687821891718769e-01
2.854687821891718769e-01
2.854687821891718769e-01
2.388501827421936063e-01
2.388501827421936063e-01
2.388501827421936063e-01
2.388501827421936063e-01
2.388501827421936063e-01
2.388501827421936063e-01
2.388501827421936063e-01
2.388501827421936063e-01
2.388501827421936063e-01
2.388501827421936063e-01
2.388501827421936063e-01
2.388501827421936063e-01
2.388501827421936063e-01
2.388501827421936063e-01
2.388501827421936063e-01
2.388501827421936063e-01
2.388501827421936063e-01
2.388501827421936063e-01
2.388501827421936063e-01
2.388501827421936063e-01
2.388501827421936063e-01
2.388501827421936063e-01
2.388501827421936063e-01
2.388501827421936063e-01
2.388501827421936063e-01
2.388501827421936063e-01
2.388501827421936063e-01
2.213630505554778360e-01
2.213630505554778360e-01
2.213630505554778360e-01
2.213630505554778360e-01
2.213630505554778360e-01
2.213630505554778360e-01
2.213630505554778360e-01
2.213630505554778360e-01
2.213630505554778360e-01
2.213630505554778360e-01
2.213630505554778360e-01
2.074806907545209966e-01
2.074806907545209966e-01
1.871691377141948553e-01
1.871691377141948553e-01
1.871691377141948553e-01
1.871691377141948553e-01
1.871691377141948553e-01
1.871691377141948553e-01
1.871691377141948553e-01
1.871691377141948553e-01
1.871691377141948553e-01
1.871691377141948553e-01
1.871691377141948553e-01
1.871691377141948553e-01
1.871691377141948553e-01
1.871691377141948553e-01
1.845673538733088870e-01
1.845673538733088870e-01
1.845673538733088870e-01
1.788488949083017199e-01
1.782050321553451666e-01
1.781940294585414863e-01
1.781940294585414863e-01
1.781352100896699542e-01
1.781226005875934382e-01
1.781194211318115617e-01
1.781189681525908730e-01
1.781189207493931725e-01
1.781185975676310984e-01
1.781185975676310984e-01
1.772228924525919014e-01
1.752532292749312826e-01
1.752532292749312826e-01
1.752532292749312826e-01
1.730565728349824361e-01
1.725244679908000123e-01
1.724390747436643501e-01
1.724237254645020201e-01
1.724211519841907791e-01
1.724206753855363761e-01
1.724206369326896915e-01
1.724206339805799959e-01
1.724206339805799959e-01
1.724206323269886210e-01
1.724206131581998147e-01
1.724206131581998147e-01
1.724205968349604989e-01
1.724205968349604989e-01
1.724205797317942268e-01
1.724205797317942268e-01
1.724205797317942268e-01
1.724205797317942268e-01
1.724205797317942268e-01
1.724205797317942268e-01
1.724205797317942268e-01
1.724205797317942268e-01
1.724205797317942268e-01
1.724205797317942268e-01
1.724205797317942268e-01
1.724205797317942268e-01
1.724205797317942268e-01
1.724205797317942268e-01
1.724205428687894948e-01
1.724205428687894948e-01
1.724205428687894948e-01
1.724205428687894948e-01
1.724205428687894948e-01
1.724205428687894948e-01
1.724205428687894948e-01
1.724205428687894948e-01
1.724205428687894948e-01
1.724205428687894948e-01
