9.446722436980742543e+00
9.446722436980742543e+00
9.446722436980742543e+00
9.334420928499312708e+00
1.899570185263828037e+00
1.899570185263828037e+00
1.899570185263828037e+00
1.899570185263828037e+00
1.899570185263828037e+00
1.899570185263828037e+00
1.899570185263828037e+00
1.899570185263828037e+00
1.899570185263828037e+00
1.899570185263828037e+00
1.899570185263828037e+00
1.899570185263828037e+00
1.899570185263828037e+00
1.899570185263828037e+00
1.899570185263828037e+00
1.899570185263828037e+00
1.797400568066835236e+00
1.797400568066835236e+00
1.797400568066835236e+00
1.797400568066835236e+00
1.797400568066835236e+00
1.797400568066835236e+00
1.797400568066835236e+00
1.294127624811451049e+00
1.294127624811451049e+00
1.294127624811451049e+00
1.294127624811451049e+00
1.294127624811451049e+00
1.294127624811451049e+00
1.294127624811451049e+00
1.294127624811451049e+00
1.294127624811451049e+00
1.247027153752757966e+00
1.247027153752757966e+00
1.247027153752757966e+00
1.247027153752757966e+00
1.247027153752757966e+00
1.247027153752757966e+00
1.247027153752757966e+00
1.247027153752757966e+00
1.247027153752757966e+00
1.247027153752757966e+00
1.247027153752757966e+00
1.242920629159794954e+00
1.242920629159794954e+00
1.193518608984539542e+00
1.147758251126068219e+00
1.147758251126068219e+00
1.147758251126068219e+00
1.147758251126068219e+00
1.147758251126068219e+00
1.147758251126068219e+00
1.147758251126068219e+00
9.028751158136744115e-01
9.028751158136744115e-01
9.028751158136744115e-01
9.028751158136744115e-01
9.028751158136744115e-01
9.028751158136744115e-01
9.028751158136744115e-01
9.028751158136744115e-01
9.028751158136744115e-01
8.938914194603838625e-01
8.938914194603838625e-01
8.938914194603838625e-01
8.938914194603838625e-01
8.938914194603838625e-01
8.938914194603838625e-01
8.938914194603838625e-01
8.938914194603838625e-01
8.938914194603838625e-01
8.938914194603838625e-01
8.938914194603838625e-01
8.938914194603838625e-01
8.938914194603838625e-01
8.938914194603838625e-01
8.407613784675567192e-01
8.407613784675567192e-01
7.941346869441469059e-01
7.941346869441469059e-01
7.941346869441469059e-01
7.941346869441469059e-01
7.941346869441469059e-01
7.941346869441469059e-01
7.941346869441469059e-01
7.941346869441469059e-01
7.941346869441469059e-01
7.941346869441469059e-01
7.941346869441469059e-01
7.941346869441469059e-01
7.941346869441469059e-01
7.941346869441469059e-01
7.941346869441469059e-01
7.941346869441469059e-01
7.941346869441469059e-01
7.874405472220475932e-01
7.874405472220475932e-01
7.874405472220475932e-01
7.805213094789795747e-01
7.805213094789795747e-01
7.800244607419735132e-01
7.800244607419735132e-01
7.800244607419735132e-01
7.800244607419735132e-01
7.800244607419735132e-01
7.708243144294006921e-01
7.708243144294006921e-01
7.708243144294006921e-01
7.708243144294006921e-01
7.708243144294006921e-01
7.694562247463261340e-01
7.637004391255877156e-01
7.637004391255877156e-01
7.575904780154157914e-01
7.561714197662946502e-01
7.561714197662946502e-01
7.561714197662946502e-01
7.561714197662946502e-01
7.559243602644987181e-01
7.559243602644987181e-01
7.559243602644987181e-01
7.438020479103825133e-01
7.438020479103825133e-01
7.438020479103825133e-01
7.438020479103825133e-01
7.438020479103825133e-01
7.438020479103825133e-01
7.438020479103825133e-01
7.438020479103825133e-01
7.438020479103825133e-01
7.438020479103825133e-01
7.438020479103825133e-01
7.438020479103825133e-01
7.438020479103825133e-01
7.438020479103825133e-01
7.438020479103825133e-01
7.433814632474877726e-01
7.433814632474877726e-01
7.431267226870668097e-01
7.376041015267879031e-01
7.376041015267879031e-01
7.287983266794828552e-01
7.287983266794828552e-01
7.287983266794828552e-01
7.287983266794828552e-01
7.287983266794828552e-01
7.287983266794828552e-01
7.287983266794828552e-01
7.279997993103776155e-01
7.279997993103776155e-01
7.131998923012671243e-01
7.131998923012671243e-01
7.131998923012671243e-01
7.127595736194681786e-01
7.085345986302609145e-01
7.085345986302609145e-01
7.085345986302609145e-01
7.085345986302609145e-01
7.085345986302609145e-01
7.085345986302609145e-01
7.085345986302609145e-01
7.085345986302609145e-01
7.085345986302609145e-01
7.085345986302609145e-01
7.085345986302609145e-01
7.085345986302609145e-01
7.076296898407994362e-01
6.788717295917434669e-01
6.788717295917434669e-01
6.788717295917434669e-01
6.788717295917434669e-01
6.788717295917434669e-01
6.788717295917434669e-01
6.788717295917434669e-01
6.788717295917434669e-01
6.788717295917434669e-01
6.788717295917434669e-01
6.788717295917434669e-01
6.788717295917434669e-01
6.788717295917434669e-01
6.788717295917434669e-01
6.788717295917434669e-01
6.788717295917434669e-01
6.788717295917434669e-01
6.788717295917434669e-01
6.788717295917434669e-01
6.667949148816652016e-01
6.667949148816652016e-01
6.656478881471309395e-01
6.643459069359642921e-01
6.634056499531622020e-01
6.620394180437039200e-01
6.620394180437039200e-01
6.620394180437039200e-01
6.619779989212968285e-01
6.617935421053298128e-01
