2.661742584575787518e+01
2.661742584575787518e+01
1.517115840100999513e+01
6.427199716242850691e+00
6.427199716242850691e+00
6.153302466879098986e+00
6.153302466879098986e+00
6.153302466879098986e+00
6.153302466879098986e+00
4.856145807937410908e+00
4.633606238462092186e+00
3.657454812114911302e+00
3.657454812114911302e+00
3.128066529220597580e+00
3.128066529220597580e+00
3.128066529220597580e+00
3.050955879651327862e+00
3.050955879651327862e+00
3.050955879651327862e+00
3.050955879651327862e+00
3.050955879651327862e+00
3.050955879651327862e+00
3.050955879651327862e+00
3.050955879651327862e+00
3.050955879651327862e+00
3.050955879651327862e+00
3.050955879651327862e+00
3.050955879651327862e+00
3.050955879651327862e+00
3.050955879651327862e+00
3.050955879651327862e+00
3.050955879651327862e+00
2.847596538831580482e+00
2.829985615507224050e+00
2.829985615507224050e+00
2.829985615507224050e+00
2.723965905253119324e+00
2.723965905253119324e+00
2.723965905253119324e+00
2.723965905253119324e+00
2.473885634290816871e+00
2.473885634290816871e+00
2.473885634290816871e+00
2.473885634290816871e+00
2.473885634290816871e+00
2.473885634290816871e+00
2.473885634290816871e+00
2.473885634290816871e+00
2.473885634290816871e+00
2.473885634290816871e+00
2.473885634290816871e+00
2.473885634290816871e+00
2.425971379683521167e+00
2.425971379683521167e+00
2.425971379683521167e+00
2.369265674234743990e+00
2.245624577305246561e+00
2.245624577305246561e+00
2.179847216636455531e+00
2.016976880302058905e+00
9.155478805992106617e-01
9.155478805992106617e-01
9.155478805992106617e-01
9.155478805992106617e-01
9.155478805992106617e-01
9.155478805992106617e-01
9.155478805992106617e-01
9.155478805992106617e-01
9.155478805992106617e-01
6.829557392394718374e-01
6.829557392394718374e-01
6.829557392394718374e-01
6.320971598040527883e-01
6.320971598040527883e-01
6.320971598040527883e-01
6.320971598040527883e-01
6.320971598040527883e-01
6.320971598040527883e-01
6.320971598040527883e-01
6.320971598040527883e-01
6.320971598040527883e-01
5.927902798882080937e-01
5.927902798882080937e-01
5.927902798882080937e-01
5.927902798882080937e-01
5.770623649867926419e-01
5.770623649867926419e-01
5.770623649867926419e-01
5.770623649867926419e-01
5.770623649867926419e-01
5.770623649867926419e-01
5.770623649867926419e-01
5.770623649867926419e-01
5.770623649867926419e-01
5.770623649867926419e-01
5.770623649867926419e-01
5.770623649867926419e-01
5.770623649867926419e-01
5.770623649867926419e-01
5.770623649867926419e-01
5.770623649867926419e-01
5.770623649867926419e-01
5.637325389352703109e-01
5.637325389352703109e-01
5.637325389352703109e-01
5.637325389352703109e-01
5.637325389352703109e-01
5.637325389352703109e-01
5.637325389352703109e-01
5.637325389352703109e-01
5.637325389352703109e-01
5.596275360043420077e-01
5.596275360043420077e-01
5.596275360043420077e-01
5.596275360043420077e-01
5.596275360043420077e-01
5.596275360043420077e-01
5.596275360043420077e-01
5.596275360043420077e-01
5.596275360043420077e-01
5.596275360043420077e-01
5.596275360043420077e-01
5.560014974810267852e-01
5.556490300098735347e-01
5.533281258053419638e-01
5.520406103210517834e-01
5.516736855880111090e-01
5.515022075622030284e-01
5.514420274724917137e-01
5.512853598847228254e-01
5.474634718212071371e-01
5.474634718212071371e-01
5.473590773553574929e-01
5.470946691264538808e-01
5.470145370835762799e-01
5.469907726234890522e-01
5.469829734208769834e-01
5.467867048584067469e-01
5.463340210653543361e-01
5.463340210653543361e-01
5.461092663115211243e-01
5.460974908230753488e-01
5.460974908230753488e-01
5.460242760138019902e-01
5.460160832247176188e-01
5.460156355371341697e-01
5.459670261611471176e-01
5.459569772338319638e-01
5.459423772310979528e-01
5.459285803549360772e-01
5.459285803549360772e-01
5.459171364630518442e-01
5.459171364630518442e-01
5.456368967440278217e-01
5.454226481251553960e-01
5.453775179773605597e-01
5.453544642798804354e-01
5.450413175250764519e-01
5.447190898100850998e-01
5.445934028568538698e-01
5.444948377929949013e-01
5.444298465915962115e-01
5.444061750338676786e-01
5.443792998753111956e-01
5.443728563897944905e-01
5.443708386053599524e-01
5.443708386053599524e-01
5.443708386053599524e-01
5.443418495100834642e-01
5.439822995772080061e-01
5.439822995772080061e-01
5.438700330023524820e-01
5.438538262196614959e-01
5.438515207846242872e-01
5.437665886662135240e-01
5.436220233636996912e-01
5.436132589590177977e-01
5.435867670516428829e-01
5.434826635810267037e-01
5.434826635810267037e-01
5.434826635810267037e-01
5.434630114076374197e-01
5.433924548717468106e-01
5.429458017384575230e-01
5.429458017384575230e-01
5.428073683233169966e-01
5.428008456316848473e-01
5.428000235273916507e-01
5.420371211229014774e-01
5.420371211229014774e-01
5.420371211229014774e-01
5.406819772648073785e-01
5.406819772648073785e-01
5.377444035761820285e-01
5.377113733625259462e-01
5.377090734676059913e-01
5.377090734676059913e-01
5.377090734676059913e-01
5.377090734676059913e-01
5.377090629167838864e-01
