7.545502022019653054e+01
3.037871302708882126e+01
7.613405172737103932e+00
4.655508913019515305e+00
3.127399835618440704e+00
3.127399835618440704e+00
3.127399835618440704e+00
3.127399835618440704e+00
3.127399835618440704e+00
3.127399835618440704e+00
3.127399835618440704e+00
3.127399835618440704e+00
3.127399835618440704e+00
3.127170528115100989e+00
3.127170528115100989e+00
2.333805946481491311e+00
2.333805946481491311e+00
1.936390337874583034e+00
1.936390337874583034e+00
1.936390337874583034e+00
1.936390337874583034e+00
1.936390337874583034e+00
1.892256072324608906e+00
1.892256072324608906e+00
1.833794261154061855e+00
1.525509590677576854e+00
1.263908169934971015e+00
1.263908169934971015e+00
1.263908169934971015e+00
1.263908169934971015e+00
1.263908169934971015e+00
1.263908169934971015e+00
1.263908169934971015e+00
1.263908169934971015e+00
1.263908169934971015e+00
1.263908169934971015e+00
1.263908169934971015e+00
1.263908169934971015e+00
1.071692540808809380e+00
1.059570484505062860e+00
1.059570484505062860e+00
1.059570484505062860e+00
9.621031923358214222e-01
9.621031923358214222e-01
9.621031923358214222e-01
9.621031923358214222e-01
9.568205441447432680e-01
9.568205441447432680e-01
9.568205441447432680e-01
9.568205441447432680e-01
6.147330439861407037e-01
5.507148341182402929e-01
5.507148341182402929e-01
3.619418537093708754e-01
3.619418537093708754e-01
3.619418537093708754e-01
3.619418537093708754e-01
3.204028603275175802e-01
3.204028603275175802e-01
3.204028603275175802e-01
3.204028603275175802e-01
3.204028603275175802e-01
2.734860748451101720e-01
2.734860748451101720e-01
2.734860748451101720e-01
2.734860748451101720e-01
2.734860748451101720e-01
2.734860748451101720e-01
2.734860748451101720e-01
2.734860748451101720e-01
2.734860748451101720e-01
2.598105829272489564e-01
2.598105829272489564e-01
2.598105829272489564e-01
2.598105829272489564e-01
2.598105829272489564e-01
2.598105829272489564e-01
2.598105829272489564e-01
2.598105829272489564e-01
2.598105829272489564e-01
2.598105829272489564e-01
2.598105829272489564e-01
2.598105829272489564e-01
2.598105829272489564e-01
2.546896928404039917e-01
2.546896928404039917e-01
2.165455286950485059e-01
2.165455286950485059e-01
2.165455286950485059e-01
2.165455286950485059e-01
2.165455286950485059e-01
2.165455286950485059e-01
2.165455286950485059e-01
2.165455286950485059e-01
2.165455286950485059e-01
2.165455286950485059e-01
2.165455286950485059e-01
2.165455286950485059e-01
2.165455286950485059e-01
2.165455286950485059e-01
2.165455286950485059e-01
2.165455286950485059e-01
2.165455286950485059e-01
2.165455286950485059e-01
2.165455286950485059e-01
2.165455286950485059e-01
2.165455286950485059e-01
2.165455286950485059e-01
2.079198854605502911e-01
1.803675787346743775e-01
1.803675787346743775e-01
1.774873493766324362e-01
1.724183163099985705e-01
1.679078415021314219e-01
1.679078415021314219e-01
1.653716275621208154e-01
1.653716275621208154e-01
1.644364528084563681e-01
1.637448188102808289e-01
1.632914340849411228e-01
1.624636708105882399e-01
1.621940612930819758e-01
1.621105869533318866e-01
1.620818119461168993e-01
1.618727272595130717e-01
1.617380989038318118e-01
1.616306517598476433e-01
1.615824734521408845e-01
1.615444184151980656e-01
1.601849722429536937e-01
1.578497008566571991e-01
1.578497008566571991e-01
1.578497008566571991e-01
1.578497008566571991e-01
1.501794186528697117e-01
1.501794186528697117e-01
1.501794186528697117e-01
1.501794186528697117e-01
1.485396082943117591e-01
1.485396082943117591e-01
1.485396082943117591e-01
1.485396082943117591e-01
1.485396082943117591e-01
1.485396082943117591e-01
1.485396082943117591e-01
1.485396082943117591e-01
1.485396082943117591e-01
1.485396082943117591e-01
1.485396082943117591e-01
1.485396082943117591e-01
1.485396082943117591e-01
1.485396082943117591e-01
1.485396082943117591e-01
1.485396082943117591e-01
1.459986266229439389e-01
1.459986266229439389e-01
1.459986266229439389e-01
1.459986266229439389e-01
1.459986266229439389e-01
1.431462035355392792e-01
1.431462035355392792e-01
1.431462035355392792e-01
1.431462035355392792e-01
1.431462035355392792e-01
1.431462035355392792e-01
1.431462035355392792e-01
1.431462035355392792e-01
1.431462035355392792e-01
1.401797406510229271e-01
1.397249255527155676e-01
1.396657866166771955e-01
1.396578164020132184e-01
1.396563256426938959e-01
1.396557904870027178e-01
1.396557904870027178e-01
1.396557904870027178e-01
1.396557904870027178e-01
1.390733493019370159e-01
1.383163637231637488e-01
1.382638413737584948e-01
1.382592295818704520e-01
1.378060129801075284e-01
1.352903187691731901e-01
1.350585015813843826e-01
1.350585015813843826e-01
1.350585015813843826e-01
1.334762867936865327e-01
1.333787573277866734e-01
1.205733038695358389e-01
1.205733038695358389e-01
1.205733038695358389e-01
1.205733038695358389e-01
1.205733038695358389e-01
1.205733038695358389e-01
1.205733038695358389e-01
1.194082062427708341e-01
1.194082062427708341e-01
1.192914158554264914e-01
1.192903907869177216e-01
1.192903907869177216e-01
