5.034593080644568630e+01
1.313244096049361254e+01
1.313244096049361254e+01
7.488706566939346665e+00
1.702576905195780865e+00
1.702576905195780865e+00
1.702576905195780865e+00
1.702576905195780865e+00
1.702576905195780865e+00
7.444192626950156821e-01
7.444192626950156821e-01
7.444192626950156821e-01
7.444192626950156821e-01
7.444192626950156821e-01
7.444192626950156821e-01
7.444192626950156821e-01
6.944622610922726036e-01
5.337104647114845335e-01
5.337104647114845335e-01
5.337104647114845335e-01
5.337104647114845335e-01
5.337104647114845335e-01
5.337104647114845335e-01
5.337104647114845335e-01
5.337104647114845335e-01
5.337104647114845335e-01
5.337104647114845335e-01
5.337104647114845335e-01
5.337104647114845335e-01
5.337104647114845335e-01
5.337104647114845335e-01
5.337104647114845335e-01
5.337104647114845335e-01
5.337104647114845335e-01
5.337104647114845335e-01
5.337104647114845335e-01
5.337104647114845335e-01
5.337104647114845335e-01
5.337104647114845335e-01
4.219941860919076415e-01
4.219941860919076415e-01
3.449813528530457085e-01
3.449813528530457085e-01
3.449813528530457085e-01
2.880208872628343131e-01
2.880208872628343131e-01
2.880208872628343131e-01
2.880208872628343131e-01
2.880208872628343131e-01
2.880208872628343131e-01
2.880208872628343131e-01
2.880208872628343131e-01
2.880208872628343131e-01
2.880208872628343131e-01
2.378523465814515181e-01
2.378523465814515181e-01
2.378523465814515181e-01
2.378523465814515181e-01
2.378523465814515181e-01
2.378523465814515181e-01
2.378523465814515181e-01
2.378523465814515181e-01
1.723286496390851186e-01
1.723286496390851186e-01
1.723286496390851186e-01
1.723286496390851186e-01
1.723286496390851186e-01
1.723286496390851186e-01
1.723286496390851186e-01
1.723286496390851186e-01
1.723286496390851186e-01
1.723286496390851186e-01
1.723286496390851186e-01
1.723286496390851186e-01
1.723286496390851186e-01
1.723286496390851186e-01
1.723286496390851186e-01
1.601862247772832260e-01
1.601862247772832260e-01
1.601862247772832260e-01
1.601862247772832260e-01
1.601862247772832260e-01
1.601862247772832260e-01
1.434519787656942935e-01
1.434519787656942935e-01
1.434519787656942935e-01
1.434519787656942935e-01
1.434519787656942935e-01
1.434519787656942935e-01
1.434519787656942935e-01
1.434519787656942935e-01
1.434519787656942935e-01
1.434519787656942935e-01
1.434519787656942935e-01
1.404996678014665823e-01
1.404996678014665823e-01
1.404996678014665823e-01
1.404996678014665823e-01
1.404996678014665823e-01
1.404996678014665823e-01
1.404996678014665823e-01
1.404996678014665823e-01
1.404996678014665823e-01
1.351333009975591581e-01
1.351333009975591581e-01
1.351333009975591581e-01
1.351333009975591581e-01
1.351333009975591581e-01
1.351333009975591581e-01
1.351333009975591581e-01
1.351333009975591581e-01
1.345465003662520420e-01
1.327581010634138470e-01
1.327581010634138470e-01
1.327581010634138470e-01
1.327581010634138470e-01
1.327581010634138470e-01
1.322192683067079100e-01
1.196957394534944458e-01
1.196957394534944458e-01
1.196957394534944458e-01
1.196957394534944458e-01
1.196957394534944458e-01
1.196957394534944458e-01
1.196957394534944458e-01
1.196957394534944458e-01
1.196957394534944458e-01
1.176755584125471349e-01
1.172879068286095949e-01
1.129246644442636616e-01
1.129246644442636616e-01
1.129246644442636616e-01
1.129246644442636616e-01
1.129246644442636616e-01
1.129246644442636616e-01
1.129246644442636616e-01
1.129246644442636616e-01
1.129246644442636616e-01
1.129246644442636616e-01
9.951136001307692158e-02
9.951136001307692158e-02
9.951136001307692158e-02
9.951136001307692158e-02
9.951136001307692158e-02
9.951136001307692158e-02
9.951136001307692158e-02
9.951136001307692158e-02
9.951136001307692158e-02
9.951136001307692158e-02
9.951136001307692158e-02
9.951136001307692158e-02
9.951136001307692158e-02
9.951136001307692158e-02
9.951136001307692158e-02
9.951136001307692158e-02
9.928527608966625229e-02
9.858243126708784998e-02
9.858243126708784998e-02
9.858243126708784998e-02
9.169505598072402730e-02
9.136489493042759813e-02
9.136489493042759813e-02
9.127441657853203882e-02
9.127441657853203882e-02
9.125592162819595732e-02
9.125592162819595732e-02
9.125592162819595732e-02
9.125592162819595732e-02
9.125592162819595732e-02
9.125592162819595732e-02
9.125592162819595732e-02
9.125592162819595732e-02
9.125592162819595732e-02
9.125592162819595732e-02
9.125592162819595732e-02
9.125592162819595732e-02
9.125592162819595732e-02
9.125592162819595732e-02
9.083617414369747622e-02
9.076761249765528949e-02
9.044742794939999997e-02
9.041984479172103517e-02
9.041840189690074359e-02
9.041825413020057600e-02
9.041822156976168923e-02
9.032159620949460621e-02
9.032159620949460621e-02
9.021800484446479418e-02
9.021800484446479418e-02
9.021800484446479418e-02
9.020281695713409931e-02
9.019959035040603368e-02
9.019957344673862343e-02
9.019957344673862343e-02
9.009367398622131207e-02
9.009367398622131207e-02
9.004610037203437944e-02
9.002833628021299217e-02
9.002833628021299217e-02
9.002745602452613682e-02
