1.874459484040175283e+01
1.694370536252229442e+01
4.096598857284346806e+00
4.096598857284346806e+00
1.865786835136149735e+00
1.865786835136149735e+00
1.777941812067755700e+00
1.633799167074882153e+00
1.633799167074882153e+00
1.633799167074882153e+00
1.633799167074882153e+00
1.633799167074882153e+00
1.614330034129817459e+00
1.585425271108412026e+00
9.240960881006214933e-01
9.240960881006214933e-01
9.240960881006214933e-01
9.240960881006214933e-01
9.240960881006214933e-01
9.240960881006214933e-01
9.240960881006214933e-01
9.127127732755492273e-01
9.127127732755492273e-01
6.589521599197696311e-01
6.589521599197696311e-01
6.589521599197696311e-01
6.589521599197696311e-01
6.589521599197696311e-01
6.589521599197696311e-01
6.589521599197696311e-01
6.589521599197696311e-01
6.589521599197696311e-01
6.589521599197696311e-01
6.589521599197696311e-01
6.589521599197696311e-01
5.151390129556395747e-01
5.151390129556395747e-01
5.151390129556395747e-01
5.151390129556395747e-01
5.151390129556395747e-01
5.151390129556395747e-01
5.151390129556395747e-01
5.151390129556395747e-01
5.151390129556395747e-01
5.151390129556395747e-01
5.151390129556395747e-01
5.151390129556395747e-01
5.151390129556395747e-01
5.151390129556395747e-01
5.151390129556395747e-01
5.151390129556395747e-01
5.151390129556395747e-01
5.151390129556395747e-01
5.151390129556395747e-01
5.151390129556395747e-01
5.151390129556395747e-01
5.151390129556395747e-01
5.151390129556395747e-01
5.151390129556395747e-01
5.151390129556395747e-01
5.151390129556395747e-01
5.151390129556395747e-01
5.151390129556395747e-01
5.025569938453893215e-01
5.025569938453893215e-01
5.025569938453893215e-01
5.025569938453893215e-01
5.025569938453893215e-01
5.025569938453893215e-01
5.025569938453893215e-01
5.025569938453893215e-01
5.025569938453893215e-01
5.025569938453893215e-01
5.025569938453893215e-01
5.025569938453893215e-01
5.025569938453893215e-01
5.025569938453893215e-01
5.025569938453893215e-01
4.435170503329365910e-01
4.435170503329365910e-01
4.435170503329365910e-01
4.435170503329365910e-01
4.435170503329365910e-01
4.435170503329365910e-01
4.435170503329365910e-01
4.435170503329365910e-01
4.435170503329365910e-01
4.435170503329365910e-01
4.435170503329365910e-01
4.435170503329365910e-01
4.435170503329365910e-01
4.435170503329365910e-01
4.435170503329365910e-01
4.435170503329365910e-01
4.435170503329365910e-01
4.228803016748938215e-01
4.228803016748938215e-01
4.036846694010869374e-01
4.036846694010869374e-01
3.970907870636394277e-01
3.970907870636394277e-01
3.970907870636394277e-01
3.970806158452814816e-01
3.970806158452814816e-01
3.970806158452814816e-01
3.970806158452814816e-01
3.970806158452814816e-01
3.970806158452814816e-01
3.970806158452814816e-01
3.970806158452814816e-01
3.970806158452814816e-01
3.970806158452814816e-01
3.970806158452814816e-01
3.970806158452814816e-01
3.970806158452814816e-01
3.970806158452814816e-01
3.950943152653194623e-01
3.950189766403990332e-01
3.950189766403990332e-01
3.950189766403990332e-01
3.948788291718970944e-01
3.945887312027583915e-01
3.944873066142368101e-01
3.944507506989797241e-01
3.944378172957143103e-01
3.944326396485156039e-01
3.944311767693283177e-01
3.944297740042926326e-01
3.944295799176443240e-01
3.944295799176443240e-01
3.944295799176443240e-01
3.944295799176443240e-01
3.944295799176443240e-01
3.900153233439499489e-01
3.887349762391945629e-01
3.877596712069299456e-01
3.874481259026059665e-01
3.873826798175543651e-01
3.873641003664253235e-01
3.873588311817102170e-01
3.873543810258342490e-01
3.873543810258342490e-01
3.873543810258342490e-01
3.873543810258342490e-01
3.873543810258342490e-01
3.873543810258342490e-01
3.873543810258342490e-01
3.873543810258342490e-01
3.873543810258342490e-01
3.873543810258342490e-01
3.873543810258342490e-01
3.873543810258342490e-01
3.873543810258342490e-01
3.873543810258342490e-01
3.870488306113497590e-01
3.870488306113497590e-01
3.870488306113497590e-01
3.870488306113497590e-01
3.870488306113497590e-01
3.851159406570298094e-01
3.851159406570298094e-01
3.851159406570298094e-01
3.849591509187034744e-01
3.846965792922508731e-01
3.846526064625410690e-01
3.846488526907156924e-01
3.846430110883359843e-01
3.846425114107843157e-01
3.846425114107843157e-01
3.831316375634888916e-01
3.831316375634888916e-01
3.831316375634888916e-01
3.831316375634888916e-01
3.831316375634888916e-01
3.831316375634888916e-01
3.822669088656820424e-01
3.815931119767418944e-01
3.815931119767418944e-01
3.815931119767418944e-01
3.815662095509233520e-01
3.815662095509233520e-01
3.815423735387600268e-01
3.815387014019396283e-01
3.815387014019396283e-01
3.815387014019396283e-01
3.815387014019396283e-01
3.815387014019396283e-01
3.815385222829635326e-01
3.750371349532944931e-01
3.750371349532944931e-01
3.750371349532944931e-01
3.750371349532944931e-01
3.750371349532944931e-01
3.750371349532944931e-01
3.750371349532944931e-01
3.747636173869503540e-01
3.747636173869503540e-01
3.747636173869503540e-01
3.746444784564185726e-01
3.746444784564185726e-01
