2.248203813695006659e+01
1.758529141604191892e+01
5.262694780405501760e+00
4.482388197902531957e+00
2.592427917483220767e+00
1.890853138848191950e+00
1.663723192995303357e+00
1.663723192995303357e+00
1.663723192995303357e+00
1.424318129876131822e+00
1.023627831533632904e+00
1.023627831533632904e+00
1.023627831533632904e+00
1.023627831533632904e+00
9.189646890823363057e-01
9.189646890823363057e-01
9.189646890823363057e-01
9.189646890823363057e-01
9.189646890823363057e-01
9.189646890823363057e-01
9.189646890823363057e-01
9.189646890823363057e-01
9.189646890823363057e-01
9.189646890823363057e-01
9.189646890823363057e-01
9.189646890823363057e-01
7.476547392027280692e-01
7.476547392027280692e-01
7.476547392027280692e-01
7.476547392027280692e-01
7.476547392027280692e-01
7.476547392027280692e-01
7.476547392027280692e-01
7.476547392027280692e-01
7.476547392027280692e-01
7.476547392027280692e-01
7.476547392027280692e-01
7.476547392027280692e-01
7.476547392027280692e-01
7.476547392027280692e-01
7.476547392027280692e-01
7.476547392027280692e-01
7.476547392027280692e-01
6.543945252370095833e-01
6.543945252370095833e-01
6.543945252370095833e-01
6.543945252370095833e-01
6.543945252370095833e-01
6.543945252370095833e-01
6.543945252370095833e-01
6.543945252370095833e-01
6.543945252370095833e-01
6.543945252370095833e-01
6.543945252370095833e-01
5.256937186829295783e-01
5.256937186829295783e-01
5.256937186829295783e-01
5.256937186829295783e-01
5.256937186829295783e-01
4.819147924339989286e-01
2.764849413224388930e-01
2.448638002564448302e-01
2.448638002564448302e-01
2.448638002564448302e-01
2.448638002564448302e-01
2.448638002564448302e-01
2.323690709044262670e-01
2.323690709044262670e-01
2.323690709044262670e-01
2.323690709044262670e-01
2.323690709044262670e-01
2.323690709044262670e-01
2.323690709044262670e-01
2.323690709044262670e-01
2.323690709044262670e-01
2.323690709044262670e-01
2.323690709044262670e-01
2.323690709044262670e-01
2.323690709044262670e-01
2.323690709044262670e-01
2.323690709044262670e-01
2.323690709044262670e-01
2.323690709044262670e-01
2.323690709044262670e-01
2.323690709044262670e-01
2.323690709044262670e-01
2.323690709044262670e-01
2.323690709044262670e-01
2.323690709044262670e-01
1.691680603855546805e-01
1.691680603855546805e-01
1.043762482008729481e-01
1.043762482008729481e-01
1.043762482008729481e-01
1.043762482008729481e-01
1.043762482008729481e-01
1.043762482008729481e-01
1.043762482008729481e-01
1.043762482008729481e-01
1.043762482008729481e-01
1.043762482008729481e-01
1.043762482008729481e-01
1.043762482008729481e-01
1.043762482008729481e-01
1.043762482008729481e-01
1.043762482008729481e-01
1.043762482008729481e-01
1.043762482008729481e-01
1.043762482008729481e-01
1.043762482008729481e-01
1.043762482008729481e-01
8.798069804560931795e-02
8.798069804560931795e-02
8.798069804560931795e-02
8.748976189091310640e-02
8.748976189091310640e-02
8.748976189091310640e-02
8.748976189091310640e-02
8.748976189091310640e-02
8.697942072243104727e-02
8.697942072243104727e-02
8.697942072243104727e-02
8.697942072243104727e-02
8.697942072243104727e-02
8.697942072243104727e-02
8.697942072243104727e-02
8.697942072243104727e-02
8.697942072243104727e-02
8.697942072243104727e-02
8.697942072243104727e-02
8.697942072243104727e-02
8.697942072243104727e-02
8.697942072243104727e-02
8.697942072243104727e-02
8.683513067779631556e-02
8.683513067779631556e-02
8.674293617413308954e-02
8.669420810034460245e-02
8.668800867454855286e-02
8.668649910481666943e-02
8.668649910481666943e-02
8.668649910481666943e-02
8.668476058573999776e-02
8.668418115919081235e-02
8.668352514003292708e-02
8.668352514003292708e-02
8.668352514003292708e-02
8.668352514003292708e-02
8.668219556305084561e-02
8.668219556305084561e-02
8.668219556305084561e-02
8.668219556305084561e-02
8.668219556305084561e-02
8.668219556305084561e-02
8.668219556305084561e-02
8.668219556305084561e-02
8.668219556305084561e-02
8.668219556305084561e-02
8.668219556305084561e-02
8.668219556305084561e-02
8.668219556305084561e-02
8.668219556305084561e-02
8.668219556305084561e-02
8.668219556305084561e-02
8.668219556305084561e-02
8.668219556305084561e-02
8.668219556305084561e-02
8.668219556305084561e-02
8.668219556305084561e-02
8.668219556305084561e-02
7.386335320951475936e-02
7.386335320951475936e-02
7.386335320951475936e-02
7.386335320951475936e-02
7.386335320951475936e-02
7.264603789705287307e-02
7.263405000384884347e-02
7.263405000384884347e-02
7.259235156783537535e-02
7.258728429005760485e-02
7.258728429005760485e-02
7.258728429005760485e-02
7.258655347700822269e-02
7.258655347700822269e-02
7.258655347700822269e-02
7.258639624177963545e-02
7.258639624177963545e-02
7.258631209867290324e-02
7.258631209867290324e-02
7.258631209867290324e-02
7.258624194085665227e-02
7.258624194085665227e-02
7.258624194085665227e-02
7.258624194085665227e-02
7.258624194085665227e-02
7.258624194085665227e-02
7.258624194085665227e-02
7.258624194085665227e-02
7.258624194085665227e-02
6.831675883488945444e-02
