7.050492354766701908e+01
4.440745480146371449e+01
1.733500644427159898e+01
1.012410328994069708e+01
1.012410328994069708e+01
4.978224294459880461e+00
2.703617073995125963e+00
2.703617073995125963e+00
1.074195655623441104e+00
8.211678296929971754e-01
8.211678296929971754e-01
8.211678296929971754e-01
8.211678296929971754e-01
8.211678296929971754e-01
8.211678296929971754e-01
6.297836929110609550e-01
6.297836929110609550e-01
6.119321336776428755e-01
6.119321336776428755e-01
4.880515371716016571e-01
4.260992396731728138e-01
3.356718596106902930e-01
3.356718596106902930e-01
3.356718596106902930e-01
3.356718596106902930e-01
3.356718596106902930e-01
3.356718596106902930e-01
3.356718596106902930e-01
3.356718596106902930e-01
3.356718596106902930e-01
3.356718596106902930e-01
3.356718596106902930e-01
3.356718596106902930e-01
2.531712786957169836e-01
2.531712786957169836e-01
2.531712786957169836e-01
2.531712786957169836e-01
2.531712786957169836e-01
2.531712786957169836e-01
2.384707413310843127e-01
2.384707413310843127e-01
2.384707413310843127e-01
2.384707413310843127e-01
2.384707413310843127e-01
2.384707413310843127e-01
2.384707413310843127e-01
2.384707413310843127e-01
2.384707413310843127e-01
2.365607618689952729e-01
2.365607618689952729e-01
2.339278966111770497e-01
2.339278966111770497e-01
2.285484574596687302e-01
2.285484574596687302e-01
2.285484574596687302e-01
2.285484574596687302e-01
2.285484574596687302e-01
2.285484574596687302e-01
2.285484574596687302e-01
2.285484574596687302e-01
2.285484574596687302e-01
2.285484574596687302e-01
2.285484574596687302e-01
2.285484574596687302e-01
2.285484574596687302e-01
2.285484574596687302e-01
2.285484574596687302e-01
2.251667008403570869e-01
2.251667008403570869e-01
2.251667008403570869e-01
2.228073292000056771e-01
2.228073292000056771e-01
2.228073292000056771e-01
2.200446216319298376e-01
2.200446216319298376e-01
2.200446216319298376e-01
2.200446216319298376e-01
2.200446216319298376e-01
2.200446216319298376e-01
2.200446216319298376e-01
2.200446216319298376e-01
2.158006284532589525e-01
2.158006284532589525e-01
2.158006284532589525e-01
2.158006284532589525e-01
2.158006284532589525e-01
2.158006284532589525e-01
2.158006284532589525e-01
2.158006284532589525e-01
2.149026553860655386e-01
2.149026553860655386e-01
2.149026553860655386e-01
2.144927264392359201e-01
2.144927264392359201e-01
2.144927264392359201e-01
2.144927264392359201e-01
2.127753732161610234e-01
2.127753732161610234e-01
2.127753732161610234e-01
2.127753732161610234e-01
2.127753732161610234e-01
2.127753732161610234e-01
2.127753732161610234e-01
2.127753732161610234e-01
2.127753732161610234e-01
2.127753732161610234e-01
2.127753732161610234e-01
2.127753732161610234e-01
2.127753732161610234e-01
2.127753732161610234e-01
2.126494033883057910e-01
2.126494033883057910e-01
2.126494033883057910e-01
2.119779548117038392e-01
2.116815457974998149e-01
2.116815457974998149e-01
2.116815457974998149e-01
2.116815457974998149e-01
2.113998995517896995e-01
2.113998995517896995e-01
2.113874416340454643e-01
2.113874416340454643e-01
2.113874416340454643e-01
2.111822010119142057e-01
2.111675461393391906e-01
2.108238171539709993e-01
2.108238171539709993e-01
2.107012229456890207e-01
2.106362601392078593e-01
2.106253784611172020e-01
2.106253784611172020e-01
2.106253784611172020e-01
2.106253784611172020e-01
2.106253784611172020e-01
2.106253784611172020e-01
2.106245803072194778e-01
2.105461514641070175e-01
2.105412254991202159e-01
2.105408666102109305e-01
2.105311765427883841e-01
2.105209554132313476e-01
2.105209554132313476e-01
2.104654574377899656e-01
2.103424305164008079e-01
2.103424305164008079e-01
2.103424305164008079e-01
2.102556840080931633e-01
2.098404259964984642e-01
2.097780790155165387e-01
2.097404087157145325e-01
2.097404087157145325e-01
2.097074758945066952e-01
2.096960340601232708e-01
2.094297459279007567e-01
2.094297459279007567e-01
2.094297459279007567e-01
2.094297459279007567e-01
2.094297459279007567e-01
2.093387656933992647e-01
2.091347557376273814e-01
2.091347557376273814e-01
2.091347557376273814e-01
2.089889185013220074e-01
2.088369177682211086e-01
2.087878055779583686e-01
2.087827682271268526e-01
2.087827682271268526e-01
2.087825679791908695e-01
2.087824957721955699e-01
2.087821959150032436e-01
2.087821959150032436e-01
2.087399205427691029e-01
2.086720039636046908e-01
2.086684151354766259e-01
2.086684151354766259e-01
2.084968608290199421e-01
2.084040663496026791e-01
2.084040663496026791e-01
2.080877428522873163e-01
2.080877428522873163e-01
2.079827494363869211e-01
2.079827494363869211e-01
2.079610718387164825e-01
2.079610718387164825e-01
2.079610718387164825e-01
2.079610718387164825e-01
2.079524869171894552e-01
2.078927054138655084e-01
2.078840683986908910e-01
2.078840683986908910e-01
2.078801681804486601e-01
2.077972078732225336e-01
2.077963841912447429e-01
2.077364033173372537e-01
2.077364033173372537e-01
2.077102473439952912e-01
2.077097280382013134e-01
2.077097280382013134e-01
2.077097280382013134e-01
2.077094282366259426e-01
