3.263574719681189951e+00
3.263574719681189951e+00
1.425507261319186370e+00
1.425507261319186370e+00
1.425507261319186370e+00
1.425507261319186370e+00
1.425507261319186370e+00
1.425507261319186370e+00
1.324080692858529362e+00
1.075188014767317402e+00
1.075188014767317402e+00
1.075188014767317402e+00
1.075188014767317402e+00
1.075188014767317402e+00
1.075188014767317402e+00
1.075188014767317402e+00
1.075188014767317402e+00
1.056989170554393009e+00
1.056989170554393009e+00
1.056989170554393009e+00
1.056989170554393009e+00
1.056989170554393009e+00
7.283888572259389349e-01
7.283888572259389349e-01
7.283888572259389349e-01
7.283888572259389349e-01
7.283888572259389349e-01
7.283888572259389349e-01
7.283888572259389349e-01
7.283888572259389349e-01
7.283888572259389349e-01
7.283888572259389349e-01
7.283888572259389349e-01
7.283888572259389349e-01
7.283888572259389349e-01
7.283888572259389349e-01
4.586178980804557770e-01
4.586178980804557770e-01
4.586178980804557770e-01
4.586178980804557770e-01
4.586178980804557770e-01
4.586178980804557770e-01
4.586178980804557770e-01
4.586178980804557770e-01
4.586178980804557770e-01
4.586178980804557770e-01
4.586178980804557770e-01
4.586178980804557770e-01
4.586178980804557770e-01
4.586178980804557770e-01
4.586178980804557770e-01
4.586178980804557770e-01
4.586178980804557770e-01
4.586178980804557770e-01
4.586178980804557770e-01
4.586178980804557770e-01
4.580040843758650393e-01
4.580040843758650393e-01
4.580040843758650393e-01
4.580040843758650393e-01
4.580040843758650393e-01
4.580040843758650393e-01
4.580040843758650393e-01
4.580040843758650393e-01
4.436091564841610491e-01
3.848064216957419736e-01
3.848064216957419736e-01
3.848064216957419736e-01
3.848064216957419736e-01
3.848064216957419736e-01
3.848064216957419736e-01
3.848064216957419736e-01
3.848064216957419736e-01
3.848064216957419736e-01
3.848064216957419736e-01
3.848064216957419736e-01
3.848064216957419736e-01
3.848064216957419736e-01
3.848064216957419736e-01
3.179845495838125036e-01
3.179845495838125036e-01
2.568968643133417995e-01
2.568968643133417995e-01
1.009586791152224383e-01
1.009586791152224383e-01
1.009586791152224383e-01
1.009586791152224383e-01
1.009586791152224383e-01
1.009586791152224383e-01
1.009586791152224383e-01
1.009586791152224383e-01
1.009586791152224383e-01
1.009586791152224383e-01
1.009586791152224383e-01
1.009586791152224383e-01
1.009586791152224383e-01
1.009586791152224383e-01
1.009586791152224383e-01
1.009586791152224383e-01
1.009586791152224383e-01
1.009586791152224383e-01
1.009586791152224383e-01
1.009586791152224383e-01
1.009586791152224383e-01
1.009586791152224383e-01
1.009586791152224383e-01
1.009586791152224383e-01
1.009586791152224383e-01
1.009586791152224383e-01
1.009586791152224383e-01
1.009586791152224383e-01
1.009586791152224383e-01
1.009586791152224383e-01
9.390912543873096430e-02
9.390912543873096430e-02
9.390912543873096430e-02
9.389791191059053410e-02
9.389791191059053410e-02
9.389791191059053410e-02
9.271578676317648871e-02
9.271578676317648871e-02
9.271578676317648871e-02
9.219245128451933335e-02
9.176418446259382300e-02
9.176418446259382300e-02
9.176418446259382300e-02
9.176418446259382300e-02
9.176418446259382300e-02
9.176088328335664512e-02
9.176088328335664512e-02
9.174655190223905687e-02
9.174655190223905687e-02
8.889650199395134067e-02
8.889650199395134067e-02
8.889650199395134067e-02
8.846749415929772153e-02
8.846749415929772153e-02
8.846749415929772153e-02
8.846749415929772153e-02
8.845842178112556242e-02
8.833511327443743788e-02
8.829815758315590069e-02
8.498533883342136719e-02
8.272259605997762943e-02
8.269319159901517002e-02
8.265618427663469492e-02
8.006548098470418762e-02
8.006548098470418762e-02
7.954532582649140315e-02
7.954532582649140315e-02
6.998661790533730609e-02
6.998661790533730609e-02
6.912459493319798864e-02
6.912459493319798864e-02
6.879282714779716423e-02
6.879282714779716423e-02
6.879282714779716423e-02
6.764785262148320655e-02
6.764785262148320655e-02
6.764785262148320655e-02
6.753176460729241881e-02
6.753176460729241881e-02
6.379101515155650992e-02
6.375393140401033887e-02
6.311453759942237118e-02
6.311453759942237118e-02
6.311453759942237118e-02
6.311453759942237118e-02
6.311453759942237118e-02
6.309636885840169684e-02
6.306816867733697207e-02
6.038787388271565915e-02
6.038787388271565915e-02
6.038787388271565915e-02
6.038787388271565915e-02
5.951837884117352345e-02
5.921018163341198320e-02
5.921018163341198320e-02
5.921018163341198320e-02
5.921018163341198320e-02
5.921018163341198320e-02
5.921018163341198320e-02
5.921018163341198320e-02
5.921018163341198320e-02
5.921018163341198320e-02
5.921018163341198320e-02
5.921018163341198320e-02
5.921018163341198320e-02
5.921018163341198320e-02
5.921018163341198320e-02
5.921018163341198320e-02
5.921018163341198320e-02
5.921018163341198320e-02
5.921018163341198320e-02
5.921018163341198320e-02
5.921018163341198320e-02
5.921018163341198320e-02
5.921018163341198320e-02
5.921018163341198320e-02
5.921018163341198320e-02
