3.911283500291116866e+01
2.018042030170441947e+01
2.347113542833619615e+00
2.347113542833619615e+00
2.347113542833619615e+00
9.317858522525130915e-01
9.317858522525130915e-01
6.832800648585506398e-01
6.832800648585506398e-01
6.361409984088941538e-01
6.361409984088941538e-01
6.361409984088941538e-01
6.361409984088941538e-01
6.361409984088941538e-01
6.361409984088941538e-01
6.361409984088941538e-01
6.361409984088941538e-01
6.361409984088941538e-01
6.361409984088941538e-01
6.361409984088941538e-01
6.361409984088941538e-01
5.305998144769058511e-01
5.305998144769058511e-01
5.305998144769058511e-01
5.305998144769058511e-01
5.305998144769058511e-01
5.305998144769058511e-01
5.305998144769058511e-01
5.305998144769058511e-01
5.305998144769058511e-01
2.959934039845564246e-01
2.867428337696423246e-01
2.867428337696423246e-01
2.867428337696423246e-01
2.867428337696423246e-01
2.867428337696423246e-01
2.867428337696423246e-01
2.867428337696423246e-01
2.867428337696423246e-01
1.845315021749101281e-01
1.845315021749101281e-01
1.845315021749101281e-01
1.845315021749101281e-01
1.845315021749101281e-01
1.845315021749101281e-01
1.845315021749101281e-01
1.845315021749101281e-01
1.845315021749101281e-01
1.845315021749101281e-01
1.845315021749101281e-01
1.845315021749101281e-01
1.845315021749101281e-01
1.845315021749101281e-01
1.845315021749101281e-01
1.845315021749101281e-01
1.845315021749101281e-01
1.845315021749101281e-01
1.845315021749101281e-01
1.845315021749101281e-01
1.845315021749101281e-01
1.845315021749101281e-01
1.845315021749101281e-01
1.845315021749101281e-01
1.845315021749101281e-01
1.845315021749101281e-01
1.845315021749101281e-01
1.845315021749101281e-01
1.845315021749101281e-01
1.845315021749101281e-01
1.845315021749101281e-01
1.845315021749101281e-01
1.845315021749101281e-01
1.845315021749101281e-01
1.845315021749101281e-01
1.845315021749101281e-01
1.845315021749101281e-01
1.845315021749101281e-01
1.845315021749101281e-01
1.686513873007234876e-01
1.686513873007234876e-01
1.686513873007234876e-01
1.686513873007234876e-01
1.686513873007234876e-01
1.686513873007234876e-01
1.686513873007234876e-01
1.686513873007234876e-01
1.686513873007234876e-01
1.686513873007234876e-01
1.686513873007234876e-01
1.686513873007234876e-01
1.686513873007234876e-01
1.686513873007234876e-01
1.686513873007234876e-01
1.686513873007234876e-01
1.686513873007234876e-01
1.686513873007234876e-01
1.686513873007234876e-01
1.417576667461568629e-01
1.417576667461568629e-01
1.417576667461568629e-01
1.417576667461568629e-01
1.417576667461568629e-01
1.417576667461568629e-01
1.417576667461568629e-01
1.292173214055763741e-01
1.292173214055763741e-01
1.292173214055763741e-01
1.292173214055763741e-01
1.292173214055763741e-01
1.292173214055763741e-01
1.292173214055763741e-01
1.292173214055763741e-01
1.292173214055763741e-01
1.292173214055763741e-01
1.292173214055763741e-01
1.292173214055763741e-01
1.292173214055763741e-01
1.242546370968249658e-01
1.242546370968249658e-01
1.242546370968249658e-01
1.242546370968249658e-01
1.242546370968249658e-01
1.242546370968249658e-01
1.242546370968249658e-01
1.242546370968249658e-01
1.242546370968249658e-01
1.242546370968249658e-01
1.242546370968249658e-01
1.242546370968249658e-01
1.242546370968249658e-01
1.238489420749358388e-01
1.238489420749358388e-01
1.238489420749358388e-01
1.238489420749358388e-01
1.238489420749358388e-01
1.238489420749358388e-01
1.238489420749358388e-01
1.238489420749358388e-01
1.235741273844465637e-01
1.233784691073033374e-01
1.233286498654889568e-01
1.233147453095570639e-01
1.233108336254106069e-01
1.233096524873519562e-01
1.233092732476470665e-01
1.233092732476470665e-01
1.233092732476470665e-01
1.165941160527113607e-01
1.165941160527113607e-01
1.123984443370616704e-01
1.117181202388232569e-01
1.117181202388232569e-01
1.114022123439744327e-01
1.113719255906372302e-01
1.113705471269037378e-01
1.113702321320184374e-01
1.113697405222050796e-01
1.113697405222050796e-01
1.113697405222050796e-01
1.113697405222050796e-01
1.113697405222050796e-01
1.113691395595641509e-01
1.113689059360977590e-01
1.113689059360977590e-01
1.113689059360977590e-01
1.113688209080240521e-01
1.102293022003194151e-01
1.102293022003194151e-01
1.102293022003194151e-01
1.102293022003194151e-01
1.102293022003194151e-01
1.102293022003194151e-01
1.102293022003194151e-01
1.102293022003194151e-01
1.098914277675907963e-01
1.096284931043637195e-01
1.096057397290808588e-01
1.090288999244297535e-01
1.088404105673715372e-01
1.088201336693172955e-01
1.088181264235034418e-01
1.080789582231040658e-01
1.080789582231040658e-01
1.061723719976994523e-01
1.061723719976994523e-01
1.050017735748430409e-01
1.049220883691972805e-01
1.049167072572340931e-01
1.049162538275921486e-01
1.049161494023144042e-01
1.049161494023144042e-01
1.049161494023144042e-01
1.049161494023144042e-01
1.049161200070627964e-01
1.049159773269355417e-01
1.049159773269355417e-01
1.049159773269355417e-01
1.049159773269355417e-01
1.049159773269355417e-01
1.049159773269355417e-01
