9.082217698531971806e+00
9.082217698531971806e+00
2.506450470870840164e+00
2.506450470870840164e+00
2.066313249586580802e+00
2.066313249586580802e+00
1.385305797717409249e+00
1.180988473421954232e+00
1.180988473421954232e+00
1.050519043975186584e+00
6.893934184869702220e-01
6.893934184869702220e-01
5.298708290881192218e-01
5.298708290881192218e-01
3.873487745028060258e-01
3.873487745028060258e-01
3.873487745028060258e-01
3.873487745028060258e-01
3.873487745028060258e-01
3.191963732181892222e-01
3.191963732181892222e-01
3.191963732181892222e-01
3.191963732181892222e-01
3.191963732181892222e-01
3.191963732181892222e-01
3.191963732181892222e-01
3.191963732181892222e-01
3.106519732151845625e-01
3.023653614811799284e-01
2.728754633949547759e-01
2.728754633949547759e-01
2.728754633949547759e-01
2.728754633949547759e-01
2.728754633949547759e-01
2.728754633949547759e-01
2.728754633949547759e-01
2.728754633949547759e-01
2.728754633949547759e-01
2.728754633949547759e-01
2.728754633949547759e-01
2.715055245846091925e-01
2.715055245846091925e-01
2.715055245846091925e-01
2.715055245846091925e-01
1.993085927849472250e-01
1.993085927849472250e-01
1.993085927849472250e-01
1.993085927849472250e-01
1.993085927849472250e-01
1.982824619270236455e-01
1.982824619270236455e-01
1.982824619270236455e-01
1.982824619270236455e-01
1.982824619270236455e-01
1.982824619270236455e-01
1.982824619270236455e-01
1.982824619270236455e-01
1.982824619270236455e-01
1.982824619270236455e-01
1.795076893367786308e-01
1.795076893367786308e-01
1.795076893367786308e-01
1.795076893367786308e-01
1.795076893367786308e-01
1.497551986064868390e-01
1.497551986064868390e-01
1.497551986064868390e-01
1.497551986064868390e-01
1.497551986064868390e-01
1.497551986064868390e-01
1.497551986064868390e-01
1.497551986064868390e-01
1.497551986064868390e-01
1.244431893885818707e-01
1.244431893885818707e-01
1.244431893885818707e-01
1.244431893885818707e-01
1.244431893885818707e-01
1.244431893885818707e-01
1.244431893885818707e-01
1.244431893885818707e-01
1.152005900663682775e-01
1.152005900663682775e-01
1.152005900663682775e-01
1.152005900663682775e-01
1.152005900663682775e-01
1.152005900663682775e-01
1.152005900663682775e-01
1.152005900663682775e-01
1.152005900663682775e-01
1.152005900663682775e-01
1.152005900663682775e-01
1.152005900663682775e-01
1.152005900663682775e-01
1.112545145724454926e-01
1.112545145724454926e-01
1.112545145724454926e-01
1.112545145724454926e-01
1.112545145724454926e-01
1.112545145724454926e-01
1.112545145724454926e-01
1.112545145724454926e-01
8.833328629918882346e-02
8.833328629918882346e-02
8.833328629918882346e-02
8.833328629918882346e-02
8.833328629918882346e-02
8.833328629918882346e-02
8.833328629918882346e-02
8.833328629918882346e-02
8.833328629918882346e-02
8.833328629918882346e-02
8.833328629918882346e-02
8.833328629918882346e-02
8.833328629918882346e-02
8.833328629918882346e-02
8.833328629918882346e-02
8.833328629918882346e-02
8.833328629918882346e-02
8.833328629918882346e-02
8.833328629918882346e-02
8.833328629918882346e-02
8.815172723836003921e-02
8.815172723836003921e-02
8.815172723836003921e-02
8.815172723836003921e-02
8.815172723836003921e-02
8.815172723836003921e-02
8.815172723836003921e-02
8.815172723836003921e-02
8.815172723836003921e-02
8.519078254718542853e-02
8.203797420159995857e-02
8.203797420159995857e-02
8.203797420159995857e-02
8.203797420159995857e-02
8.074960848131242097e-02
8.074960848131242097e-02
7.899005660742879076e-02
7.899005660742879076e-02
7.899005660742879076e-02
7.899005660742879076e-02
6.168334876881263751e-02
6.168334876881263751e-02
6.168334876881263751e-02
6.168334876881263751e-02
5.890953462096887305e-02
5.890953462096887305e-02
5.722654777329863607e-02
5.722654777329863607e-02
5.344608510157535658e-02
5.344608510157535658e-02
5.344608510157535658e-02
5.291098455397175854e-02
5.291098455397175854e-02
5.291098455397175854e-02
5.290144915046325613e-02
5.287670183016364434e-02
5.287670183016364434e-02
5.287480546046656460e-02
5.287480546046656460e-02
5.287480546046656460e-02
5.286808307054483014e-02
5.286642041000059328e-02
5.286551032543969353e-02
5.286551032543969353e-02
5.286551032543969353e-02
5.286551032543969353e-02
5.189648867821376743e-02
5.189648867821376743e-02
5.189648867821376743e-02
5.189648867821376743e-02
5.189648867821376743e-02
5.189648867821376743e-02
5.189648867821376743e-02
5.189648867821376743e-02
5.189648867821376743e-02
5.167660342749359759e-02
5.166683007926484161e-02
5.072525029084974657e-02
5.072525029084974657e-02
5.072525029084974657e-02
5.072525029084974657e-02
5.066756895215736994e-02
5.052388183501884539e-02
5.051524432700004591e-02
5.051462685364958849e-02
5.051441697097051181e-02
4.954232165360789031e-02
4.953830635073123295e-02
4.953830635073123295e-02
4.953830635073123295e-02
4.952741417234209076e-02
4.949651558026637449e-02
4.920580423801389214e-02
4.920580423801389214e-02
4.920580423801389214e-02
4.920155377282238451e-02
4.920145103540981418e-02
4.920138660534304625e-02
