-6.600562085670153678e+00
-3.654930722994631953e+00
-6.990795508971491046e+00
-4.440912996207109664e+00
-4.127220023265895321e+00
6.297756406574285259e-01
-5.300055983564418760e+00
-2.098119981203141027e+00
-1.442684177884542507e+00
-4.000000000000000000e+00
-2.592001900723237551e+00
-5.925003109058021522e+00
-2.282795502353094808e+00
0.000000000000000000e+00
-3.096687348364746573e+00
-8.419161807082713445e-01
-2.186924121598537774e+00
-5.042912246034407353e+00
-2.111513914747524812e+00
2.000000000000000000e+00
-8.524051849258071911e+00
-1.749059682297276597e+00
-1.029988954734918316e+01
-1.520538242528473916e+00
-1.369840504170251605e-01
-6.002874617154315473e+00
-1.379198324743136750e+00
-4.518433561311276492e+00
-3.283176914234970045e+00
-5.999762006697812566e+00
-5.000000000000000000e+00
-3.696407511251252886e-01
-7.698970004336018746e+00
-3.925890617241395653e+00
-1.730512777632689403e+00
-6.192255540672828573e+00
-2.329603993234217629e+00
1.356035664611997954e-02
-6.991081769810532087e+00
-2.334170957639996491e+00
-5.288258926628434109e-01
-7.606650641419592240e+00
-4.186175013797276634e+00
-1.575089149143148459e+00
-9.359875743086365496e-01
-2.756555119084134642e+00
-6.089921916732795815e+00
-2.503979225311109058e+00
-4.834274874772587216e-01
-7.822038295380036921e+00
-3.294749003023315748e+00
1.400172346844017701e+00
-9.000000000000000000e+00
-3.557315577674912799e+00
3.363380455646163836e-01
-7.973815057664908501e+00
-3.250299428796778578e+00
4.845432316313076915e-01
-5.000000000000000000e+00
-3.437374908734353252e+00
-2.500064549035843076e-01
-5.388561315041485500e+00
-2.939218761883751529e+00
-6.101880335299573410e+00
-1.641383569028223466e+00
-4.017261994285231452e+00
-4.000000000000000000e+00
-6.446546009174916492e+00
-3.979192382858322663e+00
-6.354518849215502030e+00
-2.097144897737273972e+00
-6.598448514501528805e+00
-3.295841321458424567e+00
-4.652876085590744282e+00
-2.974275194733188687e+00
-4.276046116793910556e+00
-2.360365998894244921e+00
-4.973717662449701926e+00
-3.603606107549740756e+00
-6.609753109900859513e+00
-1.274697579746620679e+00
-2.988309863157215585e+00
-1.553884089677428859e+00
-3.986170979890055310e+00
-2.866435784166192491e+00
-4.435143004725007998e+00
-4.035965822541437653e+00
-5.148402158150611641e+00
-2.374469924795754583e+00
-3.582198624200917170e+00
-3.229474001656057247e+00
-2.134578397869470567e+00
-2.629078635215920556e+00
-4.971641781824710726e+00
-3.098444226663514378e+00
-9.851885252897564227e-01
-6.433444490658444259e+00
-2.782847353771343624e+00
6.029696425546432481e-01
-4.203553175368708317e+00
-2.309429081700107300e+00
1.196003098225293160e+00
-5.216236527460046624e+00
-2.172062572801666480e+00
2.503544574335779815e-01
