-4.397940008672037493e+00
-2.887554244791877167e+00
-4.161372077562351279e+00
-8.000000000000000000e+00
-4.784622121152239060e+00
-6.395097838512997512e-01
-5.798213988406447861e+00
-1.794208299860703182e+00
1.482518564305427278e-01
-6.009458747604845108e+00
-5.000000000000000000e+00
-5.029152466073721683e+00
-1.704293125364678252e+00
-1.579407116564892632e+00
-3.894976828140257474e+00
-1.570204674763836072e+00
-2.143204822105921448e+00
-5.788609410733369209e+00
-1.628157126430589408e+00
4.399092840168198348e-01
-7.328088361231325010e+00
-2.720991255857855506e+00
-8.441541384278114180e+00
-4.999061489279061021e+00
-2.000000000000000000e+00
-5.260782443720700918e+00
-1.760923104208609757e+00
-3.238788711441742407e+00
-3.750514791357239641e+00
-6.313879606941857681e+00
-2.604862118808470406e+00
4.895905165308258450e-02
-5.679677950850843260e+00
-2.332766791505500592e+00
-2.995943283700540416e+00
-6.224936424564860182e+00
-1.457995615166460812e+00
-2.697931008766396022e-01
-5.921205320561366392e+00
-2.494751395915691727e+00
1.930941033234130355e-01
-8.415727640053933811e+00
-2.729322863589643156e+00
5.068209671713228559e-01
4.795983938551759418e-01
-3.158980791881695449e+00
-5.902383360928897815e+00
-2.869840583550131274e+00
1.021436802954216017e+00
-5.753656904354090607e+00
-4.960810437208507118e+00
4.113038974959281613e-01
-7.421708557165238140e+00
-4.451928165958080719e+00
3.971755569965563226e-01
-7.929148170293252917e+00
-1.531222764686076099e+00
-1.248861744907309390e+00
-5.501904328245452724e+00
-4.386977980410336819e+00
-7.466535023104576840e-01
-6.501173500737128741e+00
-3.328172020712397844e-02
-8.000000000000000000e+00
-4.365012989869726523e-01
-4.000000000000000000e+00
-2.380626312619279261e+00
-5.076845309132249184e+00
-1.333503566054433209e+00
-7.644879353376865083e+00
-1.641357117561131673e+00
-5.605484793813851674e+00
-2.112177805031589806e+00
-6.510238625927883049e+00
-7.298084866508693924e-01
-6.680894688761862987e+00
-1.492935104105525879e+00
-4.861705412813540406e+00
-2.565446146317966303e+00
-6.415614259061963587e+00
2.787536009528290837e-01
-2.749288443739320353e+00
-1.961198311236469705e+00
-3.872805463804096515e+00
-2.435923837603975795e+00
-3.473794959924630721e+00
-2.860353505565192300e+00
-1.976082579127175887e+00
-3.252326556797584090e+00
-2.271058746010099938e+00
-3.101604110473035192e+00
-5.690196149515636570e+00
-2.633262302605676286e+00
-2.544068022635552317e+00
-3.721692556670411989e+00
7.561048191892881798e-01
-3.900762650480280147e+00
-2.695436951864998321e+00
3.000000000000000000e+00
-4.567969132174678926e+00
-3.904430931860008336e+00
1.165185609931485011e-01
-4.332152874204960646e+00
-2.685038880643126458e+00
-5.197904733182316939e-01
