-7.397881119293164609e+00
-4.101393642056955890e+00
-5.660573937003638534e+00
-5.282799932646432772e+00
-3.853403206670510617e+00
7.950132433411284671e-02
-6.575457331969827734e+00
-5.000000000000000000e+00
-2.288802455331951369e-01
-6.169614601914432228e+00
-2.522247413720995812e+00
-7.345442172494056621e+00
-3.061978979137387480e+00
0.000000000000000000e+00
-3.944101997440889296e+00
-9.628432834561684306e-01
-3.999998389261990361e+00
-5.752318062680999766e+00
-2.847506809521509474e+00
1.895614718053221903e+00
-6.798270516757384918e+00
-3.356680155022786050e+00
-9.594554662616292973e+00
-5.000000000000000000e+00
8.139502855385565283e-01
-6.080442676911163247e+00
-3.932627122139200182e+00
-4.465435093231394426e+00
-3.162533663599769618e+00
-7.608815909114372111e+00
-5.000000000000000000e+00
-8.028472428109166836e-01
-5.697319363326585950e+00
-3.775423449353765726e+00
-8.525718103432630146e-01
-4.467212831944764595e+00
0.000000000000000000e+00
2.239415151582458685e-01
-4.158892984867946119e+00
-3.034468959597607540e+00
-5.301294919055539179e-01
-7.741826630988096092e+00
-2.507995346434374717e+00
-1.370189591063959433e+00
-6.416612026962542625e-01
-3.591821834741098840e+00
-5.925188356447417704e+00
-1.599601200923703725e+00
-1.373748858908427350e-01
-7.348366010780035040e+00
-2.144708690199318202e+00
-1.002893893913127249e-01
-7.605598267592362127e+00
-4.445038210253424715e+00
2.885200416047191130e-01
-7.558800941389673511e+00
-2.729584747920067223e+00
-2.689540084985909615e-02
-8.124918892413061755e+00
-5.000000000000000000e+00
-6.551576159766232810e-02
-7.374376932898002224e+00
-1.727023365173687486e+00
-5.725614481781930110e+00
-1.157030903195628513e+00
-4.000000000000000000e+00
-5.989329138169823263e-01
-6.510331963514785159e+00
-2.002135265769741768e+00
-5.506648419079014367e+00
-4.000000000000000000e+00
-7.996693067397505850e+00
-1.330845164376615708e+00
-4.058826802174245074e+00
-2.508904751801646515e+00
-6.171964868797454429e+00
-1.642232015224467823e+00
-8.000000000000000000e+00
-1.334923835306719875e+00
-5.745391448180042993e+00
-5.532277123384838902e-01
-5.690196149515636570e+00
-2.427788930448870897e+00
-5.089502304494647689e+00
-3.095713440920447201e+00
-2.732424555312506165e+00
-4.169555943212376548e+00
-2.713701694884468107e+00
-1.870121796399939473e+00
-3.754130679569415818e+00
-4.202723723048573667e+00
-2.781255217127424739e+00
-2.794255332309671491e+00
-3.341979901545892417e+00
-2.474318947691376724e+00
3.863774138178500683e-01
-4.058281100373871908e+00
-4.030167766911281646e+00
2.929820613268599772e+00
-4.310372815729677676e+00
-3.661872591808714272e+00
1.668429148263503636e+00
-6.437120703779239506e+00
-2.337534789613199049e+00
1.971866809147415633e-01
