-4.591209735884205223e+00
-4.198067834479705773e+00
-4.615674721796606761e+00
-6.351895516440540845e+00
-2.772447478514125763e+00
-6.018991720162537584e-01
-5.945191810493490436e+00
-2.035092724091972283e+00
-1.289862725094905516e+00
-4.999959544254247490e+00
-1.747342611892386488e+00
-5.028510852756728156e+00
-4.079977185555830665e+00
-4.734980954210284143e-02
-3.696361833381134776e+00
-4.000000000000000000e+00
-1.093956618458594265e+00
-7.400722416609211152e+00
-3.063551958144022702e+00
-3.810529346356778535e-01
-6.453180489682801557e+00
-2.973473400721475368e+00
-9.998745869084084248e+00
-1.000000000000000000e+00
1.083591545148316238e+00
-3.698970004336018746e+00
-2.769851315819304105e+00
-3.154901959985743076e+00
-2.432157009782333290e+00
-6.350959277505650924e+00
-1.000000000000000000e+00
-7.610024361791103975e-02
-5.437253113359092005e+00
-1.952889756025161905e+00
-4.404560474101740231e-01
-4.893170385809774814e+00
-4.856589412503186654e-01
-2.619713216570018766e-01
-6.151225206156253122e+00
-3.788090993112117832e+00
1.708764361339870419e+00
-7.003638051958316346e+00
-3.030578029560153652e+00
1.078459798785564194e+00
-2.512336307652757839e+00
-4.436398939528230834e+00
-6.724472317752796080e+00
-3.965202104341120304e+00
1.236021819119572790e-01
-5.646408395301716787e+00
-3.066017632278381644e+00
-7.294879269183075499e-01
-8.049899001192235559e+00
-2.507390154016015948e+00
-1.071422234259260531e+00
-8.694811028262993347e+00
-3.611715879219367320e+00
-2.000000000000000000e+00
-9.000000000000000000e+00
-2.572430568568498721e+00
1.994114064955903487e+00
-6.502857397570096509e+00
-1.657709035593527114e+00
-7.237080912999678262e+00
-1.571840961019194571e+00
-5.302193696685474578e+00
-3.188763818688150398e+00
-7.466375061973916871e+00
-1.873858636025804714e+00
-7.465150169041504746e+00
-3.693548490343559809e+00
-6.582556968761623217e+00
6.989700043360187465e-01
-5.382242570948129412e+00
-1.608285271156184582e+00
-7.957076755069022234e+00
-2.525158074304287847e+00
-4.801021575325181701e+00
-5.003686664361834957e-01
-5.390236400781316384e+00
-7.220649492747429621e-01
-4.815869406291713339e+00
-1.068319061398704140e+00
-2.879006982779554136e+00
-3.447813656279501426e+00
-4.165585305049143372e+00
-2.521201449203253731e+00
-2.328168445763307393e+00
-4.061018646269718424e+00
-3.550926046994368868e+00
-2.812885061826797095e+00
-4.255641452889866727e+00
-2.272530068140465431e+00
-2.546170235985707908e+00
-2.141243313784490621e+00
-4.045041045516199751e-02
-3.761881718828227417e+00
-4.442785340778436343e+00
3.365064785469654152e-01
-4.751870981139905581e+00
-1.630339689833998795e+00
-7.071278266381331168e-01
-4.166200059622075180e+00
-2.346419317093448864e+00
2.376809664941051725e+00
