-5.656755641762416076e+00
-2.588558037831882430e+00
-4.253349914508606666e+00
-6.731265173852571948e+00
-1.354837688668870221e+00
7.120882975763560552e-01
-5.960428102947338935e+00
-2.331907155865605485e+00
7.002859825526684956e-01
-7.243190671593564112e+00
-4.334294432183261492e+00
-4.535545447833293053e+00
-2.750222204807723170e+00
-2.852247122531198498e-02
-4.000000000000000000e+00
-1.843073562578669833e+00
-3.179808266508030723e+00
-5.708588236856281029e+00
-1.087418383189668880e+00
1.831369558616248172e+00
-6.233198012678939470e+00
-3.196055821900712246e+00
-9.516537888935650003e+00
-1.682555607515608953e+00
-4.445425213177039980e-01
-5.358817654357447502e+00
-4.474626009298207308e+00
-5.303166213666922424e+00
-2.957785992151771737e+00
-5.940773840134812467e+00
-4.268772563658581376e+00
-9.795439989709286976e-01
-4.825687589420866175e+00
-3.849594277865964642e+00
2.101523455251613492e-01
-5.799918596652697822e+00
-2.482072404608147043e+00
-1.481009365877919079e-02
-5.638713112688704676e+00
-3.029587905238150469e+00
-8.707762505213160198e-01
-8.101413478045877525e+00
-1.562083299550267368e+00
-7.045449515482706815e-01
-4.803766799732984705e-01
-4.118764029574920826e+00
-5.477279026870029988e+00
-3.879536069438500157e+00
1.989511993649936805e+00
-6.265170322518772927e+00
-2.598499164596372424e+00
-6.528213325184542004e-01
-5.572326383174221576e+00
-3.949183189617332168e+00
-1.502061365119859104e+00
-8.048007354914275879e+00
-2.641819084934609929e+00
4.918849335690828051e-01
-7.061548221544476256e+00
-2.907705010614368479e+00
-1.024479537204057378e+00
-5.206826478601653818e+00
-1.081757070719024494e+00
-4.012788559085254114e+00
-1.694670228347490371e+00
-6.870553020242288866e+00
-2.065874552543282672e+00
-4.000000000000000000e+00
-2.486109646752412861e+00
-5.814704058375226303e+00
-3.005858291786928316e+00
-6.889887894764427756e+00
-2.059581424350835022e+00
-4.525253829271956185e+00
-3.943743321217651587e+00
-6.718059811655726854e+00
-1.749364294405354459e+00
-5.561659504288196665e+00
-1.011567126270594752e+00
-5.664624304153376144e+00
-2.957210415661416292e+00
-4.944775891839086945e+00
-1.408023326966284294e+00
-4.379517518709644897e+00
-3.538685520979715893e+00
-2.058545253516655293e+00
-2.358000060217126048e+00
-5.387021937578182929e+00
-3.579311569992338793e+00
-2.326526304478960139e+00
-1.607292978927462812e+00
-3.578378254922630841e+00
-2.500285636366589070e+00
-4.893978736611812153e+00
-3.355443611771361301e+00
1.712265819449883431e+00
-4.953242624033398656e+00
-3.113669206832918590e+00
1.082536598919817239e+00
-3.106653366369955371e+00
-2.427849044155859115e+00
1.644686522427178055e+00
-5.476654268894463939e+00
-2.044713346558657552e+00
1.648814052712349376e+00
