-6.969934534316902131e+00
-2.292136619472226133e+00
-4.452410204769079449e+00
-6.318120078058361067e+00
-2.331505953801802367e+00
-1.425791131060420436e-01
-6.058530284610280425e+00
-3.456651062229869176e+00
1.249309096950602438e+00
-6.184149490711688735e+00
-3.324956265052326110e+00
-5.639856978222837824e+00
-2.520690948965763845e+00
-1.256086978272791699e+00
-3.671198083038737181e+00
-1.887338220534922284e+00
-1.497046578942879069e+00
-5.900457663214716320e+00
-1.582872521133090515e+00
2.000000000000000000e+00
-7.652859411621648178e+00
-2.901342880665177315e+00
-9.488740693995035613e+00
-3.392813066837705005e+00
8.646734230857043846e-01
-6.340937142889654154e+00
-2.396216746814299636e+00
-6.291490709810172888e+00
-5.000000000000000000e+00
-6.627224343035234000e+00
-3.862864721119101397e+00
2.465830414834241924e-01
-6.035115803886978547e+00
-3.653410633188766354e+00
-1.165666541804543543e+00
-5.343332855663787129e+00
0.000000000000000000e+00
2.000000000000000000e+00
-6.647275891696707184e+00
-2.668431827792304034e+00
8.123505544992427607e-01
-6.548508693028568750e+00
-3.116092195854813340e+00
1.998044508362239347e+00
-1.473133545164087899e+00
-4.021933793230261678e+00
-8.135627259633078978e+00
-2.354567772963726657e+00
-4.916636594492331258e-01
-6.183513176457888783e+00
-1.442218208319141715e+00
-7.037418029495712268e-01
-8.511829785837980111e+00
-3.278225126600208039e+00
7.212458927650340357e-01
-7.407232354250470330e+00
-2.820663621668204613e+00
-2.000000000000000000e+00
-6.301273895556885662e+00
-1.905835131135931171e+00
-9.990823220543422478e-02
-6.364157604413731129e+00
-3.033831416746306520e-01
-7.064775700714905682e+00
-2.405191130434175317e+00
-6.010680764417147159e+00
-2.673508905797708834e+00
-6.522860804022541537e+00
-2.006509948899179552e+00
-7.451891891073856300e+00
-2.223148105263152985e+00
-5.688038187718603922e+00
-5.271116865636348292e-01
-4.838191153864230820e+00
-2.862249216799253482e+00
-7.915138155131060671e+00
-2.073705129378558887e+00
-4.910638725713615926e+00
-2.393360990555173928e-01
-7.559851944503503063e+00
-2.019259860718152666e+00
-4.433702151212427722e+00
-1.000000000000000000e+00
-5.478272537088935579e+00
-2.136932450615796952e+00
-3.312896896477424136e+00
-2.058239574202685773e+00
-3.213374498133983792e+00
-3.162675955594592025e+00
-1.778052199786978260e+00
-3.015221102177563228e+00
-3.126825316722595449e+00
-3.043627761478306937e+00
-2.544068022635552317e+00
-3.790470430788538181e+00
5.780987201438221312e-01
-3.716412186048804411e+00
-2.002761700782483167e+00
2.223043851874945354e+00
-4.415020152395467967e+00
-1.624858017992726111e+00
5.745964819680846603e-01
-5.308781284999509964e+00
-3.244253303980850767e+00
1.766129736558266883e+00
