-5.594733029263543322e+00
-2.451940391429963118e+00
-3.595166616820632211e+00
-7.727786856098085799e+00
-2.944147770452230084e+00
-2.041641558283518731e-01
-6.265237608354158994e+00
-2.508143475027717617e+00
-1.738625002506554829e+00
-5.290634945132556943e+00
-2.830545268007993442e+00
-6.610218704392756273e+00
-1.140318210363834073e+00
-3.045234627000117933e-01
-4.000000000000000000e+00
-2.137598658635424975e+00
-1.667600767881608936e+00
-6.498223894299528069e+00
-2.194708184633169079e+00
-2.527553981485645695e-01
-7.563152954173562925e+00
-1.346363627451518497e+00
-7.289987529501592789e+00
-1.451879881676044093e+00
3.430196875881074692e-01
-3.698970004336018746e+00
-1.001603423332931841e+00
-3.770179303935805137e+00
-1.000000000000000000e+00
-7.865350994724379596e+00
-2.032442479810112612e+00
6.377224957374092451e-01
-7.698970004336018746e+00
-3.218758274742360648e+00
-2.499612504320412043e-01
-5.658633466412677393e+00
-4.000000000000000000e+00
-6.174302449144773719e-02
-6.648893617537181555e+00
-1.274053125143315368e+00
-7.011216299132352336e-01
-6.038051252549644587e+00
-1.000000000000000000e+00
-1.163393059545914099e+00
-3.390465448411451033e-01
-4.026348774886629123e+00
-6.683012583043269395e+00
-1.574679207403124392e+00
-2.780731971091437993e-01
-8.441541800773505244e+00
-1.217090951690188438e+00
2.633874980330727089e-01
-9.000000000000000000e+00
-2.576803614947207777e+00
2.000000000000000000e+00
-5.000000000000000000e+00
-1.645895110267169503e+00
-1.629355666068188047e+00
-6.730370299036207982e+00
-1.192593931727113254e+00
-2.000000000000000000e+00
-8.000000000000000000e+00
-1.278324760693980044e+00
-6.576300268307249119e+00
-2.050007236002287514e-01
-4.855789963136665222e+00
-1.232168480743505157e+00
-4.685133358128958037e+00
-2.864579141516251148e+00
-4.971555676875191843e+00
-1.465196831063652505e+00
-6.874272602985109337e+00
-2.167318713705227218e+00
-7.999974722200926536e+00
-1.369017827899351225e+00
-5.947208834341696004e+00
-9.777520163243188511e-01
-5.327912221488878330e+00
-4.345190854450559637e-01
-4.212940570104498406e+00
-2.976329087634708159e+00
-4.966936368618109832e+00
-1.289075254444784990e+00
-3.408186916343761919e+00
-2.554368102903182169e+00
-2.435950640469045858e+00
-1.030056719933394316e+00
-4.424418381028444536e+00
-4.843977802319106907e+00
-3.491092961525032567e+00
-3.949076606724125860e+00
-5.690196149515636570e+00
-3.328661622396320130e+00
-4.708071995298679369e+00
-3.764032349477499206e+00
2.443656525819585035e+00
-4.690311273114244450e+00
-2.805136053392537576e+00
1.393479413736582018e+00
-4.571608784536837611e+00
-2.216267911451179629e+00
2.072642680039121554e+00
-5.359062928787771796e+00
-1.854785136469695006e+00
9.204529028033119342e-01
