-6.829085275161247637e+00
-1.870745635644567084e+00
-6.309585252732531124e+00
-6.718466727549690987e+00
-1.592597645251160987e+00
-6.025783448538104548e-01
-5.771571516045455930e+00
-2.716030190079543161e+00
6.101720902918402745e-01
-4.654166058630326397e+00
-3.799858967532576237e+00
-5.477617380269724556e+00
-4.857301043500445559e+00
-7.945598179781039327e-01
-3.778174079082528447e+00
-2.466838208445867764e+00
-1.468920160365230432e+00
-4.757713957667433213e+00
-2.109313008947970580e+00
7.249498037028317965e-01
-7.852722615629435410e+00
-1.000000000000000000e+00
-8.693390069473613480e+00
-4.335620277954062018e+00
8.611271497776155082e-01
-6.161791765228015194e+00
-3.499368784283148237e+00
-4.313996186094801288e+00
-3.687359168639467555e+00
-6.912932325545660284e+00
-4.179193408527687836e+00
-1.456513061539500331e+00
-6.796368322386308058e+00
-1.049650056993990388e+00
-1.026605608800685632e+00
-5.827784042702274014e+00
-2.108667137309640172e+00
8.009001143700144043e-01
-4.000000000000000000e+00
-1.360016258243940346e+00
4.773712405435192041e-01
-8.422856676489637096e+00
-2.958547650232844717e+00
9.048947854131008661e-01
-3.931590651248421664e-01
-2.511014611932188334e+00
-7.997668108757558514e+00
-3.209138556065426418e+00
-9.555286328868768664e-02
-6.068831904886995865e+00
-2.169037178759433804e+00
8.398206601690501039e-01
-8.988462808909474688e+00
-3.228341728577976966e+00
2.000000000000000000e+00
-7.181813332041757647e+00
-4.163351095086421871e+00
-1.327666346283739029e-01
-5.133469676159155171e+00
-3.988532013065222870e+00
8.832215660696459691e-01
-5.307668204635941578e+00
-3.122658548339949380e+00
-6.757383705106645877e+00
-2.868850024390842801e+00
-5.731198544722081678e+00
0.000000000000000000e+00
-6.620007436261318823e+00
-9.272647466326424670e-01
-6.088436559110202317e+00
-2.120683974469266708e+00
-6.141325654596322181e+00
-1.114258462005134787e+00
-4.002597873537720119e+00
-1.472928339840804624e+00
-6.890210992778230015e+00
-1.863066612585465132e+00
-7.240566143950042388e+00
-1.672237957988474744e+00
-5.710273622163430041e+00
-1.829614642173940764e+00
-4.497086413666434801e+00
-3.710241274156122593e+00
-4.275067855354179436e+00
-3.972440745832242381e+00
-2.830894837541137576e+00
-1.000000000000000000e+00
-5.230530067997098520e+00
-4.267657845935560523e+00
-2.881705646728900394e+00
-3.402158393352470611e+00
-4.985345048072937324e+00
-4.263300985855756231e+00
-5.873532993217189357e+00
-2.364154473644183518e+00
9.115011254260273477e-01
-4.561112959343832429e+00
-3.309094404398134959e+00
1.896659426907184365e+00
-3.836437967808850935e+00
-3.246235594790577217e+00
6.860592238592828629e-01
-2.544774283774371870e+00
-2.238431885843443769e+00
5.329989851976293380e-01
