9.578975998490784960e+00
9.578975998490784960e+00
3.982384888606326889e+00
3.982384888606326889e+00
3.982384888606326889e+00
3.982384888606326889e+00
2.641304068813891348e+00
1.726762679530537525e+00
5.635012416867620777e-01
5.635012416867620777e-01
3.362255780598292221e-01
3.362255780598292221e-01
2.644340297960296460e-01
2.644340297960296460e-01
2.644340297960296460e-01
2.644340297960296460e-01
2.644340297960296460e-01
2.644340297960296460e-01
2.644340297960296460e-01
1.991517829035843457e-01
1.991517829035843457e-01
1.991517829035843457e-01
1.991517829035843457e-01
1.991517829035843457e-01
1.991517829035843457e-01
1.991517829035843457e-01
1.991517829035843457e-01
1.991517829035843457e-01
1.991517829035843457e-01
1.991517829035843457e-01
1.991517829035843457e-01
1.991517829035843457e-01
1.991517829035843457e-01
1.991517829035843457e-01
1.991517829035843457e-01
1.991517829035843457e-01
1.991517829035843457e-01
1.991517829035843457e-01
1.991517829035843457e-01
1.991517829035843457e-01
1.991517829035843457e-01
1.991517829035843457e-01
1.963864963437469136e-01
1.963864963437469136e-01
1.963864963437469136e-01
1.963864963437469136e-01
1.963864963437469136e-01
1.963864963437469136e-01
1.963864963437469136e-01
1.963864963437469136e-01
1.963864963437469136e-01
1.963864963437469136e-01
1.963864963437469136e-01
1.963864963437469136e-01
1.963864963437469136e-01
1.963864963437469136e-01
1.824279652031796650e-01
1.824279652031796650e-01
1.824279652031796650e-01
1.824279652031796650e-01
1.824279652031796650e-01
1.824279652031796650e-01
1.541378003132036212e-01
1.541378003132036212e-01
1.541378003132036212e-01
1.541378003132036212e-01
1.541378003132036212e-01
1.541378003132036212e-01
1.541378003132036212e-01
1.541378003132036212e-01
1.541378003132036212e-01
1.286305817078619018e-01
1.286305817078619018e-01
1.286305817078619018e-01
1.286305817078619018e-01
1.286305817078619018e-01
1.286305817078619018e-01
1.286305817078619018e-01
1.286305817078619018e-01
1.286305817078619018e-01
1.286305817078619018e-01
1.286305817078619018e-01
1.286305817078619018e-01
1.246874664584508019e-01
1.246874664584508019e-01
1.246874664584508019e-01
1.246874664584508019e-01
1.246874664584508019e-01
1.246874664584508019e-01
1.061068412658248833e-01
1.061068412658248833e-01
1.061068412658248833e-01
1.061068412658248833e-01
1.061068412658248833e-01
9.793787443076060195e-02
9.793787443076060195e-02
9.793787443076060195e-02
9.793787443076060195e-02
9.793787443076060195e-02
9.793787443076060195e-02
9.793787443076060195e-02
9.793787443076060195e-02
9.793787443076060195e-02
9.793787443076060195e-02
9.793787443076060195e-02
9.793787443076060195e-02
9.502783431459164987e-02
9.502783431459164987e-02
9.463008214237085547e-02
9.412648778487649193e-02
9.412648778487649193e-02
9.300689587466884345e-02
9.300689587466884345e-02
9.213539769726709905e-02
9.174210475132922593e-02
9.161628987264322510e-02
9.157060525413245056e-02
9.155296553996025710e-02
8.919715160331351256e-02
8.791923655518739389e-02
8.791923655518739389e-02
8.791923655518739389e-02
8.223590362416513533e-02
8.129241941637657676e-02
8.129241941637657676e-02
8.129241941637657676e-02
8.129241941637657676e-02
8.129241941637657676e-02
8.129241941637657676e-02
8.129241941637657676e-02
8.129241941637657676e-02
8.129241941637657676e-02
8.129241941637657676e-02
8.129241941637657676e-02
8.129241941637657676e-02
8.129241941637657676e-02
7.661218381482168271e-02
7.661218381482168271e-02
7.661218381482168271e-02
7.661218381482168271e-02
7.661218381482168271e-02
7.661218381482168271e-02
7.661218381482168271e-02
7.661218381482168271e-02
7.661218381482168271e-02
7.661218381482168271e-02
7.547745419156628999e-02
7.547745419156628999e-02
7.547745419156628999e-02
7.520537609993765971e-02
7.509488414022871816e-02
7.509488414022871816e-02
7.509488414022871816e-02
7.509488414022871816e-02
7.509488414022871816e-02
7.509488414022871816e-02
7.509488414022871816e-02
7.508431372484121458e-02
7.508431372484121458e-02
7.508431372484121458e-02
7.501448988369983917e-02
7.499630483953516336e-02
7.499313809801806674e-02
7.499270284266283670e-02
7.499270284266283670e-02
7.499263245233386832e-02
7.499263245233386832e-02
7.499263245233386832e-02
7.499263245233386832e-02
7.474477155732436873e-02
7.462874022410390107e-02
7.457561148708176380e-02
7.455551381778086073e-02
7.455162494549820440e-02
7.455148667383469652e-02
7.454454308652999628e-02
7.454273166154024022e-02
7.454162750841901441e-02
7.454162750841901441e-02
7.454141315367449061e-02
7.454141315367449061e-02
7.454141315367449061e-02
7.454141315367449061e-02
7.454141315367449061e-02
7.454141315367449061e-02
7.454141315367449061e-02
7.454141315367449061e-02
7.432753604146176418e-02
7.432231547856951726e-02
7.427293565891542049e-02
7.413529171267368989e-02
7.412825469863840167e-02
7.412825469863840167e-02
7.409761266363570908e-02
7.408889353919741183e-02
7.408817562828907965e-02
7.408815629468712416e-02
7.405973890893645384e-02
7.401572096164238390e-02
7.401193195580685336e-02
