2.517033091622201013e+01
3.236505414050382612e+00
3.236505414050382612e+00
3.236505414050382612e+00
3.236505414050382612e+00
3.236505414050382612e+00
2.669919450110208814e+00
1.543699868524914809e+00
1.088274191269273272e+00
7.709862323764260505e-01
7.709862323764260505e-01
7.709862323764260505e-01
7.709862323764260505e-01
6.584424857885869953e-01
6.584424857885869953e-01
6.584424857885869953e-01
6.584424857885869953e-01
6.584424857885869953e-01
6.584424857885869953e-01
5.535367782232251121e-01
5.535367782232251121e-01
5.011791880808347255e-01
5.011791880808347255e-01
3.357437735857700112e-01
3.357437735857700112e-01
3.357437735857700112e-01
3.357437735857700112e-01
3.357437735857700112e-01
3.357437735857700112e-01
3.357437735857700112e-01
3.357437735857700112e-01
3.357437735857700112e-01
3.357437735857700112e-01
3.357437735857700112e-01
3.357437735857700112e-01
3.357437735857700112e-01
3.357437735857700112e-01
2.864129487240267280e-01
2.864129487240267280e-01
2.864129487240267280e-01
2.864129487240267280e-01
2.864129487240267280e-01
2.864129487240267280e-01
2.503926947026977046e-01
2.503926947026977046e-01
2.503926947026977046e-01
2.503926947026977046e-01
2.503926947026977046e-01
2.503926947026977046e-01
2.503926947026977046e-01
2.503926947026977046e-01
2.503926947026977046e-01
2.503926947026977046e-01
2.503926947026977046e-01
1.584056877286817433e-01
1.584056877286817433e-01
1.584056877286817433e-01
1.584056877286817433e-01
1.584056877286817433e-01
1.584056877286817433e-01
1.584056877286817433e-01
1.584056877286817433e-01
1.584056877286817433e-01
1.584056877286817433e-01
1.584056877286817433e-01
1.584056877286817433e-01
1.438664532899917858e-01
1.438664532899917858e-01
1.438664532899917858e-01
1.438664532899917858e-01
1.438664532899917858e-01
1.438664532899917858e-01
1.438664532899917858e-01
1.372049210174169365e-01
1.372049210174169365e-01
1.372049210174169365e-01
1.372049210174169365e-01
1.372049210174169365e-01
1.372049210174169365e-01
1.372049210174169365e-01
1.372049210174169365e-01
1.372049210174169365e-01
1.372049210174169365e-01
1.372049210174169365e-01
1.372049210174169365e-01
1.372049210174169365e-01
1.372049210174169365e-01
1.372049210174169365e-01
1.372049210174169365e-01
1.372049210174169365e-01
1.372049210174169365e-01
1.372049210174169365e-01
1.343708697408382835e-01
1.343708697408382835e-01
1.343708697408382835e-01
1.343708697408382835e-01
1.343708697408382835e-01
1.343708697408382835e-01
1.343708697408382835e-01
1.343708697408382835e-01
1.343708697408382835e-01
1.343708697408382835e-01
1.343708697408382835e-01
1.315308309234950179e-01
1.315308309234950179e-01
1.315308309234950179e-01
1.315308309234950179e-01
1.315308309234950179e-01
1.315308309234950179e-01
1.315308309234950179e-01
1.315308309234950179e-01
1.315308309234950179e-01
1.315308309234950179e-01
1.315308309234950179e-01
1.315308309234950179e-01
1.315308309234950179e-01
1.296130364628396980e-01
1.051176258887359660e-01
1.051176258887359660e-01
1.051176258887359660e-01
1.051176258887359660e-01
1.051176258887359660e-01
1.051176258887359660e-01
1.051176258887359660e-01
1.051176258887359660e-01
1.051176258887359660e-01
1.051176258887359660e-01
1.051176258887359660e-01
1.051176258887359660e-01
1.051176258887359660e-01
1.051176258887359660e-01
1.051176258887359660e-01
1.051176258887359660e-01
1.040435208625398317e-01
1.040435208625398317e-01
9.928844467830461040e-02
9.928844467830461040e-02
9.928844467830461040e-02
9.928844467830461040e-02
9.928844467830461040e-02
9.928844467830461040e-02
9.928844467830461040e-02
9.928844467830461040e-02
9.840492017363391963e-02
9.768577564190424056e-02
9.756447867471476632e-02
9.753634651070772210e-02
9.752890929881401216e-02
9.752708400450861570e-02
9.752656889250030381e-02
9.752641863101957354e-02
9.752641324114996735e-02
9.752640848691401798e-02
9.752640848691401798e-02
9.752640848691401798e-02
9.752637826292538670e-02
9.752636074699036484e-02
9.752636074699036484e-02
9.752636074699036484e-02
9.752636074699036484e-02
9.752636074699036484e-02
9.752636074699036484e-02
9.752636074699036484e-02
9.752636074699036484e-02
9.752636074699036484e-02
9.752636074699036484e-02
9.752636074699036484e-02
9.752636074699036484e-02
9.752635195130390788e-02
9.752635195130390788e-02
9.752635195130390788e-02
9.752631401545130974e-02
9.752631401545130974e-02
9.752631401545130974e-02
9.752631401545130974e-02
9.752631401545130974e-02
9.752631401545130974e-02
9.383334743365499830e-02
9.383334743365499830e-02
9.383334743365499830e-02
9.383334743365499830e-02
9.383334743365499830e-02
9.383334743365499830e-02
9.383334743365499830e-02
9.383334743365499830e-02
9.383334743365499830e-02
9.383334743365499830e-02
9.383334743365499830e-02
9.383334743365499830e-02
9.383334743365499830e-02
9.383334743365499830e-02
9.227732514147973797e-02
9.221247467305250523e-02
9.220986534595394801e-02
9.220980560265512604e-02
9.220978143214518530e-02
9.220977751355259600e-02
9.220977751355259600e-02
9.220977751355259600e-02
9.220977751355259600e-02
