1.065451692336444012e+01
1.065451692336444012e+01
1.065451692336444012e+01
1.065451692336444012e+01
1.010812350717851693e+01
7.451000675975262055e+00
2.240273463360451522e+00
2.240273463360451522e+00
1.773970679821973206e+00
1.773970679821973206e+00
1.773970679821973206e+00
1.773970679821973206e+00
1.418867312898928867e+00
1.201922410583127210e+00
1.201922410583127210e+00
1.201922410583127210e+00
9.413586427486445585e-01
9.413586427486445585e-01
9.413586427486445585e-01
9.413586427486445585e-01
9.413586427486445585e-01
9.413586427486445585e-01
9.413586427486445585e-01
9.413586427486445585e-01
9.413586427486445585e-01
8.789993463203601420e-01
8.789993463203601420e-01
8.673568307602942395e-01
8.673568307602942395e-01
8.673568307602942395e-01
8.295580929585386620e-01
8.295580929585386620e-01
8.295580929585386620e-01
8.295580929585386620e-01
7.767043449248475229e-01
7.767043449248475229e-01
7.767043449248475229e-01
7.767043449248475229e-01
7.767043449248475229e-01
7.767043449248475229e-01
7.767043449248475229e-01
7.767043449248475229e-01
7.767043449248475229e-01
7.767043449248475229e-01
7.767043449248475229e-01
7.767043449248475229e-01
7.767043449248475229e-01
7.767043449248475229e-01
7.767043449248475229e-01
7.767043449248475229e-01
7.730558994440912546e-01
7.730558994440912546e-01
7.730558994440912546e-01
7.730558994440912546e-01
7.730558994440912546e-01
7.126336779301519764e-01
7.126336779301519764e-01
7.126336779301519764e-01
7.126336779301519764e-01
7.126336779301519764e-01
7.126336779301519764e-01
7.126336779301519764e-01
7.126336779301519764e-01
7.126336779301519764e-01
7.126336779301519764e-01
7.126336779301519764e-01
7.126336779301519764e-01
7.126336779301519764e-01
7.126336779301519764e-01
7.016423231825303919e-01
7.016423231825303919e-01
7.016423231825303919e-01
7.016423231825303919e-01
7.016423231825303919e-01
7.016423231825303919e-01
7.016423231825303919e-01
7.016423231825303919e-01
7.016423231825303919e-01
7.016423231825303919e-01
7.016423231825303919e-01
7.016423231825303919e-01
7.016423231825303919e-01
6.887701542623537732e-01
6.887701542623537732e-01
6.887701542623537732e-01
6.887701542623537732e-01
6.775915218500837556e-01
6.775915218500837556e-01
6.775915218500837556e-01
6.775915218500837556e-01
6.604087196896523126e-01
6.604087196896523126e-01
6.604087196896523126e-01
6.604087196896523126e-01
6.604087196896523126e-01
6.604087196896523126e-01
6.604087196896523126e-01
6.604087196896523126e-01
6.427527248669001603e-01
6.427527248669001603e-01
6.427527248669001603e-01
6.427527248669001603e-01
6.427527248669001603e-01
6.427527248669001603e-01
6.427527248669001603e-01
6.427527248669001603e-01
6.427527248669001603e-01
5.993471098496896410e-01
5.993471098496896410e-01
5.993471098496896410e-01
5.993471098496896410e-01
5.993471098496896410e-01
5.993471098496896410e-01
5.993471098496896410e-01
5.993471098496896410e-01
5.993471098496896410e-01
5.993471098496896410e-01
5.993471098496896410e-01
5.993471098496896410e-01
5.971285252866094240e-01
5.971285252866094240e-01
5.971285252866094240e-01
5.923061324718271736e-01
5.923061324718271736e-01
5.923061324718271736e-01
5.627345309039476495e-01
5.627345309039476495e-01
5.623197964717288055e-01
5.574345071103148364e-01
5.574345071103148364e-01
5.574345071103148364e-01
5.574345071103148364e-01
5.426584469331576788e-01
5.426584469331576788e-01
5.426584469331576788e-01
5.426584469331576788e-01
5.426584469331576788e-01
5.426584469331576788e-01
5.386787851349366107e-01
5.386787851349366107e-01
5.386787851349366107e-01
5.386787851349366107e-01
5.279334279489938941e-01
5.261438174482143681e-01
5.146147907926139631e-01
5.118754481606783147e-01
4.995211094374077954e-01
4.995211094374077954e-01
4.995211094374077954e-01
4.995211094374077954e-01
4.978512433232170076e-01
4.978512433232170076e-01
4.888518191810009572e-01
4.888518191810009572e-01
4.888518191810009572e-01
4.888518191810009572e-01
4.887373417034807654e-01
4.887373417034807654e-01
4.887373417034807654e-01
4.788372339497985464e-01
4.788372339497985464e-01
4.788372339497985464e-01
4.788372339497985464e-01
4.659307397376001303e-01
4.584081027404471320e-01
4.559439215755236585e-01
4.491873827609112468e-01
4.463989769545172459e-01
4.463989769545172459e-01
4.463989769545172459e-01
4.463989769545172459e-01
4.463989769545172459e-01
4.462233213814396637e-01
4.462233213814396637e-01
4.459505918704576022e-01
4.459505918704576022e-01
4.459505918704576022e-01
4.418588467181039370e-01
4.404072644514968604e-01
4.248687915367180823e-01
4.248687915367180823e-01
4.212683920525647219e-01
4.212196582537670597e-01
4.212178549198081212e-01
4.212178549198081212e-01
4.212178549198081212e-01
4.190480328396128384e-01
4.185073229998642064e-01
4.143619460320540626e-01
4.140210868993057236e-01
4.140029382408252356e-01
4.140014348883967465e-01
4.137785053912035882e-01
4.135990615663292513e-01
4.124474761674743473e-01
4.124474761674743473e-01
4.124107628649874568e-01
4.124107628649874568e-01
4.124107628649874568e-01
4.124107628649874568e-01
