1.480991800995690788e+01
1.480991800995690788e+01
1.480991800995690788e+01
1.480991800995690788e+01
1.181330181004323876e+01
9.714561368828391608e+00
5.503369570054926108e+00
5.047351860687931513e+00
5.047351860687931513e+00
3.213326635234536433e+00
2.355624613264167611e+00
1.456716154787797368e+00
1.456716154787797368e+00
1.422878043557904482e+00
1.320594051673645630e+00
1.132295478095685759e+00
1.115123102614543837e+00
1.115123102614543837e+00
1.115123102614543837e+00
1.115123102614543837e+00
1.114907525076520800e+00
1.114907525076520800e+00
1.114907525076520800e+00
1.114907525076520800e+00
1.114907525076520800e+00
9.700229722231581420e-01
9.700229722231581420e-01
8.921331149872058219e-01
8.921331149872058219e-01
8.921331149872058219e-01
8.921331149872058219e-01
8.921331149872058219e-01
8.921331149872058219e-01
8.884564288290600631e-01
8.884564288290600631e-01
8.071157417737605533e-01
8.071157417737605533e-01
7.818155581469379278e-01
7.697037387997309743e-01
7.199394719671998732e-01
7.151513709083617831e-01
7.151513709083617831e-01
6.702516302842093099e-01
6.702516302842093099e-01
6.016518420572415371e-01
6.016518420572415371e-01
6.016518420572415371e-01
6.016518420572415371e-01
6.016518420572415371e-01
6.016518420572415371e-01
6.016518420572415371e-01
6.016518420572415371e-01
6.016518420572415371e-01
4.099125006756831335e-01
3.931425907651945328e-01
3.462086459990287857e-01
2.117486694842716510e-01
2.117486694842716510e-01
2.117486694842716510e-01
2.117486694842716510e-01
1.441701778626180430e-01
1.441701778626180430e-01
1.441701778626180430e-01
1.441701778626180430e-01
1.441701778626180430e-01
1.441701778626180430e-01
1.441701778626180430e-01
1.441701778626180430e-01
1.441701778626180430e-01
1.441701778626180430e-01
1.441701778626180430e-01
1.441701778626180430e-01
1.441701778626180430e-01
1.441701778626180430e-01
1.441701778626180430e-01
1.441701778626180430e-01
1.441701778626180430e-01
1.441701778626180430e-01
1.441701778626180430e-01
1.441701778626180430e-01
1.276813132822346986e-01
1.212479126724037432e-01
1.212479126724037432e-01
1.212479126724037432e-01
1.212479126724037432e-01
1.212479126724037432e-01
1.212479126724037432e-01
1.212479126724037432e-01
1.212479126724037432e-01
1.212479126724037432e-01
1.212479126724037432e-01
1.212479126724037432e-01
1.161647032868341478e-01
1.161647032868341478e-01
1.161647032868341478e-01
1.161647032868341478e-01
1.161647032868341478e-01
1.047607026423942878e-01
1.047607026423942878e-01
1.047607026423942878e-01
1.012070093422766243e-01
1.012070093422766243e-01
1.012070093422766243e-01
1.012070093422766243e-01
1.012070093422766243e-01
1.012070093422766243e-01
1.012070093422766243e-01
1.012070093422766243e-01
1.012070093422766243e-01
1.012070093422766243e-01
1.012070093422766243e-01
1.012070093422766243e-01
1.012070093422766243e-01
1.012070093422766243e-01
1.012070093422766243e-01
9.877041950397766334e-02
9.877041950397766334e-02
9.877041950397766334e-02
9.462809702140928536e-02
9.462809702140928536e-02
9.462809702140928536e-02
9.462809702140928536e-02
9.462809702140928536e-02
9.462809702140928536e-02
9.462809702140928536e-02
9.462809702140928536e-02
9.462809702140928536e-02
9.054267363417224657e-02
8.717542351705447057e-02
8.717542351705447057e-02
8.717542351705447057e-02
8.717542351705447057e-02
8.717542351705447057e-02
8.717542351705447057e-02
8.717542351705447057e-02
8.717542351705447057e-02
8.058184577182267438e-02
8.058184577182267438e-02
8.052360001987053650e-02
8.052360001987053650e-02
8.052360001987053650e-02
8.052360001987053650e-02
8.015465271579300111e-02
8.015465271579300111e-02
8.015465271579300111e-02
8.015465271579300111e-02
8.015465271579300111e-02
8.015465271579300111e-02
7.812631913487318169e-02
7.812631913487318169e-02
7.446093173137670329e-02
7.446093173137670329e-02
7.254530543879783577e-02
7.254530543879783577e-02
7.254530543879783577e-02
7.254530543879783577e-02
7.254530543879783577e-02
7.254530543879783577e-02
7.254530543879783577e-02
7.249758268234728076e-02
7.249758268234728076e-02
7.226484892902979018e-02
7.219184244985145382e-02
7.218178645303828522e-02
7.170099236627903994e-02
7.170099236627903994e-02
7.170099236627903994e-02
7.170099236627903994e-02
7.121330282188248484e-02
7.121330282188248484e-02
7.121330282188248484e-02
7.121330282188248484e-02
7.121330282188248484e-02
7.095037132127507418e-02
7.083620295597367611e-02
7.082159682095848230e-02
7.082159682095848230e-02
7.082108012577921496e-02
7.082108012577921496e-02
7.082108012577921496e-02
7.082108012577921496e-02
7.082108012577921496e-02
7.082031857031266531e-02
7.082031857031266531e-02
7.034342168420609775e-02
7.034342168420609775e-02
7.034342168420609775e-02
7.021190181554294585e-02
7.020208331505806143e-02
7.020132198783592126e-02
7.020080227707481413e-02
7.020080227707481413e-02
7.020080227707481413e-02
7.020064557560691532e-02
7.020064557560691532e-02
7.020064557560691532e-02
7.020064557560691532e-02
7.020064557560691532e-02
7.020061818414967403e-02
7.020061818414967403e-02
