5.068337188607375055e+01
1.680110942422425069e+01
7.929633855959874467e+00
7.929633855959874467e+00
7.839430425862685681e+00
6.052320717473234524e+00
5.142046428461282126e+00
4.153888242260220132e+00
3.621776570627146974e+00
3.621776570627146974e+00
3.432415173808768927e+00
3.432415173808768927e+00
3.432415173808768927e+00
3.305586209687736865e+00
2.750895257877342015e+00
2.750895257877342015e+00
2.750895257877342015e+00
2.424052770102271825e+00
2.191422021453242497e+00
1.726607616024369296e+00
1.726607616024369296e+00
1.726607616024369296e+00
1.726607616024369296e+00
1.284298660560693417e+00
1.256877196747655301e+00
1.073306937129633321e+00
8.461514931434497289e-01
6.356778569468807261e-01
6.356778569468807261e-01
6.356778569468807261e-01
6.356778569468807261e-01
6.356778569468807261e-01
6.356778569468807261e-01
6.356778569468807261e-01
6.356778569468807261e-01
6.356778569468807261e-01
6.356778569468807261e-01
6.208002741961625714e-01
5.795002193950833380e-01
5.240404797447846263e-01
5.155685327269701190e-01
5.155685327269701190e-01
5.155685327269701190e-01
5.155685327269701190e-01
5.155685327269701190e-01
5.155685327269701190e-01
5.155685327269701190e-01
5.155685327269701190e-01
5.155685327269701190e-01
5.155685327269701190e-01
5.155685327269701190e-01
5.155685327269701190e-01
5.155685327269701190e-01
5.155685327269701190e-01
5.155685327269701190e-01
5.155685327269701190e-01
5.155685327269701190e-01
5.155685327269701190e-01
5.155685327269701190e-01
5.155685327269701190e-01
5.155685327269701190e-01
4.950749437644632600e-01
4.950749437644632600e-01
4.950749437644632600e-01
4.950749437644632600e-01
4.476050191101952347e-01
4.476050191101952347e-01
4.476050191101952347e-01
4.476050191101952347e-01
4.476050191101952347e-01
4.476050191101952347e-01
4.476050191101952347e-01
4.476050191101952347e-01
4.476050191101952347e-01
4.476050191101952347e-01
4.476050191101952347e-01
4.476050191101952347e-01
4.476050191101952347e-01
4.476050191101952347e-01
3.986467655445427583e-01
3.986467655445427583e-01
3.986467655445427583e-01
3.986467655445427583e-01
3.986467655445427583e-01
3.986467655445427583e-01
3.985080590284297841e-01
3.985080590284297841e-01
3.985080590284297841e-01
3.985080590284297841e-01
3.810118596309140515e-01
3.810118596309140515e-01
3.810118596309140515e-01
3.737128847511219099e-01
3.737128847511219099e-01
3.737128847511219099e-01
3.737128847511219099e-01
3.737128847511219099e-01
3.737128847511219099e-01
3.380167805452998220e-01
3.380167805452998220e-01
3.380167805452998220e-01
3.287284731482918998e-01
3.287284731482918998e-01
2.788313525628297040e-01
2.646430115489502577e-01
2.646430115489502577e-01
2.646430115489502577e-01
2.646430115489502577e-01
2.142712221631467573e-01
2.142712221631467573e-01
2.142712221631467573e-01
2.142712221631467573e-01
2.142712221631467573e-01
2.142712221631467573e-01
2.142712221631467573e-01
2.142712221631467573e-01
2.142712221631467573e-01
2.142712221631467573e-01
2.142712221631467573e-01
2.142712221631467573e-01
2.142712221631467573e-01
2.142712221631467573e-01
1.954518623274173750e-01
1.954518623274173750e-01
1.954518623274173750e-01
1.954518623274173750e-01
1.954518623274173750e-01
1.912861546031774940e-01
1.912861546031774940e-01
1.774636411002907255e-01
1.700177318363417234e-01
1.700177318363417234e-01
1.644230717467748404e-01
1.644230717467748404e-01
1.644230717467748404e-01
1.644230717467748404e-01
1.644230717467748404e-01
1.633999185616012151e-01
1.633999185616012151e-01
1.606355305200109496e-01
1.466454762146413293e-01
1.466454762146413293e-01
1.457083229399938895e-01
1.457083229399938895e-01
1.457083229399938895e-01
1.457083229399938895e-01
1.457083229399938895e-01
1.457083229399938895e-01
1.398818647044557384e-01
1.362449723375829258e-01
1.355819181551457808e-01
1.354332415211960128e-01
1.353980850222796517e-01
1.353898644700362863e-01
1.347126933733484300e-01
1.298315971744308794e-01
1.298315971744308794e-01
1.298315971744308794e-01
1.277909929328528982e-01
1.228782266127048661e-01
1.228782266127048661e-01
1.228782266127048661e-01
1.228782266127048661e-01
1.228782266127048661e-01
1.201985684756107231e-01
1.196691544499104698e-01
1.196089576965245482e-01
1.195406383054890970e-01
1.195245191146394464e-01
1.195009404148683063e-01
1.185783261114110448e-01
1.184643790334361929e-01
1.182908344788931587e-01
1.182094791881451862e-01
1.181593184089616833e-01
1.173152562236229185e-01
1.173152562236229185e-01
1.173152562236229185e-01
1.173152562236229185e-01
1.154235942943333121e-01
1.154235942943333121e-01
1.154235942943333121e-01
1.154235942943333121e-01
1.154235942943333121e-01
1.154235942943333121e-01
1.148235482740638802e-01
1.148235482740638802e-01
1.147681236478362982e-01
1.147061967813209210e-01
1.147026101380127089e-01
1.147024227154115478e-01
1.147024227154115478e-01
1.147024227154115478e-01
1.090184636906362248e-01
1.088850033459128064e-01
1.088848964079638937e-01
1.088848558374402031e-01
1.088848558374402031e-01
1.088847382205781894e-01
1.088847382205781894e-01
