1.906862952805796851e+01
1.906862952805796851e+01
1.906862952805796851e+01
1.222725975981789048e+01
1.118738851680926416e+01
1.118738851680926416e+01
9.264128418966137701e+00
6.752040970686888244e+00
6.752040970686888244e+00
5.761136850691651823e+00
5.020320879662067526e+00
5.020320879662067526e+00
4.363090973619276447e+00
3.987912606613582156e+00
3.987912606613582156e+00
3.970511115987493511e+00
3.858819932405814335e+00
3.858819932405814335e+00
3.858819932405814335e+00
3.858819932405814335e+00
3.858819932405814335e+00
3.858819932405814335e+00
3.858819932405814335e+00
3.858819932405814335e+00
3.810904180975577482e+00
3.810904180975577482e+00
3.810904180975577482e+00
3.641338335191522724e+00
3.641338335191522724e+00
3.641338335191522724e+00
3.582940218876657923e+00
3.515841392096494378e+00
3.461638225844245298e+00
3.461638225844245298e+00
3.461638225844245298e+00
3.461638225844245298e+00
3.461638225844245298e+00
3.213783210393332368e+00
3.213783210393332368e+00
3.213783210393332368e+00
3.125303430365076185e+00
3.107758259039364646e+00
3.107758259039364646e+00
3.107758259039364646e+00
3.107758259039364646e+00
3.107758259039364646e+00
3.048326670222836654e+00
3.048326670222836654e+00
3.048326670222836654e+00
3.021225734156113951e+00
3.021225734156113951e+00
2.848712424261916620e+00
2.848712424261916620e+00
2.848712424261916620e+00
2.848712424261916620e+00
2.848712424261916620e+00
2.795017047039993763e+00
2.795017047039993763e+00
2.795017047039993763e+00
2.795017047039993763e+00
2.795017047039993763e+00
2.723736624100049575e+00
2.723736624100049575e+00
2.723736624100049575e+00
2.723736624100049575e+00
2.723736624100049575e+00
2.716684578421296070e+00
2.716684578421296070e+00
2.670900070686375027e+00
2.670900070686375027e+00
2.670900070686375027e+00
2.670900070686375027e+00
2.670900070686375027e+00
2.670900070686375027e+00
2.670900070686375027e+00
2.670900070686375027e+00
2.670900070686375027e+00
2.665000939368851185e+00
2.665000939368851185e+00
2.641157080792808642e+00
2.417162490514880080e+00
2.417162490514880080e+00
2.417162490514880080e+00
2.285739008403713690e+00
2.285739008403713690e+00
2.285739008403713690e+00
2.285739008403713690e+00
2.285739008403713690e+00
2.285739008403713690e+00
2.164432869489923750e+00
2.164432869489923750e+00
2.164432869489923750e+00
2.106975983383541973e+00
2.106975983383541973e+00
2.106975983383541973e+00
2.074971966438007964e+00
2.074971966438007964e+00
2.074971966438007964e+00
2.074971966438007964e+00
2.022264883907871624e+00
1.937563912937160904e+00
1.897120208578094713e+00
1.897120208578094713e+00
1.897120208578094713e+00
1.897120208578094713e+00
1.897120208578094713e+00
1.897120208578094713e+00
1.897120208578094713e+00
1.891018397062148360e+00
1.776155149530585176e+00
1.656598347153489303e+00
1.656598347153489303e+00
1.656598347153489303e+00
1.656598347153489303e+00
1.656598347153489303e+00
1.574467837885366261e+00
1.574467837885366261e+00
1.574467837885366261e+00
1.574467837885366261e+00
1.554547791547624458e+00
1.471708429606101820e+00
1.451037274814140021e+00
1.445299792628733204e+00
1.443673493626951965e+00
1.443133009881708340e+00
1.407281338584938979e+00
1.407281338584938979e+00
1.407281338584938979e+00
1.407281338584938979e+00
1.407281338584938979e+00
1.334604159350868402e+00
1.334604159350868402e+00
1.334604159350868402e+00
1.331775075889976234e+00
1.295166657840886248e+00
1.295166657840886248e+00
1.192453949579332928e+00
1.192453949579332928e+00
1.159994708855861312e+00
1.159994708855861312e+00
1.156962321019711970e+00
1.156962321019711970e+00
1.156962321019711970e+00
1.156962321019711970e+00
1.155631564013582135e+00
1.155631564013582135e+00
1.155631564013582135e+00
1.155631564013582135e+00
1.155281526488668442e+00
1.155281526488668442e+00
1.155234903787629497e+00
1.155234903787629497e+00
1.155137164832565233e+00
1.155117962449731417e+00
1.155114439077359334e+00
1.155113718383627308e+00
1.151664555467602824e+00
1.149470900942559437e+00
1.148956562074494148e+00
1.148848354977674235e+00
1.148823580028296432e+00
1.147427080735908600e+00
1.145260642191949785e+00
1.141738961322825707e+00
1.137407743400859816e+00
1.134904029012709037e+00
1.132437507520099196e+00
1.132437507520099196e+00
1.132437507520099196e+00
1.131190773547013251e+00
1.131190773547013251e+00
1.131190773547013251e+00
1.131190773547013251e+00
1.131190773547013251e+00
1.131190773547013251e+00
1.131190773547013251e+00
1.130930325437305761e+00
1.120894514830754307e+00
1.120894514830754307e+00
1.120894514830754307e+00
1.120894514830754307e+00
1.120894514830754307e+00
1.120894514830754307e+00
1.120894514830754307e+00
1.120484230193053987e+00
1.120414244740367549e+00
1.120413477788726020e+00
1.120413304437783530e+00
1.120413304437783530e+00
1.117580306048301608e+00
1.114512019562029943e+00
1.114414934458582085e+00
1.111988520321554708e+00
1.111988520321554708e+00
1.107100661258723084e+00
1.106889033039198278e+00
1.106883855655676596e+00
1.106883855655676596e+00
1.106883855655676596e+00
1.106883476720287529e+00
