3.903433802904381622e+01
1.778803830881279424e+01
1.778803830881279424e+01
9.847933246603020052e+00
6.526198582686845384e+00
3.596057858672469632e+00
3.596057858672469632e+00
3.596057858672469632e+00
3.152221928001250895e+00
2.279471907424545751e+00
2.148650201007366256e+00
2.061044092993235211e+00
2.061044092993235211e+00
2.061044092993235211e+00
1.963833361185472359e+00
1.963833361185472359e+00
1.963833361185472359e+00
1.963833361185472359e+00
1.867796975542691751e+00
1.855710823980918356e+00
1.855710823980918356e+00
1.627199383083304252e+00
1.616617934360483400e+00
1.616617934360483400e+00
1.616617934360483400e+00
1.616617934360483400e+00
1.616617934360483400e+00
1.616617934360483400e+00
1.616617934360483400e+00
1.616617934360483400e+00
1.616617934360483400e+00
1.616617934360483400e+00
1.616617934360483400e+00
1.616617934360483400e+00
1.616617934360483400e+00
1.616617934360483400e+00
1.602476561231260366e+00
1.602476561231260366e+00
1.602476561231260366e+00
1.602476561231260366e+00
1.602476561231260366e+00
1.480214867960217173e+00
1.480214867960217173e+00
1.480214867960217173e+00
1.480214867960217173e+00
1.480214867960217173e+00
1.370914326692216356e+00
1.370914326692216356e+00
1.370914326692216356e+00
1.370914326692216356e+00
1.370914326692216356e+00
1.370914326692216356e+00
1.365114995783845320e+00
1.365114995783845320e+00
1.365114995783845320e+00
1.365114995783845320e+00
1.311592505932523078e+00
1.311592505932523078e+00
1.311592505932523078e+00
1.311592505932523078e+00
1.311592505932523078e+00
1.311592505932523078e+00
1.271113654221716738e+00
1.225332914986814181e+00
1.225332914986814181e+00
1.149086165207620525e+00
1.149086165207620525e+00
1.149086165207620525e+00
1.149086165207620525e+00
1.149086165207620525e+00
1.149086165207620525e+00
1.129103783881831413e+00
1.129103783881831413e+00
1.129103783881831413e+00
1.129103783881831413e+00
1.129103783881831413e+00
1.129103783881831413e+00
1.129103783881831413e+00
1.124268187680156128e+00
1.124268187680156128e+00
1.124268187680156128e+00
1.124268187680156128e+00
1.124268187680156128e+00
1.103858933283626165e+00
1.103858933283626165e+00
1.103858933283626165e+00
1.103858933283626165e+00
1.103858933283626165e+00
1.103858933283626165e+00
1.103858933283626165e+00
1.084965404824279833e+00
1.084965404824279833e+00
1.084965404824279833e+00
1.076824570968463846e+00
1.076824570968463846e+00
1.076824570968463846e+00
1.076824570968463846e+00
1.074909074353517457e+00
1.074909074353517457e+00
1.074909074353517457e+00
1.074909074353517457e+00
1.074909074353517457e+00
1.074909074353517457e+00
1.074909074353517457e+00
1.074909074353517457e+00
1.053330594775819584e+00
1.053330594775819584e+00
1.053330594775819584e+00
1.053330594775819584e+00
1.053330594775819584e+00
1.053330594775819584e+00
1.053330594775819584e+00
1.050877113518154271e+00
1.050877113518154271e+00
1.050877113518154271e+00
1.050877113518154271e+00
1.050877113518154271e+00
1.050877113518154271e+00
1.050877113518154271e+00
1.050877113518154271e+00
1.050877113518154271e+00
1.050877113518154271e+00
1.050877113518154271e+00
1.043253371888228420e+00
1.043253371888228420e+00
1.035497106925672206e+00
1.035497106925672206e+00
1.035497106925672206e+00
1.035497106925672206e+00
1.035497106925672206e+00
1.035497106925672206e+00
1.035497106925672206e+00
1.035497106925672206e+00
1.035497106925672206e+00
1.035497106925672206e+00
1.035497106925672206e+00
1.025128831508153038e+00
1.025128831508153038e+00
1.025128831508153038e+00
1.025128831508153038e+00
1.025128831508153038e+00
1.021452653799699517e+00
1.021452653799699517e+00
1.021452653799699517e+00
1.011210299235722143e+00
1.011210299235722143e+00
1.011210299235722143e+00
1.011210299235722143e+00
1.011210299235722143e+00
1.011210299235722143e+00
1.005117630487411651e+00
1.005117630487411651e+00
1.005117630487411651e+00
1.005117630487411651e+00
1.005117630487411651e+00
1.005117630487411651e+00
1.005117630487411651e+00
9.983105620322776375e-01
9.965947742395784292e-01
9.965947742395784292e-01
9.800323148528176098e-01
9.800323148528176098e-01
9.755188227249338428e-01
9.755188227249338428e-01
9.742512126861286870e-01
9.742512126861286870e-01
9.742512126861286870e-01
9.742512126861286870e-01
9.742512126861286870e-01
9.720447491342147917e-01
9.691837419954896227e-01
9.657841802575444223e-01
9.639125194664408536e-01
9.632742912433449600e-01
9.631449626137442710e-01
9.631445550413784140e-01
9.631438918530721427e-01
9.631437133247073845e-01
9.631437133247073845e-01
9.631437133247073845e-01
9.631437133247073845e-01
9.631437133247073845e-01
9.631437133247073845e-01
9.631434062597055146e-01
9.619528141926301235e-01
9.619528141926301235e-01
9.602390699981584454e-01
9.602390699981584454e-01
9.602390699981584454e-01
9.582674963636268473e-01
9.582674963636268473e-01
9.580120550878876706e-01
9.578624494983765114e-01
9.568255114202979250e-01
9.568255114202979250e-01
9.567608000027429949e-01
9.567558943574241415e-01
9.567076164274374017e-01
9.567063155192848667e-01
9.567004442502534678e-01
