6.659417429027843127e+01
8.847866838848570836e+00
8.847866838848570836e+00
8.847866838848570836e+00
8.847866838848570836e+00
8.670001129495139125e+00
5.834145941563572357e+00
4.320721227314496815e+00
3.848007995322652253e+00
2.117721474162916895e+00
2.117721474162916895e+00
1.923614645772606657e+00
1.923614645772606657e+00
7.773056697023772443e-01
6.559358206322558615e-01
6.559358206322558615e-01
5.427052293111048753e-01
1.961685821186349432e-01
1.961685821186349432e-01
1.961685821186349432e-01
1.961685821186349432e-01
1.961685821186349432e-01
1.961685821186349432e-01
1.961685821186349432e-01
1.961685821186349432e-01
1.961685821186349432e-01
1.961685821186349432e-01
1.961685821186349432e-01
1.676905600624288006e-01
1.676905600624288006e-01
1.526052812088955768e-01
1.526052812088955768e-01
1.526052812088955768e-01
1.526052812088955768e-01
1.526052812088955768e-01
1.526052812088955768e-01
1.526052812088955768e-01
1.526052812088955768e-01
1.526052812088955768e-01
1.526052812088955768e-01
1.526052812088955768e-01
1.526052812088955768e-01
1.526052812088955768e-01
1.526052812088955768e-01
1.526052812088955768e-01
1.433497113228763831e-01
1.393150164421218806e-01
1.393150164421218806e-01
1.029016873441334773e-01
1.029016873441334773e-01
1.029016873441334773e-01
1.029016873441334773e-01
1.029016873441334773e-01
1.029016873441334773e-01
1.029016873441334773e-01
1.029016873441334773e-01
5.570098979856642069e-02
5.570098979856642069e-02
5.570098979856642069e-02
5.570098979856642069e-02
5.570098979856642069e-02
5.570098979856642069e-02
5.570098979856642069e-02
5.570098979856642069e-02
5.570098979856642069e-02
5.570098979856642069e-02
5.570098979856642069e-02
5.570098979856642069e-02
5.570098979856642069e-02
5.570098979856642069e-02
5.570098979856642069e-02
5.570098979856642069e-02
5.570098979856642069e-02
5.570098979856642069e-02
5.570098979856642069e-02
5.570098979856642069e-02
4.946474994243723472e-02
4.946474994243723472e-02
4.946474994243723472e-02
4.946474994243723472e-02
4.946474994243723472e-02
4.946474994243723472e-02
4.946474994243723472e-02
4.946474994243723472e-02
4.946474994243723472e-02
4.946474994243723472e-02
4.946474994243723472e-02
4.946474994243723472e-02
4.208369862236354536e-02
4.208369862236354536e-02
4.208369862236354536e-02
4.208369862236354536e-02
4.208369862236354536e-02
4.208369862236354536e-02
4.208369862236354536e-02
4.208369862236354536e-02
4.208369862236354536e-02
4.208369862236354536e-02
4.208369862236354536e-02
4.090715486339410040e-02
4.022460942655788074e-02
3.996072614515170512e-02
3.984631691665881797e-02
3.979383661700029717e-02
3.976920482168735949e-02
3.975761491696109401e-02
3.975209835250912566e-02
3.974955029757779035e-02
3.974835487790905064e-02
3.974779083268473179e-02
3.974759212835918265e-02
3.974753398324823439e-02
3.974743102191227728e-02
3.974736933853583593e-02
3.945188841511729216e-02
3.945188841511729216e-02
3.945188841511729216e-02
3.945188841511729216e-02
3.945188841511729216e-02
3.945188841511729216e-02
3.945188841511729216e-02
3.945188841511729216e-02
3.945188841511729216e-02
3.945188841511729216e-02
3.945188841511729216e-02
3.945188841511729216e-02
3.945188841511729216e-02
3.862529708765374131e-02
3.841809092038930840e-02
3.841809092038930840e-02
3.834830049320256395e-02
3.828950733580733373e-02
3.827272614857561706e-02
3.826742425673292786e-02
3.826573087929819456e-02
3.826515984742662885e-02
3.826499492575365091e-02
3.826483030950889735e-02
3.826483030950889735e-02
3.826483030950889735e-02
3.826483030950889735e-02
3.826482070686303832e-02
3.826482070686303832e-02
3.826482070686303832e-02
3.826482070686303832e-02
3.826482070686303832e-02
3.826482070686303832e-02
3.826482070686303832e-02
3.826478153604037646e-02
3.826478153604037646e-02
3.826478153604037646e-02
3.826478153604037646e-02
3.826478153604037646e-02
3.826478153604037646e-02
3.826478153604037646e-02
3.826478153604037646e-02
3.826478153604037646e-02
3.826478153604037646e-02
3.826478153604037646e-02
3.826478153604037646e-02
3.826478153604037646e-02
3.826478153604037646e-02
3.826478153604037646e-02
3.826478153604037646e-02
3.799240783194166721e-02
3.799240783194166721e-02
3.769022320648153512e-02
3.738115727097274243e-02
3.726029627414476075e-02
3.721912930165826444e-02
3.721080802294725320e-02
3.721004046858823744e-02
3.720967148609821001e-02
3.720967148609821001e-02
3.720967148609821001e-02
3.720960987776261719e-02
3.720954714923453005e-02
3.718083194730061741e-02
3.718083194730061741e-02
3.716983315541058652e-02
3.716983315541058652e-02
3.715935958595042998e-02
3.715510244198749756e-02
3.715510244198749756e-02
3.714972391096976051e-02
3.714769408017140617e-02
3.713990554931038274e-02
3.711865299196279167e-02
3.709463054992718362e-02
3.707658166797925259e-02
3.707611439172003170e-02
3.698104652762765343e-02
3.697721512660039761e-02
3.697399360783523020e-02
3.696653800701285575e-02
3.696508398201781009e-02
3.696486436406237058e-02
3.682048773923968232e-02
3.681758459082466045e-02
3.677436362783639140e-02
