2.962921170067491161e+01
7.341947333350152149e+00
7.341947333350152149e+00
7.341947333350152149e+00
4.361549063184975594e+00
4.361549063184975594e+00
4.361549063184975594e+00
1.200267126152951613e+00
8.330286221261022916e-01
7.053426488955139018e-01
5.549320627613850698e-01
5.549320627613850698e-01
5.313808834153975758e-01
4.759419008509501725e-01
4.759419008509501725e-01
4.027257832603032273e-01
4.027257832603032273e-01
3.577182089785676533e-01
3.577182089785676533e-01
3.577182089785676533e-01
3.577182089785676533e-01
3.577182089785676533e-01
3.577182089785676533e-01
3.577182089785676533e-01
1.722334464747483918e-01
1.722334464747483918e-01
1.722334464747483918e-01
1.722334464747483918e-01
1.722334464747483918e-01
1.722334464747483918e-01
1.722334464747483918e-01
1.722334464747483918e-01
1.722334464747483918e-01
1.722334464747483918e-01
1.722334464747483918e-01
1.722334464747483918e-01
1.722334464747483918e-01
1.722334464747483918e-01
1.722334464747483918e-01
1.722334464747483918e-01
1.722334464747483918e-01
1.722334464747483918e-01
1.722334464747483918e-01
1.722334464747483918e-01
1.722334464747483918e-01
1.722334464747483918e-01
1.722334464747483918e-01
1.722334464747483918e-01
1.722334464747483918e-01
1.722334464747483918e-01
1.722334464747483918e-01
1.479852411017955893e-01
1.479852411017955893e-01
1.479852411017955893e-01
1.479852411017955893e-01
1.479852411017955893e-01
1.479852411017955893e-01
1.479852411017955893e-01
1.479852411017955893e-01
1.479852411017955893e-01
1.479852411017955893e-01
1.479852411017955893e-01
1.479852411017955893e-01
1.479852411017955893e-01
1.479852411017955893e-01
1.479852411017955893e-01
1.316626164247827746e-01
1.316626164247827746e-01
1.316626164247827746e-01
1.316626164247827746e-01
1.316626164247827746e-01
1.316626164247827746e-01
1.316626164247827746e-01
1.316626164247827746e-01
1.316626164247827746e-01
1.316626164247827746e-01
1.316626164247827746e-01
1.316626164247827746e-01
1.316626164247827746e-01
1.316626164247827746e-01
1.316626164247827746e-01
1.316626164247827746e-01
1.316626164247827746e-01
1.316626164247827746e-01
1.243420293293351353e-01
1.243420293293351353e-01
1.158908087537768306e-01
1.158908087537768306e-01
1.158908087537768306e-01
1.158908087537768306e-01
1.158908087537768306e-01
1.158908087537768306e-01
1.158908087537768306e-01
1.076388670094792915e-01
1.076388670094792915e-01
1.076388670094792915e-01
1.076388670094792915e-01
1.076388670094792915e-01
8.649871359809017946e-02
8.649871359809017946e-02
8.649871359809017946e-02
8.649871359809017946e-02
8.649871359809017946e-02
8.649871359809017946e-02
8.649871359809017946e-02
8.649871359809017946e-02
8.649871359809017946e-02
8.649871359809017946e-02
8.649871359809017946e-02
8.649871359809017946e-02
8.649871359809017946e-02
8.649871359809017946e-02
8.649871359809017946e-02
8.649871359809017946e-02
8.649871359809017946e-02
8.649871359809017946e-02
8.649871359809017946e-02
8.609286704653693056e-02
8.609286704653693056e-02
8.609286704653693056e-02
8.609286704653693056e-02
8.609286704653693056e-02
8.519472199738511997e-02
8.519472199738511997e-02
8.519472199738511997e-02
8.519472199738511997e-02
8.511058021264153450e-02
8.509137192417458306e-02
8.509137192417458306e-02
8.506943976391156959e-02
8.349475737665575104e-02
8.349475737665575104e-02
8.349475737665575104e-02
8.349475737665575104e-02
8.349475737665575104e-02
8.159691627523604773e-02
8.159691627523604773e-02
8.159691627523604773e-02
7.665324561761617528e-02
7.551035155780384811e-02
7.551035155780384811e-02
7.551035155780384811e-02
7.551035155780384811e-02
7.143366193630852623e-02
6.981727137147922257e-02
6.859907037691004295e-02
6.859907037691004295e-02
6.763881633760823742e-02
6.731224667048998911e-02
6.731224667048998911e-02
6.731224667048998911e-02
6.700629964982428299e-02
6.700629964982428299e-02
6.700629964982428299e-02
6.674494517108768565e-02
6.634425394367239603e-02
6.558706794823951358e-02
6.551248371195066145e-02
6.505972003068635767e-02
6.454856286689192313e-02
6.441611253648893420e-02
6.439292279128706886e-02
6.439292279128706886e-02
6.429588579502262813e-02
6.425129289744860306e-02
6.423575813729853756e-02
6.423265286044459177e-02
6.423221032015206944e-02
6.423205308931304036e-02
6.423205266834400295e-02
6.423042534015954708e-02
6.422976874722559348e-02
6.422880022808898082e-02
6.422793616472870226e-02
6.422769287072387090e-02
6.422767405527970985e-02
6.422760725948559180e-02
6.422751882804916823e-02
6.422750287216018317e-02
6.422746550152971801e-02
6.422746550152971801e-02
6.422746550152971801e-02
6.422746550152971801e-02
6.422746550152971801e-02
6.422746550152971801e-02
6.422746550152971801e-02
6.239088818400270048e-02
6.239088818400270048e-02
6.239088818400270048e-02
6.239088818400270048e-02
6.239088818400270048e-02
6.239088818400270048e-02
6.239088818400270048e-02
6.239088818400270048e-02
6.239088818400270048e-02
6.239088818400270048e-02
6.239088818400270048e-02
6.229666561512834516e-02
6.229666561512834516e-02
6.229666561512834516e-02
