2.356331526030447066e+01
1.561000130577985701e+01
1.561000130577985701e+01
1.158536707174458869e+01
1.158536707174458869e+01
5.929665775876241440e+00
5.203034534541645328e+00
5.203034534541645328e+00
3.604626935933538334e+00
3.604626935933538334e+00
3.244754543230901067e+00
2.809863774140470838e+00
2.809863774140470838e+00
2.545545690451011644e+00
2.545545690451011644e+00
2.545545690451011644e+00
2.508714528170706171e+00
2.209182310078281031e+00
2.209182310078281031e+00
2.209182310078281031e+00
2.209182310078281031e+00
2.209182310078281031e+00
2.209182310078281031e+00
2.209182310078281031e+00
2.209182310078281031e+00
2.209182310078281031e+00
2.209182310078281031e+00
2.209182310078281031e+00
2.209182310078281031e+00
2.209182310078281031e+00
2.209182310078281031e+00
2.209182310078281031e+00
2.209182310078281031e+00
2.209182310078281031e+00
2.209182310078281031e+00
2.209182310078281031e+00
2.209182310078281031e+00
2.209182310078281031e+00
2.209182310078281031e+00
2.209182310078281031e+00
2.209182310078281031e+00
2.209182310078281031e+00
2.209182310078281031e+00
2.209182310078281031e+00
2.209182310078281031e+00
2.209182310078281031e+00
2.209182310078281031e+00
2.209182310078281031e+00
2.209182310078281031e+00
2.209182310078281031e+00
2.209182310078281031e+00
2.201684819642648172e+00
2.031213442639531408e+00
2.031213442639531408e+00
2.031213442639531408e+00
2.031213442639531408e+00
2.031213442639531408e+00
2.031213442639531408e+00
2.031213442639531408e+00
1.990299036246076625e+00
1.990299036246076625e+00
1.990299036246076625e+00
1.990299036246076625e+00
1.962201270116940677e+00
1.942245848371332517e+00
1.942245848371332517e+00
1.942245848371332517e+00
1.942245848371332517e+00
1.942245848371332517e+00
1.942245848371332517e+00
1.942245848371332517e+00
1.942245848371332517e+00
1.942245848371332517e+00
1.884234294604576032e+00
1.884234294604576032e+00
1.884234294604576032e+00
1.862841753153395619e+00
1.862841753153395619e+00
1.862841753153395619e+00
1.862841753153395619e+00
1.862841753153395619e+00
1.862841753153395619e+00
1.853390129661473429e+00
1.853390129661473429e+00
1.853390129661473429e+00
1.853390129661473429e+00
1.848788420749719164e+00
1.840746221747688871e+00
1.840746221747688871e+00
1.840746221747688871e+00
1.840746221747688871e+00
1.821383539304540111e+00
1.746997002452667758e+00
1.746997002452667758e+00
1.746997002452667758e+00
1.723711314015629714e+00
1.723711314015629714e+00
1.718104827333146067e+00
1.718104827333146067e+00
1.714753928481856260e+00
1.704873434327764059e+00
1.701332256698106615e+00
1.700090911272089444e+00
1.690906049601557326e+00
1.690906049601557326e+00
1.690906049601557326e+00
1.690906049601557326e+00
1.690906049601557326e+00
1.683584802748202325e+00
1.683584802748202325e+00
1.683584802748202325e+00
1.683584802748202325e+00
1.683584802748202325e+00
1.683584802748202325e+00
1.683584802748202325e+00
1.683584802748202325e+00
1.681366630084752956e+00
1.681366630084752956e+00
1.681366630084752956e+00
1.664462168775652007e+00
1.664462168775652007e+00
1.661607530005777544e+00
1.661607530005777544e+00
1.657298897851832153e+00
1.655960575572900106e+00
1.655960575572900106e+00
1.655960575572900106e+00
1.653592946468054325e+00
1.653592946468054325e+00
1.650726704681032109e+00
1.650641576079954653e+00
1.622524910444907764e+00
1.601880041997255422e+00
1.597146274670739885e+00
1.595820647174284179e+00
1.595419859548248942e+00
1.595292802976055135e+00
1.595252495717374375e+00
1.595238346689068276e+00
1.595236009028914825e+00
1.587510211636742552e+00
1.585448563089399965e+00
1.576165045477776250e+00
1.573857331614249677e+00
1.573224067030657647e+00
1.573048125033770006e+00
1.562041437536736854e+00
1.553539672746115041e+00
1.547094372160607412e+00
1.513724500005983131e+00
1.513724500005983131e+00
1.487870425465491975e+00
1.474002573819095163e+00
1.447383980830261319e+00
1.440840668137914449e+00
1.439327510882359329e+00
1.429515754982217279e+00
1.398269632323333234e+00
1.386530530029886688e+00
1.368529412231885622e+00
1.336121128769103938e+00
1.329502351140445793e+00
1.326553889561632227e+00
1.292688179423725714e+00
1.212085464381361000e+00
1.191061911627494529e+00
1.153983768947963950e+00
1.121444871365535167e+00
1.117268599615927727e+00
1.087499322964329274e+00
1.084349091942238053e+00
1.077971305647736244e+00
1.072422658954412578e+00
1.070467620220572957e+00
1.068037320206725260e+00
1.064583594642048769e+00
1.062074403527495603e+00
1.059966317221058496e+00
1.050234740927010302e+00
1.035077536292324574e+00
1.024501772983611669e+00
1.019484739545923446e+00
1.017821607490292379e+00
1.016068192991189223e+00
1.010208497990520815e+00
1.006524765347677874e+00
1.002125872555533537e+00
9.995488580656535227e-01
9.990962217916294907e-01
9.984452240384855681e-01
9.972091688906600249e-01
9.971839187396870363e-01
9.886819117498586440e-01
9.883758617529799784e-01
9.858753768690795560e-01
9.857871564602971315e-01
9.857851739471622521e-01
9.847928140181838597e-01
9.847928140181838597e-01
9.847063203873779313e-01
