1.170472801194618384e+01
1.170472801194618384e+01
1.170472801194618384e+01
7.465415373935592847e+00
1.782335781158322696e+00
1.782335781158322696e+00
1.782335781158322696e+00
4.006236132114089910e-01
4.006236132114089910e-01
4.006236132114089910e-01
4.006236132114089910e-01
4.006236132114089910e-01
4.006236132114089910e-01
4.006236132114089910e-01
4.006236132114089910e-01
4.006236132114089910e-01
4.006236132114089910e-01
4.006236132114089910e-01
1.723506426648285794e-01
1.723506426648285794e-01
1.723506426648285794e-01
1.723506426648285794e-01
1.723506426648285794e-01
1.723506426648285794e-01
1.723506426648285794e-01
1.723506426648285794e-01
1.723506426648285794e-01
1.723506426648285794e-01
1.723506426648285794e-01
1.723506426648285794e-01
1.723506426648285794e-01
1.723506426648285794e-01
1.723506426648285794e-01
1.436020799070207021e-01
1.436020799070207021e-01
1.436020799070207021e-01
1.436020799070207021e-01
1.436020799070207021e-01
1.436020799070207021e-01
1.436020799070207021e-01
1.436020799070207021e-01
1.436020799070207021e-01
1.436020799070207021e-01
1.436020799070207021e-01
1.436020799070207021e-01
1.436020799070207021e-01
1.436020799070207021e-01
1.436020799070207021e-01
1.436020799070207021e-01
1.436020799070207021e-01
1.436020799070207021e-01
1.436020799070207021e-01
1.436020799070207021e-01
1.436020799070207021e-01
1.436020799070207021e-01
1.436020799070207021e-01
1.436020799070207021e-01
1.436020799070207021e-01
1.436020799070207021e-01
1.436020799070207021e-01
1.436020799070207021e-01
1.436020799070207021e-01
1.436020799070207021e-01
1.436020799070207021e-01
1.436020799070207021e-01
1.436020799070207021e-01
1.436020799070207021e-01
1.436020799070207021e-01
1.436020799070207021e-01
1.436020799070207021e-01
1.436020799070207021e-01
1.240015741080085915e-01
1.240015741080085915e-01
1.224939897201243605e-01
1.224939897201243605e-01
1.224939897201243605e-01
1.177135156386029113e-01
1.177135156386029113e-01
1.177135156386029113e-01
1.177135156386029113e-01
1.177135156386029113e-01
1.177135156386029113e-01
1.177135156386029113e-01
1.177135156386029113e-01
1.177135156386029113e-01
1.177135156386029113e-01
1.057253744894975367e-01
1.057253744894975367e-01
1.057253744894975367e-01
1.048058152263178638e-01
9.763900464799388224e-02
9.763900464799388224e-02
9.656704403630687883e-02
9.356429011126632389e-02
9.293581189231134299e-02
9.293581189231134299e-02
9.293581189231134299e-02
9.279027756941843341e-02
9.279027756941843341e-02
9.279027756941843341e-02
9.279027756941843341e-02
9.273936283827297067e-02
9.273936283827297067e-02
9.271607911421590742e-02
9.271607911421590742e-02
9.267618916246538052e-02
9.267618916246538052e-02
9.267618916246538052e-02
9.267618916246538052e-02
9.266627636525863465e-02
9.266627636525863465e-02
9.266627636525863465e-02
9.266627636525863465e-02
9.264559040046520255e-02
9.264055877961510643e-02
9.264055877961510643e-02
9.264055877961510643e-02
9.263991535989515858e-02
9.263940269318891862e-02
9.263917431165707983e-02
9.263915849642140321e-02
9.263906858812721856e-02
9.263906858812721856e-02
9.263906650979257529e-02
9.263906650979257529e-02
9.263906650979257529e-02
9.263906650979257529e-02
9.263906650979257529e-02
9.263906650979257529e-02
9.263906650979257529e-02
9.263906650979257529e-02
9.263906650979257529e-02
9.263906650979257529e-02
9.263906617964871859e-02
9.263905549031702102e-02
9.263905549031702102e-02
9.263905549031702102e-02
9.263905549031702102e-02
9.263905549031702102e-02
9.263905549031702102e-02
9.253929483262851585e-02
9.253929483262851585e-02
9.253929483262851585e-02
9.253929483262851585e-02
9.253929483262851585e-02
9.253929483262851585e-02
9.253929483262851585e-02
9.253929483262851585e-02
9.253929483262851585e-02
9.253929483262851585e-02
9.253929483262851585e-02
9.253929483262851585e-02
9.253929483262851585e-02
9.253929483262851585e-02
9.253929483262851585e-02
9.205962969510514404e-02
9.205962969510514404e-02
9.205962969510514404e-02
9.205962969510514404e-02
9.205962969510514404e-02
9.205962969510514404e-02
9.204821710618028840e-02
9.204821710618028840e-02
9.204821710618028840e-02
9.189101225031591491e-02
9.188768450675550981e-02
9.188768450675550981e-02
9.188673653456652657e-02
9.188654353495362415e-02
9.166955609663444970e-02
9.141776393283179702e-02
9.141776393283179702e-02
9.117862551973006380e-02
9.117862551973006380e-02
9.113909121123039969e-02
9.112718335189186336e-02
9.100120263433038315e-02
9.092797931699679592e-02
9.092527194249602762e-02
9.092503792026193632e-02
9.092500032989866976e-02
9.092500032989866976e-02
9.092499305734384751e-02
9.092499305734384751e-02
9.092499144631609187e-02
9.092499144631609187e-02
9.092499144631609187e-02
9.092499144631609187e-02
9.082329161020842589e-02
9.082329161020842589e-02
9.069813482932202742e-02
9.069813482932202742e-02
9.067842785794467952e-02
9.067755062680663003e-02
9.067750801292602525e-02
9.067749747864034537e-02
9.032612627555421103e-02
9.030260795725367218e-02
9.030222257998779534e-02
9.030222257998779534e-02
