-7.519398467783122264e+00
-1.000000000000000000e+00
-4.469631586897405917e+00
-4.000000000000000000e+00
-4.332785197095067709e+00
-3.994634352438046487e-02
-4.000000000000000000e+00
-2.637622811342241302e+00
-1.390231454867449701e+00
-7.161069095099947823e+00
-4.398165619583672026e+00
-7.928302104546933293e+00
-3.611972058147325804e+00
0.000000000000000000e+00
-2.463444711906810802e+00
-2.588463881451542381e+00
-1.970636746001055650e+00
-6.412372945972842686e+00
-3.739658502833641318e+00
-1.832636162293456994e-01
-5.301029995663981254e+00
-2.984595451394831400e+00
-8.712177669803484292e+00
-3.681649999476663382e+00
-2.000000000000000000e+00
-6.200578224912521641e+00
-3.069273710919824705e+00
-3.154901959985743076e+00
-3.500988986107062662e+00
-5.376872380068698831e+00
-3.260508650951551068e+00
-3.291833171505641475e-01
-3.698970004336018746e+00
-3.996942679844305957e+00
-2.895284947138496268e+00
-5.076132513774965105e+00
-4.000000000000000000e+00
1.195057202265463081e+00
-8.000000000000000000e+00
-2.369915180707636182e+00
-1.233876034871765226e+00
-9.357245695788932949e+00
-3.399829486048148386e+00
2.000000000000000000e+00
5.598605862365256813e-01
-3.211295123761525705e+00
-8.639565414425300460e+00
-1.000000000000000000e+00
-2.000000000000000000e+00
-7.448213727573600451e+00
-3.388017196348629856e+00
2.000000000000000000e+00
-7.223384316505492286e+00
-2.730472942568037187e+00
-6.621644769652225149e-01
-5.000000000000000000e+00
-3.562515481219767466e+00
-1.169660106672719246e+00
-7.801586109666112989e+00
-1.000000000000000000e+00
-1.515491583702152978e+00
-7.643178891610040715e+00
1.494801848819970469e-01
-5.688990204618409763e+00
7.918124604762488694e-02
-4.000000000000000000e+00
-3.996558350744848553e+00
-5.664659380795081134e+00
-2.280496711541775579e+00
-7.545688233665694966e+00
-2.489234845020841913e+00
-7.535462801776955821e+00
6.989700043360187465e-01
-8.000000000000000000e+00
0.000000000000000000e+00
-6.863886745745265472e+00
-1.067383301823308983e+00
-6.556987470214806990e+00
-9.059784182772335770e-01
-7.267371188392194092e+00
-3.076968529961149557e+00
-1.690196149515636570e+00
-5.000000000000000000e+00
-2.245936663149171508e+00
-3.005717594752987942e+00
-4.209490226506010124e+00
-1.000000000000000000e+00
-5.062567169844642834e+00
-2.252640444265582076e+00
-4.442202326303635651e+00
-1.919627368269948953e+00
-4.243659158213637816e+00
-2.356915210458484289e+00
-5.703382686373378974e+00
-1.137111757040470739e+00
-6.872902772081305178e-01
-3.821675741470320187e+00
-4.217797552107660053e+00
-9.901819769670729965e-01
-3.601750234812594265e+00
-3.691680488781482250e+00
2.971128409448593910e+00
-2.544308390303449130e+00
-2.765025785856092266e+00
1.888724058958835883e+00
