-7.038509641704297159e+00
-2.348755530170016925e+00
-3.990822869869977474e+00
-5.704305096092253891e+00
-2.384231166806203728e+00
1.853616778943956378e+00
-6.149469025950931922e+00
-3.203179568026174984e+00
-3.538049940582603803e-01
-6.444686010218231509e+00
-4.555521715869215171e+00
-4.136044468191114376e+00
-2.562475726921128238e+00
-4.242801808963220234e-01
-3.962776357443423159e+00
-2.113012722377149100e+00
-1.493429172541886896e+00
-6.893303278078018792e+00
-2.965219023909658969e+00
-5.168020742236014708e-01
-8.935755158222130845e+00
-4.078607609134462741e+00
-6.301029995663981254e+00
-2.272790890448982637e+00
-2.000000000000000000e+00
-7.527052792047120633e+00
-3.563376641159561320e+00
-5.136751761876737099e+00
-3.974308803159285031e+00
-7.577040048826980900e+00
-3.422989848515076261e+00
-1.082558475361972139e+00
-7.052521303590172153e+00
-4.063642967301600351e+00
2.503752626786926450e-01
-5.201627537621079433e+00
-2.716622830189357796e+00
2.000000000000000000e+00
-7.693814734667094868e+00
-1.000000000000000000e+00
6.591463636569572238e-01
-9.522878745280337398e+00
-1.000000000000000000e+00
-7.440032552424203915e-01
1.000000000000000000e+00
-1.214974120271217650e+00
-6.778381904274566772e+00
-3.478848602065268469e+00
1.027163042598564058e+00
-8.310150736440871100e+00
-3.830160771047535828e+00
1.882636354025977399e+00
-8.031714228198296723e+00
-5.000000000000000000e+00
-7.662532278348869186e-01
-5.000000000000000000e+00
-3.803714008419109227e+00
2.000000000000000000e+00
-5.047642931498499408e+00
-3.331512069600371273e+00
-2.745051585003321915e-01
-7.689060208581626199e+00
3.588033077516614155e-01
-7.928101912910503479e+00
-2.107658655342412590e+00
-4.000000000000000000e+00
-2.842971925976114367e+00
-6.220578555731926862e+00
-3.364242603469999260e+00
-7.991943229754526534e+00
-4.000000000000000000e+00
-4.012144861096274440e+00
-2.630392648711205705e+00
-5.775682605625452659e+00
-4.000000000000000000e+00
-6.443424945936803816e+00
-2.739903060607780549e+00
-4.383902682582665022e+00
-8.814432218731641511e-01
-6.961009664367622918e+00
2.457870203662714248e-01
-4.509357245690423177e+00
-1.911996994453454946e+00
-2.140904756538196008e+00
-3.643719596421855833e+00
-2.532777026959339484e+00
-1.036287845969594779e+00
-1.690196149515636570e+00
-2.904959171878737756e+00
-4.685148306450057198e+00
-4.289662676878874592e+00
-3.761624947634264249e+00
-4.220766765790957997e+00
-6.276299080323351376e+00
-3.755864754471351041e+00
-1.000000000000000000e+00
-3.817580041985290773e+00
-2.663914308032319322e+00
-1.010928979564080510e-01
-6.544068022635552317e+00
-2.863567448988419528e+00
-3.853749265483220193e-02
-5.492060099188503131e+00
-3.378862704266591521e+00
-1.000000000000000000e+00
