-6.225812824437803705e+00
-4.253183580316518331e+00
-5.044879298186761396e+00
-5.850861161350301209e+00
-2.649913139561304476e+00
1.016256901353598252e+00
-7.053203541684076150e+00
-2.000147972338977453e+00
-7.758668010111775537e-01
-6.042926401214209875e+00
-3.874202128196587491e+00
-7.988001277280846857e+00
-3.685199006707499336e+00
0.000000000000000000e+00
-3.236750682006444002e+00
-3.096174202793165353e+00
-1.905272007902949705e+00
-5.923472921675883462e+00
-3.142070482503102724e+00
3.636779831968869892e-01
-7.887783771488532381e+00
-3.842482124656783515e+00
-6.974021798754772128e+00
-3.753201203985002898e+00
-1.204041122807839814e+00
-5.057289050076962056e+00
-1.333429194867327583e+00
-6.590352370170608154e+00
-3.296209094035363663e+00
-8.998910760436137579e+00
-3.999555014087062599e+00
5.553337758734882001e-01
-6.455184095115651388e+00
-2.716962508631060924e+00
-1.281799559576288994e+00
-4.995304177282172020e+00
-1.040379814247647472e+00
-1.207952880290262154e+00
-5.317501471563249815e+00
-2.390831656423344498e+00
-1.066047503231668747e+00
-6.354136654611859392e+00
-3.328104294570349175e+00
1.476455458669321930e+00
-2.225810247568472899e+00
-4.965511159723073220e+00
-5.151471975865256070e+00
-3.463365752942133557e+00
-2.000000000000000000e+00
-8.208652724211374263e+00
-1.002531239434556687e+00
3.512097748286749366e-01
-7.356780321052366567e+00
-2.581208532371294329e+00
-1.309653345213369846e+00
-9.000000000000000000e+00
-5.000000000000000000e+00
1.383327958398702373e+00
-8.235947400530260865e+00
-5.000000000000000000e+00
-1.582343405014917881e+00
-7.902882877758599989e+00
-2.600788015803843778e-01
-5.980286225350448959e+00
-2.160424806338223647e+00
-6.024685574588505510e+00
-8.736739790182117549e-01
-6.811963548507171673e+00
-2.864503708856740882e+00
-5.684067001740889857e+00
-2.264441972493660415e+00
-5.295710673336848195e+00
-2.101072126954453889e+00
-5.739843754368226136e+00
0.000000000000000000e+00
-4.742134269463098128e+00
-6.338582843151209234e-01
-5.579417799187394778e+00
-1.972296198215500951e+00
-5.527989574689022412e+00
-2.563722309659526744e+00
-4.008631397513909178e+00
-3.194278481545808290e+00
-5.670796318322057772e+00
-4.210906559158091866e+00
-5.690196149515636570e+00
-3.141278789918848346e+00
-5.690196149515636570e+00
-5.000000000000000000e+00
-1.692111697922543900e+00
-2.076577664888126229e+00
-3.724418023282222823e+00
-2.509777386438044378e+00
-4.733299295472263246e+00
-4.360027069981710746e+00
-9.637168648249805347e-01
-3.035960435234293708e+00
-1.000000000000000000e+00
-5.300158101173910730e-01
-2.544068022635552317e+00
-1.152093565459602953e+00
4.943630510017720248e-01
-4.111771696064621118e+00
-1.955208219524777524e+00
3.535658602164499231e-01
