-6.855443080934695566e+00
-3.348054482775103757e+00
-4.745870459932538310e+00
-5.453902027404899044e+00
-4.004100572959022664e+00
-3.907398558641124453e-02
-6.779512981805016381e+00
-4.326166063890893199e+00
-2.000000000000000000e+00
-4.954714610256214513e+00
-3.045138538445251175e+00
-4.498598575772300379e+00
-3.690532132198523829e+00
-7.433383443469384622e-01
-4.000000000000000000e+00
-1.087896937254794638e+00
-2.665342336290682734e+00
-5.587359401324638597e+00
-4.447337480598870130e+00
5.536343586105467729e-01
-7.250809604695477972e+00
-3.564212853357827449e+00
-7.370579279951297025e+00
-4.046246187900048419e+00
-2.000000000000000000e+00
-6.054295513771049464e+00
-5.000000000000000000e+00
-3.166164989750442249e+00
-2.226064523089642755e+00
-7.943874062502554345e+00
-1.000000000000000000e+00
-2.000000000000000000e+00
-4.902655077598400801e+00
-5.000000000000000000e+00
1.000000000000000000e+00
-5.320472465952488683e+00
-4.287829609124841901e-01
1.182289136706366817e+00
-4.943183985390240842e+00
-1.480789063772774306e+00
7.015323548889275118e-01
-7.480675040070428494e+00
-2.635878795803270780e+00
3.209565562983156539e-01
2.511444066623778615e-01
-1.364668374949617125e+00
-6.317339780891559897e+00
-2.499147207510645785e+00
1.553613995596268671e+00
-5.000000000000000000e+00
-3.298244192603351443e+00
-1.848425731609663614e-01
-8.892374021056964395e+00
-5.000000000000000000e+00
1.998486094823459513e+00
-6.236100566652057253e+00
-4.248701815879434740e+00
-2.000000000000000000e+00
-5.914520821946057438e+00
-1.725915609859699273e+00
-2.984280563533884822e-01
-8.000000000000000000e+00
-5.199632183361031501e-01
-4.493292890775302695e+00
-2.868630641142936089e+00
-5.583581663343434975e+00
-2.008385572269021146e+00
-7.103523353871595170e+00
-2.553549808442712621e+00
-4.016411820097522956e+00
-2.651588817518080177e+00
-8.000000000000000000e+00
-2.229361614464762997e+00
-8.000000000000000000e+00
-1.762785072458215696e+00
-6.175303443809815107e+00
4.139268515822491779e-02
-4.420729682147234385e+00
-1.129620860763372869e+00
-5.972986710882154604e+00
-1.858076958318243932e+00
-4.008485798758252727e+00
-5.000000000000000000e+00
-3.496087792796199967e+00
-3.673010417001539185e+00
-4.786725353437519814e+00
-4.088089027567633593e+00
-2.436572341195304414e+00
-2.822264913358410787e+00
-1.706141314969078282e+00
-1.782306806680805877e+00
-5.690196149515636570e+00
-3.685316748685528943e+00
-2.544068022635552317e+00
-4.208948151607345700e+00
2.007210173132981890e+00
-3.451221250314175926e+00
-1.955081775260901766e+00
-6.105548783413976971e-02
-4.373705816148696357e+00
-4.079501798954555447e+00
1.105500465054364057e+00
-6.544068022635552317e+00
-1.454411464267268972e+00
-4.079885911897083162e-01
