-5.246546011473324000e+00
-3.167895630138374941e+00
-7.000000000000000000e+00
-6.315680655495972573e+00
-2.773882330032827248e+00
9.325571522658950840e-01
-5.356297277179913330e+00
-4.978791357140291751e+00
1.193047259642681934e-01
-6.186700399746198009e+00
-2.255625695818947118e+00
-6.249989223517088632e+00
-3.361045063728130167e+00
0.000000000000000000e+00
-3.999470120532724327e+00
-7.351932161631811180e-01
-1.315399048336264531e+00
-5.868702134834490991e+00
-4.342321137273417619e+00
-1.989611335447330154e+00
-8.814618327913251505e+00
-2.255086976187994363e+00
-6.680714979082329030e+00
-2.030968740212148571e+00
-1.406780255662584966e-01
-6.972722294429385848e+00
-1.000000000000000000e+00
-4.673296150771862223e+00
-2.196376057967085238e+00
-6.497135496145598488e+00
-5.000000000000000000e+00
-9.786920120843422000e-01
-7.698970004336018746e+00
-3.316528026767754600e+00
-1.177186118260748815e+00
-5.863431880474289315e+00
-1.202046381104795308e-01
2.689147265565934308e-01
-6.995930400570584240e+00
-2.378762286621423971e+00
-2.000000000000000000e+00
-7.018269369561460636e+00
-3.525961254441687398e+00
-2.000000000000000000e+00
-1.331903185132117917e+00
-2.584529475852746394e+00
-5.750870009363292290e+00
-1.936734760362654129e+00
3.094660298027106515e-01
-6.478983640879559580e+00
-3.598437133110357511e+00
5.348785022003539336e-01
-6.760009527328006307e+00
-3.904160566150915113e+00
-6.445251549541552993e-01
-6.642264380614756547e+00
-4.852947171733588583e+00
-7.109242153006642972e-01
-9.000000000000000000e+00
-1.006494360578302549e+00
9.598295359160460283e-01
-8.000000000000000000e+00
-1.454026349091390946e+00
-4.000000000000000000e+00
6.657159400952884776e-02
-4.996307584630694798e+00
-3.217999663332888893e+00
-5.475379978961922411e+00
-3.817309309067729028e+00
-4.806374109633202885e+00
-2.220517553385603637e+00
-6.625875980870931770e+00
-4.537281131587719840e-02
-4.890670557105711858e+00
-3.196562619344663236e+00
-6.458011354227230605e+00
4.139268515822491779e-02
-8.000000000000000000e+00
-4.000000000000000000e+00
-6.007880063935678194e+00
-3.009412744969409470e+00
-3.628772655910655676e+00
-1.000000000000000000e+00
-1.690196149515636570e+00
-2.934314180913997205e+00
-4.285439044796038210e+00
-3.305564520833014441e+00
-4.551044946646323197e+00
-4.159451045968148186e+00
-5.688562063201978880e+00
-1.990718731940830599e+00
-2.205444763914133688e+00
-2.424709782483225773e+00
-3.680579130430900570e+00
-3.570814067712746454e+00
6.923578232152318712e-01
-4.306266447917551865e+00
-3.144329506292503407e+00
6.770388084778365956e-01
-4.406368682621143229e+00
-2.973644018728078819e+00
1.865309287435029439e+00
-4.387887579860681342e+00
-4.725556254548256341e+00
-2.057225106112596791e-01
