-8.024250748896562868e+00
-4.562894138302921121e+00
-4.231014890663494121e+00
-5.623882636501044807e+00
-3.378464105805631501e+00
5.918156232260450844e-01
-6.501211897728469857e+00
-2.210900736970386582e+00
-2.000000000000000000e+00
-7.108748822729285877e+00
-2.897901896959461876e+00
-7.710365205397211597e+00
-1.594828922332776289e+00
-4.417007637041800439e-01
-2.837161018831827697e+00
-2.529202570571220221e+00
-1.041815252321091068e+00
-8.045010100120677521e+00
-3.123623504868617395e+00
3.137636904149058714e-01
-9.301029995663981254e+00
-2.658642638557530802e+00
-1.030102999566398125e+01
-4.039068877338647390e+00
7.891914803629658248e-01
-5.663168439534884691e+00
-5.000000000000000000e+00
-3.154901959985743076e+00
-4.417988560148201849e+00
-7.174982564978554578e+00
-2.357833986778109736e+00
-1.485040965080819120e-01
-6.096912001919966961e+00
-3.228148761793546484e+00
-6.570305630796315077e-02
-6.433751833324427238e+00
-1.819071607240750899e+00
-3.646506169031407674e-01
-7.095351454903336297e+00
-2.752581000489628060e+00
-6.621473145998189036e-01
-6.543282357678850580e+00
-4.100948937104931247e+00
-1.393031976533121830e+00
-7.771432454229314502e-01
-3.572099848369900243e+00
-9.000000000000000000e+00
-3.567530516656937323e+00
7.632484570459504569e-01
-8.043008092153925759e+00
-3.248040565497517740e+00
-1.699532082705938751e-01
-8.195891545607645767e+00
-1.000000000000000000e+00
-4.743174224957866225e-01
-8.057329099991269672e+00
-3.469537239938245143e+00
-1.242420619481688915e+00
-5.109179236018115411e+00
-1.261443216630571129e+00
3.064341843061371140e-01
-8.000000000000000000e+00
-1.269717571974162240e+00
-8.000000000000000000e+00
-3.756807872632065504e+00
-7.880804620077077161e+00
-4.000000000000000000e+00
-4.000000000000000000e+00
0.000000000000000000e+00
-4.000000000000000000e+00
-2.466042652433984905e+00
-4.149966458677014636e+00
-1.927606623626489935e+00
-6.751655612518677074e+00
-8.921427821338341335e-01
-7.752159246665685011e+00
-5.922541179270318645e-01
-4.278001889810447267e+00
-6.984798189599581431e-01
-7.993716945225883386e+00
-2.504553759640883115e+00
-2.312274388141707604e+00
-1.000000000000000000e+00
-5.690196149515636570e+00
-3.943658921704955578e+00
-1.690196149515636570e+00
-3.237099299243385797e+00
-5.690196149515636570e+00
-1.853573334066010769e+00
-4.659844225197205425e+00
-2.930781578566937995e+00
-2.360720386743579979e+00
-1.226204288388962782e+00
-2.722499749914908840e+00
-4.999960286719511871e+00
1.894978354417699462e+00
-2.690610893526721892e+00
-5.000000000000000000e+00
1.863889684416302872e+00
-4.883454090359980349e+00
-3.252637699852605202e+00
1.555958089958035861e+00
-3.149758662137372323e+00
-3.572225688056938520e+00
2.065465040465148949e-01
