-7.811401050911866761e+00
-4.109673655523476299e+00
-3.847465795799735577e+00
-6.895279343178395415e+00
-3.098967233502326835e+00
-1.596985039779228732e-01
-4.105628773377984153e+00
-2.734599587439778823e+00
-1.482351890389948856e+00
-5.656314190800666886e+00
-2.263227615668104153e+00
-5.222899714432314155e+00
-3.147801438392424433e+00
-2.782373459349072875e-01
-3.171176826997457621e+00
-3.074024300826003309e+00
-9.487361381224731494e-01
-5.957539127429509307e+00
-2.892712710939211895e+00
-2.000000000000000000e+00
-8.545539975563821500e+00
-2.678151015765755538e+00
-8.180241720862465371e+00
-2.433033561704579295e+00
7.167285370687814794e-02
-6.782064747373493852e+00
-2.292250976743424484e+00
-4.882663793374497629e+00
-3.942608367951292436e+00
-7.141116955071936445e+00
-2.329121062796059238e+00
-5.669306343386978364e-01
-6.107607493014732825e+00
-3.708801964184157196e+00
-4.180830005021659579e-01
-4.000000000000000000e+00
-2.146010791424891373e+00
1.080759296202614059e-02
-6.046477494201886849e+00
-1.000000000000000000e+00
-1.830302527559156234e+00
-8.462427239440636129e+00
-2.006954986780359551e+00
3.336911289232987188e-01
1.000000000000000000e+00
-2.970417856513047461e+00
-6.633481311566878702e+00
-2.304140715870374390e+00
-1.998655546532724703e+00
-8.033879521012304181e+00
-2.539967405491042829e+00
-2.000000000000000000e+00
-7.284336164484534137e+00
-2.133128573731322142e+00
7.622907173521259461e-01
-5.000000000000000000e+00
-4.445089645536887346e+00
-2.533475169533373761e-02
-8.510459804545126516e+00
-1.373599548173808804e+00
-5.328640827216828413e-01
-5.715598741971375851e+00
7.228204282226000088e-02
-5.466507420086985647e+00
-2.899250953041738299e+00
-5.333092310777558076e+00
-1.905389453592373661e+00
-6.038347549006271464e+00
-3.887719193348276869e-02
-8.000000000000000000e+00
-1.877652989231705316e+00
-5.410249913214527417e+00
-3.507166370792991206e-01
-6.471478194837748887e+00
-2.066556417313452965e+00
-5.175081097555941589e+00
-1.969089149276155970e+00
-6.442205142500831094e+00
-2.385034287122081764e+00
-6.336161412692046468e+00
-1.940519866279746042e+00
-5.085578462762553542e+00
-1.000000000000000000e+00
-4.922648687654882060e+00
-3.789992457374302681e+00
-4.058441779587589338e+00
-2.047538114471509463e+00
-4.255822802371734603e+00
-1.000000000000000000e+00
-4.884785885961364649e+00
-3.794455123998603518e+00
-5.246325324747608043e+00
-1.906732489491086646e+00
-3.618313252706786276e+00
-2.739755645141598084e+00
-9.670620024893168409e-01
-5.385742917513718808e+00
-2.880617901865299757e+00
8.579224450689414416e-01
-3.171822164790207399e+00
-1.695753188777391562e+00
2.210550391338485521e-01
-4.677340075950983334e+00
-4.202344054031968312e+00
1.287938889729950187e+00
