-8.356158552662172667e+00
-2.454842148932835144e+00
-4.156319183027020081e+00
-5.462800448150441746e+00
-5.000000000000000000e+00
1.561734481531436458e+00
-4.233274298630196775e+00
-3.117463356002704522e+00
-1.548001254649280956e+00
-5.408951623100620942e+00
-1.000000000000000000e+00
-5.158297703719935789e+00
-1.000000000000000000e+00
-9.120546118841001970e-01
-3.338535482117468867e+00
0.000000000000000000e+00
-3.610801688713089597e+00
-6.222635810959965319e+00
-2.668207312390610930e+00
5.017816325279168543e-01
-8.116586052975421239e+00
-3.908834777235782099e+00
-9.178766600463141856e+00
-4.339441544174486687e+00
-1.499211332912634198e+00
-6.626980724043888493e+00
-1.385564723678694765e+00
-4.064187661470485047e+00
-4.516616460815511047e+00
-5.892880484796867435e+00
-3.956961385261513975e+00
-4.939885343789162109e-01
-6.975312588441184403e+00
-1.431542099412006941e+00
-6.637072136926042143e-01
-5.180757053198187911e+00
-1.417157290630184363e+00
1.846848335186506596e+00
-5.707199580168114572e+00
-4.141405125473297311e+00
-2.979561140163190514e-01
-7.872240885153070522e+00
-3.383756631956142069e+00
-2.000000000000000000e+00
6.677973546699471630e-01
-1.056257746077962079e+00
-5.000000000000000000e+00
-2.354094921662776230e+00
1.452740366172323938e+00
-6.427590939612483290e+00
-2.912642544744414419e+00
8.398437977234168850e-01
-7.389262773465807399e+00
-4.767587045894229547e+00
-2.000000000000000000e+00
-5.087441686535250085e+00
-4.981286095699537952e+00
1.458956804643171401e-01
-7.555945265041126291e+00
-4.818262880062857967e+00
1.062327493135896139e+00
-5.169185081336268084e+00
-3.098066424219115600e+00
-5.194283792181269455e+00
-1.339182276308698103e-03
-7.627259007868664398e+00
-4.000000000000000000e+00
-4.570736855572002710e+00
-1.825086540079334796e+00
-4.000000000000000000e+00
-2.981090173690444267e+00
-7.653367405369518650e+00
-1.912335284723476470e+00
-4.928533221477428228e+00
-3.621058192464532866e+00
-7.028030396826792092e+00
-3.752209304308200544e-01
-5.998233550508590639e+00
-1.933960768852468259e+00
-4.000000000000000000e+00
-3.440903187261062257e+00
-3.172846877105869545e+00
-2.869140573845927022e+00
-3.838010478337606113e+00
-4.935997589161308596e+00
-4.088354331047435508e+00
-1.931680296507758632e+00
-2.823107261783920574e+00
-2.862538341178258783e+00
-4.859832098103408882e+00
-4.104177280066724443e+00
-5.097976633947051361e+00
-2.803395342352074771e+00
-4.213067394132222532e+00
-4.838856927819475295e+00
-9.988528087999699601e-01
-5.439423421478945642e+00
-2.636197583340937456e+00
1.251062575280990297e+00
-5.922332737820819482e+00
-2.252822842634053302e+00
2.998488599398911436e+00
-3.495523171884671321e+00
-2.764077787266864483e+00
3.000000000000000000e+00
