-8.397940008672037493e+00
-4.954578139835407846e+00
-3.399893759008425498e+00
-7.086821809721387311e+00
-3.027319642338277106e+00
8.838242900058912443e-01
-5.944362296770244747e+00
-1.000000000000000000e+00
1.943704049812404744e-01
-7.089237512647662776e+00
-1.000000000000000000e+00
-5.234284851681061390e+00
-1.000000000000000000e+00
0.000000000000000000e+00
-2.211331042601974328e+00
-3.076866034489337487e+00
-1.710243616205351147e+00
-6.461787969654854358e+00
-1.663819063655376018e+00
1.106801671448041979e+00
-6.495013254422644877e+00
-2.762066427050961170e+00
-7.124285695887409453e+00
-1.942093208195860399e+00
2.000000000000000000e+00
-5.724952229727616526e+00
-3.421387026516169438e+00
-3.154901959985743076e+00
-4.163500670932867465e+00
-6.844673142754181150e+00
-5.000000000000000000e+00
2.000000000000000000e+00
-7.695714887986255803e+00
-4.242689050840965592e+00
-2.483875111928711910e+00
-6.577050700241628967e+00
-4.512581448631450276e-01
2.000000000000000000e+00
-6.541079482908189746e+00
-4.462741899934859369e+00
-1.730906779826928421e+00
-7.989566045433554642e+00
-2.611872491232618110e+00
1.262336063941222886e+00
-4.298535100751496030e-01
-3.790565309303100427e+00
-8.611594597766801584e+00
-1.521412025253843670e+00
-1.037542148125070396e+00
-5.000000000000000000e+00
-5.000000000000000000e+00
3.791131567075796682e-01
-5.915413937832584068e+00
-1.052648811438985144e+00
-3.028473329662269564e-01
-9.000000000000000000e+00
-4.248642123091973311e+00
-6.286198171449480787e-01
-7.162008974405818407e+00
-5.000000000000000000e+00
2.000000000000000000e+00
-8.000000000000000000e+00
-2.104577882802562971e+00
-8.000000000000000000e+00
-1.798059185341476907e+00
-5.014138758685867892e+00
-4.000000000000000000e+00
-6.786280172798117682e+00
-2.602961263822000326e+00
-5.916014469370676210e+00
-2.327786554795176155e+00
-7.586475548715796435e+00
-9.420920035557064365e-01
-4.000000000000000000e+00
-2.854189394270798097e+00
-6.211511788538333967e+00
4.139268515822491779e-02
-4.000000000000000000e+00
-3.455998211212046201e+00
-8.000000000000000000e+00
-2.739754952688505663e-01
-5.690196149515636570e+00
-3.131516235309978580e+00
-5.690196149515636570e+00
-2.936407364947083209e+00
-4.414257083879736143e+00
-1.000000000000000000e+00
-4.252899270627186645e+00
-4.378109421554423619e+00
-4.641157194528598318e+00
-4.533436190929937659e+00
-1.690196149515636570e+00
-3.898783648752479181e+00
-4.238987212031219975e+00
-1.833288794703907154e+00
1.706755874112488192e+00
-6.544068022635552317e+00
-5.000000000000000000e+00
1.291037029751202825e+00
-5.667122556253062271e+00
-2.562558988969429574e+00
1.187052583574983000e+00
-4.058545312636375080e+00
-2.745363466050081858e+00
-6.947530629302221816e-02
