3.774139772349271027e+01
2.275458012406294728e+01
1.126299592142106931e+01
1.126299592142106931e+01
1.126299592142106931e+01
4.577830252283481727e+00
4.577830252283481727e+00
4.577830252283481727e+00
4.364870883066590324e+00
3.938707297879229685e+00
3.507203768914648911e+00
2.907750038104741641e+00
2.907750038104741641e+00
2.768738958822245522e+00
2.739073106376549660e+00
2.739073106376549660e+00
2.739073106376549660e+00
2.739073106376549660e+00
2.551469225747580616e+00
2.551469225747580616e+00
2.386629740540887390e+00
2.386629740540887390e+00
2.386629740540887390e+00
2.386629740540887390e+00
2.386629740540887390e+00
2.276768670239569747e+00
2.276768670239569747e+00
2.276768670239569747e+00
2.276768670239569747e+00
2.276768670239569747e+00
2.276768670239569747e+00
2.276768670239569747e+00
2.215763382346737309e+00
2.215763382346737309e+00
2.215763382346737309e+00
2.088205271731117474e+00
2.088205271731117474e+00
2.088205271731117474e+00
2.011344933300625470e+00
2.011344933300625470e+00
1.995871124488581172e+00
1.995871124488581172e+00
1.995871124488581172e+00
1.995871124488581172e+00
1.981083556935773871e+00
1.981083556935773871e+00
1.869377105479238299e+00
1.869377105479238299e+00
1.768401307582642357e+00
1.768401307582642357e+00
1.768401307582642357e+00
1.768401307582642357e+00
1.738001707068267399e+00
1.493724121781477177e+00
1.493724121781477177e+00
1.390808940180515707e+00
1.390808940180515707e+00
1.390808940180515707e+00
1.390808940180515707e+00
1.390808940180515707e+00
1.390808940180515707e+00
1.390808940180515707e+00
1.390808940180515707e+00
1.390808940180515707e+00
1.390808940180515707e+00
1.390808940180515707e+00
1.390808940180515707e+00
1.390808940180515707e+00
1.390808940180515707e+00
1.362275149503308525e+00
1.362275149503308525e+00
1.362275149503308525e+00
1.362275149503308525e+00
1.356650054226733459e+00
1.356650054226733459e+00
1.356650054226733459e+00
1.280682232645845575e+00
1.235904828282112788e+00
1.217166192463715380e+00
1.207064116405698995e+00
1.096291907554862055e+00
1.096291907554862055e+00
1.096291907554862055e+00
9.848510333685640550e-01
9.848510333685640550e-01
9.754424557799852291e-01
9.516305944098915059e-01
8.985488425108190125e-01
8.985488425108190125e-01
8.985488425108190125e-01
8.985488425108190125e-01
8.985488425108190125e-01
8.841055790846229501e-01
8.841055790846229501e-01
6.982528488768918740e-01
6.982528488768918740e-01
6.982528488768918740e-01
6.982528488768918740e-01
6.982528488768918740e-01
6.982528488768918740e-01
6.982528488768918740e-01
6.982528488768918740e-01
6.942650575594735418e-01
6.196937918639181531e-01
5.152078094070418057e-01
5.116382471200543458e-01
5.116382471200543458e-01
4.968191849832503948e-01
4.968191849832503948e-01
4.957130917030396211e-01
4.957130917030396211e-01
4.540391784474099302e-01
4.540391784474099302e-01
4.540391784474099302e-01
4.540391784474099302e-01
4.540391784474099302e-01
4.540391784474099302e-01
4.540391784474099302e-01
4.540391784474099302e-01
4.540391784474099302e-01
4.540391784474099302e-01
4.540391784474099302e-01
4.540391784474099302e-01
4.540391784474099302e-01
4.540391784474099302e-01
4.456293938728053683e-01
4.456293938728053683e-01
4.456293938728053683e-01
4.456293938728053683e-01
4.456293938728053683e-01
4.456293938728053683e-01
4.456293938728053683e-01
4.350964809129930777e-01
4.350964809129930777e-01
4.350964809129930777e-01
4.350964809129930777e-01
4.350964809129930777e-01
4.350964809129930777e-01
4.244184515189003415e-01
4.230152535667813796e-01
4.230152535667813796e-01
4.230152535667813796e-01
4.230152535667813796e-01
4.203570026244315971e-01
4.201563963013648650e-01
4.201563963013648650e-01
4.199599523809666168e-01
4.199125179049433831e-01
4.199032840739801431e-01
4.199010315018745776e-01
4.148230563800728854e-01
4.144226830426926411e-01
4.085198198802253433e-01
4.074032445528077973e-01
4.026765621575442156e-01
3.968879029595523966e-01
3.946530671396240586e-01
3.926804142915037987e-01
3.882462325848975437e-01
3.828371363460776333e-01
3.698306415450665074e-01
3.698306415450665074e-01
3.698306415450665074e-01
3.698306415450665074e-01
3.698306415450665074e-01
3.698306415450665074e-01
3.698306415450665074e-01
3.698306415450665074e-01
3.698306415450665074e-01
3.650061774985825513e-01
3.650061774985825513e-01
3.648700481194231404e-01
3.648700481194231404e-01
3.646474965511355970e-01
3.646474965511355970e-01
3.607523252623178189e-01
3.607523252623178189e-01
3.490190447623323089e-01
3.489304366235259636e-01
3.484667050172084446e-01
3.484667050172084446e-01
3.479102671113368794e-01
3.472852500469404413e-01
3.430087069561902346e-01
3.402586569640729808e-01
3.392194869361681575e-01
3.391417696986723240e-01
3.391379230187737681e-01
3.377548171333481508e-01
3.376496710171330018e-01
3.376442979177559645e-01
3.375789354340083537e-01
3.375627881289623988e-01
3.374158111865609988e-01
3.373912456977903318e-01
3.373912456977903318e-01
3.373912456977903318e-01
3.371830353082782006e-01
3.370686888314136653e-01
3.369528701886344568e-01
