7.538247658754696090e+01
3.660612218741036372e+01
3.575260561094694367e+01
3.575260561094694367e+01
2.960442803994979144e+01
2.087160333627937092e+01
1.706144999562751963e+01
1.317239061614640683e+01
9.701298348678076167e+00
9.701298348678076167e+00
8.819133916972420550e+00
8.819133916972420550e+00
7.980931975519416355e+00
5.959756990811021282e+00
5.959756990811021282e+00
4.258221883983112299e+00
4.258221883983112299e+00
4.258221883983112299e+00
4.258221883983112299e+00
4.258221883983112299e+00
4.258221883983112299e+00
4.187027968497311292e+00
3.724085547960830134e+00
3.724085547960830134e+00
3.568978466408684547e+00
2.776356263125533630e+00
2.776356263125533630e+00
2.776356263125533630e+00
2.776356263125533630e+00
2.776356263125533630e+00
2.776356263125533630e+00
2.776356263125533630e+00
2.776356263125533630e+00
2.539971657108641256e+00
2.539971657108641256e+00
2.539971657108641256e+00
2.539971657108641256e+00
2.475944275583650267e+00
2.475944275583650267e+00
2.330236377243409152e+00
2.330236377243409152e+00
2.330236377243409152e+00
2.330236377243409152e+00
2.256732370128073484e+00
2.256732370128073484e+00
2.256732370128073484e+00
2.256732370128073484e+00
2.256732370128073484e+00
2.256732370128073484e+00
2.256732370128073484e+00
2.256732370128073484e+00
2.147804455595886619e+00
2.147804455595886619e+00
2.147804455595886619e+00
2.147804455595886619e+00
2.147804455595886619e+00
2.147804455595886619e+00
2.147804455595886619e+00
2.147804455595886619e+00
2.147804455595886619e+00
2.108015217418412135e+00
2.108015217418412135e+00
2.108015217418412135e+00
2.108015217418412135e+00
2.108015217418412135e+00
2.084823158968383883e+00
2.084823158968383883e+00
2.084823158968383883e+00
2.084823158968383883e+00
2.064100253546453878e+00
2.064100253546453878e+00
2.064100253546453878e+00
2.064100253546453878e+00
2.064100253546453878e+00
2.064100253546453878e+00
2.064100253546453878e+00
2.051558192801280711e+00
2.051558192801280711e+00
2.051558192801280711e+00
2.051558192801280711e+00
2.051558192801280711e+00
2.051558192801280711e+00
2.051558192801280711e+00
2.051558192801280711e+00
2.051558192801280711e+00
2.051558192801280711e+00
2.051558192801280711e+00
2.051558192801280711e+00
2.051558192801280711e+00
2.051558192801280711e+00
2.051558192801280711e+00
2.041843536304960072e+00
2.041843536304960072e+00
2.041843536304960072e+00
2.041843536304960072e+00
2.041843536304960072e+00
2.041843536304960072e+00
2.041843536304960072e+00
2.041843536304960072e+00
2.041843536304960072e+00
2.041843536304960072e+00
2.041843536304960072e+00
2.021178190361534011e+00
2.021178190361534011e+00
2.008505815382593873e+00
2.008505815382593873e+00
2.002194042330141865e+00
1.983089212478061913e+00
1.983089212478061913e+00
1.983089212478061913e+00
1.964309503080015507e+00
1.964309503080015507e+00
1.964309503080015507e+00
1.964309503080015507e+00
1.964309503080015507e+00
1.961303347902387584e+00
1.961043761680066666e+00
1.961043761680066666e+00
1.961043761680066666e+00
1.942738897302799250e+00
1.942738897302799250e+00
1.942738897302799250e+00
1.942738897302799250e+00
1.942738897302799250e+00
1.927453618226701249e+00
1.927453618226701249e+00
1.927453618226701249e+00
1.927453618226701249e+00
1.927453618226701249e+00
1.927453618226701249e+00
1.922688839874002520e+00
1.920876922674628062e+00
1.920308474629115025e+00
1.920119482584482729e+00
1.920056314723727287e+00
1.920040875307322370e+00
1.920030412389313268e+00
1.920028070840873458e+00
1.920028070840873458e+00
1.920028070840873458e+00
1.920025608217517776e+00
1.920025608217517776e+00
1.908220445310186530e+00
1.908220445310186530e+00
1.908220445310186530e+00
1.908220445310186530e+00
1.908220445310186530e+00
1.908220445310186530e+00
1.908220445310186530e+00
1.908220445310186530e+00
1.908220445310186530e+00
1.903957942604893816e+00
1.901519002875779574e+00
1.900981185441379839e+00
1.900862879964650531e+00
1.900163087519987304e+00
1.897343536126260943e+00
1.896752705121093507e+00
1.895513624155653387e+00
1.894922381888939800e+00
1.894262683692390370e+00
1.893344368149377788e+00
1.893057782797353816e+00
1.893004333026838237e+00
1.892903888638140852e+00
1.892882759681905336e+00
1.892764882825709094e+00
1.892713495612914798e+00
1.892694426712180800e+00
1.892669447878568389e+00
1.884329462722484916e+00
1.884329462722484916e+00
1.884329462722484916e+00
1.884329462722484916e+00
1.884329462722484916e+00
1.884329462722484916e+00
1.884329462722484916e+00
1.882453154792449457e+00
1.882453154792449457e+00
1.882453154792449457e+00
1.882453154792449457e+00
1.882453154792449457e+00
1.882453154792449457e+00
1.882453154792449457e+00
1.874787852818457168e+00
1.872166100456670090e+00
1.872060636600191952e+00
1.872053503218186421e+00
1.872052678344640064e+00
1.872052678344640064e+00
1.872052678344640064e+00
1.860219777111194350e+00
1.860219777111194350e+00
1.859843971389960160e+00
1.859774775046643569e+00
1.859771146403424780e+00
1.859771146403424780e+00
1.859771146403424780e+00
1.859771146403424780e+00
1.859771146403424780e+00
