1.257084209430716299e+02
3.123648169939645314e+01
3.123648169939645314e+01
3.123648169939645314e+01
1.485416464353791888e+01
1.485416464353791888e+01
1.008969206127415319e+01
1.008969206127415319e+01
7.987987659552154618e+00
7.987987659552154618e+00
7.650641371166604365e+00
3.785543259096210811e+00
3.785543259096210811e+00
3.589919688566250322e+00
3.589919688566250322e+00
3.589919688566250322e+00
2.892374975469644838e+00
2.892374975469644838e+00
2.892374975469644838e+00
2.892374975469644838e+00
2.892374975469644838e+00
2.892374975469644838e+00
2.892374975469644838e+00
2.666840623160775969e+00
2.666840623160775969e+00
2.405474633970269949e+00
2.405474633970269949e+00
2.405474633970269949e+00
2.405474633970269949e+00
2.405474633970269949e+00
2.405474633970269949e+00
2.405474633970269949e+00
2.405474633970269949e+00
2.393842503369334462e+00
2.393842503369334462e+00
2.393842503369334462e+00
2.393842503369334462e+00
2.393842503369334462e+00
2.317261776585589850e+00
2.317261776585589850e+00
2.317261776585589850e+00
2.317261776585589850e+00
2.317261776585589850e+00
2.317261776585589850e+00
2.317261776585589850e+00
2.317261776585589850e+00
2.317261776585589850e+00
2.002544307635109266e+00
2.002544307635109266e+00
2.002544307635109266e+00
2.002544307635109266e+00
1.791685124789553774e+00
1.791685124789553774e+00
1.636760962028643185e+00
1.636760962028643185e+00
1.636760962028643185e+00
1.636760962028643185e+00
1.636760962028643185e+00
1.636760962028643185e+00
1.440928258463489042e+00
1.440928258463489042e+00
1.440928258463489042e+00
1.390207270112168381e+00
1.390207270112168381e+00
1.390207270112168381e+00
1.261666701482142994e+00
1.190056103981326441e+00
1.060826298254083921e+00
1.060826298254083921e+00
1.060826298254083921e+00
1.060826298254083921e+00
1.060826298254083921e+00
1.060826298254083921e+00
1.060826298254083921e+00
1.060826298254083921e+00
1.060826298254083921e+00
1.060826298254083921e+00
1.060826298254083921e+00
1.060826298254083921e+00
1.060826298254083921e+00
1.060826298254083921e+00
1.060826298254083921e+00
9.969161009738141122e-01
9.969161009738141122e-01
9.969161009738141122e-01
9.969161009738141122e-01
9.969161009738141122e-01
9.969161009738141122e-01
8.793492602864473318e-01
8.793492602864473318e-01
8.793492602864473318e-01
8.793492602864473318e-01
8.793492602864473318e-01
8.793492602864473318e-01
7.199413045886240425e-01
7.199413045886240425e-01
7.199413045886240425e-01
7.199413045886240425e-01
5.859909225194647187e-01
4.783962197286937279e-01
4.783962197286937279e-01
2.922578057124713968e-01
2.922578057124713968e-01
2.922578057124713968e-01
2.665105188218560017e-01
2.665105188218560017e-01
2.466133286937089997e-01
2.466133286937089997e-01
2.466133286937089997e-01
2.466133286937089997e-01
2.460649927040720608e-01
2.165871762604617556e-01
1.835898034340118778e-01
1.835898034340118778e-01
1.835898034340118778e-01
1.835898034340118778e-01
1.824168194855652625e-01
1.563899296202177491e-01
1.563899296202177491e-01
1.563899296202177491e-01
1.563899296202177491e-01
1.563899296202177491e-01
1.563899296202177491e-01
1.563899296202177491e-01
1.563899296202177491e-01
1.563899296202177491e-01
1.563899296202177491e-01
1.263713939868682246e-01
1.263713939868682246e-01
1.263713939868682246e-01
1.263713939868682246e-01
1.263713939868682246e-01
1.263713939868682246e-01
1.263713939868682246e-01
1.263713939868682246e-01
1.222528189281377325e-01
1.218411071969042470e-01
1.218411071969042470e-01
1.194171498301572765e-01
1.188749021135648010e-01
1.187608550970907784e-01
1.187307518163121245e-01
1.187223880203777532e-01
1.187196914016282745e-01
1.187189089377288093e-01
1.187188196253506356e-01
1.187188196253506356e-01
1.187188120253685197e-01
1.172959755942246940e-01
1.172959755942246940e-01
1.164474117397898689e-01
1.164474117397898689e-01
1.164474117397898689e-01
1.164474117397898689e-01
1.164474117397898689e-01
1.164396666849566858e-01
1.164387818042696143e-01
1.164386035133613828e-01
1.164386035133613828e-01
1.164386035133613828e-01
1.150360469296751176e-01
1.150360469296751176e-01
1.150360469296751176e-01
1.132706860853621156e-01
1.132706860853621156e-01
1.118036879474442885e-01
1.113662056793667809e-01
1.113007226809140937e-01
1.112891852631817946e-01
1.017192026831022778e-01
1.017192026831022778e-01
1.017192026831022778e-01
1.017192026831022778e-01
1.017192026831022778e-01
1.005503460700246099e-01
1.005503460700246099e-01
1.005503460700246099e-01
9.932687896189079657e-02
9.922890013367399731e-02
9.922042654079360480e-02
9.921985748851916420e-02
9.921938429880231003e-02
9.794257058573990760e-02
9.794257058573990760e-02
9.669045683479315922e-02
9.662217370919568005e-02
9.661725407667812182e-02
9.661696061176258676e-02
9.661682112691558078e-02
9.661682112691558078e-02
9.661682112691558078e-02
9.661682112691558078e-02
9.661682112691558078e-02
9.661682112691558078e-02
9.661682112691558078e-02
9.661678411429314162e-02
9.661677865119019937e-02
9.661669306426173831e-02
9.391892969299116267e-02
9.391892969299116267e-02
