8.776268590348976772e+01
8.776268590348976772e+01
7.090194809959723443e+01
4.514424226277822072e+01
3.493659433768522149e+01
2.671456081480583578e+01
1.666631637941646105e+01
1.068108277995249900e+01
1.068108277995249900e+01
1.068108277995249900e+01
7.192835567273275110e+00
3.863671750712387443e+00
3.863671750712387443e+00
3.863671750712387443e+00
3.863671750712387443e+00
3.863671750712387443e+00
3.863671750712387443e+00
3.863671750712387443e+00
3.863671750712387443e+00
3.448070622998566925e+00
3.448070622998566925e+00
3.448070622998566925e+00
3.083760168038501170e+00
3.083760168038501170e+00
3.041811749500981321e+00
2.956172927733510036e+00
2.956172927733510036e+00
2.956172927733510036e+00
2.956172927733510036e+00
2.956172927733510036e+00
2.956172927733510036e+00
2.854942477771496456e+00
2.854942477771496456e+00
2.577672976455638754e+00
2.577672976455638754e+00
2.577672976455638754e+00
2.577672976455638754e+00
2.577672976455638754e+00
2.577672976455638754e+00
2.577672976455638754e+00
2.577672976455638754e+00
2.577672976455638754e+00
2.577672976455638754e+00
2.577672976455638754e+00
2.577672976455638754e+00
2.473725766761798450e+00
2.473725766761798450e+00
2.473725766761798450e+00
2.473725766761798450e+00
2.473725766761798450e+00
2.473725766761798450e+00
2.266504124040517265e+00
2.266504124040517265e+00
2.266504124040517265e+00
2.266504124040517265e+00
2.266504124040517265e+00
2.266504124040517265e+00
2.266504124040517265e+00
2.266504124040517265e+00
2.266504124040517265e+00
2.239808450912114779e+00
2.239808450912114779e+00
2.239808450912114779e+00
2.239808450912114779e+00
2.239808450912114779e+00
2.239808450912114779e+00
2.239808450912114779e+00
2.239808450912114779e+00
2.239808450912114779e+00
2.239808450912114779e+00
2.239808450912114779e+00
2.239808450912114779e+00
2.239808450912114779e+00
2.239808450912114779e+00
2.239808450912114779e+00
2.239808450912114779e+00
2.239808450912114779e+00
2.239808450912114779e+00
2.191575118757608909e+00
2.191575118757608909e+00
2.133100436810154488e+00
2.103314615389597630e+00
2.045621084094445763e+00
2.014340464260493846e+00
2.014340464260493846e+00
2.014340464260493846e+00
2.011085287276377809e+00
2.011085287276377809e+00
2.011085287276377809e+00
1.956735073370439393e+00
1.956735073370439393e+00
1.949007318893324348e+00
1.949007318893324348e+00
1.949007318893324348e+00
1.919437425482024562e+00
1.890103832310785492e+00
1.890103832310785492e+00
1.865257392051663521e+00
1.865257392051663521e+00
1.865257392051663521e+00
1.865257392051663521e+00
1.787765442466743293e+00
1.787765442466743293e+00
1.728359533913515600e+00
1.728359533913515600e+00
1.728359533913515600e+00
1.728359533913515600e+00
1.728359533913515600e+00
1.728359533913515600e+00
1.728359533913515600e+00
1.728346776426581632e+00
1.728346776426581632e+00
1.728346776426581632e+00
1.728346776426581632e+00
1.728346776426581632e+00
1.717204132112494008e+00
1.711155991656272857e+00
1.709231419055629031e+00
1.708535168983772223e+00
1.708270729351246020e+00
1.708167441863091884e+00
1.708126709424039102e+00
1.708110734712684931e+00
1.708103202246714858e+00
1.708101285143995840e+00
1.708101285143995840e+00
1.705706953656455749e+00
1.685235592753569600e+00
1.663970833124694737e+00
1.659785923829855125e+00
1.646287660944398379e+00
1.630985621233039362e+00
1.614662067066277240e+00
1.586001584035958700e+00
1.583761289258454941e+00
1.583761289258454941e+00
1.583761289258454941e+00
1.583761289258454941e+00
1.583761289258454941e+00
1.583761289258454941e+00
1.583761289258454941e+00
1.572866542612887608e+00
1.572866542612887608e+00
1.553078056210664526e+00
1.553078056210664526e+00
1.553078056210664526e+00
1.522788176628232959e+00
1.522788176628232959e+00
1.522788176628232959e+00
1.522788176628232959e+00
1.517499478090508003e+00
1.475059820319483128e+00
1.454257953645079704e+00
1.454257953645079704e+00
1.454257953645079704e+00
1.389917799423683764e+00
1.376863837813838254e+00
1.361798861934603755e+00
1.334163093285542168e+00
1.333285504551027456e+00
1.329594673872879218e+00
1.307186449704501374e+00
1.302525909918534452e+00
1.273822619567207548e+00
1.249134515225205133e+00
1.234859785061117154e+00
1.228466171082165159e+00
1.228466171082165159e+00
1.228466171082165159e+00
1.227012000973473071e+00
1.202005503640455553e+00
1.202005503640455553e+00
1.188449545568681653e+00
1.186456921614450266e+00
1.183340964197606926e+00
1.183063843997727016e+00
1.172912924119648537e+00
1.161381227421804052e+00
1.159990652926340848e+00
1.151808015793343465e+00
1.139705698723655125e+00
1.137624757389023689e+00
1.121910702034680130e+00
1.110695128310629221e+00
1.092856080792226958e+00
1.068018916525322659e+00
1.056463577754227501e+00
1.048449857851998068e+00
1.038026545782446686e+00
1.036051129941773841e+00
1.020948171358861511e+00
1.016206784425536469e+00
1.005026483401285420e+00
9.924579496031871173e-01
9.871786185103514910e-01
9.870781861938533464e-01
9.799654734602647466e-01
9.797214202520988513e-01
9.744164460826193475e-01
9.744164460826193475e-01
