9.760277033381831302e+01
9.760277033381831302e+01
7.960905604863498297e+01
3.540422201402502367e+01
3.540422201402502367e+01
1.735978956217509506e+01
1.488407438212479406e+01
8.318062169622937319e+00
8.318062169622937319e+00
6.516383437936575262e+00
6.516383437936575262e+00
6.516383437936575262e+00
6.516383437936575262e+00
5.705477035866673319e+00
5.705477035866673319e+00
5.705477035866673319e+00
3.918589557299793746e+00
3.496936498681378680e+00
3.496936498681378680e+00
2.496903599446021804e+00
2.496903599446021804e+00
2.496903599446021804e+00
2.234704255899684355e+00
2.234704255899684355e+00
2.234704255899684355e+00
2.234704255899684355e+00
2.234704255899684355e+00
2.234704255899684355e+00
2.234704255899684355e+00
2.234704255899684355e+00
2.234704255899684355e+00
2.133973780576728707e+00
2.133973780576728707e+00
1.711626238094356989e+00
1.711626238094356989e+00
1.711626238094356989e+00
1.711626238094356989e+00
1.711626238094356989e+00
1.711626238094356989e+00
1.711626238094356989e+00
1.711626238094356989e+00
1.711626238094356989e+00
1.544794963456838754e+00
1.544794963456838754e+00
1.544794963456838754e+00
1.544794963456838754e+00
1.544794963456838754e+00
1.544794963456838754e+00
1.544794963456838754e+00
1.544794963456838754e+00
1.544794963456838754e+00
1.544794963456838754e+00
1.522177818953625472e+00
1.451412674008260906e+00
1.164717112999025028e+00
1.159054836503870867e+00
1.159054836503870867e+00
1.159054836503870867e+00
1.159054836503870867e+00
1.159054836503870867e+00
1.021049745601861236e+00
1.021049745601861236e+00
1.021049745601861236e+00
1.021049745601861236e+00
9.900285075287311720e-01
9.900285075287311720e-01
9.501447506764401085e-01
9.501447506764401085e-01
9.501447506764401085e-01
9.501447506764401085e-01
8.264856310627078928e-01
7.959862940404145437e-01
7.729259981103784316e-01
7.546898960845627169e-01
7.426682322161821670e-01
7.344799122916403356e-01
7.301965679534914155e-01
7.273322517528004738e-01
7.253336883974943472e-01
7.245554888528349391e-01
7.235779622868550032e-01
7.231348022214239002e-01
7.229442239430028394e-01
7.228536721437546220e-01
7.228080245209242971e-01
7.227832632901866061e-01
7.227707401097215323e-01
7.227629140666509411e-01
7.227587743388117492e-01
7.227563711426543414e-01
6.978595074528850528e-01
6.183129781557523685e-01
6.134421776995362396e-01
6.134421776995362396e-01
6.134421776995362396e-01
6.044467645215669815e-01
5.240737891537784465e-01
5.240737891537784465e-01
4.429138703218901130e-01
4.402424551842628042e-01
3.995189564079257849e-01
3.866061417093328290e-01
3.866061417093328290e-01
3.785011653460704784e-01
3.785011653460704784e-01
3.645852862716062459e-01
3.645852862716062459e-01
3.645852862716062459e-01
3.645852862716062459e-01
3.645852862716062459e-01
3.620745511259051974e-01
3.611810051227127283e-01
3.520485961172568068e-01
3.520485961172568068e-01
3.520485961172568068e-01
3.392468922419051847e-01
3.392468922419051847e-01
3.392468922419051847e-01
2.994641195524812005e-01
2.994641195524812005e-01
2.994641195524812005e-01
2.994641195524812005e-01
2.994641195524812005e-01
2.994641195524812005e-01
2.994641195524812005e-01
2.994641195524812005e-01
2.994641195524812005e-01
2.957696292691407991e-01
2.957696292691407991e-01
2.957696292691407991e-01
2.957696292691407991e-01
2.928540494116372295e-01
2.928540494116372295e-01
2.928540494116372295e-01
2.928540494116372295e-01
2.928540494116372295e-01
2.928540494116372295e-01
2.928540494116372295e-01
2.923041504600445983e-01
2.923041504600445983e-01
2.923041504600445983e-01
2.832856859662757354e-01
2.784407351333473835e-01
2.773045302917448995e-01
2.771815372905967467e-01
2.771709842971082360e-01
2.757583857328207433e-01
2.757583857328207433e-01
2.757583857328207433e-01
2.757548385885028597e-01
2.757548385885028597e-01
2.757548385885028597e-01
2.726291075604155290e-01
2.645918379795071940e-01
2.645918379795071940e-01
2.604032816389890148e-01
2.600511468800348336e-01
2.592277655899742350e-01
2.569790043624304854e-01
2.569790043624304854e-01
2.556777294170897719e-01
2.556777294170897719e-01
2.556383753886366517e-01
2.556383753886366517e-01
2.549660400007701111e-01
2.549474962984734638e-01
2.549474962984734638e-01
2.549471840441475123e-01
2.549468399506965577e-01
2.549468084028331250e-01
2.549468084028331250e-01
2.549468084028331250e-01
2.549468084028331250e-01
2.549463821247991424e-01
2.549463821247991424e-01
2.549463821247991424e-01
2.549462889579581781e-01
2.549462681233263806e-01
2.549462463694751047e-01
2.549462463694751047e-01
2.549461562021408390e-01
2.549461562021408390e-01
2.549461562021408390e-01
2.549461562021408390e-01
2.549460795442892169e-01
2.549460795442892169e-01
2.549460795442892169e-01
2.549460591900634121e-01
2.549460591900634121e-01
2.518510278593616980e-01
2.518510278593616980e-01
2.518510278593616980e-01
2.514566156651000806e-01
2.514566156651000806e-01
2.513079202727215855e-01
2.513017710110616587e-01
2.513016076084645944e-01
2.513016076084645944e-01
2.513014844698080452e-01
2.513014844698080452e-01
