3.145351761660097623e+01
3.145351761660097623e+01
7.117979340274315447e+00
7.117979340274315447e+00
7.117979340274315447e+00
7.117979340274315447e+00
6.731847877564443472e+00
6.731847877564443472e+00
2.791720297512593874e+00
2.791720297512593874e+00
2.791720297512593874e+00
2.791720297512593874e+00
2.791720297512593874e+00
2.791720297512593874e+00
2.791720297512593874e+00
2.791720297512593874e+00
2.089268036634774894e+00
2.089268036634774894e+00
1.717083877001105430e+00
1.399567614671189286e+00
6.896663492083443536e-01
6.896663492083443536e-01
6.896663492083443536e-01
4.503857356526534406e-01
4.503857356526534406e-01
4.503857356526534406e-01
4.503857356526534406e-01
2.348466096964305916e-01
2.348466096964305916e-01
2.348466096964305916e-01
2.348466096964305916e-01
2.348466096964305916e-01
2.348466096964305916e-01
2.348466096964305916e-01
2.348466096964305916e-01
2.348466096964305916e-01
2.348466096964305916e-01
1.888604975301296229e-01
1.888604975301296229e-01
1.888604975301296229e-01
1.888604975301296229e-01
1.888604975301296229e-01
1.888604975301296229e-01
1.888604975301296229e-01
1.888604975301296229e-01
1.888604975301296229e-01
1.888604975301296229e-01
1.888604975301296229e-01
1.888604975301296229e-01
1.888604975301296229e-01
1.888604975301296229e-01
1.888604975301296229e-01
1.888604975301296229e-01
1.888604975301296229e-01
1.888604975301296229e-01
1.888604975301296229e-01
1.888604975301296229e-01
1.888604975301296229e-01
1.888604975301296229e-01
1.888604975301296229e-01
1.888604975301296229e-01
1.888604975301296229e-01
1.888604975301296229e-01
1.888604975301296229e-01
1.888604975301296229e-01
1.888604975301296229e-01
1.888604975301296229e-01
1.888604975301296229e-01
1.870176760904573021e-01
1.870176760904573021e-01
1.870176760904573021e-01
1.870176760904573021e-01
1.870176760904573021e-01
1.870176760904573021e-01
1.870176760904573021e-01
1.870176760904573021e-01
1.870176760904573021e-01
1.870176760904573021e-01
1.870176760904573021e-01
1.870176760904573021e-01
1.870176760904573021e-01
1.870176760904573021e-01
1.870176760904573021e-01
1.870176760904573021e-01
1.870176760904573021e-01
1.870176760904573021e-01
1.870176760904573021e-01
1.870176760904573021e-01
1.870176760904573021e-01
1.870176760904573021e-01
1.870176760904573021e-01
1.870176760904573021e-01
1.870176760904573021e-01
1.870176760904573021e-01
1.870176760904573021e-01
1.870176760904573021e-01
1.870176760904573021e-01
1.870176760904573021e-01
1.870176760904573021e-01
1.870176760904573021e-01
1.870176760904573021e-01
1.870176760904573021e-01
1.870176760904573021e-01
1.870176760904573021e-01
1.870176760904573021e-01
1.862108189551094084e-01
1.862108189551094084e-01
1.862108189551094084e-01
1.861930609194495101e-01
1.861930609194495101e-01
1.860629084229136476e-01
1.859320059261950209e-01
1.858199985716393332e-01
1.842585106948022577e-01
1.842585106948022577e-01
1.842585106948022577e-01
1.842585106948022577e-01
1.842585106948022577e-01
1.842585106948022577e-01
1.842585106948022577e-01
1.842585106948022577e-01
1.842585106948022577e-01
1.842348970709005163e-01
1.841329537236128799e-01
1.841329537236128799e-01
1.829663335089145304e-01
1.825873264417068875e-01
1.824595019900250581e-01
1.824135778511920269e-01
1.823979482504863026e-01
1.823917515480386609e-01
1.823900743973030647e-01
1.823898935200370386e-01
1.823889898093616624e-01
1.823889898093616624e-01
1.823885525495340665e-01
1.823885525495340665e-01
1.823885525495340665e-01
1.823885525495340665e-01
1.823885525495340665e-01
1.823885525495340665e-01
1.823885525495340665e-01
1.823885525495340665e-01
1.823880364953870126e-01
1.823880364953870126e-01
1.823880364953870126e-01
1.823880364953870126e-01
1.823880364953870126e-01
1.823880364953870126e-01
1.823880364953870126e-01
1.823880364953870126e-01
1.823880364953870126e-01
1.823880364953870126e-01
1.823880364953870126e-01
1.823880364953870126e-01
1.823880364953870126e-01
1.823880364953870126e-01
1.823880364953870126e-01
1.823880364953870126e-01
1.823880364953870126e-01
1.823880364953870126e-01
1.823880364953870126e-01
1.823880364953870126e-01
1.823880364953870126e-01
1.823880364953870126e-01
1.823880364953870126e-01
1.823880364953870126e-01
1.823880364953870126e-01
1.823880364953870126e-01
1.823880364953870126e-01
1.823880364953870126e-01
1.823880364953870126e-01
1.823880364953870126e-01
1.823880364953870126e-01
1.823880364953870126e-01
1.823880364953870126e-01
1.823880364953870126e-01
1.823880312619001465e-01
1.823880312619001465e-01
1.823880312619001465e-01
1.823880312619001465e-01
1.823880312619001465e-01
1.823880312619001465e-01
1.823880312619001465e-01
1.823880312619001465e-01
1.823880312619001465e-01
1.823880312619001465e-01
1.823880312619001465e-01
1.823880312619001465e-01
1.823880312619001465e-01
1.823880312619001465e-01
1.823874587328188079e-01
1.823874587328188079e-01
1.823874587328188079e-01
1.823874587328188079e-01
1.823874587328188079e-01
1.823874587328188079e-01
1.823874587328188079e-01
1.823874587328188079e-01
1.823874587328188079e-01
