1.282657248852108864e+02
8.414173757055971237e+01
6.784340457503564892e+01
3.825946357657092278e+01
2.387808126343615100e+01
2.387808126343615100e+01
1.992039680748644415e+01
1.006424305938009489e+01
9.518639014471704130e+00
8.110444167803596116e+00
6.696396737651141962e+00
6.124183150942979381e+00
5.819771529635185736e+00
5.819771529635185736e+00
5.483770898143809802e+00
4.660897676954121494e+00
2.515121383814026057e+00
2.515121383814026057e+00
1.183647027356387493e+00
1.183647027356387493e+00
1.183647027356387493e+00
1.183647027356387493e+00
1.183647027356387493e+00
1.183647027356387493e+00
1.183647027356387493e+00
1.183647027356387493e+00
1.183647027356387493e+00
1.003933574505772697e+00
1.003933574505772697e+00
1.003933574505772697e+00
1.003933574505772697e+00
1.003933574505772697e+00
1.003933574505772697e+00
1.003933574505772697e+00
1.003933574505772697e+00
1.003933574505772697e+00
1.003933574505772697e+00
1.003933574505772697e+00
1.003933574505772697e+00
5.423224208201725682e-01
5.423224208201725682e-01
5.423224208201725682e-01
5.423224208201725682e-01
5.423224208201725682e-01
5.423224208201725682e-01
5.423224208201725682e-01
5.423224208201725682e-01
5.423224208201725682e-01
5.423224208201725682e-01
5.423224208201725682e-01
5.423224208201725682e-01
5.361428397753160713e-01
5.361428397753160713e-01
5.192512076274194976e-01
5.192512076274194976e-01
5.192512076274194976e-01
5.192512076274194976e-01
5.192512076274194976e-01
5.192512076274194976e-01
5.192512076274194976e-01
5.192512076274194976e-01
5.192512076274194976e-01
5.192512076274194976e-01
5.192512076274194976e-01
5.192512076274194976e-01
5.192512076274194976e-01
5.192512076274194976e-01
5.192512076274194976e-01
5.192512076274194976e-01
5.192512076274194976e-01
4.507634947230821920e-01
4.507634947230821920e-01
4.141796259702005822e-01
4.141796259702005822e-01
4.141796259702005822e-01
3.656774067728623123e-01
3.656774067728623123e-01
3.656774067728623123e-01
3.656774067728623123e-01
3.656774067728623123e-01
2.070164899551880378e-01
2.070164899551880378e-01
2.070164899551880378e-01
2.070164899551880378e-01
2.070164899551880378e-01
2.070164899551880378e-01
2.070164899551880378e-01
2.070164899551880378e-01
2.070164899551880378e-01
1.766011779626759648e-01
1.766011779626759648e-01
1.766011779626759648e-01
1.620234309237804926e-01
1.620234309237804926e-01
1.620234309237804926e-01
1.620234309237804926e-01
1.360124521943055498e-01
1.360124521943055498e-01
1.360124521943055498e-01
1.019635884511348317e-01
1.019635884511348317e-01
1.019635884511348317e-01
1.019635884511348317e-01
1.019635884511348317e-01
1.019635884511348317e-01
1.019635884511348317e-01
1.019635884511348317e-01
1.019635884511348317e-01
7.556317327249556515e-02
7.556317327249556515e-02
7.556317327249556515e-02
7.556317327249556515e-02
7.556317327249556515e-02
7.556317327249556515e-02
7.556317327249556515e-02
7.556317327249556515e-02
7.556317327249556515e-02
7.512301056430650825e-02
7.512301056430650825e-02
7.512301056430650825e-02
7.512301056430650825e-02
7.512301056430650825e-02
7.512301056430650825e-02
7.512301056430650825e-02
7.504479815285014510e-02
7.482649683427594622e-02
7.475181836660628465e-02
7.475181836660628465e-02
7.475181836660628465e-02
7.475181836660628465e-02
7.475181836660628465e-02
7.475181836660628465e-02
7.475181836660628465e-02
7.474569806120903714e-02
7.474361865687371986e-02
7.474281271428345752e-02
7.474281271428345752e-02
7.474281271428345752e-02
7.474281271428345752e-02
7.474281271428345752e-02
7.474281271428345752e-02
7.474281271428345752e-02
7.474281271428345752e-02
7.433306158168742628e-02
7.433306158168742628e-02
7.433306158168742628e-02
7.433306158168742628e-02
7.433306158168742628e-02
7.394913642377931584e-02
7.380574582748285206e-02
7.379234073703683228e-02
7.379056322235721943e-02
7.379026385277537292e-02
7.379020737824720788e-02
7.379016177268740706e-02
7.379016177268740706e-02
7.379016177268740706e-02
7.379016177268740706e-02
7.379016177268740706e-02
7.379016177268740706e-02
7.333692835689263612e-02
7.333692835689263612e-02
7.271201703945208428e-02
7.243389870252095464e-02
7.238956005312323361e-02
7.238169174016528817e-02
7.238028032190368943e-02
7.238025445690614290e-02
7.237995962702564734e-02
7.237995962702564734e-02
7.237995962702564734e-02
7.237995962702564734e-02
7.237995962702564734e-02
7.237995962702564734e-02
7.201422182297329000e-02
7.201422182297329000e-02
7.132744438632622475e-02
7.132744438632622475e-02
6.981594368919769034e-02
6.981594368919769034e-02
6.980916730236419454e-02
6.980916730236419454e-02
6.980764234338761309e-02
6.980764234338761309e-02
6.980699664272906058e-02
6.980689149516146330e-02
6.980685220637521116e-02
6.980685220637521116e-02
6.980685220637521116e-02
6.980685220637521116e-02
6.980685220637521116e-02
6.980685220637521116e-02
6.967272709022612198e-02
6.964013199742978555e-02
6.963443394981726209e-02
6.962780693225895101e-02
6.962720749642900553e-02
6.962720749642900553e-02
6.962720749642900553e-02
6.962720749642900553e-02
