5.317915188206492871e+01
4.714224308676175923e+01
4.714224308676175923e+01
2.315114950355380330e+01
2.315114950355380330e+01
3.320619322762240255e+00
3.320619322762240255e+00
3.320619322762240255e+00
1.436512981152463508e+00
1.436512981152463508e+00
1.436512981152463508e+00
1.436512981152463508e+00
9.985493902146573841e-01
9.985493902146573841e-01
9.985493902146573841e-01
9.985493902146573841e-01
9.985493902146573841e-01
9.985493902146573841e-01
9.101827532077023664e-01
9.101827532077023664e-01
9.101827532077023664e-01
9.101827532077023664e-01
9.101827532077023664e-01
8.688776378746196905e-01
8.688776378746196905e-01
8.688776378746196905e-01
8.688776378746196905e-01
8.688776378746196905e-01
8.688776378746196905e-01
8.688776378746196905e-01
8.688776378746196905e-01
8.688776378746196905e-01
8.688776378746196905e-01
8.688776378746196905e-01
8.688776378746196905e-01
8.688776378746196905e-01
8.688776378746196905e-01
8.688776378746196905e-01
8.688776378746196905e-01
8.688776378746196905e-01
8.688776378746196905e-01
8.688776378746196905e-01
7.359586893674611163e-01
7.359586893674611163e-01
7.359586893674611163e-01
7.359586893674611163e-01
7.359586893674611163e-01
7.359586893674611163e-01
7.359586893674611163e-01
7.359586893674611163e-01
7.158693474616600882e-01
7.158693474616600882e-01
7.158693474616600882e-01
7.158693474616600882e-01
7.158693474616600882e-01
7.158693474616600882e-01
7.158693474616600882e-01
7.158693474616600882e-01
6.846696500719877676e-01
6.846696500719877676e-01
6.846696500719877676e-01
6.846696500719877676e-01
6.846696500719877676e-01
6.846696500719877676e-01
6.846696500719877676e-01
6.846696500719877676e-01
6.846696500719877676e-01
6.846696500719877676e-01
6.846696500719877676e-01
6.846696500719877676e-01
6.846696500719877676e-01
6.846696500719877676e-01
6.846696500719877676e-01
6.846696500719877676e-01
6.846696500719877676e-01
6.846696500719877676e-01
6.846696500719877676e-01
6.846696500719877676e-01
6.846696500719877676e-01
6.846696500719877676e-01
6.846696500719877676e-01
6.846696500719877676e-01
6.846144603650337057e-01
6.846144603650337057e-01
6.846144603650337057e-01
6.846144603650337057e-01
6.846144603650337057e-01
6.846144603650337057e-01
6.846144603650337057e-01
6.846144603650337057e-01
6.846144603650337057e-01
6.846144603650337057e-01
6.846144603650337057e-01
6.846144603650337057e-01
6.846144603650337057e-01
6.769927814824375778e-01
6.763439168719402872e-01
6.763439168719402872e-01
6.761175739739267998e-01
6.749000402510189067e-01
6.735383264029632944e-01
6.734670304456252810e-01
6.734670304456252810e-01
6.721559970200410294e-01
6.721559970200410294e-01
6.721133830013037436e-01
6.721133830013037436e-01
6.721133830013037436e-01
6.721133830013037436e-01
6.621023920927319173e-01
6.621023920927319173e-01
6.621023920927319173e-01
6.621023920927319173e-01
6.616956226881968162e-01
6.616956226881968162e-01
6.611850552703016914e-01
6.611850552703016914e-01
6.611850552703016914e-01
6.603327489628392222e-01
6.603260985834001895e-01
6.603260985834001895e-01
6.601877880893959327e-01
6.601632720056649362e-01
6.601632720056649362e-01
6.601568071112889902e-01
6.601568071112889902e-01
6.601568071112889902e-01
6.601568071112889902e-01
6.484037771876561829e-01
6.484037771876561829e-01
6.484037771876561829e-01
6.484037771876561829e-01
6.484037771876561829e-01
6.484037771876561829e-01
6.483006998545001176e-01
6.483006998545001176e-01
6.483006998545001176e-01
6.475691814426614012e-01
6.475691814426614012e-01
6.465555078321311155e-01
6.361792286561775978e-01
6.361792286561775978e-01
6.361792286561775978e-01
6.361119424145952328e-01
6.342084341965483762e-01
6.342084341965483762e-01
6.337500439811720732e-01
6.337415550589372559e-01
6.337415550589372559e-01
6.337415550589372559e-01
6.337373844048086458e-01
6.337288480368520327e-01
6.336241105218139991e-01
6.203421038050284109e-01
6.172132802002942009e-01
6.169145761463185051e-01
6.137804391948022964e-01
6.114881280178959821e-01
6.114881280178959821e-01
6.114881280178959821e-01
6.114724553144165187e-01
6.108762909641513028e-01
6.098250510161069560e-01
6.053362559765581574e-01
5.996305839327809029e-01
5.996305839327809029e-01
5.996305839327809029e-01
5.996305839327809029e-01
5.996305839327809029e-01
5.996305839327809029e-01
5.996305839327809029e-01
5.866763754070873915e-01
5.853870088880368527e-01
5.853103458119640612e-01
5.853013262420250218e-01
5.853007409070617451e-01
5.852998400762069453e-01
5.852997514124007594e-01
5.852993337794051287e-01
5.852993337794051287e-01
5.852993337794051287e-01
5.852992239002777763e-01
5.852992239002777763e-01
5.852992239002777763e-01
5.852992239002777763e-01
5.852992239002777763e-01
5.852992239002777763e-01
5.852992239002777763e-01
5.852992239002777763e-01
5.852989067128342437e-01
5.852989067128342437e-01
5.852989067128342437e-01
5.852989067128342437e-01
5.852989067128342437e-01
5.852989067128342437e-01
5.852989067128342437e-01
5.852989067128342437e-01
5.852989067128342437e-01
5.852989067128342437e-01
5.852989067128342437e-01
