4.234456126156256914e+02
4.234456126156256914e+02
1.932955678251585141e+02
2.462608053738221514e+01
2.462608053738221514e+01
1.323405398546637990e+01
1.173843981115722812e+01
1.132161701063644799e+01
1.116374041652348126e+01
1.113056591507731774e+01
1.113056591507731774e+01
1.113056591507731774e+01
9.397809937351986775e+00
9.397809937351986775e+00
7.781021710828387228e+00
7.781021710828387228e+00
7.315785333271637825e+00
6.133267207645090480e+00
6.133267207645090480e+00
6.133267207645090480e+00
6.133267207645090480e+00
6.133267207645090480e+00
6.133267207645090480e+00
6.133267207645090480e+00
6.133267207645090480e+00
5.824504728379956475e+00
5.824504728379956475e+00
5.496259947848885830e+00
5.325361658336167814e+00
5.325361658336167814e+00
5.325361658336167814e+00
5.325361658336167814e+00
4.867733996307867628e+00
4.630860519352960836e+00
4.630860519352960836e+00
4.573770845589982592e+00
4.573770845589982592e+00
4.553254558694973753e+00
4.553254558694973753e+00
4.524670971111131479e+00
4.524670971111131479e+00
4.515875505122007638e+00
4.212912165311177404e+00
4.212912165311177404e+00
4.155080157091736837e+00
4.155080157091736837e+00
4.155080157091736837e+00
4.155080157091736837e+00
4.155080157091736837e+00
4.155080157091736837e+00
4.155080157091736837e+00
4.155080157091736837e+00
4.155080157091736837e+00
4.155080157091736837e+00
4.155080157091736837e+00
4.118419174126217719e+00
4.012410196000773865e+00
4.012410196000773865e+00
4.012410196000773865e+00
4.012410196000773865e+00
4.012410196000773865e+00
4.012410196000773865e+00
4.012410196000773865e+00
4.003164700192261449e+00
4.003164700192261449e+00
4.003164700192261449e+00
4.003164700192261449e+00
4.003164700192261449e+00
4.000234684640278537e+00
4.000234684640278537e+00
4.000234684640278537e+00
4.000234684640278537e+00
4.000234684640278537e+00
3.967831969601069098e+00
3.967831969601069098e+00
3.967831969601069098e+00
3.967831969601069098e+00
3.967831969601069098e+00
3.967831969601069098e+00
3.932232218604674312e+00
3.926718206239184106e+00
3.926718206239184106e+00
3.926718206239184106e+00
3.918067556911149385e+00
3.918067556911149385e+00
3.918067556911149385e+00
3.918067556911149385e+00
3.918067556911149385e+00
3.918067556911149385e+00
3.918067556911149385e+00
3.918067556911149385e+00
3.918067556911149385e+00
3.918067556911149385e+00
3.916131571641354725e+00
3.909459914608261144e+00
3.904492125950795867e+00
3.904492125950795867e+00
3.886873508814383538e+00
3.862758295163603250e+00
3.862758295163603250e+00
3.862758295163603250e+00
3.862758295163603250e+00
3.862758295163603250e+00
3.862758295163603250e+00
3.841880309430927731e+00
3.841880309430927731e+00
3.841880309430927731e+00
3.832266220239992194e+00
3.831663230565450107e+00
3.831550521849725222e+00
3.831143032181788755e+00
3.830971244408144294e+00
3.830870709284972975e+00
3.830825118285187791e+00
3.830805133041291555e+00
3.830797089661581278e+00
3.830792383870973872e+00
3.827606646541373614e+00
3.820735015637462872e+00
3.818005978260196276e+00
3.814466361970209718e+00
3.813493087773573986e+00
3.800224091762042899e+00
3.800224091762042899e+00
3.800224091762042899e+00
3.798604183769709763e+00
3.798604183769709763e+00
3.798590937453970362e+00
3.798590937453970362e+00
3.795568851597521665e+00
3.795568851597521665e+00
3.795568851597521665e+00
3.791791059159413280e+00
3.789459183519266805e+00
3.789088948111658084e+00
3.788991253494395028e+00
3.788962813714356948e+00
3.788955285728036415e+00
3.788952152324404299e+00
3.780160036066070539e+00
3.780160036066070539e+00
3.778078570185929408e+00
3.776770414654425423e+00
3.776335710544080015e+00
3.776335710544080015e+00
3.775987576685007063e+00
3.775920303856873605e+00
3.766282555373867247e+00
3.761907485837099330e+00
3.758198071325164147e+00
3.757203486542555648e+00
3.756372001968713459e+00
3.754100248401077700e+00
3.753842394973588625e+00
3.753842394973588625e+00
3.745709433883896544e+00
3.738564920067764419e+00
3.730326376445372460e+00
3.711075894674547015e+00
3.709189369467192243e+00
3.709189369467192243e+00
3.707847208802478978e+00
3.706676782733188347e+00
3.706676782733188347e+00
3.704053428594181518e+00
3.691086653849080967e+00
3.689132098545237604e+00
3.686052056875928074e+00
3.682219094905813783e+00
3.682219094905813783e+00
3.682219094905813783e+00
3.675188135079463514e+00
3.675188135079463514e+00
3.675188135079463514e+00
3.650152164764774554e+00
3.628760687998755508e+00
3.628760687998755508e+00
3.621411837127537225e+00
3.619298559027039452e+00
3.619298559027039452e+00
3.613881235962724148e+00
3.607421872335306645e+00
3.587911800170765275e+00
3.581668778362987915e+00
3.544342332383654259e+00
3.519512263764562832e+00
3.519512263764562832e+00
3.516258315915119503e+00
3.507659408322175487e+00
3.507659408322175487e+00
3.462338844097454960e+00
3.447281439767499123e+00
3.425652838766249708e+00
3.425652838766249708e+00
3.424713662132233161e+00
3.423234695991081100e+00
3.419534075489219838e+00
3.409216562566542041e+00
3.175516920362370321e+00
3.173147309902823565e+00
