6.098412867496278267e+01
6.098412867496278267e+01
2.225838575581900969e+01
1.781707820724681568e+01
1.781707820724681568e+01
7.591616067041299765e+00
6.426828104613334425e+00
1.994513127832451715e+00
1.994513127832451715e+00
1.994513127832451715e+00
1.994513127832451715e+00
1.994513127832451715e+00
1.994513127832451715e+00
1.994513127832451715e+00
1.994513127832451715e+00
1.994513127832451715e+00
1.994513127832451715e+00
1.994513127832451715e+00
1.994513127832451715e+00
1.994513127832451715e+00
1.994513127832451715e+00
1.303670966452252999e+00
1.139968413994404628e+00
1.139968413994404628e+00
1.139968413994404628e+00
1.139968413994404628e+00
8.409866270965238311e-01
7.936079207964933380e-01
7.936079207964933380e-01
7.936079207964933380e-01
7.936079207964933380e-01
7.936079207964933380e-01
7.936079207964933380e-01
7.936079207964933380e-01
7.430702869419976153e-01
7.430702869419976153e-01
7.430702869419976153e-01
6.325137550962621757e-01
6.325137550962621757e-01
6.325137550962621757e-01
6.325137550962621757e-01
6.325137550962621757e-01
6.325137550962621757e-01
6.325137550962621757e-01
6.325137550962621757e-01
6.325137550962621757e-01
6.325137550962621757e-01
5.526294730653016352e-01
5.526294730653016352e-01
5.526294730653016352e-01
5.526294730653016352e-01
5.526294730653016352e-01
5.526294730653016352e-01
5.526294730653016352e-01
5.526294730653016352e-01
5.526294730653016352e-01
5.526294730653016352e-01
5.526294730653016352e-01
5.526294730653016352e-01
5.526294730653016352e-01
5.417624025535564547e-01
5.417624025535564547e-01
5.417624025535564547e-01
5.417624025535564547e-01
4.415803031444670013e-01
4.415803031444670013e-01
4.415803031444670013e-01
4.415803031444670013e-01
4.415803031444670013e-01
4.415803031444670013e-01
4.415803031444670013e-01
4.415803031444670013e-01
4.415803031444670013e-01
4.415803031444670013e-01
4.415803031444670013e-01
4.415803031444670013e-01
4.415803031444670013e-01
4.415803031444670013e-01
4.415803031444670013e-01
4.415803031444670013e-01
4.252828471419629608e-01
4.252828471419629608e-01
4.252828471419629608e-01
4.252828471419629608e-01
4.252828471419629608e-01
4.252828471419629608e-01
4.252828471419629608e-01
4.252828471419629608e-01
4.252828471419629608e-01
4.252828471419629608e-01
4.028337999257066704e-01
4.028337999257066704e-01
4.028337999257066704e-01
4.028337999257066704e-01
4.028337999257066704e-01
4.028337999257066704e-01
4.028337999257066704e-01
4.028337999257066704e-01
3.556702704795945968e-01
3.556702704795945968e-01
3.474084993010265188e-01
3.474084993010265188e-01
3.222065091662249525e-01
3.222065091662249525e-01
2.955861575079907211e-01
2.955861575079907211e-01
2.955861575079907211e-01
2.955861575079907211e-01
2.955861575079907211e-01
2.955861575079907211e-01
2.955861575079907211e-01
2.955861575079907211e-01
2.955861575079907211e-01
2.955861575079907211e-01
2.955861575079907211e-01
2.955861575079907211e-01
2.955861575079907211e-01
2.955861575079907211e-01
2.955861575079907211e-01
2.916120926613225417e-01
2.652262848426543695e-01
2.652262848426543695e-01
2.652262848426543695e-01
2.652262848426543695e-01
2.652262848426543695e-01
2.652262848426543695e-01
2.406565072085348478e-01
2.406565072085348478e-01
2.301339725120726265e-01
2.301339725120726265e-01
2.301339725120726265e-01
2.301339725120726265e-01
2.301339725120726265e-01
2.027570270994862311e-01
1.835024320959243727e-01
1.835024320959243727e-01
1.835024320959243727e-01
1.835024320959243727e-01
1.835024320959243727e-01
1.835024320959243727e-01
1.835024320959243727e-01
1.835024320959243727e-01
1.835024320959243727e-01
1.835024320959243727e-01
1.835024320959243727e-01
1.815542119587209013e-01
1.815542119587209013e-01
1.815542119587209013e-01
1.815542119587209013e-01
1.815542119587209013e-01
1.811227762156215615e-01
1.791857555089229892e-01
1.686394106185187258e-01
1.677790109021355391e-01
1.646376907521314437e-01
1.646376907521314437e-01
1.646376907521314437e-01
1.598240432028553426e-01
1.333508346440696046e-01
1.333508346440696046e-01
1.333508346440696046e-01
1.333508346440696046e-01
1.333508346440696046e-01
1.333508346440696046e-01
1.329976191823954712e-01
1.329976191823954712e-01
1.180004529267965341e-01
1.120582576558905030e-01
1.113539899280598933e-01
1.112342223425225041e-01
1.112156092646550964e-01
1.112124617781780900e-01
1.112121195418124819e-01
1.112121195418124819e-01
1.112121195418124819e-01
1.112119178374566253e-01
1.112118372471672945e-01
1.112117759054326305e-01
1.112117759054326305e-01
1.112117759054326305e-01
1.112117759054326305e-01
1.112117759054326305e-01
1.112117759054326305e-01
1.112117759054326305e-01
1.112117759054326305e-01
1.112117759054326305e-01
1.112117759054326305e-01
1.112117759054326305e-01
1.112117759054326305e-01
1.112117759054326305e-01
1.112117759054326305e-01
1.112117759054326305e-01
1.112117332914170642e-01
1.112116773430786021e-01
1.112116773430786021e-01
1.112116773430786021e-01
1.112116773430786021e-01
1.112116773430786021e-01
1.112116773430786021e-01
1.112116773430786021e-01
