7.844462204634891123e+01
1.556709353497479142e+01
1.556709353497479142e+01
1.464272744866679687e+01
1.464272744866679687e+01
1.464272744866679687e+01
1.361932640007238682e+01
1.150415017646584737e+01
7.493452031978194761e+00
7.493452031978194761e+00
7.493452031978194761e+00
7.493452031978194761e+00
7.493452031978194761e+00
7.493452031978194761e+00
5.964182121338319931e+00
5.964182121338319931e+00
5.964182121338319931e+00
5.964182121338319931e+00
4.760091281573116895e+00
4.760091281573116895e+00
4.760091281573116895e+00
4.760091281573116895e+00
4.760091281573116895e+00
4.739127285610575058e+00
4.739127285610575058e+00
4.739127285610575058e+00
4.006838557826557512e+00
4.006838557826557512e+00
4.006838557826557512e+00
4.006838557826557512e+00
4.006838557826557512e+00
4.006838557826557512e+00
4.006838557826557512e+00
4.006838557826557512e+00
4.006838557826557512e+00
4.006838557826557512e+00
3.728600632325142605e+00
3.728600632325142605e+00
3.139769424614964777e+00
2.947918697727328841e+00
2.947918697727328841e+00
2.947918697727328841e+00
2.947918697727328841e+00
2.947918697727328841e+00
2.947918697727328841e+00
2.947918697727328841e+00
2.947918697727328841e+00
2.947918697727328841e+00
2.947918697727328841e+00
2.947918697727328841e+00
2.947918697727328841e+00
2.947918697727328841e+00
2.947918697727328841e+00
2.947918697727328841e+00
2.947918697727328841e+00
2.947918697727328841e+00
2.947918697727328841e+00
2.947918697727328841e+00
2.947918697727328841e+00
2.947918697727328841e+00
2.947918697727328841e+00
2.947918697727328841e+00
2.947918697727328841e+00
2.947918697727328841e+00
2.947918697727328841e+00
2.947918697727328841e+00
2.897765513954503991e+00
2.897765513954503991e+00
2.782048639208004825e+00
2.782048639208004825e+00
2.630037135220893774e+00
2.630037135220893774e+00
2.630037135220893774e+00
2.630037135220893774e+00
2.630037135220893774e+00
2.630037135220893774e+00
2.630037135220893774e+00
2.630037135220893774e+00
2.630037135220893774e+00
2.630037135220893774e+00
2.630037135220893774e+00
2.630037135220893774e+00
2.630037135220893774e+00
2.606462511445228003e+00
2.606462511445228003e+00
2.568458320404135353e+00
2.568458320404135353e+00
2.568458320404135353e+00
2.568458320404135353e+00
2.568458320404135353e+00
2.568458320404135353e+00
2.568458320404135353e+00
2.568458320404135353e+00
2.568458320404135353e+00
2.568458320404135353e+00
2.568458320404135353e+00
2.568458320404135353e+00
2.568458320404135353e+00
2.568458320404135353e+00
2.568458320404135353e+00
2.568458320404135353e+00
2.568458320404135353e+00
2.568458320404135353e+00
2.545851931670493951e+00
2.545851931670493951e+00
2.545851931670493951e+00
2.545851931670493951e+00
2.545851931670493951e+00
2.545851931670493951e+00
2.545851931670493951e+00
2.545851931670493951e+00
2.545851931670493951e+00
2.545851931670493951e+00
2.545851931670493951e+00
2.545851931670493951e+00
2.545851931670493951e+00
2.545851931670493951e+00
2.545851931670493951e+00
2.545851931670493951e+00
2.545851931670493951e+00
2.545851931670493951e+00
2.545851931670493951e+00
2.545851931670493951e+00
2.545851931670493951e+00
2.545851931670493951e+00
2.545851931670493951e+00
2.545851931670493951e+00
2.545851931670493951e+00
2.545851931670493951e+00
2.545851931670493951e+00
2.545851931670493951e+00
2.545851931670493951e+00
2.545851931670493951e+00
2.545851931670493951e+00
2.545851931670493951e+00
2.545851931670493951e+00
2.545793319641568964e+00
2.545196709340450170e+00
2.545111613720687060e+00
2.545111613720687060e+00
2.501927804173396996e+00
2.501927804173396996e+00
2.501927804173396996e+00
2.499497000406320613e+00
2.499497000406320613e+00
2.499497000406320613e+00
2.499497000406320613e+00
2.499497000406320613e+00
2.499497000406320613e+00
2.499497000406320613e+00
2.499497000406320613e+00
2.499497000406320613e+00
2.499497000406320613e+00
2.499497000406320613e+00
2.499335105342914254e+00
2.499335105342914254e+00
2.499335105342914254e+00
2.498442927065436248e+00
2.498209498105023574e+00
2.498164382653038640e+00
2.496304876649686033e+00
2.496304876649686033e+00
2.471444419031119111e+00
2.471444419031119111e+00
2.471444419031119111e+00
2.471444419031119111e+00
2.471444419031119111e+00
2.471444419031119111e+00
2.466707805231553863e+00
2.466707805231553863e+00
2.466707805231553863e+00
2.466707805231553863e+00
2.466707805231553863e+00
2.459471095398351626e+00
2.455352402100059894e+00
2.455247552302077807e+00
2.454933752599662622e+00
2.454933752599662622e+00
2.454933752599662622e+00
2.454933752599662622e+00
2.454032491266457061e+00
2.453440625535672659e+00
2.453277345553163347e+00
2.452974988221912067e+00
2.452866286404467022e+00
2.450935952101445103e+00
2.450935952101445103e+00
2.441890887727056203e+00
2.441466130815791225e+00
2.441433519020328902e+00
2.441431850081237531e+00
2.429823480800227031e+00
2.427371427672758486e+00
2.427371427672758486e+00
2.427371427672758486e+00
2.421931445382668802e+00
2.421931445382668802e+00
2.421931445382668802e+00
2.421931445382668802e+00
2.421497962725890574e+00
