4.121815309361958946e+00
4.121815309361958946e+00
4.121815309361958946e+00
4.121815309361958946e+00
3.342664327733459562e+00
1.434015305577700294e+00
1.434015305577700294e+00
1.434015305577700294e+00
1.434015305577700294e+00
1.420046681866412586e+00
1.164575076582915703e+00
1.164575076582915703e+00
1.164575076582915703e+00
1.164575076582915703e+00
8.419012579746528724e-01
8.419012579746528724e-01
8.419012579746528724e-01
5.783897583601675940e-01
5.783897583601675940e-01
5.783897583601675940e-01
5.783897583601675940e-01
5.783897583601675940e-01
5.783897583601675940e-01
5.783897583601675940e-01
5.783897583601675940e-01
5.783897583601675940e-01
5.783897583601675940e-01
5.783897583601675940e-01
5.783897583601675940e-01
5.783897583601675940e-01
5.783897583601675940e-01
5.783897583601675940e-01
5.783897583601675940e-01
5.783897583601675940e-01
5.783897583601675940e-01
5.783897583601675940e-01
5.783897583601675940e-01
5.783897583601675940e-01
5.783897583601675940e-01
5.783897583601675940e-01
5.783897583601675940e-01
5.783897583601675940e-01
5.783897583601675940e-01
5.783897583601675940e-01
5.783897583601675940e-01
5.717685238040398632e-01
5.717685238040398632e-01
5.717685238040398632e-01
5.717685238040398632e-01
5.717685238040398632e-01
5.717685238040398632e-01
5.717685238040398632e-01
5.717685238040398632e-01
5.717685238040398632e-01
5.717685238040398632e-01
5.717685238040398632e-01
5.717685238040398632e-01
5.717685238040398632e-01
5.717685238040398632e-01
5.717685238040398632e-01
5.717685238040398632e-01
5.717685238040398632e-01
5.717685238040398632e-01
5.717685238040398632e-01
5.717685238040398632e-01
5.717685238040398632e-01
5.717685238040398632e-01
5.717685238040398632e-01
5.717685238040398632e-01
5.717685238040398632e-01
5.717685238040398632e-01
5.717685238040398632e-01
5.422386926547854147e-01
4.791507540961767453e-01
4.791507540961767453e-01
4.791507540961767453e-01
4.791507540961767453e-01
4.791507540961767453e-01
4.791507540961767453e-01
4.791507540961767453e-01
4.524922428448767131e-01
4.524922428448767131e-01
4.524922428448767131e-01
4.524922428448767131e-01
4.524922428448767131e-01
4.524922428448767131e-01
4.524922428448767131e-01
4.447961719088688315e-01
4.447961719088688315e-01
4.447961719088688315e-01
4.447961719088688315e-01
4.447961719088688315e-01
4.447961719088688315e-01
4.447961719088688315e-01
4.447961719088688315e-01
4.447961719088688315e-01
4.447961719088688315e-01
4.447961719088688315e-01
4.447961719088688315e-01
4.447961719088688315e-01
4.447961719088688315e-01
4.447961719088688315e-01
4.447961719088688315e-01
4.447961719088688315e-01
4.447961719088688315e-01
4.447961719088688315e-01
4.447961719088688315e-01
4.447961719088688315e-01
4.447961719088688315e-01
3.896795896071257870e-01
3.896795896071257870e-01
3.658412485283692450e-01
3.658412485283692450e-01
3.310469528947103668e-01
3.310469528947103668e-01
3.310469528947103668e-01
3.310469528947103668e-01
3.310469528947103668e-01
3.310469528947103668e-01
3.310469528947103668e-01
3.310469528947103668e-01
3.310469528947103668e-01
3.226387342784540202e-01
3.226387342784540202e-01
2.928367166122836096e-01
2.928367166122836096e-01
2.876408894607180855e-01
2.876408894607180855e-01
2.876408894607180855e-01
2.871796219701360231e-01
2.871796219701360231e-01
2.871796219701360231e-01
2.867444395130501200e-01
2.867444395130501200e-01
2.863707335774684504e-01
2.858689208754395805e-01
2.857525494679314937e-01
2.857525494679314937e-01
2.857525494679314937e-01
2.857369914839171243e-01
2.857369914839171243e-01
2.857350316669545753e-01
2.857350316669545753e-01
2.857309354944619906e-01
2.857309354944619906e-01
2.857309354944619906e-01
2.839386301173834060e-01
2.786551844613783802e-01
2.772322091055863247e-01
2.731819492521773141e-01
2.709651572955652510e-01
2.708905578423759786e-01
2.630469503784153007e-01
2.602349966108136181e-01
2.602349966108136181e-01
2.602349966108136181e-01
2.601887346983776661e-01
2.601887346983776661e-01
2.601887346983776661e-01
2.601887346983776661e-01
2.601887346983776661e-01
2.597835920315378355e-01
2.476738204651749431e-01
2.464372628332402726e-01
2.417432650736517363e-01
2.417432650736517363e-01
2.414412605056726613e-01
2.413996345174962699e-01
2.413808590675839139e-01
2.400951700252336729e-01
2.400951700252336729e-01
2.396446608365365438e-01
2.367000075341209597e-01
2.367000075341209597e-01
2.344093051723573906e-01
2.343676491546809459e-01
2.343320698923554712e-01
2.337275288310845522e-01
2.334987420011879200e-01
2.334416906386538870e-01
2.312670638843438431e-01
2.305917444269978134e-01
2.305917444269978134e-01
2.305917444269978134e-01
2.305917444269978134e-01
2.305917444269978134e-01
2.305917444269978134e-01
2.305917444269978134e-01
2.305917444269978134e-01
2.305917444269978134e-01
2.305917444269978134e-01
2.305917444269978134e-01
2.305917444269978134e-01
2.305917444269978134e-01
2.305917444269978134e-01
2.305101488728621695e-01
2.305095333779190181e-01
2.305094865855277786e-01
2.305093405815703544e-01
2.305093405815703544e-01
