8.703066987690920087e+01
8.703066987690920087e+01
3.095859345616820235e+01
3.095859345616820235e+01
2.677896730058256480e+01
2.161113946943655861e+01
1.399259355289522233e+01
1.064478119998491046e+01
7.519746364164131336e+00
3.461881871298580826e+00
3.461881871298580826e+00
1.960628005063428603e+00
1.960628005063428603e+00
1.799487553885939617e+00
1.415090169855590663e+00
9.497214266615219280e-01
9.497214266615219280e-01
9.497214266615219280e-01
9.497214266615219280e-01
9.497214266615219280e-01
9.497214266615219280e-01
9.497214266615219280e-01
9.497214266615219280e-01
9.497214266615219280e-01
9.497214266615219280e-01
9.497214266615219280e-01
9.497214266615219280e-01
9.497214266615219280e-01
9.497214266615219280e-01
9.497214266615219280e-01
9.497214266615219280e-01
9.497214266615219280e-01
9.497214266615219280e-01
9.009152693453780225e-01
7.513163912746538831e-01
7.513163912746538831e-01
7.513163912746538831e-01
6.217711477042722201e-01
6.217711477042722201e-01
5.742409298704187481e-01
5.742409298704187481e-01
5.742409298704187481e-01
5.742409298704187481e-01
5.742409298704187481e-01
5.742409298704187481e-01
4.047898425211873819e-01
4.047898425211873819e-01
4.047898425211873819e-01
4.047898425211873819e-01
4.047898425211873819e-01
4.047898425211873819e-01
4.047898425211873819e-01
4.047898425211873819e-01
4.047898425211873819e-01
4.047898425211873819e-01
3.675306958516368905e-01
3.675306958516368905e-01
3.675306958516368905e-01
3.675306958516368905e-01
3.675306958516368905e-01
3.675306958516368905e-01
3.675306958516368905e-01
3.314693693577944189e-01
2.665066375727439540e-01
2.665066375727439540e-01
2.665066375727439540e-01
2.665066375727439540e-01
2.665066375727439540e-01
2.665066375727439540e-01
2.665066375727439540e-01
2.665066375727439540e-01
2.665066375727439540e-01
2.665066375727439540e-01
2.665066375727439540e-01
2.665066375727439540e-01
2.665066375727439540e-01
2.665066375727439540e-01
2.449243674154925055e-01
2.449243674154925055e-01
2.449243674154925055e-01
2.449243674154925055e-01
2.449243674154925055e-01
2.449243674154925055e-01
1.762139971484468493e-01
1.762139971484468493e-01
1.762139971484468493e-01
1.762139971484468493e-01
1.762139971484468493e-01
1.762139971484468493e-01
1.762139971484468493e-01
1.762139971484468493e-01
1.762139971484468493e-01
1.762139971484468493e-01
1.762139971484468493e-01
1.762139971484468493e-01
1.496224258839223831e-01
1.355782518375280854e-01
1.355782518375280854e-01
1.355782518375280854e-01
1.355782518375280854e-01
1.355782518375280854e-01
1.355782518375280854e-01
1.355782518375280854e-01
1.355782518375280854e-01
1.355782518375280854e-01
1.355782518375280854e-01
1.355782518375280854e-01
1.355782518375280854e-01
1.355782518375280854e-01
1.355782518375280854e-01
1.355782518375280854e-01
1.355782518375280854e-01
1.355782518375280854e-01
1.355782518375280854e-01
1.355782518375280854e-01
1.355782518375280854e-01
1.355782518375280854e-01
1.355782518375280854e-01
1.349638676187935593e-01
1.343281834022162780e-01
1.341347588108140754e-01
1.340675022337171063e-01
1.340431986569473322e-01
1.340336584817525267e-01
1.340302149293642886e-01
1.340285407330630008e-01
1.340283253882339487e-01
1.340280740930363534e-01
1.340279675736371356e-01
1.340279076838288563e-01
1.340276445606724265e-01
1.340271571105612625e-01
1.340271571105612625e-01
1.340271571105612625e-01
1.340271571105612625e-01
1.340271571105612625e-01
1.340271571105612625e-01
1.340271571105612625e-01
1.340271571105612625e-01
1.340271571105612625e-01
1.340271571105612625e-01
1.340271571105612625e-01
1.340271571105612625e-01
1.340271571105612625e-01
1.340271571105612625e-01
1.340271571105612625e-01
1.340271571105612625e-01
1.340271571105612625e-01
1.340271571105612625e-01
1.340271571105612625e-01
1.340271571105612625e-01
1.340271571105612625e-01
1.340271571105612625e-01
1.340271571105612625e-01
1.340271571105612625e-01
1.340271571105612625e-01
1.340271571105612625e-01
1.340271571105612625e-01
1.340271571105612625e-01
1.340271571105612625e-01
1.340271571105612625e-01
1.340271571105612625e-01
1.113243076599987613e-01
1.113243076599987613e-01
1.079102553373061657e-01
1.079102553373061657e-01
1.079102553373061657e-01
1.079102553373061657e-01
1.079102553373061657e-01
1.034557324194934347e-01
1.034557324194934347e-01
1.034557324194934347e-01
9.338211862216373726e-02
9.206721794086500377e-02
9.189827356231258793e-02
9.187584699668439880e-02
9.187373940713143561e-02
9.187334074716957399e-02
9.187253468981432247e-02
9.187253468981432247e-02
9.187253468981432247e-02
9.187253468981432247e-02
9.187253468981432247e-02
9.187253468981432247e-02
9.187253468981432247e-02
9.187193598602352851e-02
9.187193598602352851e-02
9.187193598602352851e-02
9.187193598602352851e-02
9.187193598602352851e-02
9.187193598602352851e-02
9.187193598602352851e-02
9.187193598602352851e-02
9.187193598602352851e-02
9.187193598602352851e-02
9.187193598602352851e-02
9.187193598602352851e-02
9.187193598602352851e-02
9.187193598602352851e-02
9.187193598602352851e-02
