5.127007513568575092e+01
4.052007520624394488e+01
3.077661854367131156e+01
2.815152985926001605e+01
2.275861804336651772e+01
2.275861804336651772e+01
2.058181350453329372e+01
1.239737695122282624e+01
8.575292037051204019e+00
6.422453658595664194e+00
6.422453658595664194e+00
6.422453658595664194e+00
6.422453658595664194e+00
4.582311593040199860e+00
1.362030581151794761e+00
1.362030581151794761e+00
1.362030581151794761e+00
1.362030581151794761e+00
1.289565438434978173e+00
1.289565438434978173e+00
1.289565438434978173e+00
1.289565438434978173e+00
8.559848567077867898e-01
8.559848567077867898e-01
6.538370142731545487e-01
6.538370142731545487e-01
6.538370142731545487e-01
6.538370142731545487e-01
6.538370142731545487e-01
6.538370142731545487e-01
6.235507993355997591e-01
5.290734499169752469e-01
5.290734499169752469e-01
5.290734499169752469e-01
5.290734499169752469e-01
5.290734499169752469e-01
5.290734499169752469e-01
5.101886787159164438e-01
5.101886787159164438e-01
5.101886787159164438e-01
5.101886787159164438e-01
5.101886787159164438e-01
5.101886787159164438e-01
4.784569601166779873e-01
4.784569601166779873e-01
4.784569601166779873e-01
4.665313569877631572e-01
4.234392773426685630e-01
4.234392773426685630e-01
4.234392773426685630e-01
4.234392773426685630e-01
4.234392773426685630e-01
4.234392773426685630e-01
2.897456217465922967e-01
2.897456217465922967e-01
2.897456217465922967e-01
2.897456217465922967e-01
2.897456217465922967e-01
2.897456217465922967e-01
2.897456217465922967e-01
2.897456217465922967e-01
2.897456217465922967e-01
2.897456217465922967e-01
2.897456217465922967e-01
2.897456217465922967e-01
2.897456217465922967e-01
2.784970258202134064e-01
2.784970258202134064e-01
2.784970258202134064e-01
2.784970258202134064e-01
2.784970258202134064e-01
2.784970258202134064e-01
2.784970258202134064e-01
2.784970258202134064e-01
2.784970258202134064e-01
2.784970258202134064e-01
2.784970258202134064e-01
2.784970258202134064e-01
2.564651473277922422e-01
2.564651473277922422e-01
2.421248341818036109e-01
2.421248341818036109e-01
2.421248341818036109e-01
2.421248341818036109e-01
2.421248341818036109e-01
2.291843654778668027e-01
2.291843654778668027e-01
2.291843654778668027e-01
2.291843654778668027e-01
2.291843654778668027e-01
2.291843654778668027e-01
2.290443596221699296e-01
2.290443596221699296e-01
2.290443596221699296e-01
2.290443596221699296e-01
2.290443596221699296e-01
2.290443596221699296e-01
2.290443596221699296e-01
2.288572937243739114e-01
2.284380208202878570e-01
2.282621510877408111e-01
2.281822982858615623e-01
2.281452018670419857e-01
2.281272869900052014e-01
2.281185487978267534e-01
2.281147305896526478e-01
2.281129191460421202e-01
2.281119666448003236e-01
2.281115184946983510e-01
2.281113059482815231e-01
2.281113059482815231e-01
2.281113059482815231e-01
2.281113059482815231e-01
2.281109300063661194e-01
2.281109300063661194e-01
2.281109300063661194e-01
2.281109300063661194e-01
2.281109300063661194e-01
2.281109300063661194e-01
2.281109300063661194e-01
2.281109300063661194e-01
2.281109300063661194e-01
2.281109300063661194e-01
2.281109300063661194e-01
2.281109300063661194e-01
2.281109300063661194e-01
2.281109300063661194e-01
2.281109300063661194e-01
2.281109300063661194e-01
2.281109300063661194e-01
2.281109300063661194e-01
2.281109300063661194e-01
2.281109300063661194e-01
2.281109300063661194e-01
2.281109300063661194e-01
2.281109300063661194e-01
2.281109300063661194e-01
2.191129099486603948e-01
2.191129099486603948e-01
2.191129099486603948e-01
2.191129099486603948e-01
2.191129099486603948e-01
2.191129099486603948e-01
2.191129099486603948e-01
2.191129099486603948e-01
2.191129099486603948e-01
2.191129099486603948e-01
2.191129099486603948e-01
2.191129099486603948e-01
2.163740645393513462e-01
2.159682569284895604e-01
2.159025791630612701e-01
2.158887562618872213e-01
2.158854578681821401e-01
2.158847245441070373e-01
2.158847245441070373e-01
2.158845686568819922e-01
2.158845686568819922e-01
2.158845686568819922e-01
2.158844962090976372e-01
2.158843516898607540e-01
2.158843034195481736e-01
2.158842947968384329e-01
2.158842947968384329e-01
2.158842069381359807e-01
2.158842069381359807e-01
2.158842069381359807e-01
2.158842069381359807e-01
2.158842069381359807e-01
2.158842069381359807e-01
2.158842069381359807e-01
2.158842069381359807e-01
2.158842069381359807e-01
2.158842069381359807e-01
2.158842069381359807e-01
2.158842069381359807e-01
2.158842069381359807e-01
2.158842069381359807e-01
2.158842069381359807e-01
2.158842069381359807e-01
2.158842069381359807e-01
2.158842069381359807e-01
2.158842069381359807e-01
2.158842069381359807e-01
2.158842069381359807e-01
2.158842069381359807e-01
2.158842069381359807e-01
2.158842069381359807e-01
2.158842069381359807e-01
2.158841628328833084e-01
2.158841628328833084e-01
2.158841628328833084e-01
2.158841628328833084e-01
2.158841628328833084e-01
2.158841628328833084e-01
2.158841628328833084e-01
2.093044766968568948e-01
2.093044766968568948e-01
2.093044766968568948e-01
2.093044766968568948e-01
