4.058137081465689278e+01
3.289047105683510352e+01
2.192552903413356091e+01
1.759339126517453877e+01
1.489931268162817979e+01
1.390375089025231858e+01
5.348685771240014653e+00
5.348685771240014653e+00
5.348685771240014653e+00
5.348685771240014653e+00
5.348685771240014653e+00
5.348685771240014653e+00
4.466514261170065225e+00
4.466514261170065225e+00
4.466514261170065225e+00
4.466514261170065225e+00
4.466514261170065225e+00
4.466514261170065225e+00
3.050807308330286460e+00
3.050807308330286460e+00
3.050807308330286460e+00
3.050807308330286460e+00
3.050807308330286460e+00
3.050807308330286460e+00
3.050807308330286460e+00
3.050807308330286460e+00
2.778859741159202645e+00
2.778859741159202645e+00
2.778859741159202645e+00
2.778859741159202645e+00
2.778859741159202645e+00
2.778859741159202645e+00
2.778859741159202645e+00
2.778859741159202645e+00
2.778859741159202645e+00
2.778859741159202645e+00
2.778859741159202645e+00
2.563360855568221019e+00
2.307085560493160159e+00
2.307085560493160159e+00
2.307085560493160159e+00
2.307085560493160159e+00
2.283558837880832915e+00
2.191964297066642864e+00
2.191964297066642864e+00
2.191964297066642864e+00
2.191964297066642864e+00
2.191964297066642864e+00
2.191964297066642864e+00
2.191964297066642864e+00
2.191964297066642864e+00
2.191964297066642864e+00
2.191964297066642864e+00
2.191964297066642864e+00
2.191964297066642864e+00
2.191964297066642864e+00
2.191964297066642864e+00
2.191964297066642864e+00
2.191964297066642864e+00
2.191964297066642864e+00
2.191964297066642864e+00
2.191964297066642864e+00
2.191964297066642864e+00
2.191964297066642864e+00
2.191964297066642864e+00
2.191964297066642864e+00
2.191964297066642864e+00
2.191964297066642864e+00
2.191964297066642864e+00
2.166334750993210712e+00
2.166334750993210712e+00
2.166334750993210712e+00
2.166334750993210712e+00
2.166334750993210712e+00
2.166334750993210712e+00
2.138256581360999942e+00
2.090537467564455021e+00
2.090537467564455021e+00
2.070182183651366969e+00
2.070182183651366969e+00
2.033689232013718318e+00
2.033689232013718318e+00
2.033689232013718318e+00
2.033689232013718318e+00
2.033689232013718318e+00
2.033689232013718318e+00
2.033689232013718318e+00
2.033689232013718318e+00
2.033689232013718318e+00
2.005485628047894320e+00
1.938772985589082509e+00
1.833714387098882792e+00
1.683281552017490856e+00
1.683281552017490856e+00
1.683281552017490856e+00
1.683281552017490856e+00
1.622382229298564127e+00
1.622382229298564127e+00
1.622382229298564127e+00
1.622382229298564127e+00
1.622382229298564127e+00
1.622382229298564127e+00
1.622382229298564127e+00
1.622382229298564127e+00
1.528982861093108880e+00
1.528982861093108880e+00
1.528982861093108880e+00
1.516630558202538115e+00
1.516630558202538115e+00
1.516630558202538115e+00
1.516630558202538115e+00
1.516630558202538115e+00
1.516630558202538115e+00
1.516630558202538115e+00
1.516630558202538115e+00
1.511526169863232738e+00
1.505440243376084508e+00
1.483872602716871381e+00
1.476245344773527535e+00
1.476245344773527535e+00
1.476245344773527535e+00
1.476245344773527535e+00
1.476245344773527535e+00
1.446742290341775261e+00
1.446742290341775261e+00
1.446742290341775261e+00
1.446742290341775261e+00
1.446742290341775261e+00
1.446742290341775261e+00
1.446742290341775261e+00
1.446742290341775261e+00
1.442891180761425307e+00
1.429723085497065505e+00
1.426675493546659013e+00
1.357540799831699729e+00
1.357540799831699729e+00
1.357540799831699729e+00
1.357540799831699729e+00
1.357540799831699729e+00
1.357540799831699729e+00
1.357540799831699729e+00
1.357540799831699729e+00
1.342034008270744927e+00
1.342034008270744927e+00
1.335851405488740040e+00
1.335851405488740040e+00
1.287608310861467986e+00
1.280862866282898249e+00
1.279934405591345525e+00
1.279746543635607026e+00
1.262886044018158405e+00
1.262886044018158405e+00
1.262886044018158405e+00
1.262886044018158405e+00
1.254365761831563120e+00
1.244965321075288900e+00
1.243534200465742812e+00
1.219851942651430265e+00
1.219851942651430265e+00
1.219851942651430265e+00
1.219851942651430265e+00
1.219851942651430265e+00
1.219851942651430265e+00
1.219851942651430265e+00
1.219851942651430265e+00
1.219851942651430265e+00
1.219851942651430265e+00
1.219851942651430265e+00
1.219851942651430265e+00
1.217924372297047197e+00
1.216441631156926606e+00
1.216441631156926606e+00
1.201601878698825621e+00
1.189117906718555329e+00
1.189117906718555329e+00
1.183060810695589993e+00
1.183060810695589993e+00
1.180500809164755527e+00
1.172787873862611185e+00
1.168443895340963934e+00
1.166262966647349408e+00
1.166262966647349408e+00
1.166235825491794609e+00
1.166147978418428099e+00
1.166140117917670471e+00
1.166139737674791288e+00
1.166139549792890584e+00
1.165087713088838184e+00
1.164647346456841204e+00
1.164647346456841204e+00
1.164647346456841204e+00
1.164285696185434871e+00
1.154347095258315914e+00
1.154104950384090333e+00
1.154097945352468901e+00
1.154097945352468901e+00
1.154097945352468901e+00
1.154097542575685642e+00
1.148620918318131512e+00
1.146721972698316883e+00
