-5.942561578670060740e+00
-1.898146405473580822e+00
-5.326364446023188925e+00
-7.569731111467128848e+00
-1.932714358539573629e+00
-1.256889465143025797e+00
-6.162700295290477470e+00
-2.314359069373367994e+00
1.127888361383190929e+00
-7.396358790251863269e+00
-1.619818092790731523e+00
-5.618228823161076413e+00
-2.229992546183258373e+00
0.000000000000000000e+00
-2.724779074010700963e+00
-1.595966395998580145e+00
-2.717924448539855931e+00
-5.794087315208398259e+00
-1.125636672741787914e+00
-9.040409989389026624e-01
-7.089995589730964554e+00
-2.141896596080941961e+00
-8.253088042948171221e+00
-2.885145473439974850e+00
-1.236259990483456583e+00
-5.939173176862566628e+00
-3.237780267541682466e+00
-5.712050481027667104e+00
-4.102351122919415616e+00
-5.609318077466096675e+00
-1.932226658101980021e+00
-2.000000000000000000e+00
-6.833159119644459878e+00
-3.158916467649299786e+00
-8.336272691684467606e-01
-6.404972959811033206e+00
-1.619443531207940712e+00
2.757822732660762388e-01
-6.377955338274653663e+00
-1.662941669168302106e+00
1.390251785289534636e+00
-7.218418300721635816e+00
-3.373186759623157283e+00
7.594044297420924350e-01
-1.429192802924665884e+00
-5.000000000000000000e+00
-6.717796226991080033e+00
-1.396262902427086727e+00
5.109768325491190200e-03
-5.337450716264765305e+00
-3.444618376869985177e+00
9.954054239977878638e-01
-6.237429059049704350e+00
-2.349119142936390237e+00
-7.830086776518019320e-01
-8.582064048279690383e+00
-2.275068024462621796e+00
-5.637136845624330928e-01
-7.423638106917962887e+00
-2.585006845240802154e+00
3.284518737307947633e-01
-4.640310405873129262e+00
-2.267150586944769231e+00
-7.553808529492677337e+00
-3.141668653690607105e+00
-5.526512249558018119e+00
-2.826798068670226538e+00
-7.934739013385858186e+00
-2.672196975988092582e+00
-6.914426748695811753e+00
-1.973029475110152697e+00
-6.174454717437115825e+00
6.713426798176953536e-01
-5.389628989764215561e+00
-3.299472880114856732e+00
-6.901711416710664793e+00
-3.750971460176892869e+00
-5.146078809034298374e+00
-1.503394109974292903e+00
-6.001853743417076004e+00
-1.379236026796057502e+00
-3.741646189797387390e+00
-1.114416898094721997e+00
-4.907896475831464045e+00
-3.647124912900975069e+00
-4.010705731098290983e+00
-2.634846644076176858e+00
-3.700542507357755362e+00
-4.231959626639569372e+00
-4.841253218455103813e+00
-4.674974095826751608e+00
-3.090131783505336127e+00
-4.069294054681525274e+00
-2.544068022635552317e+00
-2.313678230043351824e+00
1.210232417298680918e+00
-3.552057342708874632e+00
-3.767467662117740534e+00
8.641112206091587922e-01
-5.233362911908981729e+00
-2.808816357926022800e+00
2.120519787852115812e+00
-6.543936953472418772e+00
-3.756118889814628048e+00
-1.000000000000000000e+00
