-5.511652610562479460e+00
-3.157598005581633061e+00
-6.013495490160591928e+00
-6.100911285372055737e+00
-4.123354240279228478e+00
-1.516635130416445820e+00
-6.792644643063707299e+00
-3.652818530511566131e+00
1.178378203398817270e+00
-4.118947155612692868e+00
-1.992370720252021554e+00
-5.832293155053648093e+00
-5.000000000000000000e+00
0.000000000000000000e+00
-2.792487292646943953e+00
-9.364486555608907414e-01
-6.477904539722799671e-01
-6.216807127595673776e+00
-3.759865926329276409e+00
1.065514398058408974e+00
-8.546103521469332165e+00
-4.580821217421758185e+00
-8.990469049804341140e+00
-3.657843550816602285e+00
1.219193376105496940e+00
-5.853834040209934031e+00
-3.048339301549481739e+00
-4.137214117821182313e+00
-2.099125504510287676e+00
-6.226904751219596079e+00
-1.000000000000000000e+00
-8.895337014140499710e-01
-7.672794640694416302e+00
-3.144715788805649392e+00
-3.000000000000000000e+00
-8.000000000000000000e+00
-1.869573457528039162e+00
-7.601364311169701571e-01
-4.920182957096910670e+00
-2.035616353877962581e+00
-7.898888161432615629e-01
-8.479390444593320808e+00
-3.194857983395829937e+00
-6.175844298545758448e-01
-2.115092746454626305e+00
-3.955240598274665675e+00
-6.173221101625292029e+00
-1.727149541144724854e+00
4.662622740522891496e-01
-8.470242256671639325e+00
-1.260005752372254761e+00
-1.633091827872620749e+00
-5.000000000000000000e+00
-1.464586596022525056e+00
-4.485184209987737314e-02
-5.000000000000000000e+00
-1.740644600037090539e+00
-8.147172703262806071e-02
-5.221005172341713241e+00
-2.536409407391190918e+00
-1.706636730198168861e+00
-8.000000000000000000e+00
-1.409064152960785243e+00
-5.582369045162978161e+00
-1.543765992329170889e+00
-6.624323124552772057e+00
-2.551295769934467828e+00
-4.137270206843890463e+00
-3.683084802472215147e-01
-7.475359996397334506e+00
-2.618670067963167813e+00
-4.877351329017845849e+00
-1.100888882453315176e+00
-7.468300984237919771e+00
-2.950272675605927652e+00
-8.000000000000000000e+00
-3.215487349534126960e+00
-6.726322393682625744e+00
-1.546391287887517230e+00
-5.566968752199121795e+00
2.787536009528290837e-01
-2.874769669654908544e+00
-2.517071710301193921e+00
-2.259096297555824862e+00
-3.363330906664733888e+00
-4.750848642868049865e+00
-2.054148852121397084e+00
-5.690196149515636570e+00
-1.970092840953362456e+00
-2.891745771554347311e+00
-3.481306112347951398e+00
-4.074633561828523654e+00
-4.313623446138267425e+00
-3.769300332437223844e+00
-1.968259520559906273e+00
1.478648071549778953e+00
-2.876786634760071237e+00
-3.670760494323138001e+00
-1.165334379543127158e-01
-4.977487056229620066e+00
-2.549944129059132258e+00
2.932249101726385643e+00
-4.102063173908240046e+00
-2.229121500760524288e+00
6.846089026494287522e-01
