-6.142360582062244667e+00
-1.000000000000000000e+00
-5.121429198111697723e+00
-6.579561401521797137e+00
-3.338445436889547757e+00
2.000000000000000000e+00
-5.568198157381353042e+00
-4.689406485618978770e+00
-1.159350368279179339e-01
-5.173769735222754740e+00
-2.867055904542923361e+00
-7.129846591007377832e+00
-4.190187588411252051e+00
-3.501984996101044356e-02
-2.667864624694616271e+00
-2.058943099038215596e+00
-6.365980159675216354e-01
-5.830717472665583934e+00
-3.488085704858591818e+00
-6.550935525245477065e-01
-7.331650359901075831e+00
-1.793647095101647215e+00
-8.472040148950535254e+00
-1.584251194007139540e+00
3.872841840626197185e-01
-7.698970004336018746e+00
-3.496239133158915990e+00
-4.006797027513346876e+00
-2.736673462641348475e+00
-7.626386368658608639e+00
-1.459258489001608705e+00
2.000000000000000000e+00
-5.500650805881630134e+00
-3.286243107278017828e+00
1.000000000000000000e+00
-4.602113954260225626e+00
-1.770724740759138438e+00
3.949317505705955411e-01
-5.709789829109514159e+00
-2.842762566438140404e+00
-9.938087599966565211e-01
-6.010601603798208181e+00
-1.000000000000000000e+00
-1.353578026581949256e+00
-2.392955301266158852e+00
-3.452487640116038925e+00
-7.257339872230618383e+00
-4.531029155359085792e+00
-1.028505804248691424e+00
-5.727259597151347137e+00
-4.614731183309863205e+00
-7.298756215759928390e-01
-7.005471182693942644e+00
-2.981223670765045686e+00
1.479694953022345771e+00
-8.999928594878680244e+00
-5.000000000000000000e+00
2.987049863404361155e-02
-7.627259105229418523e+00
-4.046215308494732987e+00
-5.801268149921705586e-01
-5.875468132349363160e+00
-8.040917096723738666e-01
-7.027167747021765720e+00
-2.636188795257178974e+00
-6.996151121205272716e+00
-2.907245684766710081e+00
-4.496521931598761235e+00
-4.000000000000000000e+00
-7.558867482378714975e+00
-1.779309612099580384e+00
-5.652462227456144461e+00
-6.189449510554946299e-01
-7.173920482092993822e+00
-1.883578893869640947e+00
-8.000000000000000000e+00
-1.940210769723802686e+00
-6.003970882145336141e+00
-3.347291217463310153e-01
-5.123792763339953815e+00
-6.103552960242829561e-01
-2.730778900840113099e+00
-3.042477780724197611e+00
-2.974874132269019977e+00
-3.326246039046268699e+00
-2.373803289304583064e+00
-1.000000000000000000e+00
-1.690196149515636570e+00
-3.576390750826198506e+00
-3.203995330610078796e+00
-1.000000000000000000e+00
-4.262878078594157572e+00
-2.838698782224138739e+00
-2.544068022635552317e+00
-4.429819701911581475e+00
-6.324414968495602196e-02
-4.719986085032044976e+00
-1.644659697278061161e+00
3.318505426148752463e-02
-3.244249963504200363e+00
-3.101636371873428111e+00
1.968113546827226834e+00
-4.216359208218875665e+00
-1.820234319589653094e+00
-8.338035517602973012e-01
