-6.459915686806112944e+00
-4.375992903265872869e+00
-5.194579236738515959e+00
-5.992107316083859381e+00
-2.743120584568879750e+00
-8.251180844820857341e-02
-7.096310670862212788e+00
-3.196486667114966096e+00
-1.024702890172260045e-01
-5.865517445258022988e+00
-1.000000000000000000e+00
-4.000000000000000000e+00
-3.778981968908088795e+00
-8.082783434842201187e-01
-3.594841126223425665e+00
-2.626890155670495552e+00
-1.990356643869422459e+00
-6.457984776203097965e+00
-2.644619793972644128e+00
1.941206535948234724e-01
-6.846174501266132140e+00
-3.927044309832475211e+00
-8.597811854855844871e+00
-2.975773149553405883e+00
-2.000000000000000000e+00
-7.698970004336018746e+00
-1.000000000000000000e+00
-5.079313155662793733e+00
-4.124800823252459558e+00
-9.000000000000000000e+00
-5.000000000000000000e+00
-1.334806964525048489e-01
-7.698970004336018746e+00
-2.794115310385156814e+00
-6.663499250605632307e-01
-6.456038478892075716e+00
-8.345113018458404364e-01
-2.525340246779619879e-01
-4.496540845197422698e+00
-2.633881134513778921e+00
1.618543951157252359e+00
-7.597011708894895854e+00
-1.000000000000000000e+00
1.339540455929986829e+00
1.000000000000000000e+00
-2.577792557284984021e+00
-5.186464881700519669e+00
-1.197649694890130512e+00
2.000000000000000000e+00
-5.822962481022859293e+00
-5.000000000000000000e+00
1.486228572880262666e+00
-7.414636877599131815e+00
-4.987175659091536595e+00
2.000000000000000000e+00
-7.487829518095763248e+00
-1.776172192006772788e+00
1.775356907327549028e+00
-9.000000000000000000e+00
-1.000000000000000000e+00
-1.996494794722611266e+00
-8.000000000000000000e+00
-2.404866700366222521e+00
-8.000000000000000000e+00
-1.114366002865194494e+00
-8.000000000000000000e+00
-5.010323750061331793e-01
-5.149910392976211782e+00
-2.062240653198950113e+00
-6.684363021346909406e+00
-4.000000000000000000e+00
-6.567595231918746279e+00
-1.231742656226581856e+00
-5.783735497159293359e+00
-4.188516076250033970e-01
-4.886695102095543142e+00
-2.831978841213839360e+00
-4.819286217058001753e+00
-3.221038496829459863e+00
-5.463373042019686210e+00
-1.503256645772150346e+00
-1.690196149515636570e+00
-5.000000000000000000e+00
-3.688761734243117818e+00
-1.157471846128329762e+00
-4.932668434068695262e+00
-4.491530591331382993e+00
-4.616366449721640564e+00
-3.377891294323782212e+00
-3.455406053575843739e+00
-3.966733634155138244e+00
-2.548187588194229747e+00
-1.868626730089594457e+00
-4.922341474104542591e+00
-1.482020488139314640e+00
3.000000000000000000e+00
-6.543378786945678982e+00
-1.000000000000000000e+00
4.195770435906198692e-01
-3.199781431069290250e+00
-2.258163109275355129e+00
-3.449816606832378785e-01
-4.210621952576346416e+00
-3.170871198120403633e+00
1.671617543867843780e+00
