-5.684765113785587687e+00
-3.232445740189590744e+00
-5.459288856480066343e+00
-6.598327560503294720e+00
-2.151300384342972549e+00
-5.351375217964366993e-01
-4.979370442654960094e+00
-1.553699458837276337e+00
-1.189168972060432372e+00
-8.000000000000000000e+00
-2.644379150449426952e+00
-7.365279956058938815e+00
-4.216828839307632748e+00
-9.310041393122401310e-01
-4.000000000000000000e+00
-3.527297304032404934e+00
-1.962111838099525718e+00
-7.511619955145711458e+00
-4.112427434509575264e+00
1.420827482972226052e+00
-6.871930807562645960e+00
-3.837665521256822032e+00
-9.859879914433438586e+00
-1.436555559756570899e+00
5.423562972724397246e-01
-6.121471681147258259e+00
-3.974297367102053169e+00
-4.781357079678589805e+00
-5.000000000000000000e+00
-5.336710427036539528e+00
-1.000000000000000000e+00
5.543981061984013525e-01
-5.507115961835189033e+00
-3.253605162992557087e+00
-2.367536160381436439e+00
-5.430606159618460715e+00
-1.296768507316680363e+00
-2.083683409093542160e-01
-6.898782075156847604e+00
-2.530115620996129078e+00
1.291868273947505363e+00
-8.465218415516286399e+00
-4.112232302902572023e+00
8.016190001974015100e-01
2.427169924173357696e-01
-1.000000000000000000e+00
-7.174348087134250207e+00
-3.730063790508837851e+00
-1.177768275171456880e+00
-7.754988236195655027e+00
-4.047753536538607477e+00
1.824872049579666644e-01
-9.000000000000000000e+00
-4.030191993323189337e+00
7.132812606719381165e-02
-7.398692054177274713e+00
-2.167916752924896606e+00
-8.966410950809508007e-01
-8.453624807640681027e+00
-2.685937455894552794e+00
4.733677520476085032e-01
-6.365669301396337687e+00
-8.016980019031800797e-01
-5.383959224157220724e+00
-1.341489120488950082e+00
-5.639166299142857497e+00
-1.413281553233766363e+00
-7.235713830464584717e+00
-4.424201351010603189e-01
-7.427968839010446800e+00
-7.210190760515721164e-01
-4.000000000000000000e+00
6.989700043360187465e-01
-6.772028987785750687e+00
-1.533959736225143144e+00
-7.598986671301321216e+00
-1.403743787400348442e+00
-5.271071239091432048e+00
-1.810239334945848988e+00
-6.355771125816315426e+00
-9.905315109886778657e-01
-4.091719119023885298e+00
-2.060344399308081442e+00
-3.880449520248181017e+00
-3.294801538453908663e+00
-1.717132906283610039e+00
-3.534638922302354214e+00
-4.359508671484741527e+00
-1.529092975760174777e+00
-1.690196149515636570e+00
-3.446689815129985845e+00
-5.271940953496373261e+00
-1.628094811726148006e+00
-2.989855003771122455e+00
-1.550860880250931828e+00
-3.425815029545494772e-01
-4.936605756220484587e+00
-4.260995579530050925e+00
1.160370995591744059e+00
-2.544068022635552317e+00
-2.427711239130662335e+00
1.117357661479261965e+00
-3.900431119272750102e+00
-1.792745029409309243e+00
2.963421518833731394e+00
