-5.695086748618930272e+00
-3.715974041228765845e+00
-4.411092088388048005e+00
-6.374828833515396198e+00
-2.839209774617716064e+00
-3.856037425641257732e-01
-6.288070152696565884e+00
-3.645982060093874821e+00
-6.396306284061941128e-01
-5.853591615308668672e+00
-3.703044749664980539e+00
-4.976409762075213905e+00
-3.500096751660978001e+00
-4.806707916151323548e-03
-3.771608059751636599e+00
-1.101612929969991272e+00
-1.987058565383817976e+00
-4.301029995663981254e+00
-1.625528883123160018e+00
2.431296268846725450e-01
-7.041411412344921850e+00
-2.849309188323758235e+00
-8.286587730533231166e+00
-3.126085019996394099e+00
-8.571510227255037251e-02
-7.316146370981266855e+00
-4.473702100528572423e+00
-5.243481877001931579e+00
-2.023827037958894515e+00
-6.757324305638433337e+00
-2.501583800017260995e+00
-1.736955654012174444e-01
-5.222876754533652743e+00
-3.824021948004699301e+00
-5.519507210048630874e-01
-4.961061273960602591e+00
-1.969169681210618528e+00
2.725328180559737357e-01
-6.016708158537882767e+00
-3.679466206733357669e+00
1.044300573664064924e+00
-8.648700437861361223e+00
-4.637511915928679507e+00
1.267062413059538040e+00
-8.000342806548424446e-02
-1.672919516303971177e+00
-7.079364458569297192e+00
-3.039668123762491181e+00
9.228884692596158734e-01
-7.301239725425682892e+00
-2.844446523813418448e+00
-9.342860184218710895e-01
-6.941802975843858192e+00
-2.419572068599324055e+00
-7.474720218224737422e-01
-7.783345758340185050e+00
-2.131728585371995166e+00
-2.731862140148385576e-01
-5.844439278981298003e+00
-3.741675471335713432e+00
6.877132942444953434e-01
-5.260433840085756430e+00
-1.853001725553545143e+00
-4.576187167289637259e+00
-2.030813101031799572e+00
-6.283956998183177767e+00
-2.570492895272017631e+00
-4.965951505810990874e+00
-1.384341618557801468e+00
-6.635453598912840256e+00
-2.579518599912070886e+00
-4.893254762931492863e+00
-2.518915204536826824e+00
-6.071740675411271937e+00
-2.284424687345449012e+00
-6.645305423017010327e+00
-1.233151744546091111e+00
-6.454280341009759780e+00
-2.487219864463370733e+00
-6.062940299510353626e+00
-3.665161441987552671e+00
-3.960858858242294112e+00
-2.542886824498098441e+00
-4.750304868896483512e+00
-3.931097450861608777e+00
-3.891076076933821959e+00
-1.000000000000000000e+00
-4.378245739916152068e+00
-1.408196135731220711e+00
-3.529325748650541605e+00
-4.258909486225827656e+00
-4.088310801328336019e+00
-2.227109748794584565e+00
-4.050465373924741819e+00
-1.629362135620517682e+00
3.057195854019378878e-01
-5.609136044999071480e+00
-4.126376111509204136e+00
-9.774904997096259818e-01
-2.882201343188063536e+00
-2.377432215947492544e+00
-9.977467122365536387e-03
-3.971870079891298033e+00
-2.667911381361816492e+00
1.434145118190021995e+00
