-7.831465577789272103e+00
-1.116194790873104914e+00
-5.777252990810687550e+00
-7.254942161673493928e+00
-3.023944255265842429e+00
-2.000000000000000000e+00
-6.740792457306914898e+00
-3.575926071125262062e+00
1.528857567255186012e-01
-8.000000000000000000e+00
-2.441070078980133840e+00
-5.536699280396590872e+00
-4.027842778398014190e+00
0.000000000000000000e+00
-8.515488650812570448e-01
-1.049471330435063354e+00
-3.227084436523143474e+00
-4.964045194963694563e+00
-2.153998014388551319e+00
-2.000000000000000000e+00
-6.675683197047505679e+00
-5.000000000000000000e+00
-1.030102999566398125e+01
-5.000000000000000000e+00
9.359498853142140806e-01
-6.664920269350179893e+00
-1.676032286856317555e+00
-4.117656954866402153e+00
-4.870386234515865276e+00
-7.881692567531429106e+00
-3.464822364128492094e+00
2.000000000000000000e+00
-7.698970004336018746e+00
-1.950187444022376315e+00
-1.376102618803638933e+00
-5.753970540560052527e+00
-2.060970970016410497e+00
-2.098897907787305173e-01
-4.636745106783906500e+00
-3.510585838174439033e+00
-2.000000000000000000e+00
-7.938562732377002717e+00
-2.774375355556148559e+00
-1.223641587597958491e+00
-1.385482664717218926e+00
-3.643204279870976059e+00
-9.000000000000000000e+00
-3.472060596433152568e+00
-2.000000000000000000e+00
-5.974522581240558239e+00
-4.719221310441008121e+00
-2.000000000000000000e+00
-5.127554935539802017e+00
-2.690246740580319873e+00
1.188918910140277285e+00
-5.000000000000000000e+00
-2.363618797278956851e+00
-2.000000000000000000e+00
-5.692322901700102022e+00
-2.280705178363892749e+00
1.056535939853131767e+00
-4.000000000000000000e+00
2.235930307403541650e-01
-7.617653835894655501e+00
-1.398500923099264437e+00
-8.000000000000000000e+00
-1.183010950408577733e+00
-5.467357010613789647e+00
-1.445614079012663256e+00
-5.266535599434363668e+00
-2.641831446404721451e+00
-7.408414101501424653e+00
6.989700043360187465e-01
-5.588229096927888051e+00
-2.255634279532689135e+00
-4.000000000000000000e+00
-2.162863156905511008e+00
-5.877693809853698603e+00
-8.953258622955767576e-01
-5.344796035148517532e+00
2.367588842789923875e-01
-4.110806011768005419e+00
-3.961946333105447415e+00
-3.017215223102029942e+00
-1.532064178541694632e+00
-4.289908322884057768e+00
-2.363994571042122850e+00
-5.690196149515636570e+00
-4.040212783310626499e+00
-3.383287107875284860e+00
-3.242271989237444529e+00
-3.330103135093534394e+00
-4.210392227063873172e+00
-6.544068022635552317e+00
-1.838323827666094923e+00
2.060016457193854844e+00
-2.544068022635552317e+00
-2.003028277709802740e+00
2.503463522196278657e+00
-5.995115609400805567e+00
-2.644890403548459723e+00
4.757036348259345848e-01
-3.759303774753829597e+00
-1.313435979339599324e+00
7.886253334692960165e-03
