-8.369950763116122516e+00
-3.727135838101852894e+00
-5.989419140685026122e+00
-7.572821879889980679e+00
-2.289965649181636920e+00
4.754271886919677614e-01
-5.293474648495401169e+00
-2.302092950343283206e+00
1.115737019354946957e+00
-4.229356320286952631e+00
-2.432080395815892970e+00
-7.074629076807633865e+00
-2.973598748255949609e+00
0.000000000000000000e+00
-2.171187243023838587e+00
-2.850059680960182362e+00
-2.251808898583880850e-02
-4.301401475564036403e+00
-4.184879109745414105e+00
-3.646938859896368262e-02
-8.859159580205776763e+00
-3.533636202247603553e+00
-1.030102999566398125e+01
-3.484578328011546766e+00
-3.889460583802510363e-01
-7.320596662126987120e+00
-2.149842812140319470e+00
-4.544520772340056247e+00
-2.841203934015821275e+00
-6.617611923300446009e+00
-1.969128430849796274e+00
-9.669755933959327532e-01
-4.955687511203660911e+00
-2.685184420415471784e+00
-1.944249368234064690e+00
-4.703391515115740162e+00
-2.315086083181065568e+00
1.568391954397111876e+00
-6.212113604255865340e+00
-3.595341597526056976e+00
1.044239017953747739e+00
-6.906778055996716681e+00
-1.857444419221675913e+00
-1.267668984245835517e+00
-1.448040916563766212e+00
-2.667084591363357848e+00
-7.823812820001014856e+00
-3.987483889433237838e+00
5.760321911172275877e-01
-6.795333549117810179e+00
-3.120828416655314630e+00
1.129923728315356035e+00
-7.692691332748116118e+00
-3.348639063119102754e+00
-2.000000000000000000e+00
-5.364804813553630147e+00
-2.696702985601762581e+00
5.365191549468275589e-01
-6.153513000411193978e+00
-3.599185261947028369e+00
-1.986598432477084952e-01
-7.459591672416888031e+00
-1.095732630548654996e+00
-5.419920631758087026e+00
-2.242238543813950269e+00
-6.486140314647868443e+00
-1.597965565571967117e+00
-6.379867729896128381e+00
-1.761523624020389533e+00
-6.857679866213350905e+00
-1.297954172783261750e+00
-6.398982938321869263e+00
-2.043814322995606947e+00
-5.250656209445426548e+00
-1.051768409150389161e+00
-6.653768482667650197e+00
-1.528311138311986062e+00
-7.191181690943813543e+00
-3.258378631074470899e+00
-5.403743710068650508e+00
-2.380255898336931075e+00
-3.688882637408298582e+00
-1.726172376517491891e+00
-4.550415584883126030e+00
-2.989084157152662513e+00
-3.353570359287903369e+00
-1.507475935089268360e+00
-5.690196149515636570e+00
-4.340172062367973815e+00
-5.195022772997656801e+00
-2.448226522769456626e+00
-2.892360943340606116e+00
-4.041722499414394321e+00
-5.064764601871298844e+00
-3.721681959111035276e+00
1.037385682156817923e+00
-5.461848672192863852e+00
-2.436324899459612059e+00
1.385585561423896328e+00
-4.297066615948617496e+00
-2.712580475941703373e+00
9.854564188569198135e-01
-2.544068022635552317e+00
-3.498189164433507248e+00
9.246897350221087164e-01
