-8.397940008672037493e+00
-5.000000000000000000e+00
-4.662299597607377777e+00
-8.000000000000000000e+00
-1.411272805213207526e+00
-6.866830648171963203e-01
-4.890466074588594836e+00
-2.819546875749911141e+00
-1.511027019529297633e+00
-4.797880458724105068e+00
-1.000000000000000000e+00
-7.996988335351397303e+00
-5.000000000000000000e+00
-7.420948189376804782e-01
-4.000000000000000000e+00
-2.516199777447421848e+00
-4.000000000000000000e+00
-4.301029995663981254e+00
-2.769747286871472980e+00
3.127697318377516966e-01
-8.991220450718419244e+00
-2.291489109001479285e+00
-8.653259681820061999e+00
-1.681788331563802252e+00
1.071940027467295664e+00
-3.698970004336018746e+00
-4.350740121573382524e+00
-7.002102839654623878e+00
-5.000000000000000000e+00
-7.751551030624415084e+00
-1.000000000000000000e+00
1.048261467750756459e+00
-7.467951449540308317e+00
-5.000000000000000000e+00
-8.765581127609920475e-01
-5.849989044038086838e+00
-1.617708717091792536e+00
3.798605162155633402e-02
-5.511136475420254754e+00
-1.000000000000000000e+00
1.180339769919849902e+00
-5.522878745280337398e+00
-4.068348185517539406e+00
2.000000000000000000e+00
-3.000000000000000000e+00
-4.503538140724484329e+00
-5.000000000000000000e+00
-3.616363935213799063e+00
2.000000000000000000e+00
-6.280584730554518380e+00
-4.479950155242780951e+00
-4.325102720302087533e-01
-6.175558919607886388e+00
-2.739572936553813509e+00
-2.000000000000000000e+00
-9.000000000000000000e+00
-2.289125510096299276e+00
1.390754900652353188e+00
-8.013123873762360461e+00
-2.111725092176692353e+00
1.269741653956789174e+00
-6.029064404275609412e+00
-4.676559304449557919e-01
-6.804042348143754637e+00
7.918124604762488694e-02
-4.185858223195205063e+00
-2.359943586613874267e+00
-5.918013113346749954e+00
-1.817257063420585128e+00
-6.434565828352847738e+00
-2.227084297988145334e+00
-6.031692318060645874e+00
-2.547562807377798499e+00
-5.411561108115324537e+00
-4.000000000000000000e+00
-5.480163022458834021e+00
-2.562431018460896937e+00
-8.000000000000000000e+00
-1.690917781444607693e+00
-6.388948711054371898e+00
-2.754865434617741471e+00
-4.979434743824473486e+00
-3.397265473813742442e+00
-4.429895029249307115e+00
-4.324060461673510325e+00
-4.442098259510457225e+00
-3.799740656111746606e+00
-1.690196149515636570e+00
-2.159071054923596300e+00
-4.776403247011820064e+00
-4.259355605904292297e+00
-3.164104765160602906e+00
-2.320606935251744662e+00
-4.288001038270528475e+00
-5.000000000000000000e+00
9.430160502410945833e-01
-2.544068022635552317e+00
-4.088714251822210599e+00
1.534145314187358222e+00
-4.999025794528000333e+00
-1.000000000000000000e+00
3.000000000000000000e+00
-6.544068022635552317e+00
-4.043479280935300402e+00
2.919535512297957713e-01
