7.550470195469316081e+01
7.550470195469316081e+01
7.550470195469316081e+01
6.684116403288817310e+01
5.321186263843156183e+01
4.879671608967171892e+01
4.716304454932147650e+01
4.505371943983811178e+01
4.205794695660531346e+01
4.043838756167426141e+01
4.043838756167426141e+01
3.546991685966136743e+01
3.546991685966136743e+01
3.158113267136806002e+01
3.158113267136806002e+01
3.158113267136806002e+01
3.066757705706880799e+01
2.355018395393427255e+01
1.523778854156634033e+01
9.376274425692928460e+00
9.376274425692928460e+00
8.844201327598335993e+00
8.844201327598335993e+00
8.532760688495407919e+00
8.532760688495407919e+00
7.695724782329628866e+00
7.695724782329628866e+00
7.101176376010602809e+00
7.101176376010602809e+00
7.101176376010602809e+00
7.101176376010602809e+00
7.101176376010602809e+00
7.101176376010602809e+00
7.101176376010602809e+00
7.101176376010602809e+00
7.101176376010602809e+00
6.106991486287423498e+00
6.106991486287423498e+00
5.327855055591532718e+00
5.327855055591532718e+00
5.327855055591532718e+00
5.327855055591532718e+00
5.327855055591532718e+00
5.327855055591532718e+00
4.964717825823544928e+00
4.087108574756996404e+00
3.457123453044451011e+00
1.719416982208232136e+00
1.673706970657534265e+00
1.673706970657534265e+00
1.594481238549634083e+00
1.412184045522936859e+00
1.412184045522936859e+00
1.207807671428184237e+00
9.837880287633700149e-01
7.585235705480792845e-01
7.496553937002934376e-01
7.496553937002934376e-01
7.332797638040999821e-01
7.319335565882028050e-01
7.319335565882028050e-01
7.193147244464176415e-01
6.735454133122462661e-01
6.735454133122462661e-01
6.735454133122462661e-01
6.735454133122462661e-01
6.605531242214934817e-01
6.605531242214934817e-01
6.605531242214934817e-01
6.605531242214934817e-01
6.605531242214934817e-01
6.605531242214934817e-01
5.525397729761480914e-01
5.360072109287240538e-01
5.360072109287240538e-01
5.360072109287240538e-01
5.360072109287240538e-01
5.360072109287240538e-01
5.170550762087754437e-01
5.170550762087754437e-01
5.170550762087754437e-01
5.170550762087754437e-01
5.170550762087754437e-01
4.968538250407772416e-01
4.968538250407772416e-01
4.968538250407772416e-01
4.920731995774307865e-01
4.920731995774307865e-01
4.920731995774307865e-01
4.085125367714571576e-01
4.085125367714571576e-01
4.085125367714571576e-01
4.085125367714571576e-01
3.491766639852067478e-01
3.297392157859820871e-01
3.285398929827459402e-01
3.285398929827459402e-01
3.272763346477104429e-01
3.272763346477104429e-01
2.850771218562949683e-01
2.850771218562949683e-01
2.636177589457213144e-01
2.600172470969289718e-01
2.482554563766571076e-01
2.482554563766571076e-01
2.482554563766571076e-01
2.300596410490021171e-01
2.300596410490021171e-01
2.300596410490021171e-01
2.300596410490021171e-01
2.300596410490021171e-01
2.300596410490021171e-01
2.246657437272981672e-01
2.246657437272981672e-01
2.246657437272981672e-01
2.246657437272981672e-01
2.246657437272981672e-01
2.246657437272981672e-01
2.244584685905446908e-01
2.244584685905446908e-01
2.244584685905446908e-01
2.228845522316822148e-01
2.228845522316822148e-01
2.060604972331929741e-01
1.929313694026264236e-01
1.898752941169543906e-01
1.889651301528577632e-01
1.886567353107443390e-01
1.885469461845500350e-01
1.885079441400313027e-01
1.884941017130104535e-01
1.884893888268431017e-01
1.884877015970795600e-01
1.884871372221932906e-01
1.884869592666094940e-01
1.884869592666094940e-01
1.884869592666094940e-01
1.884595842896168161e-01
1.862183584708409223e-01
1.857590251512856450e-01
1.856422303718592570e-01
1.856093464456130271e-01
1.855992506205568493e-01
1.855970992456389690e-01
1.855963293112192491e-01
1.837613456222270125e-01
1.806628179085227881e-01
1.806628179085227881e-01
1.806628179085227881e-01
1.806628179085227881e-01
1.806628179085227881e-01
1.782925067932101537e-01
1.776978013289134406e-01
1.775647532433649034e-01
1.758044800957082043e-01
1.715473578537203836e-01
1.709338146353264476e-01
1.704819805187351989e-01
1.653046525486025486e-01
1.620307570321265489e-01
1.607337270431223042e-01
1.601011740382685677e-01
1.593236156481010746e-01
1.591068752971252220e-01
1.590690672565936159e-01
1.590631683005305219e-01
1.590619582677028632e-01
1.590617789637148727e-01
1.590617773508389010e-01
1.579553468100640401e-01
1.574124310965391849e-01
1.573509697707270727e-01
1.573132297987689943e-01
1.572773427463690088e-01
1.572243692662518844e-01
1.572158054262812465e-01
1.571880909635999801e-01
1.571840547378063335e-01
1.571713581699077655e-01
1.571657413859220698e-01
1.571650153922404258e-01
1.571636436860894548e-01
1.554102934067285446e-01
1.552196362765734527e-01
1.552085169672569598e-01
1.552075512797958801e-01
1.552075512797958801e-01
1.552075512797958801e-01
1.552075512797958801e-01
1.552069986348080521e-01
1.552069727241879027e-01
1.548675765762552725e-01
1.548675765762552725e-01
1.548477789763269552e-01
1.548477789763269552e-01
1.548445175624712511e-01
1.548444923683601482e-01
1.548275165688534349e-01
1.548205227058900013e-01
1.548088019725072095e-01
