2.216319950447845883e+02
2.125735429247667128e+02
1.128132861214035927e+02
7.587440194045585429e+01
5.196219789163930614e+01
4.564062526382015506e+01
4.564062526382015506e+01
4.564062526382015506e+01
3.131364375330558403e+01
3.069406361806488093e+01
3.000672445448589798e+01
2.414826851192794166e+01
1.809190304692062057e+01
1.694310056171406842e+01
1.620174616983968008e+01
1.415216103822337246e+01
1.332310794262076215e+01
1.332310794262076215e+01
1.266508733047088775e+01
1.235517088992626888e+01
1.030375445890666342e+01
9.804235036797804170e+00
9.618977454245904113e+00
8.654901404270816556e+00
8.654901404270816556e+00
8.156048824147136500e+00
7.159581946413606346e+00
7.106337670992415312e+00
7.106337670992415312e+00
6.799520334572702218e+00
6.799520334572702218e+00
6.589513426885544867e+00
6.410955851725131716e+00
5.947425019039664917e+00
5.597159832012248870e+00
5.387591267100314774e+00
5.260242898049713567e+00
5.181257955195700760e+00
5.130970725061872351e+00
5.098114472350280479e+00
4.907638568818752489e+00
4.907638568818752489e+00
4.907638568818752489e+00
4.725510475225955354e+00
4.725510475225955354e+00
4.725510475225955354e+00
4.681348178480493338e+00
4.422682659857423815e+00
3.996416130378239728e+00
3.996416130378239728e+00
3.996416130378239728e+00
3.798680055993489457e+00
3.707866184978864332e+00
3.556061384205764675e+00
3.556061384205764675e+00
3.556061384205764675e+00
3.556061384205764675e+00
3.556061384205764675e+00
3.556061384205764675e+00
3.416965311400813832e+00
3.345494148674918122e+00
3.186984506182885646e+00
3.014975456620196503e+00
2.976979452910200052e+00
2.976979452910200052e+00
2.938905279911084634e+00
2.916862970011366407e+00
2.899789564614460691e+00
2.695722180924835509e+00
2.557256014933116273e+00
2.557256014933116273e+00
2.536833792889602535e+00
2.536833792889602535e+00
2.536833792889602535e+00
2.536833792889602535e+00
2.493640369638505661e+00
2.468780377408617444e+00
2.468780377408617444e+00
2.468780377408617444e+00
2.468780377408617444e+00
2.467819464304908283e+00
2.461850772500084883e+00
2.461850772500084883e+00
2.439978090435570124e+00
2.439978090435570124e+00
2.435199800040130924e+00
2.435199800040130924e+00
2.435199800040130924e+00
2.412957228541122046e+00
2.410058794256296544e+00
2.410058794256296544e+00
2.402474859489765358e+00
2.402018573614595365e+00
2.402018573614595365e+00
2.402018573614595365e+00
2.402018573614595365e+00
2.402018573614595365e+00
2.402018573614595365e+00
2.401300117791435262e+00
2.401300117791435262e+00
2.395382126288520208e+00
2.395382126288520208e+00
2.395129765366132979e+00
2.395129765366132979e+00
2.394671572597166787e+00
2.393156273541011902e+00
2.393156273541011902e+00
2.393156273541011902e+00
2.393156273541011902e+00
2.393156273541011902e+00
2.393156273541011902e+00
2.387525110193414513e+00
2.383148000234764474e+00
2.382174599421133632e+00
2.382001831022490634e+00
2.382001831022490634e+00
2.344157859385531673e+00
2.329575924564212031e+00
2.327210045775615299e+00
2.327032651687863662e+00
2.327032651687863662e+00
2.327014198363178910e+00
2.327014198363178910e+00
2.327014198363178910e+00
2.327014198363178910e+00
2.326794332130512899e+00
2.326677499692762385e+00
2.324903141155960640e+00
2.324903141155960640e+00
2.324903141155960640e+00
2.324903141155960640e+00
2.324903141155960640e+00
2.324643806659124401e+00
2.324643806659124401e+00
2.324643806659124401e+00
2.321024730349098952e+00
2.320102534083558155e+00
2.316145044144774623e+00
2.316145044144774623e+00
2.304894867502222500e+00
2.304894867502222500e+00
2.304894867502222500e+00
2.304894867502222500e+00
2.304894867502222500e+00
2.296957842374530046e+00
2.296957842374530046e+00
2.296957842374530046e+00
2.296957842374530046e+00
2.296753324492146309e+00
2.293489493479909047e+00
2.293489493479909047e+00
2.289216033062180689e+00
2.289216033062180689e+00
2.289216033062180689e+00
2.285727905563421647e+00
2.285727905563421647e+00
2.285727905563421647e+00
2.285727905563421647e+00
2.285727905563421647e+00
2.285727905563421647e+00
2.285727905563421647e+00
2.285727905563421647e+00
2.285727905563421647e+00
2.285727905563421647e+00
2.285727905563421647e+00
2.285727905563421647e+00
2.285720010816116865e+00
2.285720010816116865e+00
2.285671547550825800e+00
2.285662380118513415e+00
2.285661467047477302e+00
2.285661230329510740e+00
2.285661224651889700e+00
2.285661215048079953e+00
2.285661202994662133e+00
2.285661202994662133e+00
2.285661191924910352e+00
2.285661003546050729e+00
2.285661003546050729e+00
2.285627242594751696e+00
2.284227761938739221e+00
2.276463925241910324e+00
2.275918924712841296e+00
2.275871963141426590e+00
2.275868195287418683e+00
2.275868195287418683e+00
2.275868195287418683e+00
2.275868184150975360e+00
2.268842022749205878e+00
2.268372550936404775e+00
2.268348611921533031e+00
2.267143423365483912e+00
2.265903800287170533e+00
2.265903800287170533e+00
2.265856787214669765e+00
2.265808447455966768e+00
2.265808447455966768e+00
2.265779636161622257e+00
2.265778222654015739e+00
2.265654118116183113e+00
