1.861069934570104579e+03
1.060593995353867285e+03
1.060593995353867285e+03
2.632771393161581273e+02
1.578691886802421891e+02
6.218629104572885780e+01
4.898601907238421660e+01
4.898601907238421660e+01
2.700713098507687704e+01
2.190014755674849312e+01
2.190014755674849312e+01
2.190014755674849312e+01
2.190014755674849312e+01
1.475741034781202643e+01
3.029784750387451098e+00
2.957594596035078904e+00
2.957594596035078904e+00
2.957594596035078904e+00
2.017982815463264412e+00
2.017982815463264412e+00
1.528995781298415402e+00
1.528995781298415402e+00
1.528995781298415402e+00
1.528995781298415402e+00
1.263275528482517895e+00
1.258514178072023038e+00
1.258514178072023038e+00
1.258514178072023038e+00
1.258514178072023038e+00
1.258514178072023038e+00
1.258514178072023038e+00
9.950804348022680434e-01
9.950804348022680434e-01
9.950804348022680434e-01
9.950804348022680434e-01
9.950804348022680434e-01
9.950804348022680434e-01
9.950804348022680434e-01
8.721726987813164245e-01
8.721726987813164245e-01
8.721726987813164245e-01
8.721726987813164245e-01
8.721726987813164245e-01
5.519695538238682531e-01
4.713955114095733090e-01
4.713955114095733090e-01
3.713588485745217826e-01
3.713588485745217826e-01
3.713588485745217826e-01
3.713588485745217826e-01
3.713588485745217826e-01
3.713588485745217826e-01
3.713588485745217826e-01
3.713588485745217826e-01
3.713588485745217826e-01
3.713588485745217826e-01
3.713588485745217826e-01
3.713588485745217826e-01
3.713588485745217826e-01
3.713588485745217826e-01
3.713588485745217826e-01
3.713588485745217826e-01
3.254147276040965653e-01
3.008508092182752280e-01
3.008508092182752280e-01
3.008508092182752280e-01
3.008508092182752280e-01
2.432502468514471938e-01
2.205371999676587480e-01
2.205371999676587480e-01
2.205371999676587480e-01
2.205371999676587480e-01
2.028203893912522426e-01
1.943901818636191992e-01
1.943901818636191992e-01
1.943901818636191992e-01
1.943901818636191992e-01
1.943901818636191992e-01
1.943901818636191992e-01
1.943901818636191992e-01
1.943901818636191992e-01
1.943901818636191992e-01
1.943901818636191992e-01
1.943901818636191992e-01
1.943901818636191992e-01
1.943901818636191992e-01
1.943901818636191992e-01
1.943901818636191992e-01
1.943901818636191992e-01
1.943901818636191992e-01
1.767136195863040216e-01
1.612313089911434905e-01
1.612313089911434905e-01
1.612313089911434905e-01
1.612313089911434905e-01
1.612313089911434905e-01
1.612313089911434905e-01
1.612313089911434905e-01
1.612313089911434905e-01
1.612313089911434905e-01
1.612313089911434905e-01
1.542926737931486214e-01
1.542926737931486214e-01
1.542926737931486214e-01
1.542926737931486214e-01
1.542926737931486214e-01
1.542926737931486214e-01
1.542926737931486214e-01
1.542926737931486214e-01
1.542926737931486214e-01
1.542926737931486214e-01
1.542926737931486214e-01
1.542926737931486214e-01
1.542926737931486214e-01
1.542926737931486214e-01
1.542926737931486214e-01
1.542926737931486214e-01
1.542926737931486214e-01
1.542926737931486214e-01
1.536739592888178296e-01
1.536739592888178296e-01
1.536739592888178296e-01
1.536352982551314750e-01
1.536204519546044422e-01
1.536156449685735503e-01
1.536133206142031304e-01
1.536128453123574433e-01
1.536119921916239417e-01
1.536119921916239417e-01
1.536119921916239417e-01
1.536119921916239417e-01
1.536119921916239417e-01
1.536119921916239417e-01
1.536119921916239417e-01
1.536100544745917507e-01
1.536100544745917507e-01
1.536100544745917507e-01
1.536100544745917507e-01
1.536100544745917507e-01
1.536100544745917507e-01
1.536100544745917507e-01
1.536100544745917507e-01
1.462246265991007099e-01
1.462246265991007099e-01
1.419218243547429037e-01
1.400419061334717274e-01
1.397073625449789247e-01
1.396285716491967865e-01
1.396088662059861152e-01
1.396038763663717541e-01
1.396025251093504504e-01
1.396018928266523629e-01
1.396018928266523629e-01
1.396018928266523629e-01
1.396018928266523629e-01
1.396018928266523629e-01
1.389507952374458011e-01
1.382789436079536471e-01
1.380219579081868320e-01
1.379692205782394043e-01
1.379581860999556098e-01
1.378943479006716488e-01
1.378464097885481743e-01
1.378251654899921297e-01
1.378120092464330260e-01
1.377656738609455422e-01
1.377218627923085525e-01
1.376765054017386747e-01
1.376645947532270375e-01
1.376586816215720765e-01
1.376574574838471121e-01
1.376566248087815192e-01
1.376563210010522675e-01
1.376563210010522675e-01
1.376561626712045350e-01
1.376558599004232275e-01
1.376558599004232275e-01
1.376558599004232275e-01
1.376558447137647134e-01
1.376558447137647134e-01
1.376558447137647134e-01
1.376557783417322600e-01
1.376557783417322600e-01
1.376557783417322600e-01
1.376557783417322600e-01
1.376557783417322600e-01
1.376556986905680402e-01
1.376556986905680402e-01
1.376556728796959894e-01
1.376556728796959894e-01
1.376556728796959894e-01
1.376555750819266899e-01
1.376555750819266899e-01
1.376555750819266899e-01
1.376555750819266899e-01
1.376555750819266899e-01
1.376555750819266899e-01
1.376555750819266899e-01
1.376555750819266899e-01
1.376555750819266899e-01
