1.336185422112593951e+05
4.212747369328256900e+04
3.944143907031170966e+04
3.944143907031170966e+04
8.001837049754668669e+02
5.196276015553838761e+02
4.152121971811921526e+02
4.152121971811921526e+02
4.152121971811921526e+02
4.152121971811921526e+02
4.152121971811921526e+02
3.089763618142930568e+02
2.386599196426815013e+02
2.000106793523768260e+02
1.679459975669491030e+02
9.567847445613462298e+01
4.903669704502658533e+01
4.136929239126319402e+01
2.287346241848815609e+01
2.287346241848815609e+01
1.964240675633396194e+01
1.913316431440217968e+01
1.913316431440217968e+01
1.913316431440217968e+01
1.858308728056061909e+01
1.858308728056061909e+01
1.749768194467320370e+01
1.649050405933903818e+01
1.649050405933903818e+01
1.574465363261768225e+01
1.574465363261768225e+01
1.574465363261768225e+01
1.574465363261768225e+01
1.440396885951914641e+01
1.400585956654084896e+01
1.277475627672940028e+01
1.275019975226057944e+01
1.275019975226057944e+01
1.275019975226057944e+01
1.275019975226057944e+01
1.221477211955447828e+01
1.145716931719845810e+01
1.145716931719845810e+01
1.128008672649899147e+01
1.128008672649899147e+01
1.105792145568131168e+01
1.070664587134330148e+01
1.070664587134330148e+01
1.039611395837307306e+01
1.039611395837307306e+01
1.039611395837307306e+01
1.039611395837307306e+01
1.024779251975927785e+01
1.020352660686296531e+01
1.020352660686296531e+01
1.020352660686296531e+01
1.012828881174996098e+01
1.008839580396985980e+01
1.008839580396985980e+01
9.976618279947572887e+00
9.976618279947572887e+00
9.846050508746962748e+00
9.731119370478724662e+00
9.731119370478724662e+00
9.731119370478724662e+00
9.407638436755741296e+00
9.363379620658367486e+00
9.363379620658367486e+00
9.226919878745677650e+00
9.226919878745677650e+00
9.226919878745677650e+00
9.178817413506390466e+00
9.178817413506390466e+00
9.178817413506390466e+00
9.178817413506390466e+00
9.178817413506390466e+00
9.178817413506390466e+00
9.178817413506390466e+00
9.178817413506390466e+00
9.178817413506390466e+00
9.178817413506390466e+00
9.062836051791988368e+00
9.062836051791988368e+00
9.062836051791988368e+00
9.001427328970230235e+00
9.001427328970230235e+00
8.967520196316195680e+00
8.967520196316195680e+00
8.944767457703580504e+00
8.944767457703580504e+00
8.854728310701773353e+00
8.845463946608482786e+00
8.845463946608482786e+00
8.845463946608482786e+00
8.831934814776676745e+00
8.831934814776676745e+00
8.820067011648212940e+00
8.773525792391696498e+00
8.702248562542028054e+00
8.636999287114285551e+00
8.636999287114285551e+00
8.636999287114285551e+00
8.631950534202523784e+00
8.476089687779186477e+00
8.476089687779186477e+00
8.471264336836485498e+00
8.471264336836485498e+00
8.471264336836485498e+00
8.471264336836485498e+00
8.431170165892773127e+00
8.394601397713156388e+00
8.361570954895023888e+00
8.353465618139019000e+00
8.312329818811251769e+00
8.228899445215049013e+00
8.228899445215049013e+00
8.228899445215049013e+00
8.228899445215049013e+00
8.228899445215049013e+00
8.228899445215049013e+00
8.207991459260187028e+00
8.178782051831408495e+00
8.178782051831408495e+00
8.155994967444740951e+00
8.138714363063023427e+00
8.072974604990326597e+00
8.072974604990326597e+00
8.053658844340191081e+00
7.975363370107665162e+00
7.959426283218258291e+00
7.959426283218258291e+00
7.958178725782027563e+00
7.958178725782027563e+00
7.958178725782027563e+00
7.958178725782027563e+00
7.951349986740227749e+00
7.947918982304943647e+00
7.947918982304943647e+00
7.946493029012909659e+00
7.938319766311543901e+00
7.925282921885436593e+00
7.925282921885436593e+00
7.918272987643828031e+00
7.898522872672458561e+00
7.898522872672458561e+00
7.898522872672458561e+00
7.848366760725824065e+00
7.848366760725824065e+00
7.848366760725824065e+00
7.848366760725824065e+00
7.812938931937924991e+00
7.743529509100366859e+00
7.690925393296768497e+00
7.672284361052629897e+00
7.669891317038691980e+00
7.669418530488782082e+00
7.657292253176168018e+00
7.643751670019177880e+00
7.641022913007002870e+00
7.627202078869201429e+00
7.614191682583362208e+00
7.599938874310911530e+00
7.583807814651349233e+00
7.583807814651349233e+00
7.583807814651349233e+00
7.557660976053456992e+00
7.549003833715925538e+00
7.540052200824573170e+00
7.525329325050147844e+00
7.521304509920611281e+00
7.498057381992541792e+00
7.492410118152839971e+00
7.476773622235389993e+00
7.464507729855204055e+00
7.460726976215484640e+00
7.456005728361828844e+00
7.454997438667350096e+00
7.450368257011023232e+00
7.449737483922989512e+00
7.448806984181083557e+00
7.447728056878869296e+00
7.446581120318956692e+00
7.446037228310299128e+00
7.445922804540698436e+00
7.445838333811863663e+00
7.444963693918499104e+00
7.443998626787917239e+00
7.442999003640807132e+00
7.442623711095311734e+00
7.442547341158059382e+00
7.442176012380645744e+00
7.441041371423219530e+00
7.440717305316529639e+00
7.440643681808172261e+00
7.440374946702196901e+00
7.440113830258303196e+00
7.439828287756218295e+00
7.439700359154851839e+00
7.439157686169476591e+00
7.439152665997097458e+00
