7.304838226281999880e+01
5.724878655123880833e+01
5.724878655123880833e+01
5.724878655123880833e+01
5.724878655123880833e+01
4.685540297681134092e+01
4.685540297681134092e+01
3.930574762513080600e+01
3.630896105127694540e+01
3.630896105127694540e+01
2.992115384261214217e+01
2.214020201527461040e+01
2.051329051179813590e+01
1.901262831332768144e+01
1.819216478510637103e+01
1.819216478510637103e+01
1.768277177009303713e+01
1.371076530938411153e+01
1.154675785037846936e+01
1.018343856448611362e+01
6.188372725132262886e+00
4.357200099314872510e+00
3.440922988545611183e+00
3.411067324082143415e+00
3.411067324082143415e+00
3.228871224464544998e+00
3.228871224464544998e+00
3.228871224464544998e+00
3.228871224464544998e+00
3.228871224464544998e+00
2.818861492870476937e+00
2.818861492870476937e+00
2.818861492870476937e+00
2.818861492870476937e+00
2.818861492870476937e+00
2.818861492870476937e+00
2.818861492870476937e+00
2.818861492870476937e+00
2.818861492870476937e+00
2.818861492870476937e+00
2.818861492870476937e+00
2.818861492870476937e+00
2.600536750749393278e+00
2.600536750749393278e+00
2.600536750749393278e+00
2.600536750749393278e+00
2.409733287853492278e+00
2.409733287853492278e+00
2.409733287853492278e+00
2.409733287853492278e+00
2.239549985636015705e+00
2.239549985636015705e+00
2.239549985636015705e+00
2.239549985636015705e+00
2.239549985636015705e+00
2.239549985636015705e+00
2.181366829456235834e+00
2.181366829456235834e+00
2.181366829456235834e+00
2.181366829456235834e+00
2.144473060573483636e+00
2.144473060573483636e+00
2.144473060573483636e+00
2.144473060573483636e+00
2.144473060573483636e+00
2.144473060573483636e+00
2.109809768180066492e+00
2.109809768180066492e+00
2.075146063414539999e+00
2.075146063414539999e+00
2.075146063414539999e+00
2.053486298360124973e+00
2.053486298360124973e+00
2.053486298360124973e+00
2.053486298360124973e+00
2.053486298360124973e+00
2.053486298360124973e+00
2.053486298360124973e+00
2.053486298360124973e+00
2.053486298360124973e+00
2.053486298360124973e+00
2.053486298360124973e+00
2.053486298360124973e+00
2.053486298360124973e+00
2.053486298360124973e+00
2.042665626937409051e+00
2.042665626937409051e+00
2.042665626937409051e+00
2.040761033228401633e+00
2.037314689251369604e+00
2.037314689251369604e+00
2.037314689251369604e+00
2.035839248144597491e+00
2.035572290417663854e+00
2.035572290417663854e+00
2.035572290417663854e+00
2.033775058389710289e+00
2.031910679170299883e+00
2.031087891117661748e+00
2.030707663435485699e+00
2.030524275868324402e+00
2.030436149355808517e+00
2.030389677916754732e+00
2.030359951254850692e+00
2.030355807353509956e+00
2.030345232081681939e+00
2.003289556222152878e+00
2.003289556222152878e+00
2.003289556222152878e+00
1.992124054405837619e+00
1.992124054405837619e+00
1.975876476042956131e+00
1.975876476042956131e+00
1.975876476042956131e+00
1.975876476042956131e+00
1.975876476042956131e+00
1.975876476042956131e+00
1.975876476042956131e+00
1.975876476042956131e+00
1.975876476042956131e+00
1.975876476042956131e+00
1.975876476042956131e+00
1.975876476042956131e+00
1.975876476042956131e+00
1.975876476042956131e+00
1.974556879930548625e+00
1.970448535921974553e+00
1.970448535921974553e+00
1.970104137781514053e+00
1.967925492314581248e+00
1.965116090989502906e+00
1.954511224436711103e+00
1.954511224436711103e+00
1.954511224436711103e+00
1.954511224436711103e+00
1.949017324663982365e+00
1.940296338540568488e+00
1.940296338540568488e+00
1.939810026964917888e+00
1.939810026964917888e+00
1.939658333600669637e+00
1.939658333600669637e+00
1.938584285140461994e+00
1.938584285140461994e+00
1.938584285140461994e+00
1.938584285140461994e+00
1.938584285140461994e+00
1.938584285140461994e+00
1.938584285140461994e+00
1.938584285140461994e+00
1.938584285140461994e+00
1.938584285140461994e+00
1.938584285140461994e+00
1.938584285140461994e+00
1.938584285140461994e+00
1.938584285140461994e+00
1.938584285140461994e+00
1.938584285140461994e+00
1.938584285140461994e+00
1.929771581345848031e+00
1.929771581345848031e+00
1.929771581345848031e+00
1.929771581345848031e+00
1.929771581345848031e+00
1.929771581345848031e+00
1.929002149377139652e+00
1.929002149377139652e+00
1.928390844506794100e+00
1.928390844506794100e+00
1.928390844506794100e+00
1.928390844506794100e+00
1.927990768430984048e+00
1.927990768430984048e+00
1.927990768430984048e+00
1.927464648963332694e+00
1.927376176652511930e+00
1.927362035772068438e+00
1.927359569756420088e+00
1.927359569756420088e+00
1.927358651578378712e+00
1.925228984239031327e+00
1.923044613561972760e+00
1.919200145645498123e+00
1.918874378242985346e+00
1.918844573516667706e+00
1.914769751985432977e+00
1.914769751985432977e+00
1.914702681744114621e+00
1.914702681744114621e+00
1.914692926946653939e+00
1.914692926946653939e+00
1.914685782952299631e+00
1.914679203458100609e+00
1.914679203458100609e+00
1.914679203458100609e+00
1.914679203458100609e+00
1.914679203458100609e+00
1.914679203458100609e+00
1.914679203458100609e+00
1.914679203458100609e+00
