6.462445193095250033e+02
3.824731893780071914e+02
2.589110731003748924e+02
2.258472806382835074e+02
1.844025804922390535e+02
1.058734626313109572e+02
6.242764137885557574e+01
4.715221829159268196e+01
4.293046896058496031e+01
3.959035716765525592e+01
3.917293135425794048e+01
2.767656328553295708e+01
2.767656328553295708e+01
2.767656328553295708e+01
2.694537893353311375e+01
2.569753786646476001e+01
2.301786101328242751e+01
2.301786101328242751e+01
2.301786101328242751e+01
1.993256095408989381e+01
1.776026668141173559e+01
1.687449290751696651e+01
1.662165912441351168e+01
1.517524009839684851e+01
1.456604585687108155e+01
1.391471819148221201e+01
1.391471819148221201e+01
1.343816861448460820e+01
1.274334448425144295e+01
1.177233727467423208e+01
1.144514789420806089e+01
1.144514789420806089e+01
1.123209287587248362e+01
9.479800494024516411e+00
9.479800494024516411e+00
5.784026012145474738e+00
4.495649091737806913e+00
4.495649091737806913e+00
3.938878586661365144e+00
3.130297031258304497e+00
2.103948075515746030e+00
2.103948075515746030e+00
1.654011274274095777e+00
1.654011274274095777e+00
1.654011274274095777e+00
1.262984922241425112e+00
1.262984922241425112e+00
1.262984922241425112e+00
1.262984922241425112e+00
9.605050936868781974e-01
9.605050936868781974e-01
9.605050936868781974e-01
8.278327393232174369e-01
8.278327393232174369e-01
7.587689497365759372e-01
7.587689497365759372e-01
7.587689497365759372e-01
7.587689497365759372e-01
7.587689497365759372e-01
7.587689497365759372e-01
7.587689497365759372e-01
7.587689497365759372e-01
7.386369310503320129e-01
7.386369310503320129e-01
6.782975675889360012e-01
6.782975675889360012e-01
6.782975675889360012e-01
6.782975675889360012e-01
5.636823266072887861e-01
5.636823266072887861e-01
5.636823266072887861e-01
5.636823266072887861e-01
5.636823266072887861e-01
5.636823266072887861e-01
5.636823266072887861e-01
5.636823266072887861e-01
5.636823266072887861e-01
5.636823266072887861e-01
5.636823266072887861e-01
5.636823266072887861e-01
5.636823266072887861e-01
5.486741436568813857e-01
5.486741436568813857e-01
5.486741436568813857e-01
5.296044700778802516e-01
5.296044700778802516e-01
5.296044700778802516e-01
5.296044700778802516e-01
5.296044700778802516e-01
4.977904393964122098e-01
4.950053788064352478e-01
4.950053788064352478e-01
4.950053788064352478e-01
4.950053788064352478e-01
4.950053788064352478e-01
4.950053788064352478e-01
4.950053788064352478e-01
4.950053788064352478e-01
4.950053788064352478e-01
4.950053788064352478e-01
4.950053788064352478e-01
4.472518932238862543e-01
4.472518932238862543e-01
4.378434580887246019e-01
4.378434580887246019e-01
4.378434580887246019e-01
4.378434580887246019e-01
4.378434580887246019e-01
4.378434580887246019e-01
4.375808941375765593e-01
4.294898729598977116e-01
4.282720252112485193e-01
4.280176639302801789e-01
4.280176639302801789e-01
4.275597784715617911e-01
4.273881275923484546e-01
4.273153680109054164e-01
4.260616588367943658e-01
4.258298425059242054e-01
4.070319602737924036e-01
4.070319602737924036e-01
4.070319602737924036e-01
4.030273465814427913e-01
3.998649228465416261e-01
3.987082699373520889e-01
3.877613605241259087e-01
3.829506191809362026e-01
3.821643244468401757e-01
3.819823250141654580e-01
3.819268587724808928e-01
3.819104461838890852e-01
3.795623135691231220e-01
3.778167918022039551e-01
3.764506836248965316e-01
3.755123177620474095e-01
3.752102628615352486e-01
3.751167987572508467e-01
3.750034051685067760e-01
3.745400508932391070e-01
3.744059082179734266e-01
3.685830950073202827e-01
3.600790232258155310e-01
3.563005191666630544e-01
3.391804537988195589e-01
3.377491642251366777e-01
3.377491642251366777e-01
3.310742949448898242e-01
3.297241767969984472e-01
3.180349546694138940e-01
3.180349546694138940e-01
3.155860219010865886e-01
3.155860219010865886e-01
3.155860219010865886e-01
3.141611891279627589e-01
3.141611891279627589e-01
3.141611891279627589e-01
3.140292766518041900e-01
3.140292766518041900e-01
3.140292766518041900e-01
3.101535270240634579e-01
3.101535270240634579e-01
3.101535270240634579e-01
3.101535270240634579e-01
3.101535270240634579e-01
3.101535270240634579e-01
3.101535270240634579e-01
3.101535270240634579e-01
3.100272746070371066e-01
3.087885739066621449e-01
3.071890851062374361e-01
2.698753142067170097e-01
2.558350881978783131e-01
2.558350881978783131e-01
2.485166267206586621e-01
2.475063013950256074e-01
2.466631030223513377e-01
2.466631030223513377e-01
2.458159476855986680e-01
2.411546160754258206e-01
2.191639355572218562e-01
2.167753745232986473e-01
2.165300237081483337e-01
2.165073477057099793e-01
2.165056577224992729e-01
2.165046807899873582e-01
2.165046807899873582e-01
2.165046807899873582e-01
1.971746502520500266e-01
1.961874777485468069e-01
1.935828403108823537e-01
1.935828403108823537e-01
1.935828403108823537e-01
1.934735415252873958e-01
1.934735415252873958e-01
1.934716168455241914e-01
1.931464039266571897e-01
1.928281490883204663e-01
1.928164427639892098e-01
1.928157149307111462e-01
1.928111220569408701e-01
