2.392087757520880587e+01
2.392087757520880587e+01
2.116100237954534791e+01
1.121014326125848726e+01
1.121014326125848726e+01
1.088549680275897025e+01
9.809623172625055787e+00
5.981532718367272849e+00
5.981532718367272849e+00
4.978133211993501561e+00
3.555526093068881455e+00
3.087313660001839821e+00
2.831045846204780503e+00
2.178015800226644316e+00
2.178015800226644316e+00
1.959758616054888991e+00
1.959758616054888991e+00
1.959758616054888991e+00
1.880213326744390567e+00
1.447325690962684375e+00
1.205805133944111818e+00
1.205805133944111818e+00
1.205805133944111818e+00
1.205805133944111818e+00
1.205805133944111818e+00
1.205805133944111818e+00
1.205805133944111818e+00
1.205805133944111818e+00
1.205805133944111818e+00
1.205805133944111818e+00
1.205805133944111818e+00
1.205805133944111818e+00
1.205805133944111818e+00
1.205805133944111818e+00
1.205805133944111818e+00
1.205805133944111818e+00
1.205805133944111818e+00
1.165272694865371550e+00
1.165272694865371550e+00
1.165272694865371550e+00
1.165272694865371550e+00
1.131637124069368783e+00
1.131637124069368783e+00
1.131637124069368783e+00
1.131637124069368783e+00
9.799138335200232586e-01
9.799138335200232586e-01
9.799138335200232586e-01
9.799138335200232586e-01
9.799138335200232586e-01
9.799138335200232586e-01
9.799138335200232586e-01
9.799138335200232586e-01
9.799138335200232586e-01
9.799138335200232586e-01
9.799138335200232586e-01
9.609235798858767330e-01
9.609235798858767330e-01
9.609235798858767330e-01
9.609235798858767330e-01
9.609235798858767330e-01
9.609235798858767330e-01
9.609235798858767330e-01
9.609235798858767330e-01
9.119683782613505763e-01
9.119683782613505763e-01
8.544434040032586886e-01
8.544434040032586886e-01
8.544434040032586886e-01
8.544434040032586886e-01
8.155672534375436600e-01
8.155672534375436600e-01
8.155672534375436600e-01
8.155672534375436600e-01
8.155672534375436600e-01
8.155672534375436600e-01
8.155672534375436600e-01
8.155672534375436600e-01
8.155672534375436600e-01
7.682334620835326033e-01
6.895618337215252414e-01
6.895618337215252414e-01
6.895618337215252414e-01
6.895618337215252414e-01
5.959397157805161882e-01
5.959397157805161882e-01
5.123827452688206607e-01
5.000964984559725934e-01
5.000964984559725934e-01
5.000964984559725934e-01
4.289460291705031181e-01
4.224397011635452892e-01
4.224397011635452892e-01
4.224397011635452892e-01
4.224397011635452892e-01
4.224397011635452892e-01
4.224397011635452892e-01
4.224397011635452892e-01
4.224397011635452892e-01
4.224397011635452892e-01
4.224397011635452892e-01
4.224397011635452892e-01
4.224397011635452892e-01
4.224397011635452892e-01
4.030473776368586614e-01
4.014607397493141772e-01
3.952684959498072303e-01
3.952684959498072303e-01
3.894596367262064818e-01
3.894596367262064818e-01
3.745546920528656787e-01
3.745546920528656787e-01
3.745546920528656787e-01
3.745546920528656787e-01
3.745546920528656787e-01
3.745546920528656787e-01
3.745546920528656787e-01
3.745546920528656787e-01
3.745546920528656787e-01
3.745546920528656787e-01
3.745546920528656787e-01
3.745546920528656787e-01
3.627190689113864441e-01
3.563538490733116904e-01
3.561329437376486995e-01
3.555715377875178773e-01
3.553189365987823312e-01
3.552223030524192526e-01
3.551873803795503326e-01
3.551746349028414573e-01
3.551702497063073394e-01
3.551683641979257455e-01
3.551681489869562558e-01
3.551679579758643124e-01
3.551677248150882371e-01
3.497972886946578708e-01
3.489562786283050277e-01
3.441560285501338301e-01
3.434380178469364497e-01
3.415269399555606045e-01
3.407889062289752302e-01
3.405484614474612037e-01
3.404551139711445851e-01
3.396954875064608914e-01
3.396954875064608914e-01
3.392308539770518827e-01
3.389171266898313717e-01
3.382919810141089556e-01
3.382919810141089556e-01
3.382919810141089556e-01
3.382919810141089556e-01
3.382907808124200333e-01
3.382883712094355011e-01
3.382874862925882575e-01
3.382874847073102931e-01
3.366100719293945165e-01
3.360543297969698640e-01
3.356436830788852022e-01
3.355629543570782802e-01
3.355469543152485579e-01
3.355439083486616014e-01
3.355430804246439247e-01
3.355430408866066916e-01
3.355430408866066916e-01
3.343956081652434964e-01
3.342869330190171850e-01
3.341233410117189773e-01
3.340125595455113450e-01
3.338118715634920131e-01
3.337523608292929378e-01
3.337431590724793118e-01
3.337417021244291626e-01
3.336978241462653649e-01
3.336544267453201984e-01
3.336425627854400222e-01
3.336369299980256331e-01
3.336348823966038268e-01
3.334865238719635916e-01
3.313544107451882326e-01
3.310759066483521806e-01
3.304644183209884400e-01
3.294608405530192186e-01
3.292139519083493449e-01
3.291425620501896576e-01
3.290879735451462951e-01
3.290787516596855866e-01
3.290787516596855866e-01
3.290561303403703453e-01
3.290527993462693535e-01
3.290407629589877647e-01
3.290405099431934488e-01
3.290405099431934488e-01
3.290388457950227385e-01
3.290341495818863704e-01
3.290326433467696265e-01
3.290322594018537661e-01
3.290322594018537661e-01
3.290304907347399999e-01
3.286750411592760934e-01
3.278758867479080741e-01
