1.670640327967699250e+03
1.017012668171407199e+03
8.070613898256858931e+01
3.682082367560228420e+01
1.661272419300733816e+01
1.661272419300733816e+01
1.661272419300733816e+01
3.729839615180935652e+00
3.729839615180935652e+00
2.595296036373175408e+00
2.595296036373175408e+00
2.595296036373175408e+00
2.568071238413784929e+00
2.568071238413784929e+00
2.568071238413784929e+00
2.568071238413784929e+00
2.568071238413784929e+00
2.179588235858385126e+00
2.179588235858385126e+00
2.179588235858385126e+00
2.179588235858385126e+00
2.179588235858385126e+00
2.179588235858385126e+00
2.179588235858385126e+00
2.179588235858385126e+00
2.179588235858385126e+00
1.954532947793885089e+00
1.954532947793885089e+00
1.810016498994514222e+00
1.752723092933659021e+00
1.752723092933659021e+00
1.752723092933659021e+00
1.752723092933659021e+00
1.752723092933659021e+00
1.752723092933659021e+00
1.752723092933659021e+00
1.514494664272059810e+00
1.514494664272059810e+00
1.514494664272059810e+00
1.514494664272059810e+00
1.514494664272059810e+00
1.514494664272059810e+00
1.514494664272059810e+00
1.514494664272059810e+00
1.514494664272059810e+00
1.514494664272059810e+00
1.514494664272059810e+00
1.514494664272059810e+00
1.514494664272059810e+00
1.514494664272059810e+00
1.514494664272059810e+00
1.514494664272059810e+00
1.464298238200352653e+00
1.464298238200352653e+00
1.464298238200352653e+00
1.464298238200352653e+00
1.464298238200352653e+00
1.382525447377491501e+00
1.382525447377491501e+00
1.382525447377491501e+00
1.382525447377491501e+00
1.382525447377491501e+00
1.382525447377491501e+00
1.382525447377491501e+00
1.382525447377491501e+00
1.382525447377491501e+00
1.382525447377491501e+00
1.382525447377491501e+00
1.382525447377491501e+00
1.328441504016287578e+00
1.328441504016287578e+00
1.328441504016287578e+00
1.328441504016287578e+00
1.262197949513656603e+00
1.219773155200442494e+00
1.202048384323486374e+00
1.193924608343484461e+00
1.189873182792079875e+00
1.187749664501033475e+00
1.186576010189199781e+00
1.185914424504908915e+00
1.185535693679713676e+00
1.185316871381508985e+00
1.185189923558525482e+00
1.166916406810267093e+00
1.153429152281534087e+00
1.153429152281534087e+00
1.153429152281534087e+00
1.153429152281534087e+00
1.153429152281534087e+00
1.153429152281534087e+00
1.145125753649007594e+00
1.145125753649007594e+00
1.145125753649007594e+00
1.138748466069876120e+00
1.138748466069876120e+00
1.110280615943178617e+00
1.110280615943178617e+00
1.106461732089812466e+00
1.103124645870563469e+00
1.102182219791744577e+00
1.100905844429987290e+00
1.099720643196263392e+00
1.098951760358646945e+00
1.098553279424763884e+00
1.098335425777372309e+00
1.098221293226078643e+00
1.098166921162251120e+00
1.098141433470672501e+00
1.098128721392059193e+00
1.090312441024359869e+00
1.090312441024359869e+00
1.090312441024359869e+00
1.090312441024359869e+00
1.085836521336168259e+00
1.085836521336168259e+00
1.085836521336168259e+00
1.072061616953881025e+00
1.071055334060540876e+00
1.071055334060540876e+00
1.067225584969491825e+00
1.066436368065519114e+00
1.066300803648827955e+00
1.066244977590971699e+00
1.066227080193598686e+00
1.066224357696857528e+00
1.066222605907241272e+00
1.066222382284259362e+00
1.066221556150039440e+00
1.066221556150039440e+00
1.066221535799742437e+00
1.060828477511598145e+00
1.033327567416754134e+00
1.022439558478473121e+00
1.018639024300881823e+00
9.878949955990822263e-01
9.719106209801907648e-01
9.269433906639078513e-01
7.959390537470512061e-01
7.328547923017940668e-01
6.860271396732987581e-01
6.746955999206318833e-01
6.579994680220802028e-01
6.575296283793964358e-01
6.548552093620060299e-01
6.520880749263865406e-01
6.507343481128157192e-01
6.372081889927728726e-01
6.372081889927728726e-01
6.372081889927728726e-01
6.321847384382431878e-01
6.315258013571827256e-01
6.312740098954021661e-01
6.312265924232577374e-01
6.312167532375035917e-01
6.307589036569768437e-01
6.307589036569768437e-01
6.303578051108705838e-01
6.258669899961509797e-01
6.225028388230990917e-01
6.218889060517203138e-01
6.214494387347440085e-01
6.212923246810481137e-01
6.209080685247720943e-01
6.199732738328949111e-01
6.198525493088331562e-01
6.198346761307900188e-01
6.198314198945173992e-01
6.198306918499093543e-01
6.198306918499093543e-01
6.198306918499093543e-01
6.198144350450476292e-01
6.196723759615679894e-01
6.196505015551371232e-01
6.196505015551371232e-01
6.196206874582771418e-01
6.196076899953910644e-01
6.195943707001768663e-01
6.195941705153218404e-01
6.195854889414885713e-01
6.195854889414885713e-01
6.195854889414885713e-01
6.195838229364605265e-01
6.195778334673139875e-01
6.195778334673139875e-01
6.195771742320865805e-01
6.195755105037682453e-01
6.195753744781830052e-01
6.195743753436984136e-01
6.195743753436984136e-01
6.195743753436984136e-01
6.195726231807603401e-01
6.195723470090133134e-01
6.195715165129813684e-01
6.195714705215045193e-01
6.195714705215045193e-01
6.195714705215045193e-01
6.195714666573337581e-01
6.195714165880160662e-01
6.195714165880160662e-01
