1.639996899844579730e+02
1.308135320209060524e+02
7.049995701218942656e+01
7.049995701218942656e+01
7.049995701218942656e+01
7.049995701218942656e+01
3.845690794176860550e+01
1.402747710139303550e+01
1.402747710139303550e+01
1.212617565788450769e+01
1.212617565788450769e+01
1.212617565788450769e+01
1.212617565788450769e+01
8.328072210454031676e+00
6.462888853862251537e+00
6.462888853862251537e+00
5.791737484554338344e+00
3.564316000503190640e+00
2.997253744575232304e+00
2.818336945899938328e+00
2.818336945899938328e+00
1.654484225896061478e+00
1.654484225896061478e+00
5.191600233135865716e-01
5.191600233135865716e-01
5.191600233135865716e-01
5.191600233135865716e-01
5.191600233135865716e-01
5.191600233135865716e-01
5.191600233135865716e-01
5.191600233135865716e-01
5.191600233135865716e-01
5.191600233135865716e-01
5.191600233135865716e-01
5.191600233135865716e-01
5.191600233135865716e-01
5.191600233135865716e-01
5.191600233135865716e-01
4.046707238874007184e-01
4.046707238874007184e-01
4.046707238874007184e-01
3.951844616231715013e-01
3.951844616231715013e-01
3.951844616231715013e-01
3.951844616231715013e-01
3.951844616231715013e-01
3.951844616231715013e-01
3.847644179164600442e-01
3.847644179164600442e-01
3.847644179164600442e-01
3.847644179164600442e-01
3.847644179164600442e-01
3.847644179164600442e-01
3.847644179164600442e-01
3.847644179164600442e-01
3.847644179164600442e-01
3.847644179164600442e-01
3.847644179164600442e-01
3.847644179164600442e-01
3.847644179164600442e-01
3.847644179164600442e-01
3.847644179164600442e-01
3.847644179164600442e-01
3.847644179164600442e-01
3.847644179164600442e-01
3.847644179164600442e-01
3.283697136904129565e-01
3.283697136904129565e-01
3.283697136904129565e-01
3.283697136904129565e-01
3.283697136904129565e-01
3.283697136904129565e-01
3.283697136904129565e-01
3.283697136904129565e-01
3.283697136904129565e-01
3.283697136904129565e-01
3.283697136904129565e-01
3.283697136904129565e-01
3.283697136904129565e-01
3.283697136904129565e-01
3.283697136904129565e-01
3.283697136904129565e-01
3.283697136904129565e-01
3.283697136904129565e-01
3.262427733981379530e-01
2.983165300098162831e-01
2.983165300098162831e-01
2.982591520082246150e-01
2.982591520082246150e-01
2.982591520082246150e-01
2.982591520082246150e-01
2.948918095271147455e-01
2.944639037759665401e-01
2.512776945475889145e-01
2.512776945475889145e-01
2.512776945475889145e-01
2.512776945475889145e-01
2.512776945475889145e-01
2.512776945475889145e-01
2.512776945475889145e-01
2.512776945475889145e-01
2.512776945475889145e-01
2.512776945475889145e-01
2.512776945475889145e-01
2.512776945475889145e-01
2.408794770512755201e-01
2.408794770512755201e-01
2.408794770512755201e-01
2.408794770512755201e-01
2.408794770512755201e-01
2.408794770512755201e-01
2.408794770512755201e-01
2.335359423621329589e-01
2.215815515517033929e-01
2.215815515517033929e-01
2.215815515517033929e-01
2.215436061681408941e-01
2.215436061681408941e-01
2.215436061681408941e-01
1.998916249013795998e-01
1.946824117159690615e-01
1.938981717323831067e-01
1.936341668947930694e-01
1.935288260591492282e-01
1.934872524745419042e-01
1.934716004709236825e-01
1.934658746836101506e-01
1.934634338136099474e-01
1.934624783874435150e-01
1.934618034409842369e-01
1.934618034409842369e-01
1.934618034409842369e-01
1.934552943446306572e-01
1.934532585450148279e-01
1.934525097128657056e-01
1.934521454651421390e-01
1.934519434062970944e-01
1.934519100700833605e-01
1.934519100700833605e-01
1.934519100700833605e-01
1.934519100700833605e-01
1.934518439536856427e-01
1.934518439536856427e-01
1.934518439536856427e-01
1.934518439536856427e-01
1.934518439536856427e-01
1.808719358811969324e-01
1.808719358811969324e-01
1.808719358811969324e-01
1.808719358811969324e-01
1.808719358811969324e-01
1.808719358811969324e-01
1.808719358811969324e-01
1.808719358811969324e-01
1.808719358811969324e-01
1.808719358811969324e-01
1.808719358811969324e-01
1.808719358811969324e-01
1.808719358811969324e-01
1.808719358811969324e-01
1.808719358811969324e-01
1.786813262239842215e-01
1.705099629537185080e-01
1.705099629537185080e-01
1.673025980530938872e-01
1.673025980530938872e-01
1.673025980530938872e-01
1.673025980530938872e-01
1.673025980530938872e-01
1.673025980530938872e-01
1.673025980530938872e-01
1.670595223244037142e-01
1.670595223244037142e-01
1.670595223244037142e-01
1.670595223244037142e-01
1.670595223244037142e-01
1.670595223244037142e-01
1.670595223244037142e-01
1.670595223244037142e-01
1.668761832150398028e-01
1.668656566723782098e-01
1.668643773009854947e-01
1.638402360715068840e-01
1.638402360715068840e-01
1.638402360715068840e-01
1.614615254652606302e-01
1.453979361679849092e-01
1.453979361679849092e-01
1.453979361679849092e-01
1.451528396069864391e-01
1.451528396069864391e-01
1.448590096446090991e-01
1.448515296262536944e-01
1.431462713056687874e-01
1.431462713056687874e-01
1.425723124104365802e-01
1.424848320042984562e-01
1.424848320042984562e-01
1.424848320042984562e-01
1.424835640339187359e-01
