2.255523942907828427e+01
1.183007302043713693e+01
1.183007302043713693e+01
1.183007302043713693e+01
1.183007302043713693e+01
1.183007302043713693e+01
1.183007302043713693e+01
6.700651572835038650e+00
6.700651572835038650e+00
6.593899079638090299e+00
5.936338721774065519e+00
4.128536673539825230e+00
2.616759116939351593e+00
2.616759116939351593e+00
2.616759116939351593e+00
2.616759116939351593e+00
1.405528153583587514e+00
1.405528153583587514e+00
1.405528153583587514e+00
1.405528153583587514e+00
1.405528153583587514e+00
1.405528153583587514e+00
1.405528153583587514e+00
1.405528153583587514e+00
1.405528153583587514e+00
1.316550110768509141e+00
1.316550110768509141e+00
1.316550110768509141e+00
1.316550110768509141e+00
1.316550110768509141e+00
1.316550110768509141e+00
1.316550110768509141e+00
1.316550110768509141e+00
1.316550110768509141e+00
1.316550110768509141e+00
1.316550110768509141e+00
1.316550110768509141e+00
1.316550110768509141e+00
1.316550110768509141e+00
1.316550110768509141e+00
1.316550110768509141e+00
1.191032693175186230e+00
1.191032693175186230e+00
1.191032693175186230e+00
1.191032693175186230e+00
1.129549868586406269e+00
1.129549868586406269e+00
1.129549868586406269e+00
1.129549868586406269e+00
1.129549868586406269e+00
1.129549868586406269e+00
1.023060200957608634e+00
1.023060200957608634e+00
1.001511278571877384e+00
1.001511278571877384e+00
1.001511278571877384e+00
1.001511278571877384e+00
1.001511278571877384e+00
1.001511278571877384e+00
9.612392983984724415e-01
9.612392983984724415e-01
9.612392983984724415e-01
9.223347784175054409e-01
9.223347784175054409e-01
9.223347784175054409e-01
9.223347784175054409e-01
9.223347784175054409e-01
9.223347784175054409e-01
9.223347784175054409e-01
9.223347784175054409e-01
8.330475614298850084e-01
8.330475614298850084e-01
8.330475614298850084e-01
8.330475614298850084e-01
8.330475614298850084e-01
8.330475614298850084e-01
8.330475614298850084e-01
8.330475614298850084e-01
8.330475614298850084e-01
7.601446587320432879e-01
7.329211332803440282e-01
7.329211332803440282e-01
7.329211332803440282e-01
7.329211332803440282e-01
7.329211332803440282e-01
7.329211332803440282e-01
7.329211332803440282e-01
7.329211332803440282e-01
7.327223700721168242e-01
7.327223700721168242e-01
7.327223700721168242e-01
7.327223700721168242e-01
7.327223700721168242e-01
7.327223700721168242e-01
7.235749435369051019e-01
7.235749435369051019e-01
7.235749435369051019e-01
7.156652302436247171e-01
6.979947024094911301e-01
6.979947024094911301e-01
6.979947024094911301e-01
6.979947024094911301e-01
6.979947024094911301e-01
6.979947024094911301e-01
6.979947024094911301e-01
6.979947024094911301e-01
6.979947024094911301e-01
6.979947024094911301e-01
6.779894145560193541e-01
6.212662357161646831e-01
6.212662357161646831e-01
6.212662357161646831e-01
6.212662357161646831e-01
6.212662357161646831e-01
6.212662357161646831e-01
6.212662357161646831e-01
6.212662357161646831e-01
6.212662357161646831e-01
6.212662357161646831e-01
6.212662357161646831e-01
6.212662357161646831e-01
6.212662357161646831e-01
6.153351303904834868e-01
6.153351303904834868e-01
6.153351303904834868e-01
6.144746300568632025e-01
6.144746300568632025e-01
6.144746300568632025e-01
6.144746300568632025e-01
6.144746300568632025e-01
6.144746300568632025e-01
6.144746300568632025e-01
6.144746300568632025e-01
6.144746300568632025e-01
6.144746300568632025e-01
6.144746300568632025e-01
6.144746300568632025e-01
6.144746300568632025e-01
6.122837504466220881e-01
6.122837504466220881e-01
5.960546490114244644e-01
5.960546490114244644e-01
5.960546490114244644e-01
5.951371115877542861e-01
5.938290210785757139e-01
5.935261698704136224e-01
5.934478567686654049e-01
5.934420028159843596e-01
5.934417622618614052e-01
5.934274204958849275e-01
5.934202742958115673e-01
5.884019337090122814e-01
5.762197048134243271e-01
5.762197048134243271e-01
5.762197048134243271e-01
5.664255062544943931e-01
5.610540621006032680e-01
5.607032813543597616e-01
5.606633354571968209e-01
5.561741317327848488e-01
5.526781367186135441e-01
5.516342372052693843e-01
5.514084471698867951e-01
5.507039841983860651e-01
5.436929677660590210e-01
5.364990029020457740e-01
5.355462498653230652e-01
5.353965350058186301e-01
5.353722279727787248e-01
5.353682964761373730e-01
5.353676929836214127e-01
5.353676031643622713e-01
5.319767442372448363e-01
5.319767442372448363e-01
5.319767442372448363e-01
5.319767442372448363e-01
5.319767442372448363e-01
5.319767442372448363e-01
5.319767442372448363e-01
5.319767442372448363e-01
5.319767442372448363e-01
5.311365082882496536e-01
5.309537669933568349e-01
5.309399111511176050e-01
5.309387623288516211e-01
5.309387623288516211e-01
5.290687806866148923e-01
5.270298604269060272e-01
5.270298604269060272e-01
5.270298604269060272e-01
5.270298604269060272e-01
5.270298604269060272e-01
5.270298604269060272e-01
5.270298604269060272e-01
5.267828141554179444e-01
5.235731149330795642e-01
5.142013186988858564e-01
5.141433193434750137e-01
5.141431543256279602e-01
5.047540758080066858e-01
