3.307316847960021846e+02
8.379518387669743618e+01
1.802376919192021631e+01
1.802376919192021631e+01
1.501421551040801816e+01
1.501421551040801816e+01
1.501421551040801816e+01
1.501421551040801816e+01
1.145284288032233455e+01
1.145284288032233455e+01
1.145284288032233455e+01
1.145284288032233455e+01
7.900437333918739924e+00
7.900437333918739924e+00
3.421361564245149367e+00
3.421361564245149367e+00
2.472559421354759479e+00
2.472559421354759479e+00
2.472559421354759479e+00
2.472559421354759479e+00
2.472559421354759479e+00
1.799614561259758716e+00
1.799614561259758716e+00
1.561761112369657312e+00
1.561761112369657312e+00
1.561761112369657312e+00
1.331126634699694611e+00
1.331126634699694611e+00
1.331126634699694611e+00
1.294138513804124146e+00
1.294138513804124146e+00
1.294138513804124146e+00
1.294138513804124146e+00
1.294138513804124146e+00
1.294138513804124146e+00
1.167096039825409104e+00
1.016402964192741454e+00
9.838954785887394916e-01
9.838954785887394916e-01
7.752047591105548641e-01
7.652647631576675602e-01
7.652647631576675602e-01
7.652647631576675602e-01
6.958679058133320217e-01
6.958679058133320217e-01
6.098592463160292798e-01
6.098592463160292798e-01
5.517147521770086049e-01
5.517147521770086049e-01
4.984296855519033120e-01
4.984296855519033120e-01
4.984296855519033120e-01
4.984296855519033120e-01
4.984296855519033120e-01
4.984296855519033120e-01
4.984296855519033120e-01
4.984296855519033120e-01
4.984296855519033120e-01
4.984296855519033120e-01
4.812680816625412028e-01
4.812680816625412028e-01
4.812680816625412028e-01
4.812680816625412028e-01
4.812680816625412028e-01
4.812680816625412028e-01
4.812680816625412028e-01
4.615647608229458965e-01
4.615647608229458965e-01
4.615647608229458965e-01
4.615647608229458965e-01
4.615647608229458965e-01
4.615647608229458965e-01
4.615647608229458965e-01
4.615647608229458965e-01
4.615647608229458965e-01
4.615647608229458965e-01
4.472721210171997086e-01
4.364055609923903623e-01
4.323764181942892360e-01
4.309026108598826843e-01
4.303262400125366649e-01
4.301227505816997421e-01
4.281816794114703950e-01
4.281816794114703950e-01
4.281816794114703950e-01
4.281816794114703950e-01
4.281816794114703950e-01
4.281816794114703950e-01
4.281816794114703950e-01
4.008540981049438789e-01
4.008540981049438789e-01
3.916956936599019223e-01
3.916956936599019223e-01
3.916956936599019223e-01
3.916956936599019223e-01
3.916956936599019223e-01
3.916956936599019223e-01
3.916956936599019223e-01
3.916956936599019223e-01
3.916956936599019223e-01
3.792097726244204048e-01
3.792097726244204048e-01
3.792097726244204048e-01
3.792097726244204048e-01
3.792097726244204048e-01
3.792097726244204048e-01
3.792097726244204048e-01
3.792097726244204048e-01
3.792097726244204048e-01
3.792097726244204048e-01
3.792097726244204048e-01
3.790858783903407470e-01
3.790858783903407470e-01
3.790858783903407470e-01
3.790858783903407470e-01
3.790858783903407470e-01
3.790858783903407470e-01
3.790858783903407470e-01
3.777521234797082683e-01
3.752357961084885063e-01
3.752357961084885063e-01
3.561666090672462315e-01
3.425235783398022371e-01
3.375153802807490666e-01
3.375153802807490666e-01
3.375153802807490666e-01
3.375153802807490666e-01
3.375153802807490666e-01
3.375153802807490666e-01
3.375153802807490666e-01
3.375153802807490666e-01
3.375153802807490666e-01
3.375153802807490666e-01
3.375153802807490666e-01
3.375153802807490666e-01
3.375153802807490666e-01
3.375153802807490666e-01
3.375153802807490666e-01
3.375153802807490666e-01
3.375153802807490666e-01
3.375153802807490666e-01
3.375153802807490666e-01
3.373688046431685406e-01
3.373688046431685406e-01
3.271046456722942475e-01
3.271046456722942475e-01
3.271046456722942475e-01
3.271046456722942475e-01
3.271046456722942475e-01
3.271046456722942475e-01
3.271046456722942475e-01
3.271046456722942475e-01
3.189818358174418278e-01
3.154768320007267368e-01
3.150044036419433757e-01
3.149146425834846719e-01
3.148957446790661141e-01
3.148910110363868919e-01
3.068835485880427316e-01
3.068835485880427316e-01
3.011520478587645377e-01
3.004480887421706603e-01
2.898734531263661429e-01
2.898734531263661429e-01
2.823539141520888807e-01
2.823539141520888807e-01
2.823068520418349769e-01
2.823068520418349769e-01
2.816789397108339643e-01
2.816021989591834251e-01
2.815930858809989057e-01
2.812029316211046570e-01
2.809407295518468461e-01
2.808588114855310458e-01
2.808476836415314537e-01
2.808465659407770598e-01
2.807978175449751257e-01
2.807819697990123209e-01
2.807730407302921893e-01
2.807704965264544716e-01
2.807703856908730922e-01
2.807630418430158148e-01
2.807533785523774195e-01
2.807498658305990769e-01
2.807484897589431205e-01
2.807480890489646441e-01
2.807475701735709372e-01
2.807475701735709372e-01
2.807475003622003640e-01
2.807471683991385469e-01
2.807466915743154767e-01
2.807466915743154767e-01
2.807465930472218263e-01
2.807465930472218263e-01
2.807465930472218263e-01
2.807465930472218263e-01
2.807465930472218263e-01
2.807465930472218263e-01
2.807465930472218263e-01
2.807465930472218263e-01
