3.699037425138439517e+01
1.764841141181985407e+01
1.400670198237365049e+01
1.400670198237365049e+01
1.400670198237365049e+01
1.373224186763957988e+01
1.373224186763957988e+01
1.373224186763957988e+01
1.373224186763957988e+01
1.236095014934170599e+01
1.236095014934170599e+01
1.236092915330443986e+01
9.950291840445533609e+00
9.574373551375305880e+00
6.403745312476494256e+00
6.403745312476494256e+00
6.403745312476494256e+00
6.403745312476494256e+00
6.403745312476494256e+00
6.403745312476494256e+00
6.252472720448111865e+00
6.053460149251339573e+00
5.737346640543813159e+00
5.737346640543813159e+00
3.956839417780199764e+00
3.956839417780199764e+00
3.101390429829196549e+00
3.101390429829196549e+00
3.101390429829196549e+00
2.239673223396237756e+00
2.239673223396237756e+00
2.239673223396237756e+00
2.239673223396237756e+00
2.239673223396237756e+00
2.239673223396237756e+00
2.007626938863110055e+00
1.474751361284684759e+00
1.464833137378457995e+00
1.231568296010213892e+00
1.231568296010213892e+00
1.231568296010213892e+00
1.231568296010213892e+00
1.231568296010213892e+00
1.231568296010213892e+00
1.231568296010213892e+00
1.231568296010213892e+00
1.231568296010213892e+00
1.231568296010213892e+00
1.231568296010213892e+00
1.190613465999367460e+00
1.190613465999367460e+00
1.190613465999367460e+00
1.190613465999367460e+00
1.148142854682276948e+00
1.148142854682276948e+00
1.148142854682276948e+00
1.148142854682276948e+00
1.148142854682276948e+00
1.028395957119162318e+00
1.028395957119162318e+00
1.028395957119162318e+00
1.028395957119162318e+00
1.028395957119162318e+00
1.028395957119162318e+00
1.028395957119162318e+00
1.028395957119162318e+00
1.028395957119162318e+00
1.028395957119162318e+00
1.028395957119162318e+00
1.022149896073260900e+00
9.609327589151838156e-01
9.609327589151838156e-01
9.609327589151838156e-01
9.529187149530558010e-01
9.529187149530558010e-01
9.308432113474256475e-01
9.308432113474256475e-01
9.308432113474256475e-01
9.308432113474256475e-01
9.308432113474256475e-01
9.308432113474256475e-01
9.308432113474256475e-01
9.097319140375492719e-01
9.097319140375492719e-01
9.097319140375492719e-01
9.097319140375492719e-01
9.097319140375492719e-01
9.097319140375492719e-01
9.097319140375492719e-01
9.097319140375492719e-01
9.014172216653013603e-01
9.014172216653013603e-01
9.014172216653013603e-01
8.903268551034317912e-01
8.903268551034317912e-01
8.903268551034317912e-01
8.322081608128764074e-01
8.191530866354408413e-01
8.191530866354408413e-01
8.191530866354408413e-01
8.191530866354408413e-01
8.191530866354408413e-01
8.191530866354408413e-01
8.191530866354408413e-01
8.191530866354408413e-01
8.191530866354408413e-01
8.191530866354408413e-01
8.130324717332579887e-01
8.065834611562900935e-01
8.046535669368026777e-01
8.038908333720262700e-01
8.037165878570471378e-01
8.036137834853267492e-01
8.035653986150488315e-01
8.035348305605696240e-01
7.416224825984634172e-01
7.416224825984634172e-01
6.986834700841610957e-01
6.914300347718321804e-01
6.401586219621049345e-01
6.401586219621049345e-01
6.401586219621049345e-01
6.401586219621049345e-01
6.401586219621049345e-01
6.401586219621049345e-01
6.401586219621049345e-01
6.401586219621049345e-01
6.401586219621049345e-01
5.989289996943086836e-01
5.853371847140710349e-01
5.821374147306339619e-01
5.812646416587020637e-01
5.809924872848666322e-01
5.734913754730044388e-01
5.658742576151678527e-01
5.472360192642860000e-01
5.439613959360181106e-01
5.368697897190903845e-01
5.368697897190903845e-01
5.350421991081929507e-01
5.350421991081929507e-01
5.350421991081929507e-01
5.299528457276254656e-01
5.297229405789574130e-01
5.297229405789574130e-01
5.297229405789574130e-01
5.297229405789574130e-01
5.288238058557110932e-01
5.246754273615602537e-01
5.246754273615602537e-01
5.220678460645513663e-01
5.220480645880544168e-01
5.104620806764947893e-01
5.002534946521685066e-01
4.970963028299041353e-01
4.865828501934954531e-01
4.839733647147921314e-01
4.833729579064148241e-01
4.832493335186781036e-01
4.812732067523688984e-01
4.800518252715481049e-01
4.795849197381351070e-01
4.793600780792509619e-01
4.783485263974369683e-01
4.743811967038303323e-01
4.727429114157595258e-01
4.674337343200903883e-01
4.631723898554157559e-01
4.614402378126208348e-01
4.580469830367979722e-01
4.569749934502199129e-01
4.558330039088815955e-01
4.551321082970776200e-01
4.545812461563784046e-01
4.514360015084815103e-01
4.508699555055902253e-01
4.507865214836296874e-01
4.475876111683288472e-01
4.459435342415469239e-01
4.443944491205115144e-01
4.428520800695217030e-01
4.420458399122080828e-01
4.401762913394811072e-01
4.396232507355048447e-01
4.387326253916781216e-01
4.375330053210011449e-01
4.364092521134780300e-01
4.355942970752476606e-01
4.347829758153584079e-01
4.344761680437284057e-01
4.325121185231364240e-01
4.324436088916052690e-01
4.319064873503917212e-01
4.318307987241357671e-01
4.318307987241357671e-01
4.315821737512862688e-01
4.314092351512626711e-01
4.306721220769103020e-01
4.303886251017420284e-01
4.294882746377837179e-01
