8.142313763038563934e+01
4.057742289842276051e+01
4.057742289842276051e+01
4.057742289842276051e+01
4.057742289842276051e+01
4.057742289842276051e+01
2.712492251869164761e+01
1.724328827314386459e+01
1.435323977806898377e+01
1.329116248122292454e+01
1.329116248122292454e+01
1.144774793323654904e+01
9.621108101759482167e+00
9.621108101759482167e+00
9.621108101759482167e+00
9.152304146501535342e+00
4.528652560773669400e+00
1.815701717933064563e+00
8.250395832283797803e-01
8.250395832283797803e-01
8.250395832283797803e-01
7.053386168473647633e-01
7.053386168473647633e-01
5.444574710132931150e-01
5.328976394497474400e-01
5.328976394497474400e-01
5.328976394497474400e-01
5.328976394497474400e-01
5.328976394497474400e-01
5.328976394497474400e-01
5.328976394497474400e-01
5.328976394497474400e-01
5.328976394497474400e-01
5.328976394497474400e-01
5.328976394497474400e-01
5.328976394497474400e-01
3.239215477519282738e-01
3.239215477519282738e-01
3.239215477519282738e-01
3.239215477519282738e-01
3.239215477519282738e-01
2.802054844724198301e-01
2.465340745199821604e-01
2.465340745199821604e-01
2.465340745199821604e-01
2.465340745199821604e-01
1.428379055164134825e-01
1.401320687003655419e-01
1.401320687003655419e-01
1.401320687003655419e-01
1.240932916182008322e-01
1.240932916182008322e-01
1.176254436784458235e-01
1.176254436784458235e-01
1.176254436784458235e-01
1.176254436784458235e-01
1.176254436784458235e-01
1.176254436784458235e-01
1.176254436784458235e-01
1.176254436784458235e-01
1.176254436784458235e-01
1.176254436784458235e-01
1.176254436784458235e-01
1.176254436784458235e-01
1.176254436784458235e-01
1.176254436784458235e-01
1.176254436784458235e-01
1.176254436784458235e-01
1.176254436784458235e-01
1.176254436784458235e-01
1.176254436784458235e-01
1.176254436784458235e-01
1.176254436784458235e-01
1.162712300238697288e-01
1.162712300238697288e-01
1.162712300238697288e-01
1.162712300238697288e-01
1.162712300238697288e-01
1.162712300238697288e-01
1.140158893952257363e-01
1.140158893952257363e-01
1.140158893952257363e-01
1.140158893952257363e-01
1.140158893952257363e-01
1.115696812035993218e-01
1.115696812035993218e-01
1.115696812035993218e-01
1.115696812035993218e-01
1.115696812035993218e-01
1.115696812035993218e-01
1.115696812035993218e-01
1.115696812035993218e-01
1.115696812035993218e-01
1.110584832914754544e-01
1.107630948846613922e-01
1.107630948846613922e-01
1.107630948846613922e-01
1.107476152490511484e-01
1.107476152490511484e-01
1.107476152490511484e-01
1.106727609495017917e-01
1.106521831274093759e-01
1.106521831274093759e-01
1.106521831274093759e-01
1.106415710528835944e-01
1.106366093060393990e-01
1.106343800184148435e-01
1.106332246797607777e-01
1.106327205128032759e-01
1.106324967924381120e-01
1.106323887142863643e-01
1.106323409906570659e-01
1.106323352590623532e-01
1.106323140674284611e-01
1.106323108810710748e-01
1.106323108810710748e-01
1.106323108810710748e-01
1.106323094195529322e-01
1.106323094195529322e-01
1.106323094195529322e-01
1.106323094195529322e-01
1.106323094195529322e-01
1.106323094195529322e-01
1.106323094195529322e-01
1.106323086146009937e-01
1.106323086146009937e-01
1.106323086146009937e-01
1.106323086146009937e-01
1.106323086146009937e-01
1.060064128716072668e-01
1.060064128716072668e-01
1.060064128716072668e-01
1.060064128716072668e-01
1.060064128716072668e-01
1.060064128716072668e-01
1.060064128716072668e-01
1.060064128716072668e-01
1.060064128716072668e-01
1.060064128716072668e-01
1.060064128716072668e-01
1.060064128716072668e-01
1.060064128716072668e-01
1.054326933430174834e-01
1.054326933430174834e-01
1.034645330287899123e-01
1.011947068212421252e-01
1.011947068212421252e-01
1.011947068212421252e-01
1.011947068212421252e-01
1.011947068212421252e-01
1.011947068212421252e-01
1.011947068212421252e-01
1.011947068212421252e-01
1.011947068212421252e-01
1.011947068212421252e-01
1.011947068212421252e-01
1.011775069748999389e-01
1.011016541745886899e-01
1.010834989543100970e-01
1.010796819302433869e-01
1.010786028295420774e-01
1.010786028295420774e-01
1.010786028295420774e-01
1.010784015373946410e-01
1.010784015373946410e-01
1.010784015373946410e-01
1.010780333815343157e-01
1.010779398352468494e-01
1.010779398352468494e-01
1.010779398352468494e-01
1.010779301876266884e-01
1.010779164183078366e-01
1.010779164183078366e-01
1.010779164183078366e-01
1.010779164183078366e-01
1.010779164183078366e-01
1.010779164183078366e-01
1.010779164183078366e-01
1.010779164183078366e-01
1.010779164183078366e-01
1.010779135791726596e-01
1.010779135791726596e-01
1.010779135791726596e-01
1.010779135791726596e-01
1.009072253227888405e-01
1.009072253227888405e-01
1.009072253227888405e-01
1.004972124282706991e-01
1.004698123188805942e-01
1.004684551416861055e-01
1.004683807098822462e-01
1.004683773358518578e-01
1.004683581851966157e-01
1.004151390468813049e-01
1.003112653102920249e-01
9.946476637156835554e-02
9.946476637156835554e-02
9.932162108986729299e-02
9.911962481291496097e-02
9.901077780414060947e-02
