-4.600620097496183725e+00
-1.279299675751333742e+00
-4.397505742488458935e+00
-6.637136284367748829e+00
-2.770898039254014567e+00
1.224892252801483616e+00
-6.052337033031681024e+00
-1.886286575872021087e+00
1.256380133124170184e+00
-6.917115936689273603e+00
-1.411271712418415758e+00
-4.766103611181829791e+00
-2.879885239817287612e+00
-1.502630411120979004e-01
-3.199253965254059029e+00
-1.712207860543757620e+00
-2.597392704616912074e+00
-5.748009480099374180e+00
-4.312802737118173191e+00
9.317511490290384391e-01
-9.059468580437396668e+00
-3.138584683750503590e+00
-9.973242333266490789e+00
-3.854227315507497309e+00
3.895353976481706337e-01
-6.153436749318427879e+00
-3.198083202950693149e+00
-6.993394632104729780e+00
-4.799530811177270095e+00
-6.288712209696425859e+00
-3.983468747712276770e+00
-1.050967415968276364e-01
-5.978771851677987748e+00
-1.000000000000000000e+00
8.758360342861164216e-02
-5.407805049355062010e+00
-1.590617713219279361e+00
-9.907358808515462703e-03
-5.762554754130607471e+00
-3.084430024210189636e+00
7.084939622468211518e-01
-7.650309749689759187e+00
-4.021259986299170919e+00
-7.764467161577929266e-01
-2.774670712433030539e-01
-4.663848763805611419e+00
-5.711181230886563043e+00
-4.287497729635735944e+00
-1.544889350214877499e+00
-8.362820812637233203e+00
-3.881719945867530885e+00
1.682801818260758697e+00
-8.500004058166499732e+00
-2.317004770824699911e+00
8.248481011058024226e-01
-5.489326937101993487e+00
-2.898618938867628447e+00
8.050369129668774049e-01
-6.275766986612618226e+00
-1.415403515488616204e+00
-1.507983530957434981e+00
-7.950599291769855803e+00
2.388817466551305946e-02
-4.738975065191151081e+00
-3.920818753952374891e+00
-5.313518536907156253e+00
-3.448797880237014279e+00
-6.647904105645003447e+00
-2.068209172193264056e+00
-5.110321952634907738e+00
-1.458964805257068953e+00
-6.401691289031075094e+00
-2.111101047264555941e+00
-7.445967469527596805e+00
-2.824930952180564336e+00
-5.367186322761420492e+00
-3.454629996308398621e+00
-7.970682664213818214e+00
-2.423152006511991363e+00
-4.148923579118511284e+00
-1.302204923163646555e+00
-4.994499524845202210e+00
-3.999665362049326767e+00
-2.015863256814257376e+00
-1.764211731012811812e+00
-3.872496349711969099e+00
-3.707921734717021245e+00
-2.182220297536677123e+00
-1.903344423672195029e+00
-4.317572694186397442e+00
-4.540337070462211244e+00
-2.939905062875663777e+00
-4.382049559704491060e+00
-4.270654774204549753e+00
-3.801018044018056319e+00
1.771321726779247818e+00
-3.103727077851492488e+00
-2.987154428372408077e+00
1.048364834097627041e+00
-5.186400896872175537e+00
-1.827172857275204843e+00
1.901689937505041117e+00
-5.586475310484686041e+00
-3.873183948999464832e+00
-5.883681609792381639e-01
