-7.606051671158023275e+00
-2.334228627020833002e+00
-4.394746286937692759e+00
-7.092526035222821434e+00
-3.476648784689440497e+00
-1.966858506519693517e+00
-5.457726425561753913e+00
-2.829680649659763070e+00
1.533700368359584010e-01
-7.067403336650085244e+00
-2.460604640423090128e+00
-5.748714290062530985e+00
-1.000000000000000000e+00
-9.188522841838304978e-03
-2.957509353510805017e+00
-2.404658345066955860e+00
-4.000000000000000000e+00
-5.820184979762192512e+00
-1.876088641210918340e+00
1.410997143349701499e+00
-9.301029995663981254e+00
-2.787978620377986161e+00
-9.771768675555268402e+00
-3.735695747361173602e+00
7.802326230181870770e-01
-5.135553392900781944e+00
-3.837972731141918281e+00
-3.737296664898686505e+00
-5.000000000000000000e+00
-6.954211993728730334e+00
-3.863950820435635425e+00
-3.671957871071962476e-01
-6.991241934817701953e+00
-3.296004047597793196e+00
-1.957042634567912165e+00
-4.180696175594915687e+00
-3.109018130829242388e+00
1.272186752976355584e-01
-4.407527687931021454e+00
-3.739653144224093673e+00
6.051097542339155533e-01
-8.312658349423344362e+00
-3.322937609446845020e+00
-1.875041854869988756e+00
3.206960829815779235e-01
-2.596994774760311930e+00
-5.483648291598491653e+00
-2.660290913403475344e+00
-4.692643881996745314e-01
-6.468666732512009077e+00
-2.852290914241992326e+00
1.272368994215546056e+00
-7.292731813510653360e+00
-2.187837630173245618e+00
1.259669022501639681e-02
-5.000000000000000000e+00
-4.329258494601202045e+00
-4.951274880391559052e-01
-5.716852520234449564e+00
-4.487557627315133857e+00
-2.000000000000000000e+00
-4.001530462238639174e+00
-2.904046633264133259e+00
-6.595700956865130138e+00
-2.326116045958895207e+00
-6.464052012328960650e+00
-6.151712156662261233e-01
-4.767533754843175764e+00
0.000000000000000000e+00
-4.941095146984590514e+00
-1.770619230588155624e+00
-5.028600724620042151e+00
-1.949149716881401373e+00
-5.173107246517093749e+00
-1.041917010929632070e+00
-5.625127061024425501e+00
-2.599473111575442363e+00
-7.706640042612729502e+00
-1.741163262355768515e-01
-5.928130489558858685e+00
-2.485911964342099267e+00
-4.757934086551277808e+00
-2.125983274440767179e+00
-2.360509412058713785e+00
-1.046647548498854663e+00
-4.740433224551131808e+00
-2.540050543397147642e+00
-5.690196149515636570e+00
-1.001734805687243712e+00
-4.192620340304520354e+00
-1.105057283921017985e+00
-4.446500894234305612e+00
-1.888055766929034318e+00
-3.943626600479657185e+00
-3.639153818784189642e+00
1.078952538745212131e+00
-4.296584607439860370e+00
-4.648805674557087819e+00
2.561914312343402056e+00
-6.276916276528602623e+00
-2.872731341126374627e+00
2.994643834105505942e+00
-2.544068022635552317e+00
-2.729874879559103018e+00
8.252353532856898655e-01
