-5.824807904895011212e+00
-2.774301534228084787e+00
-5.165315786109665019e+00
-6.655787694430763679e+00
-3.687916133751354408e+00
1.140856083121867037e+00
-6.448004778915238155e+00
-3.336439585984996903e+00
-1.182325943615307962e+00
-6.009619768689146824e+00
-2.817595698433618789e+00
-6.650594264948430201e+00
-2.492665442575226820e+00
-2.548829670023051164e-01
-4.000000000000000000e+00
-2.495927321961483258e+00
-2.243411450142079211e+00
-8.199428612318572007e+00
-2.289313301381417975e+00
-3.134276978883381859e-01
-7.599911647837381601e+00
-2.590936628885895932e+00
-7.520706012250401251e+00
-2.138130782150345244e+00
-2.690752012624543776e-01
-5.779608068275869925e+00
-3.767680922187515602e+00
-5.638560704353674069e+00
-3.772700658057158041e+00
-7.086998102405302369e+00
-4.185210286424325687e+00
1.148206322676397217e+00
-6.534397128041404379e+00
-3.122085303287354119e+00
-3.952970715940632984e-01
-5.453613116079096379e+00
-1.054089269505735782e+00
1.126943835786446302e+00
-5.771540372343747727e+00
-3.753363515496725533e+00
-4.121250808821533829e-01
-7.260266664482071697e+00
-3.534123683429119644e+00
-1.039297698569277895e+00
-1.443652326977901357e+00
-3.455196941811668587e+00
-6.379610216185307436e+00
-3.207508000589339492e+00
3.581265319359434041e-01
-6.677087875873414902e+00
-2.229643038898832419e+00
7.738607619515480707e-01
-8.871490024774040251e+00
-1.618077088587353662e+00
1.799741596936435650e+00
-7.949848052310757751e+00
-3.342895972811789296e+00
6.439789530308251408e-02
-8.212927855849015302e+00
-1.769870970924062981e+00
2.391912622523857390e-01
-5.964759102112028089e+00
-7.898842342193354016e-01
-6.155640180361464431e+00
-6.739724697069245929e-01
-4.743521670593334960e+00
-3.410220263307495614e+00
-5.594857966122720683e+00
-2.258692651564216280e+00
-6.150795915570911099e+00
-1.402772395728866472e+00
-6.887799291798551771e+00
-1.003186425843607621e+00
-6.048867438754801817e+00
-2.843910672906795778e+00
-5.917555892116665994e+00
-1.264331912110427281e+00
-5.743105246401919217e+00
-3.638652834986470186e+00
-6.227786032892852930e+00
-2.352598245505227670e+00
-3.954290691318230522e+00
-2.341076969366744365e+00
-3.345634073836335265e+00
-1.856916440576694471e+00
-4.401696675786399560e+00
-1.882337619016619001e+00
-2.492336780396893214e+00
-2.492400815703058381e+00
-3.536200354201427309e+00
-5.000000000000000000e+00
-2.846757449019294839e+00
-4.278067885442119689e+00
-5.378705908536796976e+00
-1.866127069167953234e+00
7.886225757515948898e-01
-2.723266724372718883e+00
-3.576067616991047693e+00
1.455137497047946482e+00
-5.082516053318358651e+00
-3.840409246979297642e+00
5.621242312102888716e-01
-4.440515882253166957e+00
-2.179462927268184913e+00
-8.878794320806293605e-02
