-6.977460647435238528e+00
-3.136345637829072164e+00
-4.642468382893511603e+00
-7.458076182600605009e+00
-4.240070484563478459e+00
-8.507224620131556558e-02
-5.466487140933977251e+00
-3.510853401828091247e+00
1.144385871301585755e+00
-6.714272702925852876e+00
-4.253560790843795125e+00
-6.229951523414968939e+00
-2.346534745358388463e+00
-1.273929959706396220e+00
-3.003777870751409118e+00
-1.434547362606339416e+00
-2.046206035904440057e+00
-5.592751651664140233e+00
-3.173499397882423523e+00
1.088385109725581446e-01
-7.479063482078375458e+00
-2.049841470996636605e+00
-6.776693974561792011e+00
-2.166524538685266066e+00
-1.341515810704703382e+00
-7.133801939743896092e+00
-2.697195775660379713e+00
-3.634594600560371536e+00
-3.972382898481253477e+00
-6.633451529352163867e+00
-2.709269705258430694e+00
1.838005546334435525e-01
-5.526787408658854872e+00
-4.154041763628959494e+00
-1.761893150268970309e+00
-4.294775795380286532e+00
-2.637236251546824839e+00
-1.199472460489768716e-01
-5.451874226751991515e+00
-2.802057805116221711e+00
1.278244907038974532e-01
-7.353275509705574642e+00
-3.323299064250050616e+00
5.713045385800272769e-01
-3.424953209523657338e-01
-2.090920430308264688e+00
-6.646279000198405562e+00
-4.327848981488922497e+00
3.347750257513747441e-01
-6.519767158244277105e+00
-3.516567514785707171e+00
-1.035132764614634437e+00
-6.044377160840068264e+00
-4.050531103042276371e+00
-6.181679548972897342e-02
-7.894980396459706284e+00
-1.974877867815168830e+00
-5.693327294208622158e-01
-5.575415981632904305e+00
-2.757441706136071424e+00
-1.449647379549401927e-01
-5.618267866100356223e+00
-5.470905779207066999e-01
-4.717148923311736297e+00
-2.231182710384392642e+00
-4.643919750668747959e+00
-2.876784146721675928e+00
-5.948155324660474363e+00
-3.578793951777083926e+00
-6.957888746145680869e+00
-1.865274854997095666e+00
-4.111524709191080262e+00
-2.521087636940022580e+00
-6.176882141079191868e+00
-2.523945962741658722e+00
-6.108619460484407071e+00
-3.091081388705802180e+00
-5.224343288242064176e+00
-6.178255967418824213e-01
-6.134950038401500549e+00
-1.617876557273242533e+00
-3.759751426408791897e+00
-4.039869600250410642e+00
-3.274596322645188629e+00
-2.579974030081709557e+00
-3.772144113853756142e+00
-4.193419875932180574e+00
-4.799600470116217821e+00
-1.898656458185142393e+00
-4.934387653196615098e+00
-1.708770146943261681e+00
-3.074567899964141038e+00
-2.490219582391625330e+00
-4.035978124682209511e+00
-2.072490814582824470e+00
2.012007480062467657e+00
-5.141289112710672349e+00
-1.457996762660722645e+00
5.535248503533803932e-01
-4.589913893021384972e+00
-2.221911710321290645e+00
8.213531562800395758e-01
-4.443927663996428024e+00
-1.863355236962821238e+00
3.049856347603192019e-01
