-6.619509756761948083e+00
-3.153761015813794533e+00
-3.874317125403885509e+00
-7.482508062741183075e+00
-2.829047014082300748e+00
9.687273946452163997e-01
-5.145502110351242386e+00
-4.834453920429561791e+00
-2.000000000000000000e+00
-6.331296580920582784e+00
-3.789081303673199397e+00
-6.019203614529551771e+00
-3.190509301741001114e+00
-5.932982817379757190e-01
-2.046638927227193427e+00
-1.730262042627584096e+00
-1.502835022051721481e+00
-5.532507671803765348e+00
-3.485485509407215243e+00
1.059485840144123725e-01
-8.287933393855443143e+00
-1.005864752508647042e+00
-8.773331937559175842e+00
-3.088364076729501750e+00
6.639305528496834974e-01
-6.255622813578303187e+00
-2.682246602516632272e+00
-3.154901959985743076e+00
-4.172579585888778197e+00
-5.397807204263375347e+00
-2.292924789087816162e+00
-7.306060478338983755e-01
-7.134287600369839666e+00
-2.384123506631166123e+00
-1.635469859828724060e+00
-5.500364029695764323e+00
-3.080944259975555877e+00
-1.119703410645976671e+00
-7.139891901117374928e+00
-3.822248629217245508e+00
8.226366137022897984e-01
-6.361329949897837288e+00
-1.278103718336117689e+00
2.000000000000000000e+00
-4.635637351899298819e-01
-1.992394368386962711e+00
-5.000000000000000000e+00
-2.196131117828189705e+00
-8.823902546384052581e-01
-6.666274290820828341e+00
-3.321358687775692431e+00
2.076289492615597532e-01
-6.953194033177174660e+00
-4.118484499046656921e+00
6.655409954129410943e-01
-7.516647436175611929e+00
-2.235394108606829633e+00
-4.105523826494643647e-01
-8.153804747597995117e+00
-2.734300013955242026e+00
-2.000000000000000000e+00
-6.096669245884808852e+00
-8.548714338467949814e-01
-5.016250142491365693e+00
-2.694710005193205138e+00
-7.456006445730135823e+00
-2.241809012330821194e+00
-8.000000000000000000e+00
-1.436358157320190898e+00
-4.389977022558927189e+00
-2.310535630408425689e+00
-5.133864390730565219e+00
-2.099478618654247786e+00
-7.105916518091960121e+00
-1.275776255704442530e+00
-6.184397560217838929e+00
-3.496103043350691664e+00
-5.704259373715717452e+00
-1.787373351552928424e+00
-5.369356292383690388e+00
-9.339015190177198944e-01
-4.512369393738670631e+00
-1.000000000000000000e+00
-4.004665686443106942e+00
-3.286308218276648763e+00
-4.325571571783099145e+00
-1.918653693582774489e+00
-4.919177837761154137e+00
-2.419661516199600015e+00
-4.957029423602794971e+00
-2.580512799628492449e+00
-3.003972193335827434e+00
-1.603033656510877147e+00
-5.273724561322639559e+00
-3.583395072806513593e+00
2.115241999257138517e+00
-2.544068022635552317e+00
-1.891840009530451727e+00
1.476388730350098655e+00
-6.423823985730613195e+00
-3.426656172216790530e+00
1.691001216089591752e+00
-5.287342586341474693e+00
-3.961758166988357477e+00
1.250952041734490816e+00
