-8.226638576337835573e+00
-4.994487118695234429e+00
-4.191553808906759215e+00
-4.537700577935670943e+00
-2.245942247440388062e+00
-9.997823721480405545e-01
-6.003514030159154302e+00
-2.636163150332402783e+00
-6.099158626813050432e-01
-4.336121993201039082e+00
-3.115642665752352602e+00
-5.032459659476485214e+00
-3.377409151672086551e+00
-8.659005759032085692e-01
-3.222036674346965057e+00
-2.544891455001074831e+00
-6.567323044017822076e-01
-4.464433429675264797e+00
-3.598213857344080502e+00
-6.556852034009718055e-01
-6.212166820359477093e+00
-4.310320215159963553e+00
-6.677189722184683873e+00
-3.231162398864030116e+00
-7.863137451625784591e-02
-6.848120039277523219e+00
-2.768589038873185970e+00
-4.377124863652347209e+00
-4.340758859409196369e+00
-6.914048391060802601e+00
-2.254700413240874557e+00
-5.369140480138682170e-01
-6.277547656438930090e+00
-1.099999152737083152e+00
-3.000000000000000000e+00
-6.497017479030866127e+00
-3.866004062755969528e+00
-2.443865415554784953e-03
-7.028754393235796094e+00
-3.277093532740876558e+00
-1.072408533075921877e+00
-7.864278387721936880e+00
-1.356307780514270922e+00
-6.387357655077917640e-01
-1.404324105487139818e+00
-4.622719037659798857e+00
-6.917654143131453992e+00
-1.442249111529139594e+00
1.175071946654605848e-01
-6.559639903562028529e+00
-2.884930647796733361e+00
4.127850049312913883e-01
-8.037095359617492107e+00
-4.514094602223006625e+00
-1.319740240261935149e-01
-7.203204012152787605e+00
-1.782017825852961757e+00
1.224938759881936567e+00
-8.480652102895048117e+00
-2.335933658515098266e+00
1.627785512385702127e+00
-5.090483166865211295e+00
-2.955144863069591565e+00
-5.942465238804500949e+00
7.751843012194906124e-02
-7.923118376446163680e+00
-2.969270973709373873e+00
-5.121401149619826398e+00
-2.334044955602580629e+00
-7.639340030988654107e+00
-2.615822752757539948e+00
-4.738761335479641623e+00
-1.490383139352803976e+00
-5.139720583366765183e+00
-2.039001711249517790e+00
-6.974251559542931744e+00
-2.032197200361085976e+00
-6.583825820465063039e+00
-5.243697736315342528e-01
-5.469171701477141490e+00
-2.178053847739244819e+00
-4.987128726028651649e+00
-2.594204240153135999e+00
-4.168664021358614136e+00
-1.434014150495616313e+00
-3.994774684693176425e+00
-4.586635191184008420e+00
-3.987477352880252734e+00
-2.515138655287560088e+00
-3.995858234373163675e+00
-2.001611626663146293e+00
-3.412300436433426398e+00
-2.137146535328954933e+00
-6.544068022635552317e+00
-4.031901208868477582e+00
-1.379703889753071955e-01
-2.544068022635552317e+00
-1.422434595785123879e+00
1.722458467173539232e+00
-5.158316199492051446e+00
-3.860278144174476456e+00
-4.578403764418828015e-01
-5.764770457207287535e+00
-3.092810259504700898e+00
6.297249704175421625e-01
