-8.397907934288463494e+00
-1.000000000000000000e+00
-5.530442470422624268e+00
-7.999992709876186048e+00
-4.283673428450636145e+00
1.169322674045360611e+00
-5.902530827060202157e+00
-1.975974738355239069e+00
2.252736477972031581e-01
-4.982282137835349012e+00
-2.933482025374723356e+00
-6.942415948000872028e+00
-3.186964727913683237e+00
-5.146745840744060274e-01
-3.575955601171110221e+00
-6.977701370968345529e-01
-1.894276623342471488e+00
-5.127903165186784129e+00
-4.890952069088258192e+00
-2.335049535856884295e-01
-5.755116211980124241e+00
-4.999971055209039505e+00
-1.030102999566398125e+01
-3.185235175764235649e+00
-6.927471741023494278e-01
-6.194779423769563031e+00
-5.000000000000000000e+00
-3.154901959985743076e+00
-4.486902366182726531e+00
-6.996262250846877251e+00
-1.000000000000000000e+00
-6.396046585540002827e-01
-7.263584849708612623e+00
-2.810762094580655290e+00
-3.332401852910997220e-01
-5.538663277934282370e+00
-1.039145384266980221e+00
-1.277227205288812284e-01
-8.000000000000000000e+00
-1.980857904132233394e+00
-5.731052181777285953e-02
-5.522882486966302906e+00
-1.466264395853359659e+00
3.594318176695213696e-01
-5.442773088921274427e-01
-3.454359848051779203e+00
-8.384099677603602530e+00
-3.840797214100436729e+00
-2.000000000000000000e+00
-7.266949970619797305e+00
-2.161673843499450687e+00
1.230849974150402426e+00
-7.474118790911378873e+00
-5.000000000000000000e+00
-1.847029173476558483e+00
-7.625067706845863214e+00
-4.213755319812531042e+00
-5.539115799457015044e-01
-5.000000000000000000e+00
-5.000000000000000000e+00
-2.000000000000000000e+00
-7.146688992601533563e+00
-2.320282445823186102e+00
-6.998976431319591462e+00
-2.683988282031163575e+00
-4.000000000000000000e+00
-3.262219932086357410e+00
-5.724616867492176908e+00
-1.768371847775921379e+00
-5.620908850554501512e+00
-8.662415359453192742e-01
-5.211837185305487452e+00
-2.162365334512937221e+00
-6.440676680840373258e+00
-1.781893799110086496e+00
-7.862335157262728913e+00
-3.203954241915710988e+00
-4.924490961681223133e+00
-2.722180049013987357e+00
-5.936255884853267162e+00
-1.663584611274476099e+00
-4.854331218003505199e+00
-3.096691577278823271e+00
-4.261154559699876110e+00
-1.000000000000000000e+00
-4.054394470119225602e+00
-2.239659410608493495e+00
-5.532036851066740368e+00
-2.323072842050391884e+00
-2.642694206374132104e+00
-4.178234960808706155e+00
-4.887655067148386046e+00
-1.603512149097078954e+00
-3.171977165693835587e+00
-3.808938174774872287e+00
1.682075505499205814e+00
-2.545457653571153500e+00
-4.202192035489772159e+00
1.614960626771276830e+00
-6.544068022635552317e+00
-2.151228680883347177e+00
-6.133764369507430647e-01
-3.729886277690420027e+00
-1.000000000000000000e+00
5.473106740047540830e-01
