-6.709292529501910352e+00
-3.252738995326871496e+00
-5.274843032539309640e+00
-7.317510363145991903e+00
-3.726670690837409872e+00
1.036497033168288562e+00
-4.635435676155749363e+00
-2.467832345612976930e+00
2.109731687975124059e-01
-5.705427386674466028e+00
-3.041645717373095081e+00
-6.226656753579956849e+00
-3.442495514003864887e+00
-1.006013897986719474e+00
-3.975894114292064074e+00
-2.412131106774605627e+00
-3.589052155258896093e+00
-4.998971905550689598e+00
-2.503984026013998498e+00
-2.715034837147419777e-01
-6.202548698637233571e+00
-2.481722757122044154e+00
-8.193992843235816892e+00
-2.677050431375395778e+00
2.000000000000000000e+00
-5.239348271412641367e+00
-1.453479456880497844e+00
-4.821695362470984847e+00
-4.342672551118352153e+00
-7.824592268213878654e+00
-4.086555890595093388e+00
7.910029682576366072e-01
-5.472194173419756780e+00
-3.257255520668443260e+00
-7.668136012562020154e-01
-4.131313139753662433e+00
-1.396213676925049496e+00
4.509417323805166578e-01
-5.577131825202881643e+00
-3.774389915350925495e+00
9.333440522219231816e-01
-6.881987618002876950e+00
-3.364197299214657377e+00
1.030897133231150731e+00
-2.610990246463240183e+00
-4.263711354031557654e+00
-8.056403055300318528e+00
-3.890414545922437295e+00
-1.582777022880097695e+00
-7.409740051247301729e+00
-3.344639165599502029e+00
-9.971903692189948432e-01
-5.738997209557108903e+00
-2.958706306604503400e+00
8.285075802171608661e-01
-8.574552021464691975e+00
-1.923904051859403053e+00
-1.058422650244218888e+00
-7.079827705588125575e+00
-1.404389247019002473e+00
-2.000000000000000000e+00
-7.037459929493734556e+00
-2.067625888366468434e+00
-4.000000000000000000e+00
-3.920791511750708391e+00
-7.962635785449672987e+00
-2.130836268463212502e+00
-7.501932942560901374e+00
-1.770990157406381993e+00
-5.521698906904290105e+00
-1.877741675396905396e+00
-5.617356743079703563e+00
-3.281334330557868384e+00
-5.831632694935316330e+00
0.000000000000000000e+00
-6.250062889800147126e+00
-1.590537645894862351e+00
-6.628164018434434368e+00
-1.666649751731237750e+00
-6.188836704189075277e+00
-2.772674459481679232e+00
-3.957226833483037609e+00
-3.415178669187442839e+00
-3.339573329108461941e+00
-2.602469350679109450e+00
-5.099841523677645760e+00
-4.049131431707572837e+00
-4.108619611458865784e+00
-2.616637296307489535e+00
-5.248666390464983067e+00
-3.650757596481498446e+00
-4.516362270483351260e+00
-4.139670820005204810e+00
-4.927158141334428088e+00
-3.468590595386309872e+00
1.011756326799359451e+00
-6.540754737030673560e+00
-3.398731200569709454e+00
2.174771858804964986e-01
-4.262859035544651398e+00
-3.821398743227238270e+00
1.498103627245020775e+00
-4.403879387203292417e+00
-2.244029151915782450e+00
2.510740414414423416e+00
