-7.395370617440732985e+00
-3.003535388554386287e+00
-3.672554464570875865e+00
-6.561613501495134670e+00
-3.805197520563865954e+00
-1.558198191619150630e-01
-6.364193582723140175e+00
-4.737488288885877807e+00
1.260512475552336698e+00
-5.336309067208484080e+00
-3.834774391942593841e+00
-4.461195747721268923e+00
-1.594187323510982024e+00
-5.332714575298835857e-02
-2.669257749809018421e+00
-5.805836235073380536e-02
-1.515530891685880732e+00
-6.507919897898657879e+00
-4.283750248389042170e+00
-2.000000000000000000e+00
-6.197908178838389404e+00
-2.561142013623031843e+00
-6.421353503584129818e+00
-3.679936624320485627e+00
1.642278823496222895e+00
-6.914280623715213459e+00
-1.638497855986304597e+00
-3.457392822914856723e+00
-3.967262443893794455e+00
-7.417767556557868680e+00
-5.000000000000000000e+00
-9.665438195653155429e-01
-7.267732560424182253e+00
-4.141970723661827058e+00
-2.369034066233541402e+00
-4.620912163861644828e+00
-1.192907430336636265e+00
-9.066387755303936258e-01
-4.539294397734588316e+00
-1.607307710071808948e+00
-1.313700926781768974e+00
-7.501722607134169607e+00
-1.933197278531023189e+00
-1.648241529117341064e-01
-2.864893442724688044e-01
-2.315017981646512624e+00
-9.000000000000000000e+00
-1.000013234617967983e+00
-1.740082808849724882e+00
-7.096759580016893665e+00
-3.443001366813615238e+00
8.690971852639139961e-02
-6.810023441566224633e+00
-1.956950991081231717e+00
8.850210307686744160e-02
-6.753304864090832638e+00
-2.531452045064726875e+00
-1.757099034279646643e-01
-5.650085576423443889e+00
-2.845378343131399923e+00
-1.173219098595182031e+00
-7.301593145346523706e+00
-1.513058536267029019e+00
-7.109150379812653853e+00
-1.054403226151704009e+00
-4.646013007631411895e+00
-4.000000000000000000e+00
-7.372546995432831096e+00
-1.127360687839207953e+00
-5.409141489709355710e+00
-8.514461311442571567e-01
-4.371919133160011128e+00
5.470365745604389707e-01
-4.807295921715655673e+00
-3.173936697845614940e+00
-6.318403013882697650e+00
-6.027208420582524928e-01
-7.397135285419711437e+00
-1.403252307125585130e+00
-4.426058568073196753e+00
-1.522384914608470030e+00
-4.123926985169108050e+00
-2.291714556104988976e+00
-4.723909553259639793e+00
-3.782673969831970240e+00
-4.271765104497123211e+00
-1.395715842050801347e+00
-4.235085924496810428e+00
-3.947050328029966249e+00
-2.213462842273362874e+00
-1.795702864674192156e+00
-5.004401036679728243e+00
-4.697123220199223681e+00
-3.597784958755766205e+00
-2.217775032698505289e+00
3.180663804580667331e-01
-5.973825048489842970e+00
-2.919035888263551648e+00
7.081785449866256389e-03
-6.194425356047370101e+00
-3.349488492419745445e+00
6.861374925123995272e-01
-3.104524663132563145e+00
-4.166095865056326453e+00
1.804230302985746270e+00
