-6.937286976151382234e+00
-3.800590619000497217e+00
-5.303972981046027435e+00
-5.088295461848696633e+00
-1.768893746106795506e+00
-9.276871912257675934e-01
-6.866982087365301801e+00
-3.466650688689549842e+00
4.084434720272128727e-01
-4.702637249105226402e+00
-3.357497280307220944e+00
-6.746580002362826178e+00
-2.665681455539724798e+00
-2.131878787513101503e-02
-3.329402189264819345e+00
-2.368413996344088890e+00
-2.317187017767332158e+00
-6.527030988743727669e+00
-2.172230488633967393e+00
5.513899375838375583e-02
-7.470229313215052791e+00
-2.435050821840382795e+00
-7.538836732226373627e+00
-2.727388171190482602e+00
-1.034111908410612735e+00
-6.120225453083531164e+00
-4.663988364238321971e+00
-3.714181541324254265e+00
-2.936813187211476883e+00
-6.895251026239403558e+00
-1.000000000000000000e+00
-1.348932336636373464e+00
-6.831547306812347564e+00
-3.440616721418950696e+00
-2.963380001047196011e+00
-6.231968176253020353e+00
-2.387518487893975472e+00
2.935906944584815714e-01
-6.473162728731733928e+00
-3.498445363305779043e+00
-1.606249054665428222e+00
-6.757606147196005608e+00
-4.035202002961287171e+00
-8.178822005095052194e-01
-4.172073575032853032e-01
-2.534395944902518405e+00
-7.864180770489920924e+00
-3.191960945738484767e+00
-9.967263106849225118e-02
-6.993304424927266894e+00
-2.343851409965487687e+00
4.378313366025242681e-01
-8.316453234242342063e+00
-2.373393833499774175e+00
-1.298174847770317220e+00
-7.286885054479111723e+00
-2.472979214076225229e+00
2.110996084242166282e-01
-5.000000000000000000e+00
-1.421242313768950716e+00
-4.461250881833576654e-01
-4.000000000000000000e+00
-9.418544400215189683e-02
-6.356138830955653241e+00
-8.585493864806841291e-01
-5.748941197067491515e+00
-3.098005012766452015e+00
-4.677073887767767779e+00
-3.110371824102228455e+00
-5.456793212219577249e+00
-1.424813624186792582e+00
-4.159008332128524721e+00
-2.019697924683387047e+00
-8.000000000000000000e+00
-5.568339021683500478e-01
-5.215938736398192610e+00
-2.340022450768882933e+00
-6.352750032405905856e+00
-2.017137601897940780e+00
-5.181869012094004745e+00
-2.126047167411584393e+00
-3.890858340526901049e+00
-2.343505058950559050e+00
-4.245084219449356766e+00
-4.130042972704238480e+00
-5.107153967877795075e+00
-3.382723265724763007e+00
-5.101584562842323756e+00
-1.033651809719844383e+00
-4.824819623829724513e+00
-3.976578880076849121e+00
-5.186621991442073032e+00
-2.235242408535892178e+00
-3.410372030094659834e+00
-2.132177580079181123e+00
-9.640191030816469553e-02
-5.128912562013393739e+00
-2.032566972596143273e+00
-2.198716121662334377e-01
-4.638075193254132422e+00
-2.955539376419590969e+00
1.058904059509808038e+00
-2.588892988788856098e+00
-3.739944897057929207e+00
8.916357115919872900e-01
