-7.061632884402156307e+00
-2.793023511710119422e+00
-5.263082131574384981e+00
-5.460291993443368241e+00
-2.541764021174998778e+00
-4.512676605388955542e-01
-6.431505618219868659e+00
-2.157731089185424445e+00
9.215031782002558458e-01
-6.286947674259391938e+00
-3.606333965611671744e+00
-6.009293958293602245e+00
-3.575526408386680899e+00
-6.195657819850376447e-01
-3.070375214153512111e+00
-8.866789382264798069e-01
-2.130066249019829439e+00
-6.869288213551213218e+00
-2.133392295736076694e+00
-1.101392621298260960e-01
-8.213884346832491801e+00
-2.810400634716559765e+00
-9.165707014969186162e+00
-4.314798404747795857e+00
-3.247403968834364774e-01
-5.845241938449421859e+00
-3.252966679671225325e+00
-3.983505762946465190e+00
-3.894408652651629499e+00
-7.044911785612650412e+00
-3.542374718603376493e+00
6.028760759863658336e-01
-6.582068265887805580e+00
-1.930079485928287486e+00
3.679785041217135955e-02
-5.530955363578262229e+00
-3.238636304677248834e+00
1.439702596273113366e+00
-6.929745503004472340e+00
-4.145505494223085563e+00
-6.246809369668162581e-01
-6.107978357284875592e+00
-3.487883270463874030e+00
1.286685039882969339e-01
7.692195059678202940e-02
-1.982456213882203278e+00
-5.440015308103780534e+00
-3.479366904903134827e+00
-2.090542589182159960e-01
-7.233323357613465454e+00
-3.606037803323102864e+00
-4.789615551888867784e-01
-8.060594610231635926e+00
-1.065841520292387434e+00
2.933012668297326764e-01
-7.118572114564034159e+00
-2.926306086101353898e+00
1.319935940072969549e+00
-8.025861000453094363e+00
-3.646038769624360576e+00
-7.634878966724777394e-01
-5.628311994093258441e+00
-2.180087961163959254e-01
-6.383605774691406332e+00
7.918124604762488694e-02
-4.203160633668744595e+00
-3.758450887503442583e+00
-7.132049715816127566e+00
-1.556457461424918920e+00
-7.119802770117170887e+00
-2.532930604552664278e+00
-7.003095389718717811e+00
-1.858349601800541206e+00
-5.663673558179811884e+00
-2.195963582447926665e+00
-7.185778442939409594e+00
-2.042604651114072745e+00
-7.128892323533756681e+00
-2.142038022510345474e+00
-6.880779848909571506e+00
-2.390381652768700516e+00
-3.182496113455920650e+00
-2.147985724352712733e+00
-3.347146707691344147e+00
-2.877867975933858791e+00
-3.184638246089821045e+00
-1.386698362497797321e+00
-4.920375809859912408e+00
-4.149326529100017424e+00
-5.210126557954762205e+00
-2.046755087230970549e+00
-4.094952187731710325e+00
-1.498302014390493486e+00
-5.144612326505168198e+00
-3.747380236204966408e+00
1.679689472641355819e+00
-3.041796329670311660e+00
-4.076427539041350023e+00
9.487984617549261035e-01
-5.363412392650702465e+00
-3.203924556661168932e+00
1.683111590625748555e+00
-3.897352699339313720e+00
-1.785827416313411353e+00
-1.079869692934181252e-01
