-6.354453166105883177e+00
-2.590742654018832081e+00
-5.765456446645225164e+00
-4.544516874285019270e+00
-2.605718691368005935e+00
-1.241826486707253707e+00
-5.054365723125699539e+00
-3.846966998181217789e+00
-1.444447244250671725e-01
-5.936574911594997950e+00
-3.120127126685662944e+00
-5.134013481808167967e+00
-4.600656927507022154e+00
0.000000000000000000e+00
-3.998453839559604095e+00
-3.115686070520285345e+00
-2.698146337044658782e+00
-5.201632496195868427e+00
-1.600076148703243328e+00
-9.081921286524580195e-01
-6.773652977151987997e+00
-2.556058176584183439e+00
-6.818044385721540479e+00
-4.392727373137018887e+00
-5.941324104494115632e-01
-5.323814282028453526e+00
-4.076879836445985283e+00
-5.380285357588666884e+00
-3.095851548904247075e+00
-7.875049724066878198e+00
-4.686658715250375806e+00
9.655882401343003352e-01
-5.665655767493717576e+00
-2.281576100804973972e+00
-1.652392335724758077e+00
-4.550127783439751106e+00
-6.217358826844758823e-01
4.612684185843999862e-01
-5.821840541254708512e+00
-3.666425462370030086e+00
-4.641069481801010643e-02
-6.936927650793738742e+00
-3.848601099905613054e+00
-4.508941093831893010e-01
-9.764055546881902359e-01
-2.629467803581735375e+00
-7.092089277158581062e+00
-3.699467692105855132e+00
1.623508774657275611e+00
-7.514625879420445465e+00
-2.566869117206011186e+00
-1.434381558498251996e+00
-7.143888653484129492e+00
-4.471226958955335284e+00
8.195926781293607633e-01
-7.425224645386991895e+00
-1.856469212883921527e+00
6.834961913258345012e-01
-7.889417572340217788e+00
-1.974455557901476643e+00
-7.495148516073208977e-01
-5.670218669996033078e+00
-1.113484408325597697e+00
-7.158701691494686159e+00
-1.056142816839011012e+00
-4.747859249465213871e+00
-2.670416163620462413e+00
-7.636142348650228229e+00
-6.458653268456655550e-01
-6.030386016336276356e+00
-3.441284803070358222e+00
-4.451953033732374720e+00
-1.140887093119489437e+00
-6.734276204423589540e+00
-3.023006097379655532e+00
-6.529809996213341350e+00
-2.549927068060866553e+00
-7.165408716658148158e+00
-2.245968227705919418e+00
-5.275970091649032412e+00
-1.618512739846925230e+00
-4.434049358155583320e+00
-2.837345816908988905e+00
-4.206450260772281347e+00
-2.798383790347442002e+00
-1.700469990978718648e+00
-3.253167137181743662e+00
-4.569070379271442661e+00
-3.482216859881110516e+00
-3.629433581383306961e+00
-4.003116235545304491e+00
-4.777326639053199209e+00
-3.657889708235793957e+00
-5.657499419245092476e+00
-2.571843984960776819e+00
6.777613683523856514e-01
-2.883225739427941026e+00
-2.393310700565899118e+00
1.359222589600239450e+00
-3.663204780599790489e+00
-3.219650947430181098e+00
-4.903546223877868621e-02
-5.538082185152348735e+00
-2.725781109533749635e+00
2.511031986835219332e+00
