-6.151194744605869680e+00
-1.986838920409409015e+00
-4.488034695171787547e+00
-7.438674714499251550e+00
-2.413165816135468322e+00
-1.048189467658917406e+00
-5.630193769067916243e+00
-1.893776073755664369e+00
1.003115097279236423e+00
-6.335696815630640799e+00
-2.610436019293063126e+00
-6.020943778660191370e+00
-2.736767386247922484e+00
-6.899952680498146196e-02
-3.733192247958439847e+00
-2.392099032024349814e+00
-1.806351179617970093e+00
-7.719417362165637897e+00
-2.704197078126962417e+00
1.520103654490987832e+00
-8.478015506498515208e+00
-4.008184892776238684e+00
-7.833583529957459213e+00
-3.294779600649339280e+00
1.061834919980839453e+00
-5.952014263810394112e+00
-2.433640489584299793e+00
-5.866342818219866473e+00
-2.673242795147144246e+00
-6.500957541239131388e+00
-3.005541400388221707e+00
1.744136194258580019e+00
-6.566152972062053728e+00
-2.616368791319291010e+00
-6.641373286757833450e-01
-5.326262029851454471e+00
-1.796980621118259513e+00
1.716587014388570864e+00
-6.188988598324476342e+00
-4.720638522765252532e+00
-7.807653436402471891e-01
-7.525777313375392907e+00
-2.727697288482734628e+00
4.118707265747105495e-02
-1.107242979903817481e+00
-4.267054811886825227e+00
-5.728201816222064480e+00
-1.976521249384653567e+00
-3.303605770465932179e-01
-6.173257921960087380e+00
-4.017072625950240727e+00
-6.395088690048480462e-01
-8.807885225859989120e+00
-1.000000000000000000e+00
3.863852553963793152e-02
-5.948005540049208228e+00
-4.268660724498070103e+00
1.379933045204517983e+00
-6.377277532463788035e+00
-2.075863897309801587e+00
-2.842627112527170152e-01
-4.409213967016312630e+00
-2.118286043198046809e+00
-6.443836110236647485e+00
-1.754858335464414720e+00
-7.435387804798367029e+00
-2.011145110788335799e+00
-7.017093466173676575e+00
-1.839807158907470486e+00
-4.934665295987849198e+00
-2.750971269114734774e+00
-7.832565119762671557e+00
-2.763434564563272300e+00
-5.172067536106715657e+00
-1.961383377044624288e+00
-6.799505152932162844e+00
-2.667140802108997288e+00
-5.589728965041038222e+00
-2.685305073919631358e+00
-6.890011666117392686e+00
-7.489639481164209744e-01
-5.562864426480730984e+00
-3.898256818482860542e+00
-3.253017020836555862e+00
-2.792403207621073413e+00
-3.201355035132695370e+00
-3.884065426968684953e+00
-5.096984572180534023e+00
-1.508941841784122495e+00
-3.297185640014046015e+00
-2.098359558385520796e+00
-3.131470635001608827e+00
-1.471814788073295022e+00
-3.781739666286221713e+00
-1.712156190785410592e+00
3.218416638895990611e-01
-5.596661083968872852e+00
-3.275220190390452313e+00
6.593805683388337391e-01
-5.078746639253825634e+00
-1.052754913316655605e+00
1.725182071187366439e+00
-3.259395537266739140e+00
-1.651245523584974340e+00
-3.767552028305425904e-01
