-7.561516988545732509e+00
-4.904734888440631657e+00
-4.936230969040793504e+00
-4.644792498486214782e+00
-3.438956312800824922e+00
-7.855518362552169620e-01
-7.080540398352755282e+00
-3.850423421836740800e+00
1.018708053287450621e+00
-6.020448730504814883e+00
-3.815714487856496362e+00
-6.671703862436788590e+00
-3.939101470141353367e+00
-3.069518442218217569e-01
-3.784676213616506857e+00
-6.870763532061163747e-01
-2.653008441947163565e+00
-6.797431461067338532e+00
-1.748558989527233543e+00
1.407687228978430072e-01
-8.685619585836214185e+00
-3.587788026390341223e+00
-1.030102999566398125e+01
-3.456629892365639556e+00
-9.681721795481910142e-01
-3.698970004336018746e+00
-2.806999779248193327e+00
-4.384678683972016877e+00
-4.704015312193117637e+00
-8.120171738397866434e+00
-2.650941499608385765e+00
-8.919535686646343775e-01
-5.719042958961532364e+00
-2.192976302981380243e+00
-8.520061881733087539e-01
-5.159510937807796793e+00
-2.632322096292988078e+00
1.125885336996009789e+00
-5.334948821316768175e+00
-2.665721717228282106e+00
1.999624931230440161e+00
-6.392439690196050073e+00
-3.955724361027490144e+00
1.599007741933666571e+00
4.136817513473445840e-01
-3.135671902817259049e+00
-7.215450098311122495e+00
-3.131190693253686153e+00
7.204149267152027969e-01
-7.342404252956156618e+00
-3.262732342764924187e+00
-8.482419005561336878e-01
-5.662155784491804233e+00
-2.886465118067231828e+00
3.075091706957503446e-01
-5.148436212709161630e+00
-1.255677765012127578e+00
1.988883754258259917e-01
-8.208613984509391059e+00
-2.903192841265675561e+00
-2.000000000000000000e+00
-4.316425711719654501e+00
-2.815955159061008573e+00
-7.558092006918223582e+00
-3.920818753952374891e+00
-6.344245665747900276e+00
-3.611318908786997905e+00
-6.208893349638606729e+00
-2.832449126054755961e+00
-4.000000000000000000e+00
-9.487135537935746932e-01
-6.046267460377376501e+00
-1.399985559653068812e+00
-5.754894096652473756e+00
-1.266245647575670263e+00
-7.820552447726363710e+00
-3.406101379244043104e-01
-7.112704152776413657e+00
-2.662041173413894679e+00
-7.999473571523756377e+00
-6.896690646856771245e-01
-3.884872158571475165e+00
-1.000000000000000000e+00
-4.460253456800111316e+00
-2.815446346792341625e+00
-2.458822216766218371e+00
-2.666710037949882928e+00
-3.079274209070089530e+00
-1.849406690093198691e+00
-3.978773123772244347e+00
-4.101540354743344885e+00
-3.009381478416336186e+00
-2.587331984240057725e+00
-5.645346073970224587e+00
-1.400960892963931448e+00
-5.590987552465301325e-02
-3.793726742407986574e+00
-4.500709439163585124e+00
-1.163422615613066841e-02
-2.762892059107286080e+00
-3.275310079428843224e+00
-4.055011148330600057e-01
-4.953518296714350733e+00
-2.409341462667357270e+00
3.000000000000000000e+00
