-6.274337722489937264e+00
-2.578684836895787313e+00
-5.088676257998108632e+00
-5.198797894079817183e+00
-1.000000000000000000e+00
9.447212183419536613e-01
-6.998247751763925883e+00
-2.241156763378896688e+00
-2.032397182439093716e-02
-4.909342948482370517e+00
-3.684062809439269781e+00
-5.490616382020702346e+00
-2.400965608574985755e+00
-4.109005604520325483e-01
-3.995914614887166927e+00
-1.502430026366853077e+00
-2.900505062079323348e+00
-5.824496090530868919e+00
-3.952963180483093808e+00
1.336918467318364001e-01
-7.354044669814802759e+00
-2.334208119337914056e+00
-6.611061718630662831e+00
-2.305681041390373665e+00
-1.147687243768876320e+00
-5.295173953706269643e+00
-1.926379152841885212e+00
-5.677675340187735564e+00
-2.637699482230601689e+00
-8.157462200107609362e+00
-2.443459673664520437e+00
1.568331645043989031e+00
-7.231671519449975882e+00
-3.792628315009295203e+00
-5.428136325394581352e-01
-6.068264916756179517e+00
-1.942912096684790368e+00
-5.176162651354591082e-01
-5.909459761981207926e+00
-4.643763074292635018e+00
7.612856654626144470e-01
-6.775116011107188640e+00
-1.928493412850862843e+00
-2.341993342949773571e-01
-1.194670120451521544e+00
-4.224693708915348012e+00
-6.800623620802005220e+00
-2.671744425470692796e+00
8.917007711435784856e-01
-6.326778558852117484e+00
-3.835828315662157983e+00
-7.566011710206593799e-01
-7.379135628675092207e+00
-3.161262413307083019e+00
-5.011231742912408693e-01
-6.729505635151824094e+00
-3.287519745689146955e+00
-2.997504098883589929e-01
-5.618289419632747084e+00
-3.369522393654791781e+00
4.287632826705709554e-01
-4.435070850317986313e+00
-2.590429288915925721e+00
-7.870176146204245882e+00
-3.319593096183739878e+00
-7.014527936702571687e+00
-2.242708877505799947e+00
-6.213324664766492589e+00
-6.889067462704115963e-01
-4.773313718677555606e+00
-2.651186450231977521e+00
-6.454058608994952984e+00
-1.386641018759931177e+00
-4.849710851583960647e+00
-2.628360151946684820e+00
-5.455301145956234166e+00
-2.349704444482353605e+00
-6.260686096491927088e+00
-2.171762019549374756e+00
-6.107103846753247467e+00
-3.396161549061664342e+00
-3.470679919440416761e+00
-3.427760766692376837e+00
-2.616093457406508005e+00
-3.073688204784023270e+00
-4.431635376200508070e+00
-4.275186952040481714e+00
-3.118039049021721798e+00
-3.015846191425697320e+00
-3.856939801265124590e+00
-2.759938555401260984e+00
-4.236905985559325849e+00
-1.988053238284722912e+00
-4.234034823622828903e+00
-2.100024792836112209e+00
2.450900970717158067e+00
-2.753634215006175889e+00
-4.999543574866989637e+00
6.051873764988533466e-01
-3.774069862918962404e+00
-1.942975043012090230e+00
2.736346408639321659e+00
-6.012049131501118637e+00
-2.172960806202811401e+00
1.603577334774971996e+00
