-7.134926488079801565e+00
-3.357599582224932266e+00
-5.470782546067124663e+00
-6.622935812615688533e+00
-3.600264256026857179e+00
4.294479052166816357e-01
-5.492786826969290992e+00
-2.835859435730266664e+00
1.252405583752958185e+00
-6.056283781390948029e+00
-5.000000000000000000e+00
-7.069928661973969852e+00
-2.848861674961697954e+00
-2.421008190635266510e-01
-3.630009345000328569e+00
-2.491965921577255827e+00
-2.910887587040024371e+00
-6.156356576888136090e+00
-3.029110835492515807e+00
1.099459479771698472e-01
-6.720112414721088001e+00
-2.454346965652126400e+00
-7.409265161963975110e+00
-3.334197433415981848e+00
2.444651517128539897e-01
-5.813087892819224223e+00
-3.656172065419784012e+00
-3.652154772777453928e+00
-2.371104759494694125e+00
-6.025113695567696936e+00
-1.774249376462070371e+00
-7.808428899699448866e-01
-6.190407204704990285e+00
-4.131546216489164536e+00
-1.983093733312382145e+00
-5.496992316887712171e+00
-2.310936999359954225e+00
-1.004950198735370392e-01
-5.941218653513962167e+00
-2.254011540722824947e+00
-2.306833573920766267e-01
-7.999782598185908533e+00
-2.689546870439552428e+00
4.678221067835372504e-01
-1.776401360486531855e+00
-4.052435757201869215e+00
-7.323830571726118954e+00
-2.963503066907932304e+00
-1.791600124491706247e-01
-7.648783768675289529e+00
-2.987756826636730256e+00
1.570423039809521804e+00
-7.302851923686977109e+00
-3.640812584585641609e+00
-1.119626781772985691e+00
-7.939137059193214441e+00
-3.669881662156345925e+00
6.446555697478522085e-01
-7.183108869623440640e+00
-3.906450141543378773e+00
-1.999796203143927864e-01
-7.203196977146388846e+00
-2.304470503938040427e+00
-4.717888077886102316e+00
-2.717317907849866376e+00
-7.513521212039925068e+00
-1.467369938334247115e+00
-6.281493039452275440e+00
-1.088181556112868265e+00
-5.018621019656494653e+00
-2.823260202677144282e+00
-5.520395531774125786e+00
-1.658784186459617782e+00
-5.823466153795634703e+00
-3.393417647073542653e+00
-5.871922232657975194e+00
-1.157947761099235473e+00
-6.434445753248135169e+00
-1.577152479061158852e+00
-5.142251220335382733e+00
-2.230575610962208799e+00
-2.917351444689207263e+00
-2.488337903120495298e+00
-3.565895941082564580e+00
-3.236603656344732016e+00
-3.524899464546487504e+00
-4.287018135063601854e+00
-3.051779315996866693e+00
-3.372944816802172507e+00
-3.725788948693732117e+00
-3.017609169705451233e+00
-3.343726113149181778e+00
-4.038553737619204220e+00
-4.934301493307888364e+00
-2.629732171619658221e+00
-8.398381466770243886e-02
-5.295770528458445980e+00
-2.379838654663025466e+00
1.645536407354707631e+00
-3.000064255473460229e+00
-3.818531013954746367e+00
6.546050803265175411e-01
-4.185987956986386038e+00
-1.734627085663549506e+00
8.087466003228669376e-01
