-7.152940590372119267e+00
-5.000000000000000000e+00
-3.782258942242518351e+00
-6.862068874824371889e+00
-3.395921765011935545e+00
-7.051740866673787966e-01
-5.563523951293512404e+00
-4.039009697031910484e+00
1.375836674097490331e+00
-6.304008137502424169e+00
-5.000000000000000000e+00
-4.000000000000000000e+00
-2.495491835103124334e+00
0.000000000000000000e+00
-2.642633856939613501e+00
-4.000000000000000000e+00
-3.094076830432992864e+00
-8.262238167835057823e+00
-2.010683093110905872e+00
1.370598679977739875e+00
-5.897577611923364493e+00
-1.686717082268892831e+00
-7.290033276378832028e+00
-1.000000000000000000e+00
1.968127476931148534e+00
-6.592113287517787690e+00
-2.857579597144977335e+00
-5.834518150320760377e+00
-4.998799377830112078e+00
-9.000000000000000000e+00
-2.425511741205736094e+00
-2.286764140353539920e-01
-6.542358055618259449e+00
-1.808187357531388706e+00
-1.891158940929610566e+00
-5.867102416902408635e+00
-1.512290293204084257e+00
-4.095953435641660478e-01
-4.748536071194873642e+00
-3.618344612213163281e+00
1.031921217061328111e+00
-9.522878745280337398e+00
-2.408452926251831716e+00
-1.044478049500015687e-01
-4.431607693636057110e-01
-2.947842881324552966e+00
-5.000000000000000000e+00
-1.289600117964627479e+00
6.587134720585721137e-01
-7.143054139992116802e+00
-2.508706423318122880e+00
9.686150883651358789e-01
-7.438221994603088305e+00
-1.632618015176275250e+00
2.000000000000000000e+00
-6.685810264612175757e+00
-2.548118361359335449e+00
-2.000000000000000000e+00
-6.966067684211432187e+00
-1.789817277649061289e+00
3.914172307153165331e-01
-4.034162887917479345e+00
-3.363288115574928905e-01
-5.439651196137732292e+00
-1.569888584642040508e+00
-8.000000000000000000e+00
-1.514985017132006950e+00
-4.191650148909434215e+00
-2.761041026513464391e+00
-6.437404533397333317e+00
-3.392269152291746970e+00
-8.000000000000000000e+00
-2.846407438536506351e+00
-5.556363567252128988e+00
-3.037454259684379654e+00
-4.189697449505933591e+00
-2.969744467641874497e+00
-6.460150673868527704e+00
-7.324130199625074056e-01
-6.188480979306527630e+00
-1.458470625509879159e+00
-4.333364705333188738e+00
-1.000000000000000000e+00
-4.684884910944403735e+00
-3.852488565759771610e+00
-5.346068731728734313e+00
-3.707263174111987691e+00
-4.174303367721085678e+00
-3.825088348065198929e+00
-4.842907527568334203e+00
-3.845293438644007189e+00
-4.089551186526787063e+00
-3.821703225608488630e+00
-4.528481205643955398e+00
-3.560213111270547071e+00
2.453882611009143400e+00
-2.734573032932130943e+00
-2.957292554832435361e+00
8.719838372691199879e-01
-6.021596570054945197e+00
-3.437113875255568995e+00
2.780569831489804189e-01
-5.597424405119739710e+00
-3.680769380114572886e+00
1.396838974038354886e+00
