1.681417588314666745e+01
8.803242248178410279e+00
3.651968647222665787e+00
3.651968647222665787e+00
2.275065036967150789e+00
2.275065036967150789e+00
2.275065036967150789e+00
1.652110881389465824e+00
1.652110881389465824e+00
2.856489395102651541e-01
1.547028490474615103e-01
1.547028490474615103e-01
1.547028490474615103e-01
1.547028490474615103e-01
1.415727327606808861e-01
1.415727327606808861e-01
1.415727327606808861e-01
1.415727327606808861e-01
1.415727327606808861e-01
1.415727327606808861e-01
1.314945496431022542e-01
1.314945496431022542e-01
1.314945496431022542e-01
1.314945496431022542e-01
1.314945496431022542e-01
1.314945496431022542e-01
1.314945496431022542e-01
1.061911223944885380e-01
1.061911223944885380e-01
1.061911223944885380e-01
1.061911223944885380e-01
1.061911223944885380e-01
1.061911223944885380e-01
1.061911223944885380e-01
1.061911223944885380e-01
1.061911223944885380e-01
1.061911223944885380e-01
1.061911223944885380e-01
1.061911223944885380e-01
1.061911223944885380e-01
1.061911223944885380e-01
1.061911223944885380e-01
1.061911223944885380e-01
1.061911223944885380e-01
1.047665543087746148e-01
1.047665543087746148e-01
1.047665543087746148e-01
1.047665543087746148e-01
1.047665543087746148e-01
1.047665543087746148e-01
1.047665543087746148e-01
1.047665543087746148e-01
1.047665543087746148e-01
9.447752459593082575e-02
9.447752459593082575e-02
9.447752459593082575e-02
9.447752459593082575e-02
9.447752459593082575e-02
9.196794532056788707e-02
9.196794532056788707e-02
9.196794532056788707e-02
8.939400586278806182e-02
7.912248446146807890e-02
7.912248446146807890e-02
7.912248446146807890e-02
7.912248446146807890e-02
7.912248446146807890e-02
7.912248446146807890e-02
7.912248446146807890e-02
7.912248446146807890e-02
7.912248446146807890e-02
7.912248446146807890e-02
7.912248446146807890e-02
7.912248446146807890e-02
7.912248446146807890e-02
7.912248446146807890e-02
7.912248446146807890e-02
7.912248446146807890e-02
7.912248446146807890e-02
7.912248446146807890e-02
7.912248446146807890e-02
7.912248446146807890e-02
7.912248446146807890e-02
7.912248446146807890e-02
7.736270997148930739e-02
7.736270997148930739e-02
7.736270997148930739e-02
7.736270997148930739e-02
7.736270997148930739e-02
7.736270997148930739e-02
7.736270997148930739e-02
7.736270997148930739e-02
6.533978739168379291e-02
6.533978739168379291e-02
6.533978739168379291e-02
6.533978739168379291e-02
6.533978739168379291e-02
6.533978739168379291e-02
6.533978739168379291e-02
6.533978739168379291e-02
6.533978739168379291e-02
6.533978739168379291e-02
6.307438664764471181e-02
6.307438664764471181e-02
6.307438664764471181e-02
6.307438664764471181e-02
6.307438664764471181e-02
6.292320570436513161e-02
6.292320570436513161e-02
6.284359874054080974e-02
6.284359874054080974e-02
6.278937077232535358e-02
6.278937077232535358e-02
6.278937077232535358e-02
6.260470755403213516e-02
6.260470755403213516e-02
6.260470755403213516e-02
6.260470755403213516e-02
6.259151226061468454e-02
6.259151226061468454e-02
6.259151226061468454e-02
6.259151226061468454e-02
6.259151226061468454e-02
6.257550865924642325e-02
6.257550865924642325e-02
6.256631432705662965e-02
6.256631432705662965e-02
6.256631432705662965e-02
6.256631432705662965e-02
6.256631432705662965e-02
6.256631432705662965e-02
6.256303452148813393e-02
6.256303452148813393e-02
6.256289914780953365e-02
6.256289914780953365e-02
6.256151299306030034e-02
6.256060401420637795e-02
6.256041983844402854e-02
6.256037873755156131e-02
6.256036298010209107e-02
6.256015926416680362e-02
6.256015926416680362e-02
6.256015926416680362e-02
6.256015926416680362e-02
6.256015926416680362e-02
6.256015926416680362e-02
6.256015926416680362e-02
6.256015926416680362e-02
6.256015926416680362e-02
6.256015926416680362e-02
6.145790910241046706e-02
6.145790910241046706e-02
6.145790910241046706e-02
6.145790910241046706e-02
6.145790910241046706e-02
6.145790910241046706e-02
6.145790910241046706e-02
6.113664164128262274e-02
6.113664164128262274e-02
6.101100911618853595e-02
6.101100911618853595e-02
6.061047318904966286e-02
6.056088958392760041e-02
6.055436152741368316e-02
6.055319557795185714e-02
5.784064357006369478e-02
5.784064357006369478e-02
5.784064357006369478e-02
5.784064357006369478e-02
5.784064357006369478e-02
5.784064357006369478e-02
5.784064357006369478e-02
5.784064357006369478e-02
5.784064357006369478e-02
5.784064357006369478e-02
5.784064357006369478e-02
5.784064357006369478e-02
5.784064357006369478e-02
5.739646794365774879e-02
5.705147730016069119e-02
5.701548621340551959e-02
5.701211023423495561e-02
5.701179261997151027e-02
5.701176250969310771e-02
5.701176250969310771e-02
5.701162167917308427e-02
5.701162167917308427e-02
5.701162167917308427e-02
5.701162167917308427e-02
5.701162167917308427e-02
5.701162167917308427e-02
5.701162167917308427e-02
5.701162167917308427e-02
5.701162167917308427e-02
5.701162167917308427e-02
5.701162167917308427e-02
5.701162167917308427e-02
5.701162167917308427e-02
5.701162167917308427e-02
5.701162167917308427e-02
