2.492283962767853112e+01
1.357095261089455107e+01
1.220563370995687791e+01
1.220563370995687791e+01
2.292501075037546521e+00
2.292501075037546521e+00
2.155842043875288994e+00
1.522276562942577627e+00
9.507642811285609286e-01
8.836428030765922648e-01
8.836428030765922648e-01
8.836428030765922648e-01
7.728412237532700235e-01
6.264679057292754649e-01
5.717537895031641337e-01
4.966473129077938475e-01
3.859566633944356839e-01
3.859566633944356839e-01
3.859566633944356839e-01
2.969032894898455677e-01
2.787972679257226249e-01
2.248794862534571615e-01
2.248794862534571615e-01
2.248794862534571615e-01
1.993253570409056763e-01
1.993253570409056763e-01
1.993253570409056763e-01
1.993253570409056763e-01
1.993253570409056763e-01
1.752359518527490112e-01
1.495620468722219099e-01
1.495620468722219099e-01
1.495620468722219099e-01
1.495620468722219099e-01
1.345962922174337995e-01
1.345962922174337995e-01
1.345962922174337995e-01
1.345962922174337995e-01
1.345962922174337995e-01
1.345962922174337995e-01
1.345962922174337995e-01
1.345962922174337995e-01
1.345962922174337995e-01
1.345962922174337995e-01
1.345962922174337995e-01
1.345962922174337995e-01
1.345962922174337995e-01
1.345962922174337995e-01
1.345962922174337995e-01
1.345962922174337995e-01
1.345962922174337995e-01
1.345962922174337995e-01
1.336347568760919702e-01
1.302325809104338261e-01
1.302325809104338261e-01
1.302325809104338261e-01
1.219738433145808182e-01
1.219738433145808182e-01
1.219738433145808182e-01
1.219738433145808182e-01
1.219738433145808182e-01
1.219738433145808182e-01
1.219738433145808182e-01
1.219738433145808182e-01
1.219738433145808182e-01
1.219738433145808182e-01
1.219738433145808182e-01
1.217464425021758390e-01
1.217464425021758390e-01
1.217464425021758390e-01
1.217464425021758390e-01
1.217464425021758390e-01
1.217464425021758390e-01
1.217464425021758390e-01
1.217464425021758390e-01
1.217464425021758390e-01
1.217464425021758390e-01
1.217464425021758390e-01
1.158231521944462911e-01
1.036648824135933261e-01
1.036648824135933261e-01
1.036648824135933261e-01
1.036648824135933261e-01
1.036648824135933261e-01
1.036648824135933261e-01
1.036648824135933261e-01
1.036648824135933261e-01
1.036648824135933261e-01
1.036648824135933261e-01
1.036648824135933261e-01
1.036648824135933261e-01
1.036648824135933261e-01
1.036648824135933261e-01
1.036648824135933261e-01
1.036648824135933261e-01
1.036648824135933261e-01
1.036648824135933261e-01
1.036648824135933261e-01
9.878810961730075113e-02
9.878810961730075113e-02
9.878810961730075113e-02
9.878810961730075113e-02
9.878810961730075113e-02
9.878810961730075113e-02
9.878810961730075113e-02
9.765994106375677775e-02
9.765994106375677775e-02
9.740560467164660619e-02
9.740560467164660619e-02
9.740560467164660619e-02
9.740560467164660619e-02
9.219488859345176257e-02
9.219488859345176257e-02
9.219488859345176257e-02
9.219488859345176257e-02
9.219488859345176257e-02
9.219488859345176257e-02
9.219488859345176257e-02
9.219488859345176257e-02
9.219488859345176257e-02
9.219488859345176257e-02
9.219488859345176257e-02
9.122694291292933466e-02
9.122694291292933466e-02
9.122694291292933466e-02
8.870985977981975246e-02
8.698780882578394102e-02
8.698780882578394102e-02
8.698780882578394102e-02
8.698780882578394102e-02
8.698780882578394102e-02
8.631402773873472767e-02
8.631402773873472767e-02
8.631402773873472767e-02
8.549784040656567552e-02
8.549784040656567552e-02
8.549784040656567552e-02
8.549784040656567552e-02
8.549784040656567552e-02
8.549784040656567552e-02
8.549784040656567552e-02
8.549784040656567552e-02
8.549784040656567552e-02
8.549784040656567552e-02
8.319127489680720744e-02
8.142493991159506506e-02
7.850560746067390683e-02
7.783946339239053436e-02
7.767038820266594645e-02
7.762741550737910223e-02
7.672924004052059099e-02
7.612457392743722517e-02
7.390833614314711031e-02
7.390833614314711031e-02
7.164058546705874553e-02
7.164058546705874553e-02
7.164058546705874553e-02
7.164058546705874553e-02
7.164058546705874553e-02
7.164058546705874553e-02
7.164058546705874553e-02
7.164058546705874553e-02
7.164058546705874553e-02
7.164058546705874553e-02
6.951493049023034498e-02
6.951493049023034498e-02
6.895057016369690595e-02
6.873966900699157723e-02
6.871005874048946582e-02
6.870532102474836977e-02
6.870458297500907363e-02
6.870458297500907363e-02
6.870458297500907363e-02
6.755023787725719653e-02
6.755023787725719653e-02
6.736617447240185463e-02
6.710408966589453961e-02
6.707495180999727136e-02
6.699643631224089235e-02
6.699643631224089235e-02
6.439667182652808464e-02
6.419839742448486819e-02
6.418293054037593759e-02
6.418175367773355788e-02
6.418159255349623060e-02
6.418159255349623060e-02
6.418159255349623060e-02
6.418159255349623060e-02
6.418159255349623060e-02
6.418156598099128418e-02
6.418153056746128682e-02
6.418153056746128682e-02
6.418153056746128682e-02
6.418153056746128682e-02
6.418149540329812219e-02
6.418149540329812219e-02
6.418149540329812219e-02
6.418149540329812219e-02
6.418149540329812219e-02
6.418149540329812219e-02
