3.659256908034171119e+01
2.627599644125921330e+01
1.481365021825214257e+01
1.481365021825214257e+01
1.385171203709402477e+01
1.347980206076606535e+01
1.259115420478918779e+01
1.134659238772352552e+01
5.865153617796203811e+00
5.865153617796203811e+00
4.479347579914572108e+00
3.910947921470302457e+00
3.864230935220968277e+00
3.409146112959543728e+00
3.330816957971184600e+00
3.154471747969175510e+00
3.154471747969175510e+00
2.951255766208475961e+00
2.697579059841164195e+00
2.697579059841164195e+00
2.572343017610420723e+00
2.572343017610420723e+00
2.499291480333253102e+00
2.499291480333253102e+00
2.382687404548135657e+00
2.382687404548135657e+00
2.382687404548135657e+00
2.301913251713029851e+00
2.181422604546088273e+00
2.181422604546088273e+00
2.181422604546088273e+00
2.181422604546088273e+00
2.181422604546088273e+00
2.181422604546088273e+00
2.148875831187754493e+00
2.148875831187754493e+00
2.148875831187754493e+00
2.148875831187754493e+00
2.077671667684813706e+00
2.077671667684813706e+00
2.020210602230980257e+00
1.931266681947191532e+00
1.803203313347131242e+00
1.803203313347131242e+00
1.803203313347131242e+00
1.803203313347131242e+00
1.803203313347131242e+00
1.803203313347131242e+00
1.803203313347131242e+00
1.803203313347131242e+00
1.752446664790689557e+00
1.746172218246303087e+00
1.726477820746412428e+00
1.726477820746412428e+00
1.726477820746412428e+00
1.726477820746412428e+00
1.726477820746412428e+00
1.697168734079474106e+00
1.694703786660539890e+00
1.694703786660539890e+00
1.655862908580044701e+00
1.655862908580044701e+00
1.655862908580044701e+00
1.655862908580044701e+00
1.655862908580044701e+00
1.655862908580044701e+00
1.638346469433141106e+00
1.638346469433141106e+00
1.612783582338005672e+00
1.612783582338005672e+00
1.604895494709647874e+00
1.604895494709647874e+00
1.604895494709647874e+00
1.604895494709647874e+00
1.547051177748770101e+00
1.510041618368816563e+00
1.475631012515394413e+00
1.429613901110737828e+00
1.403005550429735848e+00
1.391289527819753458e+00
1.378239385675118278e+00
1.359292921819537536e+00
1.359292921819537536e+00
1.303583758853422481e+00
1.275881672405958955e+00
1.204081179059651063e+00
1.199325374165518543e+00
1.060101147875029515e+00
9.223621543335973616e-01
8.821012019705083418e-01
8.821012019705083418e-01
8.821012019705083418e-01
8.821012019705083418e-01
8.821012019705083418e-01
8.821012019705083418e-01
8.791407126136713268e-01
8.252731960139458867e-01
7.297909880517166048e-01
7.209815442946233555e-01
6.178568123538076273e-01
5.306977038788208700e-01
4.429478055494470157e-01
3.529237879824792534e-01
3.529237879824792534e-01
2.540932414728677147e-01
2.354066595122307481e-01
2.126605962230522506e-01
2.126605962230522506e-01
2.126605962230522506e-01
2.126605962230522506e-01
2.072573721100816613e-01
1.956441225292554764e-01
1.956441225292554764e-01
1.746296754018421271e-01
1.318069175903594237e-01
1.318069175903594237e-01
1.318069175903594237e-01
1.318069175903594237e-01
1.129227071774862867e-01
1.129227071774862867e-01
1.129227071774862867e-01
1.129227071774862867e-01
1.046025035486478350e-01
1.046025035486478350e-01
1.046025035486478350e-01
9.965478351111270450e-02
8.637182228808090723e-02
8.637182228808090723e-02
8.637182228808090723e-02
8.637182228808090723e-02
8.637182228808090723e-02
8.637182228808090723e-02
8.637182228808090723e-02
8.637182228808090723e-02
8.637182228808090723e-02
8.637182228808090723e-02
8.637182228808090723e-02
8.637182228808090723e-02
7.642274873545587544e-02
7.642274873545587544e-02
7.642274873545587544e-02
7.642274873545587544e-02
7.642274873545587544e-02
7.642274873545587544e-02
7.642274873545587544e-02
7.642274873545587544e-02
7.642274873545587544e-02
7.642274873545587544e-02
7.642274873545587544e-02
7.642274873545587544e-02
7.642274873545587544e-02
7.642274873545587544e-02
7.642274873545587544e-02
7.642274873545587544e-02
7.642274873545587544e-02
7.642274873545587544e-02
7.642274873545587544e-02
7.642274873545587544e-02
7.642274873545587544e-02
7.598911547132473909e-02
7.199916988993979028e-02
7.199916988993979028e-02
7.199916988993979028e-02
7.077690422515249546e-02
7.077690422515249546e-02
7.069169538300279498e-02
7.060908143283188554e-02
7.059857657305358691e-02
7.059697289730301750e-02
7.059670172540376265e-02
7.059664717630659281e-02
7.025288655383561676e-02
7.025288655383561676e-02
6.991679858752654353e-02
6.963403503021331487e-02
6.940474641236504816e-02
6.921924657286451787e-02
6.921924657286451787e-02
6.921924657286451787e-02
6.921924657286451787e-02
6.921924657286451787e-02
6.921924657286451787e-02
6.921924657286451787e-02
6.921924657286451787e-02
6.916183581451933182e-02
6.915762353551288544e-02
6.915752226187200924e-02
6.915748796498720485e-02
6.915748144991334945e-02
6.915748144991334945e-02
6.915748144991334945e-02
6.915748144991334945e-02
6.915745934303713094e-02
6.915745934303713094e-02
6.915745934303713094e-02
6.915745934303713094e-02
6.915745934303713094e-02
6.915745934303713094e-02
6.915745934303713094e-02
6.896934962180832629e-02
