2.592987283561082279e+01
2.592987283561082279e+01
2.041013519268085119e+01
4.819462435240087217e+00
4.819462435240087217e+00
4.198153344573163359e+00
3.164123786698035623e+00
3.164123786698035623e+00
2.768987237945079727e+00
2.768987237945079727e+00
3.682396886734702890e-01
3.682396886734702890e-01
3.682396886734702890e-01
3.682396886734702890e-01
2.605052718511090548e-01
2.605052718511090548e-01
2.605052718511090548e-01
2.605052718511090548e-01
2.350297448248349907e-01
2.350297448248349907e-01
2.269218689901995600e-01
1.745818665271360315e-01
1.651114285640683521e-01
1.206010010312834613e-01
1.206010010312834613e-01
1.206010010312834613e-01
1.206010010312834613e-01
1.206010010312834613e-01
1.197157172734653885e-01
1.197157172734653885e-01
1.100258347419675042e-01
1.100258347419675042e-01
1.100258347419675042e-01
9.327005637474523880e-02
9.327005637474523880e-02
9.327005637474523880e-02
9.327005637474523880e-02
9.327005637474523880e-02
9.327005637474523880e-02
8.458151941455395451e-02
8.458151941455395451e-02
8.458151941455395451e-02
8.458151941455395451e-02
8.458151941455395451e-02
8.458151941455395451e-02
8.458151941455395451e-02
8.458151941455395451e-02
8.458151941455395451e-02
8.458151941455395451e-02
8.195867078813627582e-02
7.804133053413156440e-02
7.804133053413156440e-02
7.804133053413156440e-02
7.804133053413156440e-02
7.804133053413156440e-02
7.804133053413156440e-02
7.804133053413156440e-02
7.804133053413156440e-02
7.804133053413156440e-02
7.804133053413156440e-02
7.804133053413156440e-02
7.804133053413156440e-02
7.804133053413156440e-02
7.804133053413156440e-02
6.317179605856246272e-02
6.317179605856246272e-02
6.317179605856246272e-02
6.317179605856246272e-02
6.317179605856246272e-02
6.317179605856246272e-02
6.317179605856246272e-02
6.317179605856246272e-02
6.317179605856246272e-02
6.317179605856246272e-02
6.317179605856246272e-02
6.317179605856246272e-02
6.317179605856246272e-02
6.317179605856246272e-02
6.317179605856246272e-02
6.317179605856246272e-02
6.317179605856246272e-02
6.317179605856246272e-02
6.317179605856246272e-02
6.317179605856246272e-02
6.317179605856246272e-02
6.317179605856246272e-02
6.317179605856246272e-02
6.317179605856246272e-02
6.317179605856246272e-02
6.317179605856246272e-02
6.317179605856246272e-02
6.317179605856246272e-02
6.317179605856246272e-02
6.317179605856246272e-02
6.317179605856246272e-02
6.317179605856246272e-02
6.317179605856246272e-02
6.317179605856246272e-02
6.317179605856246272e-02
6.317179605856246272e-02
6.317179605856246272e-02
6.245934879472084256e-02
6.243480768810030085e-02
6.243480768810030085e-02
6.243480768810030085e-02
6.243480768810030085e-02
6.243480768810030085e-02
6.243480768810030085e-02
6.243480768810030085e-02
6.243480768810030085e-02
6.243336650450312386e-02
6.241053450662897850e-02
6.240730739442031105e-02
6.240707430746583739e-02
6.240707430746583739e-02
6.240707430746583739e-02
6.240707430746583739e-02
6.240707430746583739e-02
6.240397952504965484e-02
6.240187759440109228e-02
6.240182993020113034e-02
6.240125387552752922e-02
6.240103289961580757e-02
6.240103289961580757e-02
6.240086660766407112e-02
6.240076808312298995e-02
6.240061442908440698e-02
6.240061442908440698e-02
6.240061442908440698e-02
6.199511129797534437e-02
6.199511129797534437e-02
6.199511129797534437e-02
6.199511129797534437e-02
6.199511129797534437e-02
6.199511129797534437e-02
6.199511129797534437e-02
6.199511129797534437e-02
6.199511129797534437e-02
5.897839610093480456e-02
5.897839610093480456e-02
5.897839610093480456e-02
5.897839610093480456e-02
5.897839610093480456e-02
5.897839610093480456e-02
5.897839610093480456e-02
5.897839610093480456e-02
5.897839610093480456e-02
5.897839610093480456e-02
5.897839610093480456e-02
5.897839610093480456e-02
5.897839610093480456e-02
5.897839610093480456e-02
5.897839610093480456e-02
5.581314910955547520e-02
5.581314910955547520e-02
5.581314910955547520e-02
5.442181792514028116e-02
5.442181792514028116e-02
5.442181792514028116e-02
5.442181792514028116e-02
5.442181792514028116e-02
5.442181792514028116e-02
5.442181792514028116e-02
5.442181792514028116e-02
5.442181792514028116e-02
5.442181792514028116e-02
5.442181792514028116e-02
5.433352364262396261e-02
5.428764699405312644e-02
5.428764699405312644e-02
5.427143136456215322e-02
5.426961632231651345e-02
5.426922225629755847e-02
5.426922225629755847e-02
5.426922225629755847e-02
5.426922225629755847e-02
5.426917602134170154e-02
5.426917602134170154e-02
5.426917602134170154e-02
5.426917171750662156e-02
5.426917171750662156e-02
5.426917171750662156e-02
5.426917171750662156e-02
5.426914670882755642e-02
5.426914670882755642e-02
5.426914670882755642e-02
5.426914670882755642e-02
5.426914670882755642e-02
5.426913760528203484e-02
5.426913580451999536e-02
5.426912293647117441e-02
5.426912293647117441e-02
5.426912293647117441e-02
5.426912293647117441e-02
5.426912293647117441e-02
5.426912293647117441e-02
5.426912293647117441e-02
5.426912293647117441e-02
5.426912293647117441e-02
5.426912293647117441e-02
