2.355587624298863147e+01
7.173884955615118741e+00
7.173884955615118741e+00
7.173884955615118741e+00
7.173884955615118741e+00
7.173884955615118741e+00
7.173884955615118741e+00
7.173884955615118741e+00
5.028482750116336497e+00
4.341894208256035448e+00
4.341894208256035448e+00
2.660361486196816116e+00
2.313563628374252001e+00
1.078334963577522343e+00
1.078334963577522343e+00
1.035894162509775063e+00
1.035894162509775063e+00
1.024907482270232872e+00
9.205631867238968091e-01
8.231205408847817040e-01
8.231205408847817040e-01
8.231205408847817040e-01
8.231205408847817040e-01
8.231205408847817040e-01
8.231205408847817040e-01
8.164667209683167393e-01
8.164667209683167393e-01
8.164667209683167393e-01
8.164667209683167393e-01
8.164667209683167393e-01
7.981783417437270378e-01
7.976825277331176522e-01
7.696054290348666171e-01
7.696054290348666171e-01
7.284833902367429115e-01
7.284833902367429115e-01
7.284833902367429115e-01
7.263984088265816874e-01
7.263984088265816874e-01
7.003732088673284562e-01
7.003732088673284562e-01
6.812923555449659219e-01
6.806617779525703238e-01
6.806617779525703238e-01
6.806617779525703238e-01
6.806617779525703238e-01
6.806617779525703238e-01
6.806617779525703238e-01
6.806617779525703238e-01
6.806617779525703238e-01
6.806617779525703238e-01
6.679491842033697946e-01
6.679491842033697946e-01
6.679491842033697946e-01
6.679491842033697946e-01
6.679491842033697946e-01
6.679491842033697946e-01
6.331106479855719282e-01
6.331106479855719282e-01
6.331106479855719282e-01
6.331106479855719282e-01
6.331106479855719282e-01
6.331106479855719282e-01
6.095757914007771117e-01
5.982139919031086439e-01
5.982139919031086439e-01
5.773624045846361685e-01
5.773624045846361685e-01
5.773624045846361685e-01
5.773624045846361685e-01
5.647654087902471698e-01
5.647654087902471698e-01
5.647654087902471698e-01
5.543434427128154374e-01
5.543434427128154374e-01
5.543434427128154374e-01
5.536380915027552252e-01
5.536380915027552252e-01
5.536380915027552252e-01
5.536380915027552252e-01
5.528229467676851749e-01
5.528229467676851749e-01
5.528229467676851749e-01
5.500000539775428132e-01
5.399198871739272487e-01
5.399198871739272487e-01
5.399198871739272487e-01
5.184413829537575236e-01
5.073537688514366817e-01
4.871450794929401140e-01
4.603057020857321269e-01
4.603057020857321269e-01
4.468976215744707714e-01
4.468976215744707714e-01
4.468976215744707714e-01
4.468976215744707714e-01
4.468976215744707714e-01
4.462025414635785170e-01
4.188994903038708029e-01
3.903175607099147459e-01
3.903175607099147459e-01
3.745145053284824610e-01
3.745145053284824610e-01
3.745145053284824610e-01
3.610990395005899689e-01
3.610990395005899689e-01
3.610990395005899689e-01
3.610990395005899689e-01
3.436178785503563038e-01
2.990924089523775420e-01
2.990924089523775420e-01
2.990924089523775420e-01
2.954750448014442088e-01
2.790103581975490465e-01
2.745776844536262917e-01
2.244876368733452199e-01
2.048752560987470162e-01
2.033354910238746871e-01
2.033354910238746871e-01
2.019374552412077639e-01
1.556142918952302945e-01
1.556142918952302945e-01
1.556142918952302945e-01
1.556142918952302945e-01
1.556142918952302945e-01
1.488872453802348172e-01
1.488872453802348172e-01
1.464431635993178049e-01
1.383250752097025527e-01
1.383250752097025527e-01
1.383250752097025527e-01
1.383250752097025527e-01
1.366776327082125930e-01
1.366776327082125930e-01
1.234117099050785343e-01
1.102484114899604933e-01
1.102484114899604933e-01
1.101884289167250341e-01
1.101884289167250341e-01
1.101884289167250341e-01
1.101884289167250341e-01
1.101884289167250341e-01
1.064754251195520612e-01
1.064754251195520612e-01
1.064754251195520612e-01
9.788926817824622484e-02
9.630804054722208463e-02
9.607403523053432981e-02
9.602543781810557455e-02
9.601371131839421535e-02
9.601075877706580219e-02
9.601005449243316114e-02
9.600991376161391311e-02
9.600985368480641213e-02
9.600978649546550170e-02
9.600978649546550170e-02
9.600978649546550170e-02
9.600975737126160592e-02
9.600975737126160592e-02
9.600975737126160592e-02
9.600975737126160592e-02
9.600975737126160592e-02
9.600973684277351594e-02
9.600973684277351594e-02
9.600973684277351594e-02
9.600973684277351594e-02
9.600973684277351594e-02
9.600973684277351594e-02
9.600973684277351594e-02
9.600973684277351594e-02
9.600973684277351594e-02
9.600973684277351594e-02
9.600973684277351594e-02
9.600973684277351594e-02
9.600973684277351594e-02
9.600973684277351594e-02
9.501461980131703511e-02
9.501461980131703511e-02
9.445135513718271036e-02
9.423908987220958045e-02
9.422154397271478854e-02
9.384890320311602141e-02
9.308938123695453815e-02
9.211086016058092629e-02
9.192033424160515886e-02
9.067750803479412980e-02
8.871613192397105607e-02
8.871613192397105607e-02
8.871613192397105607e-02
8.871613192397105607e-02
8.871613192397105607e-02
8.871613192397105607e-02
8.871613192397105607e-02
8.871613192397105607e-02
8.871613192397105607e-02
8.871613192397105607e-02
8.871613192397105607e-02
8.871613192397105607e-02
8.871613192397105607e-02
8.871613192397105607e-02
