6.788383409414439740e+00
6.788383409414439740e+00
6.788383409414439740e+00
6.788383409414439740e+00
6.289755824858346500e+00
5.862464210735419456e+00
4.933003175660981121e+00
4.933003175660981121e+00
4.508492484425218549e+00
3.397760350085515135e+00
1.366709164133284027e+00
1.048810925652042148e+00
1.048810925652042148e+00
9.162445927414357705e-01
9.162445927414357705e-01
6.194146135558549204e-01
6.194146135558549204e-01
6.194146135558549204e-01
5.200136694011829874e-01
5.200136694011829874e-01
5.200136694011829874e-01
5.200136694011829874e-01
4.771519324794138983e-01
4.640267418672257560e-01
4.640267418672257560e-01
4.640267418672257560e-01
4.640267418672257560e-01
4.640267418672257560e-01
4.640267418672257560e-01
4.640267418672257560e-01
4.640267418672257560e-01
4.640267418672257560e-01
4.640267418672257560e-01
4.640267418672257560e-01
4.640267418672257560e-01
4.310403617675379051e-01
4.272105725170368129e-01
3.569677971969962837e-01
3.569677971969962837e-01
3.566962696146698808e-01
3.293882503410311413e-01
3.293882503410311413e-01
3.293882503410311413e-01
3.293882503410311413e-01
2.310721495367341338e-01
2.181544183605747533e-01
2.181544183605747533e-01
1.699904099610899944e-01
1.699904099610899944e-01
1.699904099610899944e-01
1.655284785176573126e-01
1.655284785176573126e-01
1.655284785176573126e-01
1.655284785176573126e-01
1.655284785176573126e-01
1.655284785176573126e-01
1.655284785176573126e-01
1.655284785176573126e-01
1.655284785176573126e-01
1.655284785176573126e-01
1.626102295443868084e-01
1.626102295443868084e-01
1.624464208985292590e-01
1.463569392541587411e-01
1.463569392541587411e-01
1.305881516641451412e-01
1.305881516641451412e-01
1.305881516641451412e-01
1.305881516641451412e-01
1.305881516641451412e-01
1.305881516641451412e-01
1.305881516641451412e-01
1.305881516641451412e-01
1.305881516641451412e-01
1.305881516641451412e-01
1.305881516641451412e-01
1.259465545627743988e-01
1.259465545627743988e-01
1.259465545627743988e-01
1.259465545627743988e-01
1.259465545627743988e-01
1.259465545627743988e-01
1.230385269698033024e-01
1.230385269698033024e-01
1.224204328316912394e-01
1.224204328316912394e-01
1.224204328316912394e-01
1.224204328316912394e-01
1.224204328316912394e-01
1.224204328316912394e-01
1.224204328316912394e-01
1.224204328316912394e-01
1.224204328316912394e-01
1.224204328316912394e-01
1.224204328316912394e-01
1.224204328316912394e-01
1.224204328316912394e-01
1.200175565918241288e-01
1.200175565918241288e-01
1.200175565918241288e-01
1.200175565918241288e-01
1.200175565918241288e-01
1.200175565918241288e-01
1.200175565918241288e-01
1.200175565918241288e-01
1.200175565918241288e-01
1.200175565918241288e-01
1.200175565918241288e-01
1.200175565918241288e-01
1.200175565918241288e-01
1.188070791297429901e-01
1.188070791297429901e-01
1.188070791297429901e-01
1.188070791297429901e-01
1.188070791297429901e-01
1.164229584305434412e-01
1.164229584305434412e-01
1.164229584305434412e-01
1.164229584305434412e-01
1.164229584305434412e-01
1.158382830081390313e-01
1.158382830081390313e-01
1.158382830081390313e-01
1.158382830081390313e-01
1.158382830081390313e-01
1.158382830081390313e-01
1.158382830081390313e-01
1.158382830081390313e-01
1.158382830081390313e-01
1.158382830081390313e-01
1.150549278268930414e-01
1.150549278268930414e-01
1.150549278268930414e-01
1.144633712516781171e-01
1.144633712516781171e-01
1.144633712516781171e-01
1.143872715069337576e-01
1.143617436584504071e-01
1.143613434288331260e-01
1.143613434288331260e-01
1.143613434288331260e-01
1.143613434288331260e-01
1.143613434288331260e-01
1.143613434288331260e-01
1.143613434288331260e-01
1.143613434288331260e-01
1.143613434288331260e-01
1.143613434288331260e-01
1.143613434288331260e-01
1.143613434288331260e-01
1.143613434288331260e-01
1.143613434288331260e-01
1.143613434288331260e-01
1.143613434288331260e-01
1.143613434288331260e-01
1.143613434288331260e-01
1.143613434288331260e-01
1.139791878779963796e-01
1.139791878779963796e-01
1.139791878779963796e-01
1.139791878779963796e-01
1.139791878779963796e-01
1.139791878779963796e-01
1.132266754923320629e-01
1.132266754923320629e-01
1.132266754923320629e-01
1.132266754923320629e-01
1.132266754923320629e-01
1.132266754923320629e-01
1.132266754923320629e-01
1.130026814943717872e-01
1.130026814943717872e-01
1.130026814943717872e-01
1.130026814943717872e-01
1.130026814943717872e-01
1.130026814943717872e-01
1.130026814943717872e-01
1.127691898737789300e-01
1.127691898737789300e-01
1.127691898737789300e-01
1.127691898737789300e-01
1.125096074646424332e-01
1.124552007670232417e-01
1.124502383980081482e-01
1.124497154252013520e-01
1.124497154252013520e-01
1.124495711802521170e-01
1.124495711802521170e-01
1.124495711802521170e-01
1.124495194598096465e-01
1.124495194598096465e-01
1.124495194598096465e-01
1.124495194598096465e-01
1.124495194598096465e-01
1.124495194598096465e-01
1.124495194598096465e-01
1.124495194598096465e-01
1.124495194598096465e-01
1.124495118887979400e-01
1.124494952914067702e-01
