5.558479502804647154e+01
4.011766190370668994e+01
2.532130222749342252e+01
2.532130222749342252e+01
2.338271980690038632e+01
2.338271980690038632e+01
1.650050752764244777e+01
1.081321921493959692e+01
1.081321921493959692e+01
1.022421578736512870e+01
6.516956719441910906e+00
4.507105236301118367e+00
4.507105236301118367e+00
3.270532365597400570e+00
1.835214208553749504e+00
6.549767531712921143e-01
4.862010705537369581e-01
2.732673226857050830e-01
2.732673226857050830e-01
2.732673226857050830e-01
2.630129356485830239e-01
2.375682614469285525e-01
2.375682614469285525e-01
2.017548410650873703e-01
2.017548410650873703e-01
2.017548410650873703e-01
2.017548410650873703e-01
2.017548410650873703e-01
2.017548410650873703e-01
1.930056356260530515e-01
1.828491864680206747e-01
1.500227798781040844e-01
1.320076928033941666e-01
1.320076928033941666e-01
1.045059678682655341e-01
1.045059678682655341e-01
1.045059678682655341e-01
1.045059678682655341e-01
9.958874168754430767e-02
9.958874168754430767e-02
9.958874168754430767e-02
9.958874168754430767e-02
9.958874168754430767e-02
9.958874168754430767e-02
9.958874168754430767e-02
9.958874168754430767e-02
9.958874168754430767e-02
9.958874168754430767e-02
9.958874168754430767e-02
9.958874168754430767e-02
9.958874168754430767e-02
9.958874168754430767e-02
9.958874168754430767e-02
9.958874168754430767e-02
9.368800535400838292e-02
9.368800535400838292e-02
9.030058840833882217e-02
9.030058840833882217e-02
9.030058840833882217e-02
9.030058840833882217e-02
8.340094844566531274e-02
8.340094844566531274e-02
8.340094844566531274e-02
8.340094844566531274e-02
8.340094844566531274e-02
8.340094844566531274e-02
8.340094844566531274e-02
8.340094844566531274e-02
8.340094844566531274e-02
8.340094844566531274e-02
8.239338121183507890e-02
8.239338121183507890e-02
8.239338121183507890e-02
8.239338121183507890e-02
8.239338121183507890e-02
7.952150932744908585e-02
7.165133196021453155e-02
7.165133196021453155e-02
7.165133196021453155e-02
7.165133196021453155e-02
7.109457713729994133e-02
7.109457713729994133e-02
7.109457713729994133e-02
7.109457713729994133e-02
7.109457713729994133e-02
7.109457713729994133e-02
7.109457713729994133e-02
7.109457713729994133e-02
7.109457713729994133e-02
7.109457713729994133e-02
7.109457713729994133e-02
7.109457713729994133e-02
7.109457713729994133e-02
7.109457713729994133e-02
7.109457713729994133e-02
6.915800590315787644e-02
6.752544142344822642e-02
6.752544142344822642e-02
6.752544142344822642e-02
6.752544142344822642e-02
6.752544142344822642e-02
6.752544142344822642e-02
6.752544142344822642e-02
6.752544142344822642e-02
6.752544142344822642e-02
6.097519911769862938e-02
6.097519911769862938e-02
6.097519911769862938e-02
6.097519911769862938e-02
6.097519911769862938e-02
6.097519911769862938e-02
6.097519911769862938e-02
6.097519911769862938e-02
6.097519911769862938e-02
6.097519911769862938e-02
6.097519911769862938e-02
6.097519911769862938e-02
6.097519911769862938e-02
6.067281237188649340e-02
6.028261837646942817e-02
6.016385927111789211e-02
6.012202176439836177e-02
6.010629394396965058e-02
6.010029931154243360e-02
6.009798397675258919e-02
6.009713647226295336e-02
6.009680195366526312e-02
6.009668518207110510e-02
6.009664660509652506e-02
6.009662545637038666e-02
6.009662545637038666e-02
6.009662545637038666e-02
6.001904296084700774e-02
6.001904296084700774e-02
6.001904296084700774e-02
5.863241833178652052e-02
5.545297981360265693e-02
5.545297981360265693e-02
5.382908247649099281e-02
5.382908247649099281e-02
5.382908247649099281e-02
5.373947764405295757e-02
5.340707300746229402e-02
5.340707300746229402e-02
5.340707300746229402e-02
5.340707300746229402e-02
5.340707300746229402e-02
5.340707300746229402e-02
5.340707300746229402e-02
5.340707300746229402e-02
5.340707300746229402e-02
5.340707300746229402e-02
5.340707300746229402e-02
5.340707300746229402e-02
5.340707300746229402e-02
5.340707300746229402e-02
5.340707300746229402e-02
5.340707300746229402e-02
5.340707300746229402e-02
5.265845373443917704e-02
5.265845373443917704e-02
5.193352135525423213e-02
5.193352135525423213e-02
5.193352135525423213e-02
5.193352135525423213e-02
5.193352135525423213e-02
5.193352135525423213e-02
5.193352135525423213e-02
5.193352135525423213e-02
5.193352135525423213e-02
5.193352135525423213e-02
5.193352135525423213e-02
5.184489771128163171e-02
5.184489771128163171e-02
5.183230422492170891e-02
5.183230422492170891e-02
5.183230422492170891e-02
5.181996310815784740e-02
5.181925820516079112e-02
5.181922287358860235e-02
5.181917169033378040e-02
5.181917169033378040e-02
5.181917169033378040e-02
5.181917169033378040e-02
5.181917169033378040e-02
5.181917169033378040e-02
5.181917169033378040e-02
5.181917169033378040e-02
5.181917169033378040e-02
5.181917169033378040e-02
5.181917048937224185e-02
5.181917048937224185e-02
5.181917048937224185e-02
5.181917048937224185e-02
5.181917048937224185e-02
5.181917048937224185e-02
5.181917048937224185e-02
5.065622494361338851e-02
5.065622494361338851e-02
5.064892783405008925e-02
