2.637543444685293181e+01
1.503397816761328798e+01
4.877013787282155732e+00
4.877013787282155732e+00
4.877013787282155732e+00
4.877013787282155732e+00
4.877013787282155732e+00
4.273480021700144071e+00
3.216441666479970429e+00
2.389689709168495657e+00
2.257014705725087111e+00
2.257014705725087111e+00
2.101951019885970773e+00
1.415363781758351092e+00
1.415363781758351092e+00
1.121927476117711819e+00
1.121927476117711819e+00
1.034633331176848303e+00
8.613819313969629521e-01
8.613819313969629521e-01
6.662727529923657688e-01
6.014620807875146191e-01
6.014620807875146191e-01
5.555979142210901722e-01
5.555979142210901722e-01
5.298998733893061086e-01
5.298998733893061086e-01
5.298998733893061086e-01
4.947202206078334941e-01
4.947202206078334941e-01
4.199303923748486933e-01
3.557427304115883815e-01
3.557427304115883815e-01
3.379094576519664495e-01
3.379094576519664495e-01
3.379094576519664495e-01
3.292458474859110695e-01
3.216452803450917108e-01
3.216452803450917108e-01
3.216452803450917108e-01
3.216452803450917108e-01
3.216452803450917108e-01
3.216452803450917108e-01
2.979629990321265298e-01
2.247461739009594950e-01
2.247461739009594950e-01
2.247461739009594950e-01
2.247461739009594950e-01
2.247461739009594950e-01
2.247461739009594950e-01
2.247461739009594950e-01
2.247461739009594950e-01
2.247461739009594950e-01
2.247461739009594950e-01
2.247461739009594950e-01
1.864771941156903035e-01
1.864771941156903035e-01
1.864771941156903035e-01
1.864771941156903035e-01
1.864771941156903035e-01
1.864771941156903035e-01
1.864771941156903035e-01
1.864771941156903035e-01
1.864771941156903035e-01
1.864771941156903035e-01
1.864771941156903035e-01
1.864771941156903035e-01
1.686075320341072770e-01
1.686075320341072770e-01
1.686075320341072770e-01
1.686075320341072770e-01
1.686075320341072770e-01
1.686075320341072770e-01
1.686075320341072770e-01
1.686075320341072770e-01
1.686075320341072770e-01
1.686075320341072770e-01
1.686075320341072770e-01
1.686075320341072770e-01
1.686075320341072770e-01
1.686075320341072770e-01
1.686075320341072770e-01
1.462510269564822329e-01
1.462510269564822329e-01
1.462510269564822329e-01
1.462510269564822329e-01
1.462510269564822329e-01
1.462510269564822329e-01
1.462510269564822329e-01
1.462510269564822329e-01
1.462510269564822329e-01
1.462510269564822329e-01
1.462510269564822329e-01
1.462510269564822329e-01
1.462510269564822329e-01
1.462510269564822329e-01
1.462510269564822329e-01
1.430617800520387617e-01
1.346100031020902310e-01
1.346100031020902310e-01
1.346100031020902310e-01
1.341047316077370877e-01
1.331730086464821550e-01
1.327678306710664835e-01
1.325925261562752588e-01
1.324989101324032525e-01
1.324565993217610704e-01
1.324361996251211537e-01
1.324262570694408336e-01
1.320154049069353075e-01
1.320154049069353075e-01
1.320154049069353075e-01
1.320154049069353075e-01
1.320154049069353075e-01
1.317550589113265225e-01
1.317550589113265225e-01
1.317550589113265225e-01
1.317550589113265225e-01
1.317550589113265225e-01
1.317550589113265225e-01
1.317550589113265225e-01
1.317550589113265225e-01
1.317550589113265225e-01
1.317550589113265225e-01
1.307419704415358208e-01
1.307419704415358208e-01
1.306601176849090384e-01
1.300997428531611988e-01
1.299429387455549589e-01
1.298933965962652815e-01
1.298768377521576090e-01
1.298712200750631596e-01
1.298690483503550375e-01
1.298683753613622538e-01
1.298683753613622538e-01
1.298683548879362437e-01
1.298683548879362437e-01
1.298680894127983154e-01
1.298677564174784416e-01
1.298677564174784416e-01
1.298677564174784416e-01
1.298677564174784416e-01
1.211434347279491675e-01
1.176146822444822798e-01
1.118540975629459810e-01
1.118540975629459810e-01
1.070564985989095191e-01
1.070564985989095191e-01
1.024128591482816597e-01
1.024128591482816597e-01
1.024128591482816597e-01
1.024128591482816597e-01
1.024128591482816597e-01
1.024128591482816597e-01
1.024128591482816597e-01
1.024128591482816597e-01
1.024128591482816597e-01
1.024128591482816597e-01
1.024128591482816597e-01
1.024128591482816597e-01
1.007436732393136719e-01
1.007436732393136719e-01
1.007436732393136719e-01
1.007436732393136719e-01
1.007436732393136719e-01
1.007436732393136719e-01
1.007436732393136719e-01
9.541051418833382258e-02
9.541051418833382258e-02
9.541051418833382258e-02
9.541051418833382258e-02
9.541051418833382258e-02
9.415562245675070108e-02
9.415562245675070108e-02
9.355036680175662922e-02
9.355036680175662922e-02
9.282587682678676566e-02
9.278649919767797960e-02
9.278225183455249270e-02
9.278173484453036690e-02
9.278136814714361968e-02
9.278136814714361968e-02
9.278136814714361968e-02
9.278136814714361968e-02
9.278136814714361968e-02
9.278136814714361968e-02
9.278136814714361968e-02
9.278136814714361968e-02
9.278136814714361968e-02
9.149185208165415417e-02
9.149185208165415417e-02
9.149185208165415417e-02
9.149185208165415417e-02
8.819475443248864233e-02
8.819475443248864233e-02
8.784704481458853464e-02
8.752434884113872993e-02
8.734547989372296040e-02
8.734547989372296040e-02
8.734547989372296040e-02
