3.048869441856244755e+00
3.048869441856244755e+00
1.964473826401712531e+00
1.410311357301518020e+00
1.410311357301518020e+00
1.410311357301518020e+00
1.019429384126936622e+00
7.403122113019723338e-01
7.403122113019723338e-01
7.403122113019723338e-01
7.403122113019723338e-01
7.403122113019723338e-01
7.403122113019723338e-01
7.403122113019723338e-01
4.800348131988247946e-01
4.800348131988247946e-01
4.800348131988247946e-01
4.732500931051029092e-01
4.732500931051029092e-01
4.230398944399009764e-01
3.767930356925859869e-01
3.560246983641123242e-01
3.498909563961601910e-01
3.452036588269473683e-01
3.452036588269473683e-01
3.452036588269473683e-01
2.496128585204924755e-01
2.496128585204924755e-01
2.496128585204924755e-01
2.213917418668270298e-01
1.995791529132921460e-01
1.995791529132921460e-01
1.995791529132921460e-01
1.995791529132921460e-01
1.995791529132921460e-01
1.995791529132921460e-01
1.995791529132921460e-01
1.995791529132921460e-01
1.995791529132921460e-01
1.995791529132921460e-01
1.995791529132921460e-01
1.995791529132921460e-01
1.995791529132921460e-01
1.995791529132921460e-01
1.995791529132921460e-01
1.859074356567468056e-01
1.859074356567468056e-01
1.859074356567468056e-01
1.859074356567468056e-01
1.859074356567468056e-01
1.611852318630022651e-01
1.611852318630022651e-01
1.610738452911304464e-01
1.610738452911304464e-01
1.610738452911304464e-01
1.551393622574631370e-01
1.527329935512701797e-01
1.527329935512701797e-01
1.527329935512701797e-01
1.527329935512701797e-01
1.427857840278878854e-01
1.427857840278878854e-01
1.427857840278878854e-01
1.427857840278878854e-01
1.427857840278878854e-01
1.427857840278878854e-01
1.427857840278878854e-01
1.427857840278878854e-01
1.414982097470824651e-01
1.414982097470824651e-01
1.414982097470824651e-01
1.414982097470824651e-01
1.414982097470824651e-01
1.414982097470824651e-01
1.274639246299106299e-01
1.274639246299106299e-01
1.274639246299106299e-01
1.274639246299106299e-01
1.274639246299106299e-01
1.085380246701772994e-01
1.085380246701772994e-01
1.085380246701772994e-01
1.085380246701772994e-01
1.085380246701772994e-01
1.085380246701772994e-01
1.085380246701772994e-01
1.085380246701772994e-01
1.085380246701772994e-01
1.085380246701772994e-01
1.085380246701772994e-01
1.085380246701772994e-01
1.085380246701772994e-01
1.085380246701772994e-01
1.085380246701772994e-01
1.029627768659948372e-01
1.029627768659948372e-01
9.339683760031118609e-02
9.339683760031118609e-02
9.339683760031118609e-02
9.339683760031118609e-02
9.339683760031118609e-02
9.339683760031118609e-02
9.339683760031118609e-02
9.339683760031118609e-02
9.339683760031118609e-02
8.873923586165836930e-02
8.873923586165836930e-02
8.825987697041430546e-02
8.825987697041430546e-02
8.825987697041430546e-02
8.825987697041430546e-02
8.825987697041430546e-02
8.825987697041430546e-02
8.825987697041430546e-02
8.825987697041430546e-02
8.642539629647066901e-02
8.642539629647066901e-02
8.485760608099127134e-02
8.485760608099127134e-02
8.485760608099127134e-02
8.485760608099127134e-02
8.433480443964605500e-02
8.433480443964605500e-02
8.050826151864461100e-02
8.050826151864461100e-02
8.050826151864461100e-02
8.050826151864461100e-02
7.425253339904054617e-02
7.425253339904054617e-02
7.425253339904054617e-02
7.425253339904054617e-02
7.425253339904054617e-02
7.425253339904054617e-02
7.174498447064379947e-02
7.174498447064379947e-02
7.174498447064379947e-02
7.174498447064379947e-02
7.174498447064379947e-02
7.174498447064379947e-02
7.174498447064379947e-02
7.174498447064379947e-02
7.174498447064379947e-02
7.174498447064379947e-02
7.174498447064379947e-02
7.174498447064379947e-02
7.174498447064379947e-02
7.174498447064379947e-02
7.174498447064379947e-02
7.174498447064379947e-02
7.174498447064379947e-02
7.174498447064379947e-02
6.992733204536702440e-02
6.992733204536702440e-02
6.983073428353898937e-02
6.982624868484389735e-02
6.982624868484389735e-02
6.958496034629327309e-02
6.958496034629327309e-02
6.958496034629327309e-02
6.958496034629327309e-02
6.958496034629327309e-02
6.958496034629327309e-02
6.804753978708998063e-02
6.804753978708998063e-02
6.804753978708998063e-02
6.804753978708998063e-02
6.804753978708998063e-02
6.717536334262122488e-02
6.652002855731659059e-02
6.642859156282568400e-02
6.641513880163271710e-02
6.641278132986720706e-02
6.641278132986720706e-02
6.641278132986720706e-02
6.641278132986720706e-02
6.641278132986720706e-02
6.641278132986720706e-02
6.641278132986720706e-02
6.641278132986720706e-02
6.641275438626730032e-02
6.641270868825363549e-02
6.641270868825363549e-02
6.641270868825363549e-02
6.641270868825363549e-02
6.641270868825363549e-02
6.641270868825363549e-02
6.641270868825363549e-02
6.641270868825363549e-02
6.641270868825363549e-02
6.641270868825363549e-02
6.641270868825363549e-02
6.641270868825363549e-02
6.463328582119326482e-02
6.463328582119326482e-02
6.463328582119326482e-02
6.421532877897344338e-02
6.420333351888012074e-02
6.420289733048843706e-02
6.420289733048843706e-02
6.420289733048843706e-02
