4.959292812897687242e+01
3.128572929456336027e+01
3.128572929456336027e+01
1.978829637494322569e+01
1.978829637494322569e+01
1.978829637494322569e+01
1.978829637494322569e+01
1.978829637494322569e+01
1.556718857553784119e+01
1.529811123173605836e+01
1.110058625413472377e+01
6.429729773214685196e+00
4.888336486812701054e+00
3.079620815836260128e+00
2.109343030647335748e+00
1.904665006346556000e+00
1.574601273383697597e+00
1.188785157619559829e+00
1.099593673008888217e+00
1.050970332443946109e+00
8.910680737047650402e-01
8.910680737047650402e-01
8.910680737047650402e-01
8.587990655880028967e-01
8.315359847240404445e-01
8.315359847240404445e-01
8.315359847240404445e-01
8.315359847240404445e-01
8.315359847240404445e-01
8.315359847240404445e-01
8.117868464664615979e-01
8.117868464664615979e-01
8.117868464664615979e-01
8.092185959782758342e-01
7.856891724455966619e-01
7.838059354394104616e-01
6.790955551244500787e-01
6.790955551244500787e-01
6.790955551244500787e-01
6.790955551244500787e-01
6.790955551244500787e-01
6.728030977687532443e-01
6.176108364749077762e-01
5.035906198249415766e-01
4.370132008268313717e-01
2.060320225299999974e-01
1.265324484683056638e-01
1.265324484683056638e-01
1.265324484683056638e-01
1.265324484683056638e-01
1.265324484683056638e-01
1.265324484683056638e-01
1.265324484683056638e-01
1.265324484683056638e-01
1.265324484683056638e-01
1.265324484683056638e-01
1.247121469312269249e-01
1.247121469312269249e-01
1.247121469312269249e-01
1.247121469312269249e-01
1.247121469312269249e-01
1.230131288859667299e-01
1.043620120438079196e-01
9.219925306964324441e-02
9.219925306964324441e-02
9.219925306964324441e-02
9.219925306964324441e-02
9.219925306964324441e-02
9.219925306964324441e-02
9.219925306964324441e-02
8.843269060210981469e-02
8.843269060210981469e-02
8.843269060210981469e-02
8.843269060210981469e-02
8.843269060210981469e-02
8.843269060210981469e-02
8.843269060210981469e-02
8.843269060210981469e-02
8.843269060210981469e-02
8.843269060210981469e-02
8.843269060210981469e-02
8.843269060210981469e-02
8.725233717584711390e-02
8.725233717584711390e-02
8.725233717584711390e-02
8.725233717584711390e-02
8.725233717584711390e-02
8.725233717584711390e-02
8.725233717584711390e-02
8.725233717584711390e-02
8.725233717584711390e-02
8.725233717584711390e-02
8.725233717584711390e-02
8.725233717584711390e-02
8.725233717584711390e-02
8.150693349779447594e-02
8.150693349779447594e-02
8.150693349779447594e-02
8.150693349779447594e-02
8.150693349779447594e-02
8.150693349779447594e-02
8.150693349779447594e-02
8.150693349779447594e-02
8.150693349779447594e-02
8.150693349779447594e-02
8.150693349779447594e-02
8.150693349779447594e-02
8.150693349779447594e-02
8.150693349779447594e-02
8.150693349779447594e-02
8.150693349779447594e-02
8.150693349779447594e-02
8.150693349779447594e-02
7.625828730999295590e-02
7.625828730999295590e-02
7.625828730999295590e-02
7.625828730999295590e-02
7.625828730999295590e-02
7.625828730999295590e-02
7.625828730999295590e-02
7.625828730999295590e-02
7.625828730999295590e-02
7.566357684749143442e-02
7.566357684749143442e-02
7.548730930545739792e-02
7.474551303731101493e-02
7.451306117523391614e-02
7.443276455103128852e-02
7.440456434769791849e-02
7.439452314590472293e-02
7.439103787992590311e-02
7.438986790303186991e-02
7.438941834524939734e-02
7.382335679919582727e-02
7.382335679919582727e-02
7.382335679919582727e-02
7.382335679919582727e-02
7.382335679919582727e-02
7.382335679919582727e-02
7.382335679919582727e-02
7.382335679919582727e-02
7.382335679919582727e-02
7.382335679919582727e-02
7.382335679919582727e-02
7.375059224651113465e-02
7.375059224651113465e-02
7.339922913072970123e-02
7.334075734254215384e-02
7.332751198030791617e-02
7.332418515481817223e-02
7.332338700029225609e-02
7.332309870937762930e-02
7.332306055693699198e-02
7.332306055693699198e-02
7.332300631778435052e-02
7.332300631778435052e-02
7.332300631778435052e-02
7.332300631778435052e-02
7.332300631778435052e-02
7.332300631778435052e-02
7.332300587709836281e-02
7.332300587709836281e-02
7.332300587709836281e-02
7.332300587709836281e-02
7.332300587709836281e-02
7.332300587709836281e-02
7.331888448845386153e-02
7.331888448845386153e-02
7.312251470105272932e-02
7.309052000811885885e-02
7.308571443399286549e-02
7.307373978746409260e-02
7.306842266408636322e-02
7.306631171181757201e-02
7.306606072024059151e-02
7.306601010129583351e-02
7.306466338662014059e-02
7.306434920761027685e-02
7.306434920761027685e-02
7.252889218371125213e-02
7.243031017001454186e-02
7.234716135129103110e-02
7.234716135129103110e-02
7.229902219230413540e-02
7.229293924399646243e-02
7.228416151773595089e-02
7.225824284649058626e-02
7.225621010941296607e-02
7.225562849688405009e-02
7.225554719599973363e-02
7.225496656548012486e-02
7.225495445762081248e-02
7.216059747758218901e-02
7.205112361485029038e-02
7.204829701162063227e-02
7.204817669518202849e-02
7.204817669518202849e-02
7.204814902060191484e-02
7.204814902060191484e-02
7.204814902060191484e-02
