3.039291405535494661e+01
1.508350436126364613e+01
1.508350436126364613e+01
1.508350436126364613e+01
1.508350436126364613e+01
1.508350436126364613e+01
1.508350436126364613e+01
1.508350436126364613e+01
1.146548100985360286e+01
8.258944269472850763e+00
8.258944269472850763e+00
5.366093689690479174e+00
4.356120037523412591e+00
3.393813053445050798e+00
2.516843927497448341e+00
2.184845511747887326e+00
2.184845511747887326e+00
2.167512315947717205e+00
2.011385997055407771e+00
1.961704769613553001e+00
1.961704769613553001e+00
1.961704769613553001e+00
1.961704769613553001e+00
1.880730798047496766e+00
1.849370701685966401e+00
1.849370701685966401e+00
1.797781829530270770e+00
1.797781829530270770e+00
1.797781829530270770e+00
1.797781829530270770e+00
1.797781829530270770e+00
1.746632100142476496e+00
1.746632100142476496e+00
1.722338379186748147e+00
1.722338379186748147e+00
1.722338379186748147e+00
1.722338379186748147e+00
1.662724085638621840e+00
1.580115312525716575e+00
1.580115312525716575e+00
1.580115312525716575e+00
1.580115312525716575e+00
1.580115312525716575e+00
1.580115312525716575e+00
1.580115312525716575e+00
1.580115312525716575e+00
1.580115312525716575e+00
1.580115312525716575e+00
1.580115312525716575e+00
1.557440797817839062e+00
1.557440797817839062e+00
1.557440797817839062e+00
1.533351177940973642e+00
1.533351177940973642e+00
1.533351177940973642e+00
1.533351177940973642e+00
1.533351177940973642e+00
1.528102982049604819e+00
1.528102982049604819e+00
1.528102982049604819e+00
1.528102982049604819e+00
1.528102982049604819e+00
1.528102982049604819e+00
1.528102982049604819e+00
1.528102982049604819e+00
1.521222274294148802e+00
1.461085648310716412e+00
1.461085648310716412e+00
1.461085648310716412e+00
1.461085648310716412e+00
1.461085648310716412e+00
1.461085648310716412e+00
1.427026244671262489e+00
1.427026244671262489e+00
1.427026244671262489e+00
1.427026244671262489e+00
1.427026244671262489e+00
1.399858075931956325e+00
1.379369323919476420e+00
1.379369323919476420e+00
1.379369323919476420e+00
1.363279295867059648e+00
1.363279295867059648e+00
1.363279295867059648e+00
1.363279295867059648e+00
1.363279295867059648e+00
1.363279295867059648e+00
1.330768938288885650e+00
1.330768938288885650e+00
1.330768938288885650e+00
1.330768938288885650e+00
1.330768938288885650e+00
1.330768938288885650e+00
1.324438890206060426e+00
1.293832737326096272e+00
1.281087798161840041e+00
1.281087798161840041e+00
1.281087798161840041e+00
1.275952593859607909e+00
1.275952593859607909e+00
1.275952593859607909e+00
1.275952593859607909e+00
1.275952593859607909e+00
1.264187841699726533e+00
1.257434075652396288e+00
1.257434075652396288e+00
1.251556727801264035e+00
1.222850743192111400e+00
1.222850743192111400e+00
1.221780866328161741e+00
1.196057754751994606e+00
1.196057754751994606e+00
1.179480651966778204e+00
1.179480651966778204e+00
1.179480651966778204e+00
1.179480651966778204e+00
1.177683992284799253e+00
1.172392001648196125e+00
1.171418059372994813e+00
1.141459320015257406e+00
1.138506186455667812e+00
1.138506186455667812e+00
1.137061487686077621e+00
1.128997530538126792e+00
1.128997530538126792e+00
1.128997530538126792e+00
1.128997530538126792e+00
1.120151585775129632e+00
1.120151585775129632e+00
1.116038859508514669e+00
1.116038859508514669e+00
1.106669497235730493e+00
1.106669497235730493e+00
1.106669497235730493e+00
1.106669497235730493e+00
1.106351855404832385e+00
1.106283950426081519e+00
1.080741551199185357e+00
1.080138091523614507e+00
1.080138091523614507e+00
1.067814683082555893e+00
1.063416691257638602e+00
1.051317170503112797e+00
1.036599703968883901e+00
1.028971111384862525e+00
1.023391620058903051e+00
1.021057542451291988e+00
1.020752072618095196e+00
1.020684552416647017e+00
1.016166558504506323e+00
1.008514268032383088e+00
1.006010708026209066e+00
1.001472060284031240e+00
1.000297584300860576e+00
9.997928076681799059e-01
9.969272658704126933e-01
9.900990072043505119e-01
9.896244920593060268e-01
9.896244920593060268e-01
9.882014393012217290e-01
9.877689003768277409e-01
9.840010375160260780e-01
9.840010375160260780e-01
9.836658033167111626e-01
9.810438704958373002e-01
9.801933293677012049e-01
9.797436883012835551e-01
9.789543290319233648e-01
9.789543290319233648e-01
9.775947149975670047e-01
9.775947149975670047e-01
9.775947149975670047e-01
9.768132470339088158e-01
9.750667543927473702e-01
9.733478117217793102e-01
9.660902960495783010e-01
9.636221815814645097e-01
9.602852249519973071e-01
9.564925653852469623e-01
9.544827891857339264e-01
9.524729335548938192e-01
9.512861521560936895e-01
9.501305793232452945e-01
9.414958840989158251e-01
9.408409907211672252e-01
9.366639618464400741e-01
9.328243084582732436e-01
9.173715853481291260e-01
9.173715853481291260e-01
9.160928970112589553e-01
9.105998717974150836e-01
9.044139750624806684e-01
9.038361063524624761e-01
9.038200037175452284e-01
9.038200037175452284e-01
9.038196416486277140e-01
9.010913101120674451e-01
9.010001065295618616e-01
9.009869649023906080e-01
9.009869649023906080e-01
