-5.965062443123650304e+00
-2.150506792497847819e+00
-5.443034664203478812e+00
-6.442617631259297539e+00
-2.336051669317504853e+00
-1.682215088929205349e+00
-5.947278769238998564e+00
-2.956073880955529365e+00
5.154962665874144312e-01
-5.738522029841906402e+00
-3.835280844141820911e+00
-6.273119100023105688e+00
-2.039758079936444979e+00
0.000000000000000000e+00
-3.990685768173860559e+00
-3.438537513322888817e+00
-2.793395432454028882e+00
-6.588736675889153460e+00
-3.755211765674773439e+00
-9.754127487818189390e-01
-8.718733732384791324e+00
-5.000000000000000000e+00
-9.629721242403672221e+00
-1.000088098475246046e+00
2.510236895427542594e-02
-4.367819365956282951e+00
-5.000000000000000000e+00
-5.135662457474782450e+00
-1.921969736358991154e+00
-6.986135447903864204e+00
-3.993926766955236296e+00
-6.024227342068297908e-01
-7.625395748954183262e+00
-5.000000000000000000e+00
-6.415335572608513171e-02
-5.564033900513769559e+00
-2.843028986093341093e+00
-3.226680012503403416e-01
-7.997647673036484051e+00
-2.823575890228293694e+00
5.043795476466901295e-01
-5.629116310037134419e+00
-3.185491237193476266e+00
-8.884465126968603410e-02
-2.623650977676583285e+00
-4.844469745634760294e+00
-6.261771207152879271e+00
-3.576051735699329548e+00
-2.235551952436915651e-02
-6.998122962092581112e+00
-2.771698785039706348e+00
9.745341296894682870e-01
-8.999576762888743531e+00
-3.007869137204466359e+00
1.958177341518987591e+00
-6.714464233438603991e+00
-2.590131417355291621e+00
-1.721920689164355422e-01
-8.072150618028700819e+00
-3.513967326166462790e+00
-5.706186338500890409e-01
-5.522197234251854603e+00
-2.748940736801643858e+00
-7.487732595908731525e+00
-2.627235272684276812e-01
-6.733918057352723530e+00
-8.269461009791579942e-01
-4.000000000000000000e+00
-1.690979059218700398e+00
-7.237506801737643158e+00
-1.455083147289127021e+00
-7.150283858515785518e+00
3.152249509404532191e-01
-7.139608332722225725e+00
-3.768129363034825374e+00
-4.015799807604416571e+00
-3.958602606327830120e+00
-6.135151940449897978e+00
-3.623133003248218742e+00
-5.171557949028739110e+00
-1.620582324442543909e+00
-5.690196149515636570e+00
-4.002455727166144506e+00
-2.829435672465163254e+00
-3.779780275800798339e+00
-3.424767355507999156e+00
-4.917147738642095867e+00
-4.500740478315446325e+00
-1.764475180680293853e+00
-2.396292026923152019e+00
-3.714294095423122055e+00
-5.690196149515636570e+00
-2.791965340129943574e+00
-5.385563374308892648e+00
-2.797669104097534554e+00
9.407069113704759067e-01
-3.846178653807168946e+00
-1.000000000000000000e+00
-2.140718101407139973e-01
-5.645510943350436683e+00
-3.356703876840122724e+00
7.018789741729946074e-01
-2.697534342856397593e+00
-4.151204036280557119e+00
1.006750869524341230e+00
