-8.397940008672037493e+00
-2.752095584784135074e+00
-3.273009762006426016e+00
-6.105418082266425905e+00
-2.083225677254480157e+00
4.447493396936508803e-01
-6.440321579080523051e+00
-2.481228822890896080e+00
-4.139838172189277965e-01
-5.382865212134406718e+00
-2.638681480303517901e+00
-6.348669668012817624e+00
-3.430485326438276861e+00
-1.328198235935156957e+00
-4.000000000000000000e+00
-2.573681340912404636e+00
-8.321316262287580257e-01
-6.710728345530398542e+00
-2.560588586887105667e+00
-1.853179356136256617e+00
-5.892545420930275668e+00
-2.233111435464011141e+00
-8.838840938781839185e+00
-4.343167497385246989e+00
-1.149092570255294321e+00
-6.180350213479102628e+00
-1.350296687872203583e+00
-4.633777234522537647e+00
-2.950082073804497274e+00
-7.524106086419068085e+00
-1.359159849089349503e+00
6.586967928461352761e-02
-6.544286140714310918e+00
-3.396352599479031120e+00
-5.476306818650281683e-01
-5.198244279642679544e+00
-1.551471671190955304e+00
1.221501271361543350e-01
-5.373484793124752912e+00
-3.772150799173601854e+00
9.974724421549061582e-01
-7.336148418805673366e+00
-1.369455478878736532e+00
2.000000000000000000e+00
-3.296556897967726357e-02
-1.987655639913642913e+00
-7.572897770755283808e+00
-3.370663581142188114e+00
-1.007690477096001347e+00
-6.865568115460735754e+00
-3.900790967164265766e+00
-3.838821655159276869e-01
-6.611259277592619554e+00
-3.474548893853588005e+00
-1.122544196380547588e+00
-6.968211767172509674e+00
-2.173435755010517667e+00
-2.488900988583574725e-01
-8.918007194365996426e+00
-2.215654888646147569e+00
-1.751978163407305056e+00
-6.032801191022060472e+00
1.929503280530400072e-02
-4.059815184290462398e+00
-1.559096752200286984e+00
-4.681402116957388060e+00
-7.872082414327810085e-01
-6.076214481151835933e+00
-3.310979559586618048e+00
-6.107947753888416820e+00
-1.373935430901430665e+00
-5.326605513821176530e+00
-1.948057827439931611e+00
-4.255975613244252997e+00
-4.184273229041513553e-01
-6.728449465525219608e+00
-3.036806257359704553e+00
-4.001417612689989411e+00
-4.000000000000000000e+00
-5.317150848452993905e+00
-3.476665993326375936e+00
-2.904205203683581260e+00
-2.683701054569453071e+00
-1.690196149515636570e+00
-3.344334862463071989e+00
-2.506561173012223698e+00
-5.000000000000000000e+00
-3.590947559493680608e+00
-3.326873694626212075e+00
-3.206048505335287846e+00
-1.659478515590212311e+00
-4.440473493753944290e+00
-2.886416324450444826e+00
-4.843633714427447501e+00
-3.873011122495755743e+00
1.155746542742782657e+00
-6.226164035567770760e+00
-2.184927968154636524e+00
2.102143027882771520e+00
-2.544068022635552317e+00
-1.024861489335750164e+00
-1.206646222187012923e-01
-3.862031387921267100e+00
-2.128957839335927194e+00
7.852379614630665694e-01
