-5.735482570613469555e+00
-3.081765951532347003e+00
-4.991261413854741313e+00
-6.800928505104471888e+00
-3.548207316025321134e+00
-2.636532728650541890e-01
-6.488509189625221829e+00
-2.936398663694289368e+00
1.136172677031898504e+00
-6.919168747726152091e+00
-5.000000000000000000e+00
-6.200016498126912801e+00
-1.821796958058427007e+00
-1.346715242347473307e+00
-3.632635805171890997e+00
-1.960341997078239196e+00
-2.522620647096920798e+00
-7.765842834457098220e+00
-2.566643232373804651e+00
-8.478945580341816779e-01
-6.688229347612851150e+00
-2.457692157840026592e+00
-8.556667334667015012e+00
-2.321211281303717566e+00
-4.661048985977404024e-01
-6.532759196331604734e+00
-1.872463424412900812e+00
-3.775889237607507720e+00
-2.449810922948992609e+00
-6.851389991925822542e+00
-2.662934433280796931e+00
-1.423565929696884336e+00
-6.180851439581328322e+00
-1.301689440463102754e+00
4.899318062872782403e-02
-5.696790550025836453e+00
-2.338874772789928613e+00
-2.010525312994879965e-01
-5.646968564555920445e+00
-2.976599388232212817e+00
1.127660325089186871e-01
-7.547083781093467003e+00
-4.671128948367049283e+00
4.373980844535491630e-01
-1.564824636486797649e-01
-2.234604282363857664e+00
-6.198342890151359086e+00
-4.465692579909706694e+00
4.519733200178364663e-01
-9.000000000000000000e+00
-4.550549130020045574e+00
-7.082998424270343756e-03
-7.368744128664950210e+00
-1.000000000000000000e+00
7.575059952722363876e-01
-7.988528364578257879e+00
-4.270204945142708652e+00
7.883687060101511879e-01
-7.466081263186839401e+00
-2.640247904582076810e+00
3.327037042955833246e-01
-6.746632837190597698e+00
-5.490275777910066414e-03
-7.279877059446187459e+00
-2.549984418486488380e+00
-4.761322598393133099e+00
-1.704305392249132689e+00
-6.753073282669834754e+00
-2.537401936632389887e+00
-7.210108475388954830e+00
-1.438836740052819030e+00
-4.019078041056904027e+00
-1.255608209893323224e+00
-6.157217714048816681e+00
-2.869325023813501740e+00
-4.885045931715814582e+00
-2.217457032683436857e+00
-5.651172943854394504e+00
-2.199392564926592186e+00
-5.898889491026514165e+00
-2.179468398757098857e+00
-5.690196149515636570e+00
-1.000238754438557809e+00
-2.812147625162008779e+00
-1.802209608369568894e+00
-2.863787699481627591e+00
-3.817477326393185599e+00
-3.069450468551302436e+00
-4.067333149439169127e+00
-3.078093555605514897e+00
-4.105811250522912736e+00
-2.988298342670486996e+00
-2.409063122443494631e+00
-4.080594021433650909e+00
-4.330161985093164745e+00
-6.131492693184605880e-01
-3.570140653071845804e+00
-3.844263976486115730e+00
1.572515923853652797e+00
-2.647507405957128856e+00
-4.221231791676482992e+00
2.245406434343126256e-01
-4.363523602533103229e+00
-2.890292321868032310e+00
1.274004999516624270e+00
