-6.426962717600674502e+00
-2.142182692338560734e+00
-4.854263080250611040e+00
-5.593294939945643307e+00
-1.640571642442212985e+00
5.621659410759873854e-01
-6.043970632657918785e+00
-3.221836224239301494e+00
-8.622602116229829416e-01
-5.729610640339600991e+00
-2.335292183323805393e+00
-5.080137107483371217e+00
-3.154897902035181723e+00
0.000000000000000000e+00
-3.501265942989253421e+00
-1.621832098914131715e+00
-2.428980167743981067e+00
-4.534687658526052267e+00
-1.819341509208926677e+00
1.941927052871877279e+00
-7.533332750549850410e+00
-3.779105234000826208e+00
-8.159574930256029646e+00
-2.917175114356036936e+00
1.797279649781805766e+00
-5.916894521728296219e+00
-3.010384029154693497e+00
-5.802229211127530206e+00
-3.262046106802169554e+00
-8.440594785929613764e+00
-2.547591520949655575e+00
1.132642183914887024e+00
-6.646540371522199564e+00
-3.448080848944331311e+00
-1.552082578845842997e+00
-5.660129004060650892e+00
-2.355526143048536358e+00
-4.302604073136631624e-01
-4.000000000000000000e+00
-2.558079237339007328e+00
-7.506293745285490537e-01
-8.718358455099762594e+00
-1.704115082779645629e+00
8.597933945328792849e-01
-1.374986445745136621e+00
-3.590401543622408820e+00
-7.809347227519635837e+00
-4.477652714355591534e+00
3.565385552158468752e-01
-7.116165287676208706e+00
-3.306066283175192577e+00
-1.847039508667909891e+00
-8.343652683831066952e+00
-2.607587540738746767e+00
2.406525541603151963e-01
-5.565334525753506512e+00
-3.629708081573442602e+00
-8.303501463858020681e-01
-6.782920637153043941e+00
-2.557274588953231120e+00
-1.503101642916873537e+00
-7.798584033542256932e+00
-1.031068132451201880e+00
-5.984179742367276233e+00
-1.066875647770627600e+00
-5.992428374220295950e+00
-2.141988520550755837e+00
-7.997043456871471889e+00
-2.034622625874754065e-01
-4.519982030043467880e+00
-1.214107693276773814e+00
-6.253992520146259615e+00
-2.547725997443574641e+00
-5.418334804697615859e+00
-2.038032096495494105e+00
-6.556123798559847060e+00
-3.112277255501781914e-01
-4.051482618876537600e+00
-2.450140820674949538e+00
-6.572008807946216002e+00
-2.373177698921474565e+00
-5.205988954728875129e+00
-3.209663316145897838e+00
-2.276322909895069913e+00
-3.500182605228536747e+00
-2.659938120045678200e+00
-2.735962434779584562e+00
-3.782312927990032048e+00
-2.371317046430005515e+00
-3.618167488555238620e+00
-1.823213897569943676e+00
-4.514273583326282591e+00
-3.259587076471412104e+00
-2.978259554219139904e+00
-2.677336234097499545e+00
4.358110604753205886e-01
-4.542905257224455262e+00
-3.707580334257969845e+00
6.940644047740629485e-01
-6.093944919206344402e+00
-3.664675803169255897e+00
-5.497091637075488535e-01
-6.544068022635552317e+00
-2.763419117176413309e+00
-8.861915083251261649e-01
