-6.601098152143995534e+00
-3.853207557638533398e+00
-5.775114624914389871e+00
-5.916328325634728103e+00
-3.221326484900056464e+00
-1.086818974027566748e-01
-6.088012235504825398e+00
-3.028657581433610080e+00
-1.259157030930328380e+00
-6.419532717569531144e+00
-2.301659382228987916e+00
-6.197469210478834256e+00
-1.835908183303482488e+00
0.000000000000000000e+00
-1.731623725154247229e+00
-2.029313594156882949e+00
-4.452716250885861426e-01
-7.733128298382419885e+00
-1.868326184596522666e+00
1.167329198807532054e+00
-6.604155128556162602e+00
-2.401599409538692775e+00
-1.030102999566398125e+01
-3.657159356763071134e+00
1.042980191870368056e+00
-6.666857830914911354e+00
-3.396493676953748597e+00
-3.483016005855249286e+00
-4.559092022912658138e+00
-6.733726891528075242e+00
-3.026310930833687518e+00
6.245533773911178255e-01
-6.253438596042722786e+00
-3.580382564736886319e+00
-5.484770852958139598e-01
-5.346723700728397866e+00
-3.884882083516533191e-01
-5.248122934911833015e-01
-5.130147483424265964e+00
-4.267152193519079262e+00
-1.801518591303382211e+00
-8.128132966612245269e+00
-2.753323547852670306e+00
8.229827346962597101e-01
-2.625981172553177867e+00
-3.572356251555566242e+00
-7.048759865054824658e+00
-3.051249362687534994e+00
2.000000000000000000e+00
-7.078529342357717802e+00
-3.160582604659253558e+00
4.918280048220228240e-01
-9.000000000000000000e+00
-4.264712809328362830e+00
2.328049776020646722e-01
-6.953878214615381914e+00
-3.455820943280533797e+00
-9.933565191905152636e-01
-6.376110492002776908e+00
-2.376157118253526601e+00
1.906209449588020632e+00
-4.000310923118502338e+00
-2.513000491335918518e+00
-5.763511788946362735e+00
-1.248165434576042676e+00
-4.001838701956426547e+00
-3.738058832712887636e+00
-5.623470533438662322e+00
-1.934620325470855162e+00
-4.362823246404641253e+00
-3.065958869145467780e+00
-5.683111083936331021e+00
-1.703745316426886980e+00
-7.989292974125657310e+00
-2.962141300607521899e+00
-6.375645844869134216e+00
-2.427267025999089611e+00
-6.992213267706445912e+00
-3.747213143507955202e+00
-4.595071760997951671e+00
-9.812295319816820571e-01
-4.200762718702098830e+00
-4.996217141551687391e+00
-1.700959541753148230e+00
-3.546697356538945911e+00
-4.695262820230982292e+00
-2.949520204773919296e+00
-5.690196149515636570e+00
-1.000818038080676819e+00
-5.681063712693196877e+00
-3.432169312210120005e+00
-5.633899124609810904e+00
-3.041596310073648723e+00
-5.826818030484652411e+00
-2.246107260483466206e+00
2.967032009510058632e+00
-3.458569972753478439e+00
-2.005103593061726919e+00
3.000000000000000000e+00
-6.544068022635552317e+00
-3.271361110362384750e+00
5.465770670700654810e-01
-2.544068022635552317e+00
-1.000000000000000000e+00
1.508841053237585994e+00
