-6.296269663376103942e+00
-4.271599769969106397e+00
-5.261234010894582980e+00
-6.668833567840285248e+00
-1.987223523384632040e+00
-3.962111702872381236e-01
-6.192791793074230000e+00
-4.995651603694732046e+00
2.563078121313507318e-01
-5.431492664655869440e+00
-3.081597917477118642e+00
-8.000000000000000000e+00
-4.999999992417882844e+00
-1.214721848992536849e-03
-3.475793404360866479e+00
-2.247880686765430625e+00
-2.457993003924418662e+00
-7.743745468827688327e+00
-3.123174267188350672e+00
-7.166075663040545329e-01
-6.503406329771009631e+00
-2.781357292292145456e+00
-1.030102999566398125e+01
-2.419225705853328190e+00
4.478046588141657014e-01
-7.603298595165954410e+00
-4.282671853572934673e+00
-5.042092538989771278e+00
-4.646657758853470099e+00
-6.715320617527721581e+00
-3.408534453366375505e+00
-4.934536155324162343e-01
-5.340991768305980436e+00
-3.068113436594484433e+00
8.641888229750596118e-01
-4.573638844410595539e+00
-1.324514483465412340e+00
-1.274854104594464743e-01
-5.595633685005410918e+00
-3.314319657390113250e+00
-2.000000000000000000e+00
-6.877182212087016744e+00
-3.823397385574850205e+00
4.973445488119641045e-01
-1.189674841818725293e-01
-3.378845806468285584e+00
-8.951258594358229459e+00
-2.339885628385342642e+00
-1.028457617508762301e+00
-5.011676081154184281e+00
-3.128869532899471118e+00
7.994777192680299072e-01
-6.316243836637177367e+00
-3.249760218302887527e+00
-2.000000000000000000e+00
-8.127334957617676992e+00
-3.044195884945422481e+00
-2.169666711863307562e-01
-6.590282904390920571e+00
-2.729231515798947516e+00
-1.915503214283427624e+00
-6.221000807245615327e+00
2.727808517901960106e-01
-4.375928052931212342e+00
-1.860491119079006328e+00
-5.658468759607408138e+00
-2.332512143856762865e+00
-5.235615767228521733e+00
-1.262160085063890325e+00
-5.232379861370284324e+00
-3.285225499359749612e+00
-6.656399301647515365e+00
-3.293008654113414480e+00
-6.042071624284905518e+00
-4.302532850954833288e-01
-6.486512913748938125e+00
4.139268515822491779e-02
-6.065773074760445027e+00
-1.554335475642284470e+00
-5.149783570759484341e+00
-9.465283645138747870e-01
-2.986864478810628221e+00
-2.485094553209768353e+00
-2.827511454458194962e+00
-1.038225412689365301e+00
-2.968207102594564439e+00
-3.473675370638833915e+00
-5.688488121380258278e+00
-2.530955564908746069e+00
-2.874870660638094932e+00
-2.224036504904290279e+00
-4.358222051170900890e+00
-3.169575682875064082e+00
-2.691457597829916004e+00
-5.000000000000000000e+00
5.246381677841472913e-01
-5.178075426464819664e+00
-4.289466693932423524e+00
-9.654757603925182563e-01
-2.544068022635552317e+00
-2.396015460671528707e+00
-8.246571284513830591e-01
-3.886009420140100534e+00
-3.969187685303485313e+00
2.006343062051485937e+00
