-7.787969425421353620e+00
-2.968705647431457262e+00
-5.327247297794912129e+00
-5.727347002360759554e+00
-2.402214999575863263e+00
-7.465634107967359379e-01
-5.505636972688637165e+00
-2.251933485881062680e+00
2.270604485931823069e-01
-7.193015214427558313e+00
-1.807812630597358527e+00
-5.163312716391120993e+00
-2.083266328649547194e+00
-4.903678123729747207e-01
-3.007793066007924399e+00
-1.772789023496178062e+00
-2.136328762122943647e+00
-6.735915180812229508e+00
-3.629908995320912712e+00
-1.146463373022118759e+00
-9.006198635766862637e+00
-2.516586559286306368e+00
-9.732497982358415456e+00
-2.115858184115307239e+00
8.947583944152980306e-01
-5.837292957614877764e+00
-2.587944629115977335e+00
-5.596903275465171745e+00
-4.125955960762481389e+00
-6.097359010385940081e+00
-3.608968559267970555e+00
-1.835856407840634752e-01
-6.127494508909322235e+00
-2.790136106551326822e+00
-2.998609427564937757e+00
-5.395877313223789606e+00
-1.700970848705885663e+00
-1.637950179855188204e-01
-5.404676819768188700e+00
-2.585764095415362451e+00
-9.588216236972648687e-01
-8.382813140408075014e+00
-3.232922105119151013e+00
-5.740068866016572180e-01
-1.299835283286784771e+00
-3.403407739924540376e+00
-5.000000000000000000e+00
-1.092717160338976035e+00
-2.000000000000000000e+00
-8.602207792315711643e+00
-2.144796708069200086e+00
-6.554038084307767242e-01
-8.999552707062864698e+00
-2.867928077597753589e+00
-1.271197424362882966e+00
-5.986477649669954992e+00
-5.000000000000000000e+00
-6.209882329128407763e-01
-6.007647771745176613e+00
-1.707572530284234391e+00
5.519443224734061487e-02
-6.399115242263738068e+00
-5.842465194938299966e-01
-6.177732475046758154e+00
-4.404301562724952102e-01
-6.567427482477189216e+00
-2.616840982448243480e+00
-5.933552464081448541e+00
-2.639967653999033104e+00
-5.138843402988311659e+00
-2.703051061505569841e+00
-7.581645528196697015e+00
-2.467041213657317655e+00
-4.201277441265101942e+00
-1.588983017220267246e+00
-6.574136838958263063e+00
-1.925942596154839981e+00
-5.612911181409983463e+00
-9.826181904460059569e-01
-6.981303809325472898e+00
-1.768021895531413756e+00
-5.689026675627633090e+00
-1.832407931404313572e+00
-2.970039222370965071e+00
-3.229080012542958844e+00
-1.690196149515636570e+00
-3.226809000749686795e+00
-4.034563212771367979e+00
-1.686352545006158055e+00
-3.550954886210630601e+00
-3.151968918071452741e+00
-4.773069520392741794e+00
-3.935611049211630075e+00
-4.585672669308291205e+00
-1.031847476888406945e+00
4.500823779655433454e-01
-5.378860479526453631e+00
-2.373014556611469317e+00
1.988871150243022856e-01
-4.417311991163680673e+00
-3.263237791155893852e+00
1.140869847420292071e+00
-3.699860321995809276e+00
-3.784872933954095853e+00
1.453305686735258062e+00
