-5.894857087615689828e+00
-3.213619451469198918e+00
-4.726416862446055411e+00
-6.115372002434191323e+00
-3.464742250787375522e+00
1.544107547305438866e-01
-6.609478530268700247e+00
-2.707281884656033810e+00
-3.350266329470848459e-01
-4.946717111665393851e+00
-1.581370685051298963e+00
-5.269430034280471631e+00
-4.181896690794371985e+00
0.000000000000000000e+00
-4.000000000000000000e+00
-2.722445192946811865e+00
-3.174711669184568930e+00
-6.521466885807289948e+00
-2.128908801844217269e+00
-2.593886985203855966e-01
-8.583365583865514736e+00
-1.342942380690396842e+00
-6.301029995663981254e+00
-5.000000000000000000e+00
-2.053900579170156795e-02
-7.116018911484581544e+00
-3.238257599083127047e+00
-4.781388282190275341e+00
-4.138622590446943583e+00
-7.451057688219117736e+00
-3.169152952269541412e+00
-2.000000000000000000e+00
-5.984106415487187469e+00
-2.981289688117979786e+00
-2.061493095403494485e-02
-5.056978835832325103e+00
-2.028658140796177900e+00
-6.134971913337617933e-01
-4.000000000000000000e+00
-2.232655371157177715e+00
3.999745708385816223e-01
-8.083742291220945120e+00
-3.150459138744923671e+00
-1.123181990185795787e+00
3.631090725517522322e-01
-2.177485808518293986e+00
-6.823007183807362708e+00
-1.429332033219081088e+00
2.000000000000000000e+00
-6.438526651791308453e+00
-2.830655811799986488e+00
1.327814300917642187e+00
-7.618087166484648343e+00
-1.608209820569117543e+00
1.465329498173074674e+00
-6.503456905091372420e+00
-2.126536777715848370e+00
-6.062678768023814779e-01
-8.256424555104725727e+00
-2.750085656917248933e+00
-4.242098904137552307e-01
-5.631213260775857599e+00
-1.134791118944063815e+00
-6.275413909902542109e+00
-3.164718529557835502e+00
-6.825814613638988781e+00
-1.341503828764114559e+00
-4.000000000000000000e+00
-1.937010395106707694e+00
-6.015876432213174141e+00
-2.155997128109196748e+00
-4.682077898198268251e+00
-1.550781873061048977e+00
-6.938227788918524652e+00
-1.279293730627908410e+00
-5.108461255286626645e+00
-3.571254981623744662e+00
-4.964382463384347410e+00
-8.016389261662639765e-01
-7.605023792448116104e+00
-1.516281619918126156e+00
-5.368289605103711892e+00
-4.234109260386849094e+00
-4.071507197914109533e+00
-1.006812829951553967e+00
-4.530661760897520374e+00
-3.329365990337024073e+00
-4.704574373719939473e+00
-1.000000000000000000e+00
-5.552779099978307542e+00
-3.182598428967978066e+00
-3.075667928104301563e+00
-3.503025395885898785e+00
-3.963850719755095398e+00
-2.849934383562851004e+00
1.350487187684885404e+00
-3.980760536999988553e+00
-3.008472469561165763e+00
1.203033475297141885e+00
-2.631575228641735986e+00
-2.222402683671306889e+00
9.549520718022794785e-01
-4.351655532104051538e+00
-5.000000000000000000e+00
1.291165010662316037e+00
