2.567719962929931654e+01
2.385570645744286367e+01
1.342172155164928427e+01
1.264279786233399783e+01
6.893368485384297806e+00
1.373889973245297824e+00
6.280860026002131891e-01
5.760692989607807402e-01
5.760692989607807402e-01
5.760692989607807402e-01
5.760692989607807402e-01
4.884146123065746803e-01
4.884146123065746803e-01
4.884146123065746803e-01
4.884146123065746803e-01
4.884146123065746803e-01
4.884146123065746803e-01
4.884146123065746803e-01
4.884146123065746803e-01
4.884146123065746803e-01
4.884146123065746803e-01
4.327637801378907412e-01
4.327637801378907412e-01
4.327637801378907412e-01
4.327637801378907412e-01
4.327637801378907412e-01
4.327637801378907412e-01
4.327637801378907412e-01
4.327637801378907412e-01
4.292774990351534425e-01
4.292774990351534425e-01
4.292774990351534425e-01
4.292774990351534425e-01
4.292774990351534425e-01
4.292774990351534425e-01
4.292774990351534425e-01
4.292774990351534425e-01
4.150068442175939287e-01
3.020803271872804507e-01
3.020803271872804507e-01
3.020803271872804507e-01
3.020803271872804507e-01
3.020803271872804507e-01
3.020803271872804507e-01
3.020803271872804507e-01
3.020803271872804507e-01
3.020803271872804507e-01
3.020803271872804507e-01
3.020803271872804507e-01
3.020803271872804507e-01
3.020803271872804507e-01
3.020803271872804507e-01
3.020803271872804507e-01
3.020803271872804507e-01
3.020803271872804507e-01
2.541929286852281922e-01
2.541929286852281922e-01
2.541929286852281922e-01
2.541929286852281922e-01
2.541929286852281922e-01
2.541929286852281922e-01
2.541929286852281922e-01
2.377923677296626681e-01
2.369111594934230347e-01
2.369111594934230347e-01
2.369111594934230347e-01
2.369111594934230347e-01
2.369111594934230347e-01
2.369111594934230347e-01
2.369111594934230347e-01
2.369111594934230347e-01
2.369111594934230347e-01
2.369111594934230347e-01
2.369111594934230347e-01
2.369111594934230347e-01
2.369111594934230347e-01
2.369111594934230347e-01
2.334539937451565461e-01
2.334539937451565461e-01
2.113141260165862789e-01
2.113141260165862789e-01
2.113141260165862789e-01
2.113141260165862789e-01
2.113141260165862789e-01
2.113141260165862789e-01
2.113141260165862789e-01
2.113141260165862789e-01
2.113141260165862789e-01
2.113141260165862789e-01
2.113141260165862789e-01
2.113141260165862789e-01
2.113141260165862789e-01
2.113141260165862789e-01
2.113141260165862789e-01
2.113141260165862789e-01
2.016655543372247728e-01
2.012986469289027580e-01
2.012986469289027580e-01
2.012986469289027580e-01
2.012986469289027580e-01
2.012986469289027580e-01
1.899029069935808667e-01
1.899029069935808667e-01
1.899029069935808667e-01
1.818195813414532347e-01
1.818195813414532347e-01
1.818195813414532347e-01
1.818195813414532347e-01
1.818195813414532347e-01
1.818195813414532347e-01
1.805145162647250057e-01
1.805145162647250057e-01
1.805145162647250057e-01
1.805145162647250057e-01
1.805145162647250057e-01
1.805145162647250057e-01
1.805145162647250057e-01
1.805145162647250057e-01
1.805145162647250057e-01
1.805145162647250057e-01
1.805145162647250057e-01
1.631443377473696943e-01
1.631443377473696943e-01
1.631443377473696943e-01
1.631443377473696943e-01
1.631443377473696943e-01
1.631443377473696943e-01
1.631443377473696943e-01
1.631443377473696943e-01
1.611779280765933131e-01
1.611779280765933131e-01
1.611779280765933131e-01
1.611779280765933131e-01
1.611779280765933131e-01
1.611779280765933131e-01
1.611779280765933131e-01
1.611779280765933131e-01
1.611779280765933131e-01
1.543036016653832054e-01
1.543036016653832054e-01
1.543036016653832054e-01
1.543036016653832054e-01
1.543036016653832054e-01
1.543036016653832054e-01
1.543036016653832054e-01
1.543036016653832054e-01
1.543036016653832054e-01
1.540605008857769687e-01
1.540605008857769687e-01
1.540605008857769687e-01
1.540605008857769687e-01
1.499367581573571861e-01
1.410015107982919569e-01
1.305655628408392555e-01
1.294205699066192372e-01
1.293553801744813381e-01
1.293553801744813381e-01
1.293553801744813381e-01
1.293553801744813381e-01
1.293553801744813381e-01
1.293553801744813381e-01
1.293553801744813381e-01
1.292233977650871501e-01
1.292233977650871501e-01
1.289795579875319953e-01
1.289289917326322810e-01
1.278469142993016727e-01
1.278469142993016727e-01
1.278469142993016727e-01
1.265181661408588398e-01
1.265181661408588398e-01
1.265181661408588398e-01
1.265181661408588398e-01
1.263841224212642056e-01
1.170789570142245356e-01
1.167976598544991640e-01
1.154949514730121973e-01
1.154949514730121973e-01
1.118274552088912854e-01
1.117073719955934963e-01
1.117073719955934963e-01
1.070497892440769455e-01
1.062873964785656933e-01
1.062873964785656933e-01
9.598857557884171721e-02
9.598857557884171721e-02
9.598857557884171721e-02
9.557368602931580470e-02
9.557368602931580470e-02
9.550777161785245495e-02
9.550777161785245495e-02
9.550653748690050848e-02
9.550582288661692287e-02
9.550577886029480712e-02
9.550577886029480712e-02
9.550577886029480712e-02
9.550577886029480712e-02
9.550577886029480712e-02
9.550577886029480712e-02
9.550577886029480712e-02
