1.169301671282831379e+01
7.760257468912755030e+00
7.760257468912755030e+00
1.605011351415271736e+00
1.605011351415271736e+00
1.375913891153744073e+00
1.375913891153744073e+00
1.375913891153744073e+00
1.340313045701887473e+00
1.340313045701887473e+00
1.340313045701887473e+00
1.340313045701887473e+00
1.340313045701887473e+00
1.340313045701887473e+00
1.340313045701887473e+00
1.340313045701887473e+00
1.340313045701887473e+00
1.340313045701887473e+00
1.340313045701887473e+00
1.340313045701887473e+00
1.340313045701887473e+00
1.340313045701887473e+00
1.340313045701887473e+00
1.340313045701887473e+00
1.207062999600951425e+00
1.207062999600951425e+00
1.207062999600951425e+00
1.207062999600951425e+00
1.207062999600951425e+00
1.207062999600951425e+00
1.207062999600951425e+00
1.207062999600951425e+00
1.207062999600951425e+00
1.207062999600951425e+00
1.207062999600951425e+00
1.207062999600951425e+00
1.207062999600951425e+00
1.207062999600951425e+00
1.207062999600951425e+00
1.207062999600951425e+00
1.207062999600951425e+00
1.207062999600951425e+00
1.207062999600951425e+00
1.207062999600951425e+00
1.207062999600951425e+00
1.207062999600951425e+00
1.207062999600951425e+00
1.207062999600951425e+00
1.207062999600951425e+00
1.207062999600951425e+00
1.207062999600951425e+00
1.207062999600951425e+00
1.207062999600951425e+00
1.207062999600951425e+00
1.207062999600951425e+00
1.207062999600951425e+00
1.207062999600951425e+00
1.207062999600951425e+00
1.207062999600951425e+00
1.207062999600951425e+00
1.207062999600951425e+00
1.172987343718481679e+00
1.172987343718481679e+00
1.144894008174863753e+00
1.144894008174863753e+00
1.144894008174863753e+00
1.144894008174863753e+00
1.144894008174863753e+00
1.144894008174863753e+00
1.144894008174863753e+00
1.144894008174863753e+00
1.144894008174863753e+00
1.144894008174863753e+00
1.144894008174863753e+00
1.144894008174863753e+00
1.111678113501682219e+00
1.111678113501682219e+00
1.111678113501682219e+00
1.111678113501682219e+00
1.111678113501682219e+00
1.111678113501682219e+00
1.111678113501682219e+00
1.111678113501682219e+00
1.111678113501682219e+00
1.111678113501682219e+00
1.111678113501682219e+00
1.111678113501682219e+00
1.111678113501682219e+00
1.111678113501682219e+00
1.111678113501682219e+00
1.108208805372149053e+00
1.108208805372149053e+00
1.108208805372149053e+00
1.108208805372149053e+00
1.108208805372149053e+00
1.108208805372149053e+00
1.108208805372149053e+00
1.108208805372149053e+00
1.108208805372149053e+00
1.108208805372149053e+00
1.108208805372149053e+00
1.108208805372149053e+00
1.108208805372149053e+00
1.108208805372149053e+00
1.108208805372149053e+00
1.108208805372149053e+00
1.091567499572488442e+00
1.091567499572488442e+00
1.091567499572488442e+00
1.024318964584530089e+00
9.093588986583662770e-01
8.685625054238805820e-01
8.554120178855790790e-01
8.554120178855790790e-01
8.272799507414541065e-01
7.939843524615746162e-01
7.866873280002463220e-01
7.846659521351673217e-01
7.844317913309146739e-01
7.820966083793936541e-01
7.813603131677144820e-01
7.811581943305674347e-01
7.810950469404035479e-01
7.810702030071620117e-01
7.810629746727892897e-01
7.810598335869924913e-01
7.810595381986811248e-01
7.800350007955157983e-01
7.465384159519414808e-01
7.465384159519414808e-01
7.465384159519414808e-01
7.151863809211127521e-01
7.030638111408484825e-01
7.030638111408484825e-01
7.030638111408484825e-01
7.030638111408484825e-01
6.662198993206596143e-01
6.662198993206596143e-01
6.662198993206596143e-01
6.662198993206596143e-01
6.574335976364267253e-01
6.568958948813476972e-01
6.568958948813476972e-01
6.316710563261154210e-01
6.256182264510274926e-01
5.962163129853477184e-01
5.962163129853477184e-01
5.962163129853477184e-01
4.804569841909084871e-01
4.804569841909084871e-01
4.782500051255989537e-01
4.782500051255989537e-01
4.744384859348405037e-01
4.482780418632248964e-01
4.153762209451220544e-01
4.153762209451220544e-01
4.153762209451220544e-01
4.153762209451220544e-01
4.153762209451220544e-01
4.153762209451220544e-01
4.143091195606415367e-01
4.143091195606415367e-01
4.143091195606415367e-01
4.143091195606415367e-01
4.096651525760462431e-01
3.867353398276073828e-01
3.747483742548468610e-01
3.747483742548468610e-01
3.747483742548468610e-01
3.265183381545579966e-01
3.143205700918033085e-01
3.073919402732492312e-01
3.063169461300384033e-01
3.061648820079063693e-01
2.624360969180823400e-01
2.624360969180823400e-01
2.624360969180823400e-01
2.624360969180823400e-01
2.624360969180823400e-01
2.502355573363010399e-01
2.438797925637060104e-01
2.433259489462478165e-01
2.432817775941980010e-01
2.432775476370533096e-01
2.432766596799448011e-01
2.432766596799448011e-01
2.432766596799448011e-01
2.432766596799448011e-01
2.432766596799448011e-01
2.432766596799448011e-01
2.432766596799448011e-01
2.432766596799448011e-01
2.432766336584001599e-01
2.432766336584001599e-01
2.432766336584001599e-01
2.430803060113253811e-01
2.428235275334354459e-01
2.428158356687696584e-01
2.426986891454595008e-01
2.426975904900212089e-01
