1.665079252301629609e+01
7.676094634507294678e+00
4.783197876371453994e+00
2.441078175507687131e+00
1.108287725654278244e+00
3.697137873885811277e-01
3.697137873885811277e-01
3.697137873885811277e-01
3.697137873885811277e-01
3.675521366541492085e-01
3.675521366541492085e-01
2.883138292538755532e-01
2.883138292538755532e-01
2.883138292538755532e-01
2.883138292538755532e-01
2.883138292538755532e-01
2.590940429406323742e-01
2.590940429406323742e-01
2.590940429406323742e-01
2.590940429406323742e-01
2.590940429406323742e-01
2.590940429406323742e-01
2.290710349321817552e-01
1.626840964168804471e-01
1.626840964168804471e-01
1.112920032502285050e-01
1.112920032502285050e-01
1.112920032502285050e-01
1.112920032502285050e-01
1.112920032502285050e-01
1.112920032502285050e-01
1.112920032502285050e-01
1.112920032502285050e-01
1.112920032502285050e-01
1.112920032502285050e-01
1.112920032502285050e-01
1.112920032502285050e-01
1.112920032502285050e-01
1.112920032502285050e-01
1.112920032502285050e-01
1.112920032502285050e-01
1.112920032502285050e-01
1.112920032502285050e-01
1.112920032502285050e-01
1.112920032502285050e-01
1.112920032502285050e-01
1.112920032502285050e-01
1.112920032502285050e-01
1.112920032502285050e-01
1.112920032502285050e-01
1.112920032502285050e-01
1.112920032502285050e-01
1.112920032502285050e-01
1.112920032502285050e-01
1.112920032502285050e-01
1.112920032502285050e-01
1.112920032502285050e-01
1.013438213256476345e-01
1.013438213256476345e-01
1.013438213256476345e-01
1.013438213256476345e-01
1.013438213256476345e-01
1.013438213256476345e-01
1.013438213256476345e-01
8.325489443511976950e-02
8.325489443511976950e-02
8.325489443511976950e-02
8.325489443511976950e-02
8.325489443511976950e-02
8.325489443511976950e-02
8.325489443511976950e-02
8.325489443511976950e-02
8.325489443511976950e-02
8.325489443511976950e-02
8.325489443511976950e-02
8.325489443511976950e-02
8.325489443511976950e-02
8.325489443511976950e-02
8.325489443511976950e-02
8.325489443511976950e-02
8.325489443511976950e-02
8.325489443511976950e-02
8.325489443511976950e-02
8.325489443511976950e-02
8.325489443511976950e-02
8.325489443511976950e-02
8.325489443511976950e-02
8.246697036603650721e-02
8.246697036603650721e-02
8.246697036603650721e-02
8.246697036603650721e-02
8.246697036603650721e-02
8.246697036603650721e-02
8.246697036603650721e-02
8.246697036603650721e-02
8.246697036603650721e-02
8.246697036603650721e-02
8.246697036603650721e-02
7.357166390535858913e-02
7.357166390535858913e-02
7.357166390535858913e-02
7.357166390535858913e-02
7.357166390535858913e-02
7.357166390535858913e-02
7.357166390535858913e-02
7.357166390535858913e-02
7.357166390535858913e-02
7.357166390535858913e-02
7.357166390535858913e-02
7.357166390535858913e-02
7.357166390535858913e-02
7.357166390535858913e-02
7.357166390535858913e-02
7.357166390535858913e-02
7.357166390535858913e-02
7.357166390535858913e-02
7.357166390535858913e-02
7.357166390535858913e-02
7.357166390535858913e-02
7.357166390535858913e-02
7.357166390535858913e-02
7.357166390535858913e-02
7.357166390535858913e-02
7.357166390535858913e-02
7.357166390535858913e-02
7.336966573495359856e-02
7.336966573495359856e-02
7.336966573495359856e-02
7.336966573495359856e-02
7.336966573495359856e-02
7.336966573495359856e-02
7.336966573495359856e-02
7.336966573495359856e-02
7.336966573495359856e-02
7.336966573495359856e-02
7.335386642433047721e-02
7.335386642433047721e-02
7.335386642433047721e-02
7.328888882960689355e-02
7.328888882960689355e-02
7.328888882960689355e-02
7.328888882960689355e-02
7.327409918408947509e-02
7.327049460180226625e-02
7.326954332606119835e-02
7.302362886607159653e-02
7.090596775258324602e-02
7.090596775258324602e-02
7.090596775258324602e-02
7.090596775258324602e-02
7.090596775258324602e-02
7.090596775258324602e-02
7.090596775258324602e-02
7.090596775258324602e-02
7.090596775258324602e-02
7.090596775258324602e-02
7.090596775258324602e-02
7.090596775258324602e-02
7.090596775258324602e-02
7.054448400772603267e-02
7.054448400772603267e-02
7.054448400772603267e-02
6.728788991639833572e-02
6.681159313437511071e-02
6.674348729550656778e-02
6.673061202644969825e-02
6.672914283525575863e-02
6.672914283525575863e-02
6.672914283525575863e-02
6.672632121925252402e-02
6.617502452991394502e-02
6.617502452991394502e-02
6.617502452991394502e-02
6.617502452991394502e-02
6.617502452991394502e-02
6.617502452991394502e-02
6.617502452991394502e-02
6.617502452991394502e-02
6.617502452991394502e-02
6.617502452991394502e-02
6.617502452991394502e-02
6.617502452991394502e-02
6.617502452991394502e-02
6.617502452991394502e-02
6.617502452991394502e-02
6.526075794156092902e-02
6.522895117471026738e-02
6.522716069478007306e-02
6.522676450388745217e-02
6.522676450388745217e-02
6.522676450388745217e-02
6.522676450388745217e-02
6.522676450388745217e-02
6.522676450388745217e-02
6.522653902563718686e-02
6.522646581566332591e-02
6.517550640775421344e-02
6.517550640775421344e-02
6.507598316974791408e-02
6.507593067243472307e-02
