1.262892490615562124e+01
9.103512767012688300e+00
9.103512767012688300e+00
6.693039846932864023e+00
3.825366397335239199e+00
2.574921849210517699e+00
1.996353534501374316e+00
1.523618693845627980e+00
1.233597921758333715e+00
1.233597921758333715e+00
1.233597921758333715e+00
1.233597921758333715e+00
1.233597921758333715e+00
1.233597921758333715e+00
1.233597921758333715e+00
9.354999199299344204e-01
9.354999199299344204e-01
9.354999199299344204e-01
9.354999199299344204e-01
9.354999199299344204e-01
9.354999199299344204e-01
6.377940715440184594e-01
6.377940715440184594e-01
6.377940715440184594e-01
6.377940715440184594e-01
6.377940715440184594e-01
6.377940715440184594e-01
5.864725158080599243e-01
4.896055121834047563e-01
4.896055121834047563e-01
4.896055121834047563e-01
4.896055121834047563e-01
4.896055121834047563e-01
3.430059007480256161e-01
3.430059007480256161e-01
3.430059007480256161e-01
3.430059007480256161e-01
3.430059007480256161e-01
3.430059007480256161e-01
3.430059007480256161e-01
3.430059007480256161e-01
3.430059007480256161e-01
3.430059007480256161e-01
3.430059007480256161e-01
3.430059007480256161e-01
3.430059007480256161e-01
3.295730523047435412e-01
3.295730523047435412e-01
3.295730523047435412e-01
2.825937305054460058e-01
2.825937305054460058e-01
2.825937305054460058e-01
2.825937305054460058e-01
2.825937305054460058e-01
2.801622866179422910e-01
2.801622866179422910e-01
2.213684010218741616e-01
2.189489351459757982e-01
2.189489351459757982e-01
2.189489351459757982e-01
2.189489351459757982e-01
2.189489351459757982e-01
2.189489351459757982e-01
1.857838966313996587e-01
1.857838966313996587e-01
1.857838966313996587e-01
1.857838966313996587e-01
1.527785611147059741e-01
1.527785611147059741e-01
1.527785611147059741e-01
1.527785611147059741e-01
1.527785611147059741e-01
1.527785611147059741e-01
1.527785611147059741e-01
1.527785611147059741e-01
1.527785611147059741e-01
1.527785611147059741e-01
1.527785611147059741e-01
1.527785611147059741e-01
1.467224067393282372e-01
1.467224067393282372e-01
1.467224067393282372e-01
1.467224067393282372e-01
1.259979388169984449e-01
1.259979388169984449e-01
1.230445888577618024e-01
1.230445888577618024e-01
1.230445888577618024e-01
1.230445888577618024e-01
1.230445888577618024e-01
1.081105189547921508e-01
1.081105189547921508e-01
1.081105189547921508e-01
1.081105189547921508e-01
1.081105189547921508e-01
1.081105189547921508e-01
1.081105189547921508e-01
9.524503366778326596e-02
9.524503366778326596e-02
9.524503366778326596e-02
9.524503366778326596e-02
9.524503366778326596e-02
9.524503366778326596e-02
9.524503366778326596e-02
9.524503366778326596e-02
9.524503366778326596e-02
9.488168384125322818e-02
9.488168384125322818e-02
9.488168384125322818e-02
8.548548293724052283e-02
8.548548293724052283e-02
8.548548293724052283e-02
8.548548293724052283e-02
8.548548293724052283e-02
8.548548293724052283e-02
8.548548293724052283e-02
7.997570373161329293e-02
7.997570373161329293e-02
7.997570373161329293e-02
7.997570373161329293e-02
7.997570373161329293e-02
7.997570373161329293e-02
7.997570373161329293e-02
7.753255516007348525e-02
7.753255516007348525e-02
7.753255516007348525e-02
7.753255516007348525e-02
7.753255516007348525e-02
6.873872803997521652e-02
6.873872803997521652e-02
6.873872803997521652e-02
6.873872803997521652e-02
6.873872803997521652e-02
6.873872803997521652e-02
6.873872803997521652e-02
6.873872803997521652e-02
6.566800572914290035e-02
6.566800572914290035e-02
6.566800572914290035e-02
6.566800572914290035e-02
6.566800572914290035e-02
6.566800572914290035e-02
6.566800572914290035e-02
6.557456254937790718e-02
6.557456254937790718e-02
6.557456254937790718e-02
6.557456254937790718e-02
6.557456254937790718e-02
6.557456254937790718e-02
6.557456254937790718e-02
6.557456254937790718e-02
6.557456254937790718e-02
6.557456254937790718e-02
6.557456254937790718e-02
6.557456254937790718e-02
6.557456254937790718e-02
6.557456254937790718e-02
6.557456254937790718e-02
6.557456254937790718e-02
6.557456254937790718e-02
6.367336635560756630e-02
6.367336635560756630e-02
6.367336635560756630e-02
6.367336635560756630e-02
6.365501354494243480e-02
6.365501354494243480e-02
6.365501354494243480e-02
6.174918840553153543e-02
6.155393507910836282e-02
6.150811704395187096e-02
6.045506347239525818e-02
6.045506347239525818e-02
6.045506347239525818e-02
6.045506347239525818e-02
6.005535727733721241e-02
5.997070282425096682e-02
5.996243968838677052e-02
5.996095405948423385e-02
5.996095405948423385e-02
5.995992369311266973e-02
5.995992369311266973e-02
5.995386438889465514e-02
5.995053678662917718e-02
5.995053678662917718e-02
5.995053678662917718e-02
5.995053678662917718e-02
5.995053678662917718e-02
5.994106234612800455e-02
5.994104343012039704e-02
5.991427219429538986e-02
5.991013559278423467e-02
5.990271425021100743e-02
5.989814849279707226e-02
5.989758610338197231e-02
5.989758610338197231e-02
5.989624261428525692e-02
5.989408731334793651e-02
5.989373912690181684e-02
5.989309547692772684e-02
5.989256331799216321e-02
