2.347586432243390320e+01
8.289406411593747137e+00
7.742776272392790204e+00
3.278288401425171195e+00
3.278288401425171195e+00
2.639710304343406033e+00
1.873435336715354449e+00
1.873435336715354449e+00
1.467368642056763983e+00
1.206814783351059184e+00
1.084106874468731885e+00
1.084106874468731885e+00
9.050189386112459378e-01
9.050189386112459378e-01
8.996102693802909833e-01
8.996102693802909833e-01
8.128269858823479188e-01
8.128269858823479188e-01
8.128269858823479188e-01
4.868671491712528443e-01
4.868671491712528443e-01
4.868671491712528443e-01
4.868671491712528443e-01
4.868671491712528443e-01
4.868671491712528443e-01
4.868671491712528443e-01
4.868671491712528443e-01
4.868671491712528443e-01
4.868671491712528443e-01
4.868671491712528443e-01
4.868671491712528443e-01
4.868671491712528443e-01
4.868671491712528443e-01
4.868671491712528443e-01
4.868671491712528443e-01
4.868671491712528443e-01
4.868671491712528443e-01
4.493925849388686888e-01
4.253774495938158484e-01
4.253774495938158484e-01
4.253774495938158484e-01
4.253774495938158484e-01
4.253774495938158484e-01
2.920459585773448885e-01
2.920459585773448885e-01
2.920459585773448885e-01
2.920459585773448885e-01
2.920459585773448885e-01
2.920459585773448885e-01
2.258629148454709412e-01
2.258629148454709412e-01
2.258629148454709412e-01
2.258629148454709412e-01
2.258629148454709412e-01
2.258629148454709412e-01
2.258629148454709412e-01
2.258629148454709412e-01
2.258629148454709412e-01
2.258629148454709412e-01
2.258629148454709412e-01
2.258629148454709412e-01
2.258629148454709412e-01
2.258629148454709412e-01
2.258629148454709412e-01
1.589819564805130259e-01
1.589819564805130259e-01
1.589819564805130259e-01
1.589819564805130259e-01
1.589819564805130259e-01
1.401043644562978974e-01
1.401043644562978974e-01
1.401043644562978974e-01
1.401043644562978974e-01
1.401043644562978974e-01
1.401043644562978974e-01
1.401043644562978974e-01
1.401043644562978974e-01
1.401043644562978974e-01
1.401043644562978974e-01
1.401043644562978974e-01
1.401043644562978974e-01
1.401043644562978974e-01
1.401043644562978974e-01
1.401043644562978974e-01
1.401043644562978974e-01
1.401043644562978974e-01
1.223961135356871066e-01
1.223961135356871066e-01
1.223961135356871066e-01
1.223961135356871066e-01
1.223961135356871066e-01
1.149511767451946997e-01
1.149511767451946997e-01
1.149511767451946997e-01
1.149511767451946997e-01
1.149511767451946997e-01
1.149511767451946997e-01
1.022083043019035853e-01
1.022083043019035853e-01
1.022083043019035853e-01
1.022083043019035853e-01
1.022083043019035853e-01
1.022083043019035853e-01
1.022083043019035853e-01
1.022083043019035853e-01
1.022083043019035853e-01
1.022083043019035853e-01
1.022083043019035853e-01
1.022083043019035853e-01
1.022083043019035853e-01
1.022083043019035853e-01
1.022083043019035853e-01
1.022083043019035853e-01
1.022083043019035853e-01
1.022083043019035853e-01
9.306814355232276292e-02
9.306814355232276292e-02
9.306814355232276292e-02
9.306814355232276292e-02
9.306814355232276292e-02
9.011412040818717051e-02
9.011412040818717051e-02
9.011412040818717051e-02
9.011412040818717051e-02
9.011412040818717051e-02
8.904167528566200862e-02
8.904167528566200862e-02
8.904167528566200862e-02
8.880636856801313317e-02
8.880636856801313317e-02
8.880636856801313317e-02
8.880636856801313317e-02
8.879666967835282698e-02
8.879453278775373271e-02
8.879453278775373271e-02
8.878134852679812894e-02
8.877661969330494229e-02
8.844494055159911328e-02
8.844494055159911328e-02
8.844494055159911328e-02
8.636048949729914492e-02
8.636048949729914492e-02
8.636048949729914492e-02
8.385510589915751156e-02
8.385510589915751156e-02
7.904251838924505891e-02
7.716976790422855337e-02
7.705052821966570931e-02
7.704851415271085635e-02
7.704800520624424665e-02
7.704800520624424665e-02
7.704067196399796980e-02
7.703847482145162462e-02
7.703847482145162462e-02
7.703264994221420414e-02
7.703264994221420414e-02
7.703264994221420414e-02
7.703119084299428487e-02
7.703119084299428487e-02
7.703119084299428487e-02
7.702968360041992368e-02
7.702880802763972801e-02
7.702725016531918045e-02
7.702725016531918045e-02
7.702725016531918045e-02
7.702725016531918045e-02
7.702725016531918045e-02
7.702725016531918045e-02
7.702725016531918045e-02
7.415401551167412342e-02
7.415401551167412342e-02
7.299779043051071725e-02
7.299779043051071725e-02
7.299779043051071725e-02
7.299779043051071725e-02
7.299779043051071725e-02
7.299779043051071725e-02
7.284506433928142344e-02
7.284506433928142344e-02
7.284506433928142344e-02
7.284506433928142344e-02
7.284506433928142344e-02
7.282611487217663382e-02
7.281951401410551028e-02
7.281889664954713237e-02
7.281889664954713237e-02
7.281889664954713237e-02
7.281889664954713237e-02
7.281889664954713237e-02
7.281889664954713237e-02
7.281889664954713237e-02
7.281889664954713237e-02
7.281889664954713237e-02
7.281889664954713237e-02
7.281888144449519262e-02
7.281888144449519262e-02
7.281888144449519262e-02
7.281888144449519262e-02
7.281888144449519262e-02
7.281888144449519262e-02
