1.766163309895523881e+01
1.686689254464385002e+01
1.478960087887712227e+01
2.897170971037414056e+00
1.500819866935870994e+00
1.500819866935870994e+00
1.500819866935870994e+00
9.416848952538025008e-01
9.416848952538025008e-01
8.349325381422701975e-01
8.349325381422701975e-01
6.380871066555779958e-01
5.346008310146435072e-01
5.346008310146435072e-01
4.333737216067795606e-01
4.333737216067795606e-01
3.346204416814798632e-01
3.346204416814798632e-01
3.346204416814798632e-01
3.346204416814798632e-01
3.346204416814798632e-01
3.346204416814798632e-01
3.346204416814798632e-01
2.171119117119021669e-01
2.171119117119021669e-01
2.171119117119021669e-01
2.171119117119021669e-01
2.171119117119021669e-01
2.171119117119021669e-01
2.171119117119021669e-01
2.171119117119021669e-01
2.171119117119021669e-01
2.171119117119021669e-01
2.171119117119021669e-01
2.171119117119021669e-01
2.171119117119021669e-01
2.171119117119021669e-01
2.171119117119021669e-01
2.171119117119021669e-01
2.171119117119021669e-01
2.171119117119021669e-01
2.171119117119021669e-01
1.961947506871341007e-01
1.961947506871341007e-01
1.961947506871341007e-01
1.961947506871341007e-01
1.961947506871341007e-01
1.961947506871341007e-01
1.961947506871341007e-01
1.961947506871341007e-01
1.961947506871341007e-01
1.961947506871341007e-01
1.751127586719856688e-01
1.751127586719856688e-01
1.751127586719856688e-01
1.751127586719856688e-01
1.751127586719856688e-01
1.459449813071360402e-01
1.459449813071360402e-01
1.459449813071360402e-01
1.459449813071360402e-01
1.459449813071360402e-01
1.459449813071360402e-01
1.459449813071360402e-01
1.459449813071360402e-01
1.459449813071360402e-01
1.140522693583232439e-01
1.140522693583232439e-01
1.140522693583232439e-01
1.140522693583232439e-01
1.140522693583232439e-01
1.140522693583232439e-01
1.140522693583232439e-01
1.140522693583232439e-01
1.140522693583232439e-01
1.140522693583232439e-01
1.140522693583232439e-01
1.140522693583232439e-01
1.140522693583232439e-01
1.140522693583232439e-01
1.140522693583232439e-01
1.140522693583232439e-01
1.140522693583232439e-01
1.140522693583232439e-01
1.055984516710034848e-01
1.055984516710034848e-01
1.055984516710034848e-01
1.055984516710034848e-01
1.055984516710034848e-01
1.046957483428165858e-01
1.046957483428165858e-01
1.046957483428165858e-01
1.046957483428165858e-01
1.046957483428165858e-01
1.046957483428165858e-01
1.046957483428165858e-01
1.026412341873242373e-01
1.026412341873242373e-01
1.026412341873242373e-01
1.026412341873242373e-01
1.026412341873242373e-01
1.026412341873242373e-01
1.026412341873242373e-01
1.026412341873242373e-01
1.026412341873242373e-01
8.105674712892041445e-02
8.105674712892041445e-02
8.105674712892041445e-02
8.105674712892041445e-02
8.105674712892041445e-02
8.105674712892041445e-02
8.105674712892041445e-02
8.105674712892041445e-02
8.105674712892041445e-02
8.105674712892041445e-02
8.105674712892041445e-02
8.105674712892041445e-02
8.105674712892041445e-02
8.105674712892041445e-02
7.923344031684752264e-02
7.923344031684752264e-02
7.923344031684752264e-02
7.923344031684752264e-02
7.923344031684752264e-02
7.923344031684752264e-02
7.923344031684752264e-02
7.907792654488235429e-02
7.907792654488235429e-02
7.871408334061716361e-02
7.858073571367230059e-02
7.856326244166908501e-02
7.856081391807434589e-02
7.856081391807434589e-02
7.856020912702030290e-02
7.856020912702030290e-02
7.855539451140371165e-02
7.855246650254796292e-02
7.855246650254796292e-02
7.855246650254796292e-02
7.855246650254796292e-02
7.819706079130188392e-02
7.819706079130188392e-02
7.819706079130188392e-02
7.819706079130188392e-02
7.819706079130188392e-02
6.653609744610618215e-02
6.495248473591627714e-02
6.495248473591627714e-02
6.495248473591627714e-02
6.495248473591627714e-02
6.495248473591627714e-02
6.495248473591627714e-02
6.286928832655995503e-02
6.286928832655995503e-02
6.077559384905346918e-02
6.077559384905346918e-02
6.077559384905346918e-02
6.077559384905346918e-02
6.077559384905346918e-02
6.077559384905346918e-02
6.077559384905346918e-02
6.077559384905346918e-02
6.077559384905346918e-02
6.077559384905346918e-02
6.077559384905346918e-02
6.077559384905346918e-02
6.077559384905346918e-02
6.077559384905346918e-02
5.999814145162185586e-02
5.951445814748047847e-02
5.944110437095180555e-02
5.942919033126867201e-02
5.942919033126867201e-02
5.942748460927523013e-02
5.942748460927523013e-02
5.942613336777658600e-02
5.876463311751389806e-02
5.876463311751389806e-02
5.716371791780981010e-02
5.706837677668580300e-02
5.706837677668580300e-02
5.630064882614114335e-02
5.567354576727127913e-02
5.562602027453687065e-02
5.562206285514171428e-02
5.453335254495746132e-02
5.453335254495746132e-02
5.453335254495746132e-02
5.453335254495746132e-02
5.453335254495746132e-02
5.453335254495746132e-02
5.453335254495746132e-02
5.453335254495746132e-02
5.453335254495746132e-02
5.453335254495746132e-02
5.453335254495746132e-02
5.453335254495746132e-02
5.453335254495746132e-02
5.453335254495746132e-02
5.453335254495746132e-02
