-6.543271220569431001e+00
-2.857853214995076829e+00
-4.412890944862581932e+00
-7.412828025868993365e+00
-2.796484483788653996e+00
4.374322301707578853e-01
-6.367287656681812180e+00
-2.187858569089029537e+00
1.451237208490238739e+00
-6.127708784019412214e+00
-1.585034537269126798e+00
-5.855834892918835521e+00
-1.770740513283955320e+00
0.000000000000000000e+00
-2.664103098812936832e+00
-2.926048805626072724e+00
-1.130539142456264079e+00
-5.748539133546415769e+00
-2.569516323840399519e+00
-1.226219425173869226e-01
-8.369122892145892223e+00
-2.260363395314807899e+00
-9.127583272857137331e+00
-2.719655348137187456e+00
-6.473948993109616135e-01
-5.707463720987971278e+00
-1.993257072424189813e+00
-4.703524370639690311e+00
-2.846522920297271497e+00
-6.780273257299054279e+00
-3.580654053052394925e+00
2.000000000000000000e+00
-7.367422879793324775e+00
-2.664522426596021898e+00
-1.366737127000031249e+00
-6.262133506430214602e+00
-9.443737442045733177e-01
-9.574715637172452956e-04
-6.495679744527999233e+00
-3.339363956389054255e+00
1.800018939652880123e-01
-7.552769260317432121e+00
-3.565081287070511085e+00
-5.892660718321364177e-01
1.205750986610563957e-01
-3.149058874413060316e+00
-5.000000000000000000e+00
-1.905919583448891563e+00
4.220171806479208754e-01
-8.980461731452697549e+00
-1.000723525098269340e+00
1.580655804969153921e+00
-8.101522675176610733e+00
-4.020323592475734564e+00
-1.333576248290036403e+00
-6.462275716962467165e+00
-2.895536361403619363e+00
7.635494868632589083e-02
-6.243925048110795295e+00
-1.367257196877358139e+00
-3.000500874797394912e-01
-6.590220529941562155e+00
-7.833765509859462739e-01
-6.764158782767004219e+00
-2.701084423541971535e+00
-4.191761478012405284e+00
-2.527774701942702595e+00
-6.404841910396751992e+00
-3.135867388193669392e+00
-6.699435986232832541e+00
-1.365345307358725169e+00
-5.457149614200122123e+00
-1.562562083190199402e+00
-6.296533144761917278e+00
-1.531456483051144790e+00
-6.614053275531385445e+00
-1.645354251567613613e+00
-4.807406604817593632e+00
-3.744676945627064768e+00
-4.000000000000000000e+00
-5.591353307629610692e-01
-4.676945981568334076e+00
-1.000000000000000000e+00
-2.218417093243941984e+00
-3.782683279317289760e+00
-3.425197857033706939e+00
-3.894056075465282429e+00
-3.343363017333853993e+00
-2.603549247240200870e+00
-3.737318576613504639e+00
-3.389217243780709765e+00
-5.196487577979139516e+00
-1.000000000000000000e+00
-3.680633165390249761e+00
-3.990079189978052998e+00
2.814437324845550314e+00
-2.606115011274985793e+00
-4.104088870012052581e+00
2.631950313519900941e+00
-5.099369362713503939e+00
-2.027227472330250801e+00
2.490054517442363835e+00
-4.285812898472427079e+00
-2.335677283540051885e+00
1.040347840136355062e+00
