-6.101481424060442471e+00
-1.000000000000000000e+00
-4.998543395365611985e+00
-5.550636109917062022e+00
-4.060264364896845279e+00
-4.189081737324089616e-01
-6.070124663428374312e+00
-3.532263017883451095e+00
1.732330023797816976e+00
-6.677746312110990345e+00
-1.000000000000000000e+00
-5.750241910456133532e+00
-2.689713106544551646e+00
-6.589100912710910141e-01
-3.987561520027598228e+00
-2.253261705613231136e+00
-1.477933195855539505e+00
-5.863282892190276208e+00
-3.287335984815018985e+00
-9.185344912129245198e-01
-7.288522866101243558e+00
-3.020623359171090261e+00
-7.539868411504864198e+00
-3.420868158809436288e+00
9.116903881654699893e-01
-4.459567769006457461e+00
-4.028068166417991591e+00
-4.359977146954055804e+00
-2.875441018711097030e+00
-6.492578274656683135e+00
-2.782300141424262296e+00
7.106488491506390837e-01
-5.567970792793158985e+00
-2.197494939842233652e+00
-2.039854429100850020e+00
-4.581504954121923490e+00
-8.599812459987500324e-01
-9.238680019933808163e-01
-5.288374525557029138e+00
-3.692485908432321384e+00
-8.851920333782525852e-01
-7.434266829301151347e+00
-3.605269890441357372e+00
-2.000000000000000000e+00
-9.751483173500109791e-02
-3.579294610212483185e+00
-8.637654347505932861e+00
-3.423012404260924235e+00
5.443294422517404030e-01
-7.515609691340413789e+00
-5.000000000000000000e+00
-5.129265162442536719e-02
-6.802899266662615574e+00
-2.455978619095875004e+00
4.426159817134534546e-01
-7.148029690722722762e+00
-2.760711713728865924e+00
-2.290396461167178155e-01
-7.873537104286769228e+00
-3.617516016431225001e+00
-3.567557476238852887e-01
-5.971417517115399143e+00
-1.194511553704899337e-01
-6.675926548719831821e+00
-2.706964184951188290e+00
-5.965928443200770204e+00
-8.830527612264016390e-01
-5.970908092555708535e+00
-2.710445831759443980e+00
-6.210150150452829365e+00
-2.871318442707853968e+00
-5.051852255234838829e+00
-3.449628207964515192e-01
-4.803250975159285119e+00
-2.607113061448170122e+00
-7.999938768106225950e+00
-2.059688483258659275e+00
-5.906407857620819435e+00
-3.367292623040921029e+00
-7.320778671156509709e+00
-2.656556597551344545e+00
-3.560760045760668291e+00
-1.037715660148299079e+00
-3.003332683565941075e+00
-1.986797148677179381e+00
-3.552730356576175641e+00
-1.540536163048443541e+00
-2.504765100088966356e+00
-2.236921865420240962e+00
-4.161174531691341549e+00
-2.539133819906455258e+00
-3.393704273797507831e+00
-3.595681693587823524e+00
-4.292254228923241932e+00
-2.001468563405940149e+00
4.443787775400581674e-01
-2.544068022635552317e+00
-3.494416480802685854e+00
3.828139887685730880e-01
-3.633784820028954421e+00
-4.034140047069988633e+00
-9.010744884568052671e-01
-5.304341541777590763e+00
-3.276924979942915428e+00
1.853046623562432549e+00
