-6.559151724313949217e+00
-2.665564969260326933e+00
-4.461764315327317654e+00
-6.606108995966282649e+00
-2.697933302899240715e+00
-6.558627387959057309e-01
-5.744940113696766382e+00
-3.025998114084279766e+00
1.308937352931335507e+00
-6.260293257414164536e+00
-1.000000000000000000e+00
-4.780127441300243696e+00
-2.374578491437153271e+00
-4.064721556742362935e-02
-3.468370050652300751e+00
-3.465644330762154723e+00
-3.422920460976578649e+00
-7.315010370547660123e+00
-1.000000000000000000e+00
-3.403311082104117785e-02
-8.544468160985552174e+00
-2.107200515652821959e+00
-7.392704302099200930e+00
-4.369713459305692105e+00
-6.606043672321589844e-01
-6.003224785257842200e+00
-3.761389032544367961e+00
-4.093840472992549273e+00
-2.743610365925327699e+00
-7.314981617605614161e+00
-1.000000000000000000e+00
3.289895145811714827e-01
-5.333744983034298670e+00
-2.135806380552680572e+00
-2.288653211095809770e+00
-5.692341490070986332e+00
-1.839476738400460443e+00
4.922864079232677215e-01
-6.049290601304120329e+00
-2.834786726678766744e+00
3.105355515754492091e-01
-7.375973282895422756e+00
-3.281463584252064081e+00
-1.613463749614420184e+00
3.357757449172831254e-01
-4.175395313491051752e+00
-7.052557241717381409e+00
-2.837543077240174849e+00
-1.164720439513255101e+00
-7.392291230260656931e+00
-3.467998692623698087e+00
1.372177603345360319e+00
-6.013107222594014090e+00
-3.991551710603400416e+00
7.443221853535139099e-01
-7.726704776403012787e+00
-3.743972267562204248e+00
-9.734205186996240933e-01
-7.078838209634211509e+00
-3.883793099312190300e+00
1.906211445040564945e+00
-5.751484175991211423e+00
-7.172491543322560004e-01
-4.770214017501978709e+00
-2.369138999923358302e+00
-5.529039055400174263e+00
-2.293785544795730491e+00
-5.613088717784856740e+00
-3.105031102031913459e+00
-6.540787628317050739e+00
-1.421300936269747073e+00
-5.714401384608506440e+00
-2.265642842073595897e+00
-5.800939676259599054e+00
-1.516279884822886670e+00
-7.453598348219277803e+00
-3.537788151357351030e+00
-7.450841336295162876e+00
-1.454740570458902482e+00
-7.195108172055343587e+00
-1.218839950692587548e+00
-3.726628593535204814e+00
-4.471963397024455666e+00
-4.270728697076447311e+00
-2.739351958263156472e+00
-3.680159826683430335e+00
-2.785539478068523866e+00
-3.867501585568304368e+00
-2.292576678704598248e+00
-3.226107061032687184e+00
-2.870681128083621303e+00
-2.138102363888616964e+00
-4.265042229727250778e+00
-4.498439686930275627e+00
-2.696905074904761168e+00
-9.574168650714403039e-01
-5.596004057395698617e+00
-3.640938641339996895e+00
1.849478460972856952e+00
-3.502858371061069676e+00
-4.090493173735587185e+00
-8.084395422529411235e-01
-5.143944126442865361e+00
-2.095443471839811611e+00
8.154490209342727391e-01
