-5.541215620946831066e+00
-5.000000000000000000e+00
-3.824115956213462120e+00
-8.000000000000000000e+00
-1.000000000000000000e+00
-1.256327012965732681e+00
-5.583870684889468805e+00
-4.494153376033965586e+00
-2.000000000000000000e+00
-4.865804362618829870e+00
-1.000000000000000000e+00
-5.847419406526030983e+00
-4.063054118652054569e+00
0.000000000000000000e+00
-3.718641114632598832e+00
-1.153739336108828839e+00
-5.888795351009964429e-01
-6.944011796025348460e+00
-2.432344704721024709e+00
9.659439237337575923e-01
-7.521183144881819160e+00
-3.575588370385073489e+00
-9.566277974699254116e+00
-4.720192467406920223e+00
-1.351841490616270125e+00
-4.299709727860549613e+00
-1.760648075725490092e+00
-5.897529438581127437e+00
-2.394012762478552325e+00
-7.130785126353154979e+00
-3.527516048633101420e+00
3.390040658895753789e-01
-7.698970004336018746e+00
-1.787170554344681195e+00
-1.458328537682119341e+00
-5.339705194841042335e+00
0.000000000000000000e+00
5.445786435154841287e-01
-4.311054608938182930e+00
-4.654619382909848113e+00
-1.952338816945006439e+00
-8.235906992005432414e+00
-3.916519596064787390e+00
-9.150639781163034669e-01
-9.401925178689281015e-01
-2.434756490254304406e+00
-9.000000000000000000e+00
-2.897250620478182270e+00
5.828180287867974485e-01
-7.653098184208530164e+00
-5.000000000000000000e+00
1.434714165862353896e+00
-7.015905665834395677e+00
-2.834349289049208132e+00
1.529558573351625927e+00
-7.497756535778891340e+00
-5.000000000000000000e+00
1.448256242492141466e+00
-6.195820859282550330e+00
-2.580007722826745287e+00
1.054680565345807786e+00
-5.066666947434283585e+00
-1.935419083767274229e+00
-6.865257703438722992e+00
-2.118046781719627347e+00
-4.718006651042405686e+00
-3.872590344471412149e-01
-7.050550850840106243e+00
-1.388173927376455952e+00
-4.770526970148816659e+00
-2.608950180038086319e+00
-6.236009665660791512e+00
-2.606226927996360132e+00
-6.595306644929158857e+00
-5.402720252955066638e-01
-6.423110216687408780e+00
-1.543186547835666556e+00
-7.180299722624121195e+00
-8.406438684952577400e-01
-4.255135808915861517e+00
-3.205452535204397879e+00
-2.223776929617758302e+00
-1.490893168915636613e+00
-4.613018986344892269e+00
-3.592375953801006272e+00
-3.909467704464762328e+00
-1.465760497495343095e+00
-5.690196149515636570e+00
-1.000000000000000000e+00
-5.326218254912566508e+00
-3.321357534412312074e+00
-4.521593165802473280e+00
-2.222921100364617431e+00
-3.417076959043198414e+00
-2.587139140139640414e+00
-1.889506383760353181e-02
-5.265850247527388284e+00
-3.764520941516618091e+00
1.908560023620676505e-01
-5.159862449887277158e+00
-1.299496674461174450e+00
2.789052773455753975e+00
-2.728607906397564342e+00
-2.945599851191334828e+00
3.000000000000000000e+00
