-6.323645528785339920e+00
-3.645754155033688271e+00
-6.174978392107355774e+00
-7.546980143104036642e+00
-2.579233290719966654e+00
9.582483884004994179e-01
-6.056364317882716897e+00
-2.118350328968518603e+00
-3.207912408637689783e-01
-6.839117994496457520e+00
-1.851073071776892176e+00
-7.204816179983335900e+00
-1.117009449276395783e+00
-8.817233004709730260e-01
-2.263537093212433682e+00
-1.888517852727385593e+00
-4.362045423815086864e-01
-6.737268270817238225e+00
-3.282574073918592461e+00
4.826610163480219429e-01
-7.273798748649802803e+00
-3.417592436186534854e+00
-9.820929194556807573e+00
-2.087639537176594118e+00
-6.148292732966762486e-01
-6.678881136023751885e+00
-1.835482358361961053e+00
-4.602944857281126012e+00
-5.000000000000000000e+00
-6.490376553709451102e+00
-2.448084317068897953e+00
-1.646526177700138871e-01
-5.636166167378353187e+00
-2.195161766947187232e+00
-2.068095748778707499e+00
-6.128786101067685621e+00
-4.000000000000000000e+00
-8.570789426084652884e-01
-5.194834164153884437e+00
-4.349099910084068377e+00
5.524252427642218910e-01
-8.572706724289762548e+00
-3.799168161953271561e+00
-7.130435207203300596e-01
4.297249279586907722e-01
-3.778400575414948559e+00
-6.180835894747358061e+00
-4.121197210359188290e+00
1.042408764603443228e+00
-5.449003721840078640e+00
-3.762039928675556588e+00
-9.250563478619029389e-01
-7.595599620853646705e+00
-2.306105044532408499e+00
-7.512234150726785353e-01
-6.426659166686287783e+00
-5.000000000000000000e+00
-1.210838889788057038e-01
-6.330168374711684365e+00
-3.386987194423698000e+00
-9.902178783111504901e-01
-4.000000000000000000e+00
-3.180456064458131227e+00
-5.518123918241953696e+00
-8.557715018481717451e-01
-6.505299894517615478e+00
0.000000000000000000e+00
-6.480764556375732788e+00
-2.261091255498636876e+00
-6.369831585658530138e+00
-2.250942353264672402e+00
-6.541844995120179362e+00
-1.555247992324594986e+00
-5.620389867365062742e+00
-1.083186776732846468e+00
-5.081487286649696955e+00
-1.556588670731591018e+00
-4.000000000000000000e+00
-3.591520287556615898e+00
-4.001708427383756650e+00
-2.432343482393247047e+00
-2.386737414269904711e+00
-3.681640967240398243e+00
-3.016303226962092854e+00
-2.730400813090487322e+00
-5.302476025704113027e+00
-1.845416280500905115e+00
-5.690196149515636570e+00
-3.554192112513667290e+00
-4.615965348385211442e+00
-4.574150211333638083e+00
-4.890995293891855056e+00
-2.575101525330903751e+00
-4.583624245688897147e+00
-4.322979973492800276e+00
1.278961756147775963e+00
-5.837082756032888398e+00
-3.496414043674253236e+00
2.049946294387102519e+00
-5.295769189543834798e+00
-3.553509051933653851e+00
9.258114599681978030e-01
-2.544068022635552317e+00
-2.786273833607631811e+00
6.278534447977133226e-01
