-6.637742762257846429e+00
-4.533231466272150456e+00
-4.504890312286309317e+00
-6.454770197425110823e+00
-2.976890823877434311e+00
8.284153129028454243e-01
-6.451725840307125814e+00
-1.264944120868257915e+00
-9.254007233756177397e-01
-5.523611693462654237e+00
-2.217824216298465601e+00
-5.734344244078885211e+00
-4.162957227136589999e+00
-1.119055151423442888e-03
-3.294255764861343749e+00
-2.229729720566681284e+00
-2.915472835984233013e-01
-6.956041963211159640e+00
-3.480759944851168353e+00
-7.002862049611847661e-01
-5.301029995663981254e+00
-3.301615291147621534e+00
-9.135259663697139487e+00
-3.948655177003893346e+00
-1.607588224455424042e+00
-6.673709374495886415e+00
-2.553600282058783755e+00
-5.828319628843228628e+00
-4.068128899674781529e+00
-6.530250528453144021e+00
-5.000000000000000000e+00
7.945654149492136220e-01
-5.026460909992938930e+00
-5.000000000000000000e+00
-7.335132480409435329e-01
-4.618817730128577992e+00
-1.913855739492210217e+00
-1.069558623255122271e-01
-5.176384154657671210e+00
-2.633277022548746515e+00
1.527029742417023384e+00
-6.914675450953019720e+00
-1.492917824802969529e+00
8.120617708871882279e-01
-2.019163990679558596e-01
-2.994751619169964574e+00
-7.999048611608576387e+00
-3.840258858190181979e+00
-2.609032761023017399e-01
-8.576692259434363308e+00
-2.087598400716514480e+00
1.111507118559755369e+00
-6.435390298149828325e+00
-2.276249670654520330e+00
-1.483994788792425412e+00
-7.710770383321916555e+00
-1.767205956295759828e+00
-1.480136099644875136e+00
-7.660116063007873066e+00
-3.338479193978182380e+00
-1.120380919162106359e+00
-7.027938797330611109e+00
-1.183829592057993763e+00
-5.094065704540495787e+00
7.918124604762488694e-02
-4.000000000000000000e+00
-2.680777944567600102e+00
-5.586292842835082872e+00
-3.743070583378796279e+00
-7.426712081854399017e+00
-8.822994896240056173e-01
-6.958411254044882810e+00
-5.152562247079348623e-01
-4.248253239953125870e+00
-4.000000000000000000e+00
-5.972149607751698674e+00
-4.882345878569036013e-01
-6.034530996664564384e+00
-2.876723581112111017e+00
-7.166610352868874934e+00
-3.654775632901439586e+00
-4.027480165188697114e+00
-2.976112595102466507e+00
-5.092147277201055644e+00
-4.272084139621473042e+00
-4.030521997084487218e+00
-4.780772001322951326e+00
-3.142234000552597717e+00
-3.695507060545972777e+00
-2.264656290779191394e+00
-4.111151820692767522e+00
-3.242860728953622207e+00
-5.000000000000000000e+00
-3.197798197886970062e+00
-1.258343648072006271e+00
2.219808720973432958e+00
-5.822821733488570572e+00
-3.413092943449425931e+00
2.245694583677251277e+00
-4.724536958252528507e+00
-2.378563436562175504e+00
2.294895276971270270e+00
-3.111716950537610771e+00
-4.124166395135960173e+00
1.694351082215898252e+00
