-6.166021816733983307e+00
-2.641381717272230922e+00
-6.220265126087532792e+00
-4.662545299416930966e+00
-3.956986997457439870e+00
-1.093752093062342112e+00
-6.098611488024143767e+00
-2.201199902911891826e+00
-5.157173966758591410e-01
-6.680960448584293054e+00
-3.804356972558898153e+00
-7.555172825689629335e+00
-3.668399539120853703e+00
-3.737000462703725656e-01
-4.000000000000000000e+00
-2.478465815840864561e+00
-3.615637638417581901e+00
-4.313448171720512647e+00
-2.218621353566260446e+00
1.260893761351049136e+00
-6.183186506700333318e+00
-4.699561004463652658e+00
-8.840628654176246215e+00
-2.433021946514451361e+00
-6.275354173925276058e-01
-4.113896057286675401e+00
-2.300817005431002649e+00
-4.751722224961707042e+00
-3.864336300741207264e+00
-8.749886172928121653e+00
-2.159478385012040480e+00
7.275813180115060508e-01
-6.472012059476375256e+00
-2.334757895148209084e+00
-9.000165828767483500e-01
-5.833396113414887729e+00
-1.679221599465038572e+00
7.516508324704032074e-01
-6.981945394551913431e+00
-1.923236297694545183e+00
-3.805192696119755191e-01
-6.868353297277577596e+00
-3.773626457651817478e+00
-7.527910647645760234e-01
-5.866570831361401367e-02
-2.376943845884095907e+00
-6.064444746529450647e+00
-4.405854079531345668e+00
8.957490758767847616e-01
-6.278828451566884183e+00
-4.588654923856851475e+00
2.766737403865695555e-01
-7.780661771548128769e+00
-1.209524880969763183e+00
1.062383742938161291e+00
-8.086437316608011017e+00
-1.851535403451671780e+00
1.001718982250268120e+00
-6.418354633439165013e+00
-2.053536102527546703e+00
-1.057597354580637417e+00
-7.831544388578329574e+00
-8.004363151767415197e-01
-7.153586968572956728e+00
-2.746233388581832635e+00
-5.690178968011686322e+00
-3.450099972181248198e+00
-7.404209526391052343e+00
-3.139409047842035339e+00
-4.745193893802821528e+00
-1.034814725173691663e+00
-7.076106431763019344e+00
-9.642240629804382790e-01
-5.705608444067389762e+00
-2.927398938891429214e+00
-4.821045654929794644e+00
-1.819719354246788878e+00
-7.731491343657073578e+00
-2.142248867341508767e+00
-6.893870530311379419e+00
-8.297245922311567989e-01
-4.059961021141337945e+00
-3.506575179709576773e+00
-2.925293325816702428e+00
-2.479892114451009544e+00
-2.389693733066487802e+00
-4.602815323818795434e+00
-2.992914409572465573e+00
-2.811680691536877941e+00
-3.833586662650855903e+00
-4.126145524414665644e+00
-4.681034311209116616e+00
-3.912210019484315460e+00
-3.067143519370625793e+00
-4.140584487745883280e+00
-5.684726617540261095e-01
-4.255860251998485388e+00
-2.794971369093926850e+00
1.442675297093459541e+00
-3.256031316193315650e+00
-4.380581983840790450e+00
-6.010808418955231047e-02
-3.691447238402423725e+00
-1.697357868984383567e+00
2.251508811319886227e+00
