-5.268668124800770514e+00
-2.699403126622388349e+00
-4.018873443204775242e+00
-7.169408875924659696e+00
-3.303036805298317446e+00
-2.116300944536076145e-01
-6.433228329803482026e+00
-3.471604503906505990e+00
-4.150933448230820222e-01
-6.663947682953280882e+00
-5.000000000000000000e+00
-5.621132916535661828e+00
-2.936771012864515029e+00
-1.374002076730855615e+00
-4.000000000000000000e+00
-2.425133218236234622e+00
-2.604833130297162125e+00
-6.821668868204643132e+00
-3.168038208819396129e+00
-3.896143635518552473e-01
-6.530343171192392049e+00
-1.661895285492003049e+00
-7.596448373218287031e+00
-2.888466607925580742e+00
-1.732331506932652532e-01
-5.820539915844371137e+00
-2.576368962080594738e+00
-4.886074283412887631e+00
-3.777409119709810525e+00
-8.181897884662705067e+00
-3.085000400956328992e+00
1.006114168859689073e+00
-7.381567362630105045e+00
-3.463158559300299366e+00
-1.653466460198325994e+00
-5.855537681572293707e+00
-2.005748937671693266e+00
-7.829302115559683140e-01
-7.029913905000515939e+00
-2.844555701772276013e+00
-5.796036289959952681e-01
-6.071517038270906497e+00
-3.766312013415698434e+00
1.884550684755486705e+00
-7.436316705029966112e-01
-3.370738759459348977e+00
-5.327563430524787869e+00
-2.858771542502579699e+00
1.005919571070488905e+00
-9.000000000000000000e+00
-2.939321495195741374e+00
-8.683325183797382940e-02
-8.526875402711482366e+00
-3.806766956063898366e+00
-1.644415540215272142e-01
-6.122350589266434717e+00
-1.000000000000000000e+00
1.015724065452328073e+00
-7.411381094314120510e+00
-3.696910502755482497e+00
-5.885387744558511214e-01
-6.976147052216646216e+00
-2.362013928321882172e+00
-5.941067394341849273e+00
-8.316328700823283349e-01
-4.159407610129910893e+00
-2.938754812564793539e+00
-6.837033624716867486e+00
-1.744827831029509779e+00
-6.089231758032146224e+00
-1.963623361080213403e+00
-6.271067818114394399e+00
-1.664066030397229223e+00
-6.483506071537858517e+00
-1.803837182895992930e+00
-6.005273590045295151e+00
-1.394000634646622272e+00
-6.524169491821070643e+00
-2.121840510017795278e+00
-5.310865453899838329e+00
-2.551757883397095750e+00
-4.331998645189585773e+00
-1.000000000000000000e+00
-4.416889150742037806e+00
-3.950261215610784582e+00
-4.097268403102778400e+00
-3.693854323223136671e+00
-3.724094121806565294e+00
-2.581953396706345494e+00
-3.440183173732196398e+00
-2.746498190639937054e+00
-4.052190995336204971e+00
-3.753786511533843129e+00
-5.213160412199384197e+00
-1.630835001383155181e+00
1.048948477718005146e+00
-3.257392827888467846e+00
-3.990648923675949700e+00
2.022365855082351782e+00
-4.103512917431584306e+00
-2.049623492498195532e+00
9.004980787500401762e-01
-4.928645327179559388e+00
-4.225493482214685237e+00
7.453070553100051843e-01
