-8.397940008672037493e+00
-4.257014450646146031e+00
-7.000000000000000000e+00
-6.393010991696213452e+00
-4.407275317764542066e+00
-9.163184303162426048e-01
-6.909374036613124659e+00
-1.535918662580948668e+00
-1.052464188046806415e+00
-5.572245150128082969e+00
-3.338628451585579082e+00
-5.457344128013362550e+00
-2.809093521226652790e+00
-1.565178687934059898e+00
-3.944839817815227523e+00
-1.416508651489724491e+00
-3.463196246916490306e+00
-6.151133045881495676e+00
-3.496017732375406695e+00
-4.237135346868318719e-01
-7.354352057858316805e+00
-5.000000000000000000e+00
-8.721259702920280077e+00
-3.005593576736242944e+00
8.833304630800071777e-01
-6.589215818927232959e+00
-2.573294003870010282e+00
-4.019127501648990020e+00
-4.596666101475020305e+00
-7.184266671709464092e+00
-1.000000000000000000e+00
8.033766788025675787e-01
-5.260282471775236779e+00
-3.814363015397451928e+00
-1.736687732998772882e+00
-5.994647569716329727e+00
-1.132730342789481259e+00
-1.176818161309501232e+00
-4.173272266558591959e+00
-4.032655945749582749e+00
-9.065212018310413455e-01
-7.579352846735283755e+00
-3.974755368168178205e+00
-7.866961563686206693e-01
-4.206728702951089693e-01
-2.201270790363865970e+00
-6.143052666407033513e+00
-2.565711089639996612e+00
6.921551109007963998e-01
-5.719702729464720470e+00
-4.321287618603686376e+00
-6.626234410229077110e-01
-6.661306206153511766e+00
-3.273621262372685248e+00
2.928663047979366829e-01
-7.360813933926613650e+00
-3.467797480026534540e+00
1.032792447961789595e+00
-5.107415064649421410e+00
-3.566149450128216269e+00
2.517974318978948300e-01
-4.933080333380467586e+00
-2.405638492281672480e+00
-5.911912226775256407e+00
-1.952848834096989616e+00
-4.983629125912185209e+00
-1.809857197495388093e+00
-5.123817965618773229e+00
-2.483212548079394288e-01
-5.199055667396116576e+00
-2.034877499392208300e+00
-6.680679552458469672e+00
-2.345469232833080397e+00
-4.696005998391873604e+00
-2.263756487761415581e+00
-5.386952620508038692e+00
-9.475401422390925532e-01
-5.447694725728408294e+00
-3.360918475731782262e+00
-5.429012437916957090e+00
-2.730561914522194211e+00
-3.986749541016511245e+00
-4.487296078192439808e+00
-5.056706942549692663e+00
-4.099062058529002073e+00
-4.027685578319867510e+00
-2.783923119532997426e+00
-4.132761083089809162e+00
-1.130597490140410333e+00
-5.690196149515636570e+00
-3.834859766158554617e+00
-4.197907169048673559e+00
-3.480176127857615764e+00
-2.888482803397749876e+00
-1.000000000000000000e+00
2.572655519536517055e+00
-4.150008804973616350e+00
-2.197909963578950077e+00
1.251963970953323013e+00
-4.841164748254925598e+00
-4.115503371794754450e+00
1.539061695240905747e+00
-2.544068022635552317e+00
-2.611685463605615265e+00
1.521881695578696014e+00
