-5.494295331958443107e+00
-3.249101001960433166e+00
-5.264835157600641580e+00
-5.569109310217982056e+00
-3.563646193497674197e+00
2.045701700217882890e-01
-6.453795679308488964e+00
-4.580670557248970987e+00
6.107131857929736229e-01
-5.066776667948027502e+00
-2.458304934410257214e+00
-4.690215764484443106e+00
-2.757110384367020384e+00
-1.222727772564849991e+00
-4.000000000000000000e+00
-2.840486005982931772e+00
-1.923252785072033788e+00
-5.484484179578496210e+00
-3.030209607861577670e+00
-1.304825237692952111e+00
-8.514746469193662293e+00
-3.648986469897644191e+00
-8.825511612737679812e+00
-4.418043248592188554e+00
1.091848593049517868e+00
-5.691656285996818276e+00
-2.142146123593896778e+00
-3.840495164411986018e+00
-4.218600923077662657e+00
-6.270258040452597825e+00
-3.631320797373063680e+00
2.396429558280915029e-01
-4.730600367701561559e+00
-2.795169135367930213e+00
-2.234590779654418657e+00
-5.868767826400770105e+00
-1.272527859609852596e+00
2.226731180778251384e-01
-5.769231966080702101e+00
-3.494602555050507764e+00
7.570324481748822443e-01
-7.208111756390305658e+00
-3.093769608301724983e+00
-5.954168742463902264e-01
-2.343734463422995962e+00
-4.763125887765217392e+00
-6.301825933266903768e+00
-2.474230497616082491e+00
8.270742377479163299e-01
-6.343791786755036632e+00
-1.000000000000000000e+00
3.370400320080131906e-01
-6.891750352599101959e+00
-1.887549805807248848e+00
1.042286333126389408e+00
-7.850766579700092507e+00
-2.588815090096221461e+00
-6.260505213506785127e-01
-7.273330256363938595e+00
-3.538798181964783574e+00
-1.338136276544743097e+00
-5.034546887125071812e+00
-1.891235117707612101e+00
-7.227589987975705732e+00
-3.091259382863675409e+00
-4.761033950016231309e+00
-1.887554977730052430e+00
-4.982443632544441670e+00
-8.616523126717295922e-02
-5.470560967441303823e+00
-1.009618465643819407e+00
-4.777704618312835549e+00
-2.214835358016837397e+00
-5.586069838883331862e+00
-2.461313899932396243e+00
-4.638532588345183783e+00
-7.296014129819224925e-01
-7.041813139315857839e+00
-2.598448077867831607e+00
-4.976220674300736668e+00
-1.870934431693359379e+00
-3.442349338566178307e+00
-2.069622587561266158e+00
-2.763446990901424982e+00
-1.514921768820078229e+00
-5.561618569388715905e+00
-2.597334236872788527e+00
-3.447870642483467307e+00
-1.979401558798181693e+00
-4.708791386809598301e+00
-2.211562855410704742e+00
-3.790079023434351324e+00
-3.340077060049703395e+00
-2.561993047557681979e+00
-2.699318635762153917e+00
6.776259520071049591e-01
-4.124878233613596734e+00
-1.819410349130958116e+00
1.650630506524263241e+00
-4.900073456572136443e+00
-3.411589561665771875e+00
1.818024114924042811e+00
-4.125183688885257105e+00
-2.551619645385057478e+00
8.261679446562497642e-02
