-7.626185186686707418e+00
-2.610400720459981283e+00
-5.028734899803691150e+00
-6.571911082738935761e+00
-3.740229405401967799e+00
-1.049249889010057224e+00
-6.372676881417186578e+00
-2.712542228823064505e+00
1.599105295912994107e+00
-5.519687371302524070e+00
-2.178471247230425067e+00
-6.877303355930829198e+00
-2.010187455141427382e+00
-1.131527242110201836e+00
-3.511285625338909533e+00
0.000000000000000000e+00
-1.096073931851868855e+00
-6.297348596845849578e+00
-4.732839086063372669e+00
2.276673814319167266e-01
-7.264444376323986319e+00
-3.454305233186640400e+00
-8.308184723649906900e+00
-4.155498994452980099e+00
2.000000000000000000e+00
-6.343271778793543980e+00
-2.711113490168203466e+00
-4.729127260315721948e+00
-4.133216776913682722e+00
-6.978251072042477077e+00
-1.811944489814494297e+00
1.585711547916543340e+00
-5.628260625133188810e+00
-4.080117855415712924e+00
-2.028291914726070289e+00
-5.395619038734113637e+00
-1.117662548516609622e+00
-1.009366358032055322e+00
-6.645142169932587883e+00
-2.608073562757303954e+00
-1.971798062327127177e+00
-6.633856211141663017e+00
-2.231107012556598157e+00
6.710306556962083446e-01
-2.399066115946443811e-01
-2.413584405606653771e+00
-6.664703874706653153e+00
-1.544861720749508782e+00
7.248227589410202176e-01
-7.516329160556759703e+00
-2.827107990242777813e+00
6.979684872747062840e-01
-7.507056583264123617e+00
-2.591907705318174049e+00
-2.000000000000000000e+00
-5.231880511671417544e+00
-4.249271724542641238e+00
-2.761819894765604189e-01
-7.925233581068981792e+00
-4.068745626000170645e+00
4.714380332634012238e-01
-6.173508768791622359e+00
-6.090692206481868043e-01
-7.522110791404097441e+00
-5.553346072809852707e-01
-6.966005759343389059e+00
-2.730932341716832301e+00
-4.400449317324664378e+00
-2.349588337077371580e+00
-5.805696785294461648e+00
-3.280008173418041295e+00
-4.757759928180825604e+00
6.989700043360187465e-01
-6.724877568463345945e+00
-2.304918688519245862e+00
-4.712707891156612483e+00
-2.240683811998958941e+00
-6.177612469634507164e+00
-1.555640633733092137e+00
-7.335127867919629452e+00
-9.596445083602296311e-01
-4.394533018969772442e+00
-1.590449805838480613e+00
-3.831076948393674186e+00
-1.827705420148445281e+00
-3.816517516594655657e+00
-2.280432288349351300e+00
-3.152754039051263391e+00
-2.963218402813887487e+00
-2.669962401884114822e+00
-1.860946647437389689e+00
-2.676647949110670055e+00
-2.785843765250968662e+00
-4.152505444854231342e+00
-2.454073889042876377e+00
7.767438155246038090e-01
-3.985781738795692419e+00
-2.102224637459728207e+00
9.462222741450415642e-02
-3.718499874466221655e+00
-2.318655838783245215e+00
1.954077263817938448e+00
-6.544068022635552317e+00
-1.000000000000000000e+00
2.472094575996357069e+00
