-5.500648284424102918e+00
-4.667443779270528559e+00
-4.261718932190148301e+00
-8.000000000000000000e+00
-1.954145466816377574e+00
-7.077288198856783730e-01
-4.000000000000000000e+00
-2.454519839659921043e+00
-1.433508644761272155e+00
-6.898985465029133124e+00
-3.242922032561714740e+00
-5.932743075319613091e+00
-2.516942570511751853e+00
-7.871321093653184109e-01
-4.000000000000000000e+00
-1.973576944892756757e-01
-2.053392627058295616e+00
-7.131022612764128077e+00
-2.411302063882690749e+00
-2.000000000000000000e+00
-8.846131724849902511e+00
-3.666345245005093290e+00
-8.522932452332206310e+00
-3.767654608946143568e+00
6.262015250208448069e-01
-4.875071631546070705e+00
-3.352218418359866892e+00
-5.723588918224250754e+00
-1.545021262061871070e+00
-5.388460973654678021e+00
-3.272597576601928626e+00
7.098572542878358593e-01
-6.199559250960264833e+00
-2.979689638748988845e+00
-9.833576596065738418e-01
-5.015597107101701368e+00
-3.284404856528829075e+00
8.030517029925988703e-01
-6.768590002497489877e+00
-3.771309755204407033e+00
1.266671088906471843e+00
-6.907759565785436706e+00
-3.733576058566309808e+00
1.054250783396362801e+00
3.621226158767232861e-01
-4.490576168204428953e+00
-6.323351485303746244e+00
-4.537447903282782136e+00
1.274254889651810441e+00
-7.858973398562492996e+00
-3.762943536586428106e+00
-4.430468551940482391e-01
-5.000000000000000000e+00
-3.524266719326058617e+00
1.091440190118385445e+00
-6.022129895105162056e+00
-3.843851286831356351e+00
-2.980097681829187994e-01
-6.367247184032741814e+00
-2.751442760363535189e+00
4.714191917964232759e-01
-5.583870280422761567e+00
8.195439355418687732e-01
-4.825628925449431783e+00
7.918124604762488694e-02
-7.366791150059295745e+00
-2.759650177104828295e+00
-5.072975439614324067e+00
-2.458169934081254393e+00
-4.978052119488782346e+00
-3.855019026813887528e+00
-6.609460679529250093e+00
-7.598428987245717803e-01
-4.719840043510333594e+00
-1.859194340378050647e+00
-6.716152928000637345e+00
-3.958607314841775082e+00
-5.841207224654927366e+00
-1.729457196749793813e+00
-7.753793342784218723e+00
-2.007141009076495841e+00
-1.832406411658570766e+00
-4.104548144480205885e+00
-3.878164072924147554e+00
-2.895589406551254630e+00
-2.987992792536707132e+00
-2.382862286232675153e+00
-4.066122892585789295e+00
-3.908142947947321755e+00
-4.112498550111585160e+00
-5.000000000000000000e+00
-4.230570093511484053e+00
-2.303561126318526053e+00
-5.109158134167698151e+00
-2.622218817233599175e+00
1.820737329454271247e+00
-5.052021036807066601e+00
-1.954102994678853067e+00
9.535381714629018179e-02
-4.626354614152617728e+00
-2.936982504921964665e+00
1.739606227147531436e+00
-2.544068022635552317e+00
-2.735188495706371903e+00
1.570448569013813689e+00
