-7.685282888905675236e+00
-3.305333058302428295e+00
-5.213280286339705860e+00
-5.511730549127387135e+00
-2.019426731134286612e+00
3.438290659065024735e-01
-6.603013213320015673e+00
-2.689685922053187905e+00
9.691957748091224456e-01
-7.280841975804773547e+00
-1.061566786144465535e+00
-6.897404485391387396e+00
-2.914613229016475682e+00
-4.676219564146327223e-01
-3.260153717093740688e+00
-6.018913258985175707e-01
-2.459038052259032270e+00
-7.349837137787347707e+00
-1.827820710733248255e+00
7.165612978050359683e-01
-5.598550922156356968e+00
-1.695729604768356102e+00
-8.393483133007725527e+00
-4.246794600388707153e+00
-1.328811054696993343e+00
-6.328748919360688951e+00
-2.671792515745925023e+00
-3.791215277275303386e+00
-2.893917775353229693e+00
-7.029896687140272604e+00
-4.167891260932837127e+00
-1.968058110359744706e-01
-7.698970004336018746e+00
-2.162478607488119042e+00
-1.002385442810276528e+00
-4.486745113326072953e+00
-4.363522297710775155e-01
-1.009156148636670247e+00
-5.685922216166394705e+00
-2.833113880906548143e+00
8.102572756615523675e-01
-6.138059538957917560e+00
-1.209703629521188928e+00
-2.000000000000000000e+00
-9.208291958056310511e-01
-2.419578781059374961e+00
-6.420484415187701188e+00
-3.732632854749211138e+00
2.000000000000000000e+00
-5.000000000000000000e+00
-1.702939365727126120e+00
-1.098379879426983896e+00
-6.390851353522192468e+00
-3.713406659392545883e+00
-2.000000000000000000e+00
-7.465265721250515796e+00
-2.996699467442154319e+00
-1.065783912849085802e+00
-7.017065225919232319e+00
-1.000000000000000000e+00
-2.307693683676264040e-01
-6.570857194925177502e+00
-2.877699996579323738e-01
-4.000000000000000000e+00
-3.920818753952374891e+00
-6.325891232980989543e+00
-2.958271929903015796e+00
-8.000000000000000000e+00
-1.268404295429814033e+00
-5.736698654057236446e+00
-3.155743709141608289e+00
-6.747900540165890249e+00
-1.806210699790201102e-01
-6.438419155462103305e+00
0.000000000000000000e+00
-5.316854600821887544e+00
4.139268515822491779e-02
-5.813577684631169085e+00
-2.164053289165226435e+00
-6.001984067848965765e+00
-1.545492308610344756e-01
-3.467713258577273194e+00
-1.744749960523684029e+00
-2.756536924796707755e+00
-1.022773838803171742e+00
-5.152062248028780544e+00
-3.482406133112087243e+00
-1.690196149515636570e+00
-2.207830615200426116e+00
-3.045129189827965543e+00
-5.000000000000000000e+00
-4.166125693127731289e+00
-3.077268901716532667e+00
-5.279309964724713922e+00
-4.333295476218969711e+00
1.428439021996846137e+00
-3.064319339790465335e+00
-3.972026728276027541e+00
1.657138859991427626e+00
-4.370866098968831714e+00
-4.048938760705643070e+00
1.953099757114295842e+00
-4.166009814181203197e+00
-4.248283585150424813e+00
-4.670602567119275794e-01
