-6.488315678649153817e+00
-1.500403656514107675e+00
-5.340822489512214943e+00
-5.711274984633354812e+00
-3.119921862093981257e+00
-5.926554508245754915e-01
-5.698721432805767151e+00
-3.314445843575307027e+00
-2.863239376094272592e-01
-5.704646923895659860e+00
-4.020533708932237715e+00
-6.103045048228374014e+00
-3.246778326280343130e+00
-2.559442439113253642e-01
-2.798641613469699863e+00
-3.122237540824235769e+00
-7.679726586525404963e-01
-6.462400748190663791e+00
-2.150149503932687001e+00
-2.843460492704493192e-01
-8.172875159012148671e+00
-3.623515001022392212e+00
-9.597842186866833103e+00
-3.621410284336711971e+00
1.848542740647725890e-01
-5.031814540108215716e+00
-1.872468426180606826e+00
-4.242190521032131123e+00
-4.214861555904434454e+00
-6.353481536200090041e+00
-3.092186173441044517e+00
1.877171334390363322e+00
-6.309212285059470737e+00
-4.392159630044362828e+00
-9.657728779447214418e-01
-5.164976015669009435e+00
-1.973368565295147814e+00
5.537042146665627218e-01
-5.132133797853514423e+00
-3.048303990964812193e+00
-6.878464155014788473e-01
-8.217561910340950959e+00
-4.024581877187321410e+00
8.387815865424187445e-01
-1.043224846289558361e+00
-3.407796375766152241e+00
-6.420954555249008600e+00
-3.884153164955602922e+00
8.229588787930500748e-01
-6.767222232480485822e+00
-2.185080251969661269e+00
-1.402481094097529635e-01
-8.810143736221688116e+00
-2.867358707932381012e+00
-9.893589458509927104e-01
-6.445853368143065865e+00
-2.585845657391070862e+00
-1.142027495031667561e+00
-7.006568793681259066e+00
-1.661784181298192165e+00
-9.743680396648588538e-01
-5.405678125752357843e+00
8.195439355418687732e-01
-6.907472233641231973e+00
-1.516613953286234162e+00
-4.948241308422978157e+00
-3.373986767581801161e+00
-5.962483327161861801e+00
-1.987812762423798230e+00
-4.697026771996419825e+00
-2.308098971068697214e+00
-5.929528491421889314e+00
-4.329705984067127589e-01
-6.683117464401211016e+00
-4.802144886114516620e-01
-5.273175803280366836e+00
-1.073481886239301186e+00
-6.469373747450839929e+00
-2.637295170895777030e+00
-5.416574135680912505e+00
-1.262012382610439909e+00
-2.858649693403239045e+00
-2.286694475363073575e+00
-3.432740062450498009e+00
-4.175952297330285390e+00
-3.674971322703630250e+00
-2.510442570430848619e+00
-2.602206852738210063e+00
-2.367890534022500049e+00
-4.171523680291837621e+00
-2.288559703659678757e+00
-5.261013532528918013e+00
-3.373143168148088566e+00
-5.400073939274419921e+00
-2.099162381725826254e+00
9.245964791760324930e-01
-2.931510432393407584e+00
-2.642536623791127859e+00
1.228754102935860404e+00
-4.968800978288806292e+00
-3.008388652443990452e+00
-2.906701740930495159e-01
-3.567138336062514181e+00
-2.200939677196922073e+00
1.021866767410886778e+00
