-5.743150383555334137e+00
-2.152777092056945563e+00
-6.268858326272924941e+00
-5.921794887177053823e+00
-1.843477341271811953e+00
9.122464680768918033e-01
-5.293223230415607716e+00
-4.303415282644543538e+00
-1.002751892392733213e+00
-7.223831156813496079e+00
-2.493762351869809102e+00
-6.682951395406566242e+00
-1.622032071313952661e+00
-1.304877433821005184e+00
-3.990688298574338155e+00
-1.754803329629877950e+00
-2.140963113115033956e+00
-5.683351864348741067e+00
-3.108260364988490565e+00
-1.866911294438770852e-01
-8.694600360197515698e+00
-2.142644808858743755e+00
-7.640717834328206060e+00
-2.315707280545667768e+00
2.000000000000000000e+00
-4.870524615674766800e+00
-3.808789163921358245e+00
-3.154901959985743076e+00
-3.099776417641733506e+00
-6.445259008080920005e+00
-2.395498470211051778e+00
6.331039341064669257e-01
-5.826644546149143622e+00
-3.135060264741506231e+00
-1.239215604501754608e+00
-4.000000000000000000e+00
-1.261047966505637330e+00
-2.093809258888464919e-01
-6.168301043915746185e+00
-3.572748655690995534e+00
1.124207312240111278e+00
-6.566200388796876730e+00
-1.697538484895034783e+00
3.112508407358560367e-02
-8.635526698578693816e-01
-2.602931620571939497e+00
-8.148914181167100423e+00
-4.156425003123622730e+00
1.812342376090461560e+00
-6.237876154016851693e+00
-4.236018924847614997e+00
-6.854608428757102967e-01
-7.096898869099198315e+00
-3.408572880616018264e+00
-1.469252835241042554e+00
-8.561216144690600771e+00
-2.616704435106136817e+00
7.659687474458327650e-01
-7.483680958851149256e+00
-3.810127422016920562e+00
-1.253777454941161551e+00
-6.514448114458801342e+00
-1.135591316376236559e+00
-5.760864945553542782e+00
-3.124343433601209252e+00
-6.585214713255293617e+00
-8.463408386950487250e-01
-5.507576584392340102e+00
-1.985337930817259844e+00
-5.942168093033226128e+00
-3.095958209408386175e+00
-4.831171949371722008e+00
-2.409338995178981868e+00
-6.735761102097003850e+00
-2.109669473670675366e+00
-6.535524745475240316e+00
-2.858703974614538179e+00
-6.476701169442343087e+00
-2.117433847004130953e+00
-5.310058218014701126e+00
-2.184393927070625185e+00
-2.982033551687132356e+00
-2.846341641781579224e+00
-3.649989971830944757e+00
-2.481453709922678552e+00
-2.321859168185704370e+00
-1.802556313191857162e+00
-3.046376651434875349e+00
-3.400410303034695936e+00
-4.510197522875206033e+00
-2.834872458908367143e+00
-3.654726650141493671e+00
-2.656947272293550988e+00
-3.207675139723280555e+00
-1.131431945150316087e+00
2.026083360806949063e+00
-5.398672879609478947e+00
-3.183062798416370853e+00
4.379697162954379053e-01
-2.901788282864408153e+00
-2.185457361521485620e+00
2.825601161336918632e-01
-3.964872370272719770e+00
-2.360395473714103964e+00
2.014096825325188522e+00
