-8.397940008672037493e+00
-1.788734606758456636e+00
-5.744562714743256748e+00
-6.181799408431669640e+00
-2.953768733093986576e+00
-3.425467262628641985e-01
-6.300056813296406766e+00
-1.466065180031384418e+00
7.121040614323426166e-01
-7.214126124551962782e+00
-1.000000000000000000e+00
-7.294754055758344791e+00
-3.095238920059154353e+00
-1.354225737001479302e-01
-2.822479609881679785e+00
-3.936930365594805359e+00
-2.412061255380230307e+00
-4.724769860732536131e+00
-2.272961302131789818e+00
-1.627194377932994485e+00
-7.963105283784547517e+00
-2.232693171057686055e+00
-9.055584587225029125e+00
-4.420199173484427924e+00
-5.769343716908768016e-01
-5.327995093662376114e+00
-2.157389645216960972e+00
-3.154901959985743076e+00
-3.309636922960818239e+00
-6.553256215775167703e+00
-4.981051458362744988e+00
-2.000000000000000000e+00
-6.517541427512798080e+00
-2.994623494687656873e+00
9.988331333127271616e-01
-6.047622140737560770e+00
-3.561362731520810510e+00
-1.118995544204038461e+00
-5.653665686776927934e+00
-2.645473888329865186e+00
1.128749034222005454e+00
-7.980357064044334869e+00
-3.433536431697450375e+00
-1.244302883803748705e-01
-1.771714074569533448e+00
-3.563697156524406218e+00
-6.622220470293728845e+00
-2.354653538199395157e+00
-2.000000000000000000e+00
-7.888384264293796022e+00
-3.838410066948939381e+00
3.026030750471276898e-01
-5.542160685366884998e+00
-3.965446992470558651e+00
1.637176950862096358e+00
-7.537369458969545910e+00
-2.167342735013042088e+00
-9.709729334425887259e-01
-6.511903975426905689e+00
-4.451410028655184981e+00
7.968771658288587023e-01
-4.000000000000000000e+00
-2.158305875494292092e+00
-7.333552535216088408e+00
-3.708072617336253707e+00
-4.980205382631648803e+00
-4.304209262642644807e-01
-4.975638189651085952e+00
-2.679285807741113690e+00
-5.266246272991610411e+00
-5.215910024494706948e-02
-8.000000000000000000e+00
2.466717433730032938e-01
-7.040382009041853628e+00
0.000000000000000000e+00
-6.809725225212889477e+00
-1.021355596535215238e+00
-6.236112421869587585e+00
0.000000000000000000e+00
-4.435953185392588871e+00
-3.002886620602243539e+00
-2.939538302258057012e+00
-3.537968664197026936e+00
-5.690196149515636570e+00
-3.311390744686384391e+00
-3.108539558972599259e+00
-3.120927342094455437e+00
-5.690196149515636570e+00
-4.608335092122390897e+00
-4.643745696446964111e+00
-3.529020257468369781e+00
-2.476851198461000436e+00
-2.926437053348322603e+00
-3.646053778167027470e+00
-3.416814376418433774e+00
2.902149704592176249e+00
-3.784794132463124239e+00
-2.668160482339210215e+00
1.685178658438018395e+00
-6.036035856353466400e+00
-2.013805244890533253e+00
4.262476152886395253e-01
-2.782263539768317528e+00
-1.612289471292390974e+00
1.506295282723914664e+00
