-7.889131649059106799e+00
-4.071793651710978068e+00
-4.951166007055789464e+00
-5.218273824311870257e+00
-2.549561257580259976e+00
-1.285442082253442475e+00
-5.171635908166564377e+00
-3.242032930615625030e+00
-1.531908874591672021e+00
-6.229305317813701670e+00
-1.181050809976243787e+00
-6.197297856267947047e+00
-2.240563551782481788e+00
-1.517823905483758784e+00
-2.835512259710033511e+00
-2.252399963983893638e+00
-3.327873734804098316e+00
-5.080794778281266133e+00
-2.993812361428656921e+00
-4.866974411671703971e-02
-7.256942431956236561e+00
-2.949076510047092814e+00
-7.945972963469067452e+00
-4.121793100174810931e+00
1.154945891264400393e+00
-5.623394506848996777e+00
-1.745606140426486652e+00
-3.230040312551656800e+00
-4.358238945369421025e+00
-6.635697172672592181e+00
-1.963836376044991283e+00
2.000000000000000000e+00
-4.008761842059103131e+00
-2.067651529595488036e+00
-6.432828657339620948e-01
-5.826633316061342605e+00
-2.336075139945064105e+00
1.272630360915141812e-02
-8.000000000000000000e+00
-4.986778044388239906e+00
-9.983312324057290743e-01
-6.760360547252410868e+00
-3.751759679104307743e+00
-2.055408264551698838e-01
-1.076433904917790008e+00
-2.649713693628342970e+00
-6.046618465505652296e+00
-2.466126075153986630e+00
5.416485049019349463e-01
-7.688055428166458150e+00
-3.067783333928840506e+00
8.411428800278423212e-01
-7.836832273932355264e+00
-3.628165445672788536e+00
1.790455488339124823e+00
-5.370243217885099618e+00
-3.318819054572885729e+00
-1.144800090822257976e+00
-7.919950560605023782e+00
-3.855145083137909712e+00
1.225292697901355421e+00
-6.945426446037932244e+00
-1.677987596626520084e+00
-4.000000000000000000e+00
-2.935953077944980727e+00
-8.000000000000000000e+00
-2.162304818665695461e+00
-7.692591899166387748e+00
-2.105460388435263397e+00
-6.245605656425875729e+00
-3.158868850369245251e+00
-6.980924551034680015e+00
-1.786564934399000659e+00
-5.627657681454838468e+00
-1.144729038380442931e+00
-6.113786029332888283e+00
-2.704764005519197934e+00
-6.996676702429796890e+00
0.000000000000000000e+00
-5.887373360012422729e+00
-1.438744375128774067e+00
-4.565081939776784559e+00
-1.576431582276294430e+00
-3.934998901732210008e+00
-1.036354488362203341e+00
-3.517598764929114274e+00
-1.827370570289693852e+00
-3.944452555373013869e+00
-3.500703674856292746e+00
-4.189132656899700713e+00
-2.274757340400976435e+00
-2.835867761026867218e+00
-3.935634986206193453e+00
-5.498397206146335314e+00
-3.534047941193750653e+00
5.314304443139432621e-01
-3.479586671238652062e+00
-2.252390053766660571e+00
1.160990504724489281e+00
-5.860564168728980228e+00
-3.265019013337207898e+00
3.525568618734963300e-01
-4.749001186550348308e+00
-1.000000000000000000e+00
2.570138094892877589e-01
