-6.744722853388543271e+00
-3.052350946982841151e+00
-4.458701945586115656e+00
-6.700319326261072739e+00
-2.444820314875828071e+00
1.861225691361980017e+00
-6.138737298994202618e+00
-3.884437447748739114e+00
-1.898150586658978733e+00
-5.425631390145737143e+00
-3.731737556507856546e+00
-5.304398862057714936e+00
-3.023586520765133123e+00
-1.341661427726889011e-01
-3.036193131717636273e+00
-2.418457346942727515e+00
-2.844523341117255910e+00
-7.695351284789181179e+00
-2.679693868575621529e+00
4.557442260052097516e-01
-7.466388128289879411e+00
-2.796946833941342803e+00
-8.994720755609654006e+00
-2.917931324452909703e+00
-1.459883793293508258e-01
-6.301499150024727491e+00
-3.873173164964849757e+00
-4.291953445355516372e+00
-3.942356838541614117e+00
-7.042214175155869782e+00
-4.897852951221434381e+00
-8.480137413684432079e-01
-5.875971679791178737e+00
-4.033478385623982199e+00
-1.040445741252352674e+00
-5.360518269374387579e+00
-2.122326394310663833e+00
2.037533260229192761e-02
-4.933438533568754281e+00
-2.745635759446390267e+00
-4.670692238530860796e-01
-6.704611610298995217e+00
-3.892414862170524792e+00
-1.237354427352624464e+00
-1.754299310603846029e+00
-2.890771008125983865e+00
-5.104287414299695236e+00
-4.513098506408550037e+00
2.079597850682626814e-01
-6.196780617519765499e+00
-2.213121233623223549e+00
-5.524605760325347337e-01
-7.148175395659918330e+00
-2.489409235134248277e+00
1.159717903157523766e+00
-7.292512534415905634e+00
-2.246714348597923738e+00
3.431626374165022697e-01
-8.632248966757501307e+00
-2.948244583093814875e+00
6.403264188258930845e-02
-6.535726172982743165e+00
-1.195019781050643326e+00
-4.000000000000000000e+00
-3.473442212085186220e+00
-6.831716949123421756e+00
-2.870728958478650394e+00
-4.909771289164087449e+00
-4.637949652617105456e-01
-5.506987046739978631e+00
-2.539365326543347567e+00
-5.366789911207955122e+00
-1.821594746084847172e+00
-6.709609067031029994e+00
-2.112989239554290410e+00
-5.747516006555688506e+00
-1.013358415223908571e+00
-7.117633002571540857e+00
-3.121485998708027232e+00
-5.873844187121092020e+00
-9.138466949900331260e-01
-4.174826815522542311e+00
-3.779598279642886638e+00
-2.626133647936097049e+00
-2.748291864312790267e+00
-3.581063807251866571e+00
-3.638680815707199034e+00
-4.626264749568238521e+00
-3.706492237467101880e+00
-4.926034217822507166e+00
-2.946298628110550322e+00
-3.311838405952433284e+00
-2.861224081851336809e+00
-4.615155974686044438e+00
-2.243533051290992120e+00
6.702290768345345873e-01
-5.241656376536286466e+00
-3.561337733606597666e+00
7.987613295924931300e-01
-3.324844047493097587e+00
-2.948360225057592210e+00
1.891661043621236216e+00
-5.609757217865788625e+00
-2.416031701258098519e+00
1.030700597575262556e+00
