-6.892521897529273467e+00
-3.316348691308191654e+00
-4.496186985740783904e+00
-6.709821771193029250e+00
-3.744330986065400158e+00
3.679827267693424053e-01
-6.008126723607754904e+00
-3.674207256441653247e+00
-8.929905159480645560e-01
-7.999662259565892164e+00
-2.769905834534094335e+00
-5.563037235191478302e+00
-3.368742336227018352e+00
-1.823157787638935323e+00
-4.000000000000000000e+00
-1.246038887551369712e+00
-1.197684774339516478e+00
-5.909527189061436481e+00
-3.241398228600605780e+00
-1.131129450218418153e+00
-5.911502539360624198e+00
-1.629044637876910784e+00
-7.871056400383340979e+00
-5.000000000000000000e+00
-3.039701719873696417e-01
-7.194946722135732387e+00
-1.620748712730783581e+00
-5.323315459918690706e+00
-3.334011974662554945e+00
-6.895172747120842160e+00
-3.171559723658786467e+00
-7.364206857092420178e-01
-6.087247329164870102e+00
-4.009487778956588144e+00
-8.840386355950438091e-01
-4.957869479841454208e+00
-2.381630783802895834e+00
8.218597051243170526e-01
-4.715529175442060961e+00
-3.970371537373855730e+00
-1.393973128472767442e+00
-7.876008223366681271e+00
-4.400113221094177796e+00
-1.929363508689472262e+00
-7.676482373326593001e-01
-2.826530239539666756e+00
-5.538699408431976501e+00
-4.360556506887568240e+00
1.352207882547831197e+00
-7.395471306190454897e+00
-2.915681481152140542e+00
2.000000000000000000e+00
-8.927102537687334305e+00
-2.496670510785674146e+00
-1.370133926454564222e+00
-5.965896292403674472e+00
-2.120970221877747974e+00
-2.000000000000000000e+00
-7.341682345069441951e+00
-1.690367580910478340e+00
6.978877078790322042e-01
-7.685588908264721297e+00
-3.180456064458131227e+00
-5.934062539295836380e+00
-2.971728617936029160e+00
-6.336814453040410022e+00
-2.614631892934230262e+00
-6.573024993273062222e+00
-2.461298629701035523e+00
-4.000000000000000000e+00
-2.615317143164147318e+00
-7.126480859272232848e+00
-2.769736294108958052e+00
-6.781291597693430262e+00
-2.973106291058701611e+00
-6.131006126031063985e+00
-9.434491029282667807e-01
-5.732879233720073131e+00
-1.388628163054191900e+00
-5.467527188010423700e+00
-1.775097451009583382e+00
-4.721599457833564273e+00
-3.908013433307401030e+00
-3.733493794585925230e+00
-3.727019434111325413e+00
-3.972786781272950041e+00
-2.667285127853735283e+00
-3.252853601805707928e+00
-2.531258395432689046e+00
-5.250154139705065504e+00
-4.058954290811642274e+00
-3.184519344451210987e+00
-3.102325425305647144e+00
-3.655923184978777662e+00
-2.369039327243021908e+00
-1.897102438303821248e-01
-4.994460270804665925e+00
-3.152699856191335748e+00
6.046856191982570294e-01
-5.958815816254739772e+00
-2.075513925294094619e+00
-1.000000000000000000e+00
-5.959378759662925518e+00
-2.969401782726027950e+00
1.031531646607374508e+00
