-6.255301661968237781e+00
-3.242770201128637009e+00
-5.567405853046294872e+00
-7.235324143763504523e+00
-3.251091873429757584e+00
-8.278347048962662047e-01
-5.266614010158042980e+00
-2.850999806945499149e+00
2.614939472404313736e-03
-6.196426435263044930e+00
-3.528135594316482937e+00
-6.764120397677178431e+00
-1.648285709714070846e+00
-2.177263417920389799e-01
-3.180352477325152805e+00
-1.568211535586296890e+00
-4.000000000000000000e+00
-7.481113465183463873e+00
-2.412770701665961859e+00
-3.552878643467493464e-02
-6.338564651648023407e+00
-4.716420251921756623e+00
-8.065349658667049226e+00
-3.528009985400020199e+00
-6.827215154072401315e-01
-6.171243919487655383e+00
-1.364936588255415639e+00
-4.994447396711785281e+00
-2.507880811245162267e+00
-5.854900839745415198e+00
-2.856708960773819861e+00
3.863905321588319564e-01
-6.221123402947165815e+00
-5.000000000000000000e+00
-8.331199110541261943e-01
-5.743938897092347950e+00
-2.832596638416958079e+00
3.232478068537064098e-01
-5.218551803196375793e+00
-3.094939457376031822e+00
9.701469248925518318e-01
-8.988805640820872966e+00
-2.739386770894729484e+00
3.169204575529349088e-01
-7.836805336360420648e-01
-3.829179208966291270e+00
-6.776264476225605904e+00
-2.636918706565216652e+00
-3.764119629038132908e-01
-8.294657651278622978e+00
-3.270324372490629905e+00
2.981714159733365177e-01
-7.904537186554710715e+00
-2.606565445779314150e+00
4.404862952460847914e-01
-5.840817498528550367e+00
-3.510900871565395764e+00
-5.902061991085199022e-01
-6.059746124604423301e+00
-3.011861311252802320e+00
-1.410627096141080505e+00
-6.145106667975566594e+00
-1.944233116944992013e+00
-6.953815764093406848e+00
-2.862952305711221612e+00
-5.894603542787280936e+00
-2.360338752798933015e+00
-5.440018359770689926e+00
-3.416442635850800436e+00
-6.110810685631670403e+00
-1.529312986688387666e+00
-6.627572837500856018e+00
-2.173350691336774609e+00
-4.969113264416685993e+00
-3.120189403238888826e+00
-5.921313251601547201e+00
-2.751962974760922442e+00
-6.670271131656909880e+00
-2.188437601880135031e+00
-6.433754906052837619e+00
-2.663444306566013609e+00
-4.540621331380561898e+00
-1.353195869287329156e+00
-3.781110422946004856e+00
-3.831942415446363270e+00
-2.765641090332760843e+00
-1.589874809113755560e+00
-3.211787469688180519e+00
-4.369782328397639581e+00
-3.981173248009208798e+00
-2.480683317509435160e+00
-2.872669339461534133e+00
-3.100084024575147090e+00
-3.402455679360513852e+00
-2.754716258836387599e+00
5.734290024929730167e-01
-4.274903820896643225e+00
-2.774989786657802604e+00
3.681053588571526758e-01
-3.980632436198818347e+00
-3.084988283747578386e+00
1.278736350654659848e+00
-6.077415158247617022e+00
-3.339353959639847158e+00
1.253765001278852154e+00
