-5.774580133066942622e+00
-3.032792584286903015e+00
-6.021222141765909974e+00
-5.402152521856221412e+00
-3.957869309603881280e+00
7.064031708216215177e-01
-5.508015563665140668e+00
-1.909123478660350592e+00
6.520644671428434958e-01
-4.009987246147876050e+00
-4.343904536647094972e+00
-6.619860604482716404e+00
-2.192577172018370213e+00
-1.238395955432187501e+00
-4.000000000000000000e+00
-3.471023867863151757e+00
-1.170894889929837701e+00
-7.474215591194870889e+00
-4.641359970341274455e+00
1.090256576108162623e+00
-6.850160758631181679e+00
-1.391891755586581292e+00
-8.106487345374651099e+00
-4.931109881704397679e+00
1.707747486131019898e-03
-5.349175280687998857e+00
-3.857351082008178889e+00
-4.718870631380679193e+00
-3.826703700094728600e+00
-5.531560980320565868e+00
-4.915714456218162276e+00
1.227293377767652682e+00
-5.107684474910785255e+00
-3.881391772327009715e+00
-1.586283533904568221e+00
-5.809197073312612147e+00
-1.517755590874378946e+00
8.733792728274045736e-01
-5.435132948838030664e+00
-3.165375757033528803e+00
-3.170083829743833292e-01
-8.169482610476554996e+00
-3.903653827523029918e+00
-2.488180428362148644e-01
-6.765134512701308500e-01
-4.870540531146476226e+00
-7.060885212842737957e+00
-2.412034919324446136e+00
3.125544120403770387e-01
-7.526447880725430473e+00
-3.230714068549056961e+00
1.393670676890747195e+00
-6.795156346517249091e+00
-1.545846715880422328e+00
-3.683210667078891110e-01
-6.205778971277456257e+00
-3.068115786598027750e+00
-1.063678235536314354e+00
-7.537827612131937194e+00
-4.073192981599520479e+00
2.623883721747934938e-01
-4.000000000000000000e+00
-8.982705128219816704e-01
-6.258557197677355965e+00
-2.693767129108728398e+00
-5.796814835138146549e+00
-1.043855727330020633e+00
-5.908462914968553470e+00
-2.596608980071393180e+00
-5.903823863237932734e+00
-8.827855535748914129e-01
-7.927827693184684499e+00
-2.031725296762020072e+00
-7.284160294928927470e+00
-2.349516806742478980e+00
-6.161254956934370419e+00
-1.816291698553830880e+00
-6.554162049187388206e+00
-3.173040519908670198e+00
-7.022111312569334629e+00
-1.947896181723251186e+00
-4.757385514705596563e+00
-4.683741158356169443e+00
-4.056003030142338872e+00
-3.800196949412668168e+00
-2.397349058831538038e+00
-2.753439248892598279e+00
-3.520633012720081112e+00
-2.175648334262582750e+00
-2.608719854640694003e+00
-3.420665139228868945e+00
-4.925353293229214557e+00
-4.143893291357465536e+00
-4.930902891808916166e+00
-3.007751409293090372e+00
3.697175849712790452e-01
-5.303803770379190929e+00
-4.072933818081970081e+00
1.117937765257180915e+00
-2.661298035274351381e+00
-3.781626269963322073e+00
-3.344413080535659222e-01
-4.532233625351442363e+00
-2.467527251588996773e+00
1.105565382797661034e+00
