-7.399058870288808265e+00
-3.499416210068804656e+00
-4.164065416168537759e+00
-6.439716466647850801e+00
-3.708666167296524208e+00
3.199343215271750057e-02
-5.028951281939512796e+00
-3.000004824099467449e+00
-2.000000000000000000e+00
-6.449806384287295913e+00
-2.439696532682060326e+00
-5.256651627568451168e+00
-3.386969404293454833e+00
-4.242758729098926040e-01
-2.576777791000547602e+00
-2.023421186655447013e+00
-1.385551269436665178e+00
-5.685784175563384224e+00
-1.000000000000000000e+00
-8.979377655854823281e-01
-6.812513545720208619e+00
-1.611215323903176566e+00
-1.030102999566398125e+01
-3.493574316623316633e+00
-2.000000000000000000e+00
-5.451103889582335604e+00
-2.618196079870481974e+00
-4.185259849131398369e+00
-5.000000000000000000e+00
-5.491918998290257647e+00
-4.576672724960812566e+00
-1.438199240570345427e+00
-4.472364842827828646e+00
-2.759297995100994161e+00
-1.245535802046120910e+00
-5.823453976006395472e+00
-2.932936346954251317e+00
-8.180388733104256849e-01
-6.507294881160841094e+00
-3.695291367675194394e+00
-3.037395498226714841e-01
-7.248754922506138954e+00
-2.738404367017344576e+00
-1.847992110281133638e-01
-1.456962531907472824e+00
-4.403957098858404251e+00
-8.916998406352593776e+00
-1.499213175087606320e+00
8.617196217212443887e-01
-9.000000000000000000e+00
-3.376927426560293100e+00
-2.051560907847560788e-01
-7.275365231295070068e+00
-3.185202898747070410e+00
6.539514809195033918e-01
-6.369878299949760958e+00
-2.032794148644859966e+00
7.956272097424357259e-01
-5.000039292723414519e+00
-2.374334058789246971e+00
-2.000000000000000000e+00
-4.014199171909490715e+00
-1.922088120470974104e+00
-4.978278372075072511e+00
-2.099551458902390699e+00
-6.197828941515536094e+00
-3.562944014488882982e-01
-6.448350827400490815e+00
-1.243610999883999479e+00
-4.118952461033979162e+00
-3.505697399128011593e+00
-4.570928450061047421e+00
-1.879615517176845163e+00
-5.626951469784237325e+00
-9.390109533249946239e-01
-5.397265143812247423e+00
4.139268515822491779e-02
-5.468925433042049811e+00
-2.078082615650780784e+00
-7.746643196600642156e+00
-9.533593571162211067e-01
-4.406415589821353507e+00
-1.908050448269982491e+00
-2.586550652717357401e+00
-4.281999158482403978e+00
-3.331616581654221587e+00
-4.126606735016060234e+00
-5.690196149515636570e+00
-2.055458418596618930e+00
-4.267117115229869029e+00
-2.687098141352902037e+00
-5.690196149515636570e+00
-2.581445653365744164e+00
-3.981441391053289980e+00
-4.285269479193464903e+00
2.829059586261613912e+00
-3.526488569072057100e+00
-1.759934713805825446e+00
-3.206110826909160383e-01
-4.432973017890435408e+00
-2.689380780522560244e+00
1.819224380655093176e+00
-3.141746264781137388e+00
-1.000000000000000000e+00
1.111930161725299460e+00
