6.227130830130429473e+01
5.780792604640977572e+01
5.218531992382592222e+01
3.740581373322157077e+01
3.070248097344383353e+01
2.771320825780365027e+01
2.632287901868346580e+01
2.566182907609979580e+01
2.534105635845807925e+01
2.517810673015267042e+01
2.434522229089828826e+01
2.434522229089828826e+01
2.288904078699348688e+01
2.279595613147184707e+01
2.279595613147184707e+01
2.279595613147184707e+01
1.901806347490369831e+01
1.845473614100335169e+01
1.845473614100335169e+01
1.845473614100335169e+01
1.845473614100335169e+01
1.834976728147639236e+01
1.821180515096476782e+01
1.752138281570629630e+01
1.659756019634193436e+01
1.561462860475462300e+01
1.438876865524644799e+01
1.361167040577190512e+01
1.312319728303509336e+01
1.146015729272562744e+01
9.934959160884400120e+00
8.734052006677170965e+00
7.997816160107474204e+00
6.903668156781508358e+00
5.855713825395100436e+00
4.916710009472042842e+00
4.360359639904443974e+00
3.776398697722176845e+00
3.451237960383967351e+00
3.157929104242862994e+00
2.919988401991074234e+00
2.832668729764735716e+00
2.816155432767250222e+00
2.666648198903969202e+00
2.560384854417941725e+00
2.456265933853189587e+00
2.338573111143087413e+00
2.247801380249519809e+00
2.149926346458711279e+00
2.059563288101070810e+00
1.937658263752090271e+00
1.884951338210755445e+00
1.846180221642550467e+00
1.762040411627260772e+00
1.759371205683697426e+00
1.694360230416855240e+00
1.676588833919384181e+00
1.662668198008381504e+00
1.662514217726628107e+00
1.662514217726628107e+00
1.634378453947828547e+00
1.634378453947828547e+00
1.620359256385862867e+00
1.573364141293331908e+00
1.551520276745595561e+00
1.545112922835394365e+00
1.514770492182835993e+00
1.486316565602699313e+00
1.474570858883024194e+00
1.452310444314588223e+00
1.440176945276163911e+00
1.428703745062426478e+00
1.428703745062426478e+00
1.428703745062426478e+00
1.417143956232728819e+00
1.407003084395988868e+00
1.401574765407440637e+00
1.394550703378797607e+00
1.387165186250680637e+00
1.387096852347361464e+00
1.380662492573882405e+00
1.380662492573882405e+00
1.367150414235699385e+00
1.352288149669031325e+00
1.351195789944746650e+00
1.340911152871161471e+00
1.340911152871161471e+00
1.340911152871161471e+00
1.307575317259567216e+00
1.301546126566964778e+00
1.284863559842257530e+00
1.273074552427265527e+00
1.273074552427265527e+00
1.273074552427265527e+00
1.273074552427265527e+00
1.273074552427265527e+00
1.273074552427265527e+00
1.273074552427265527e+00
1.255626385770805431e+00
1.244519185245924531e+00
1.244519185245924531e+00
1.240296018045892845e+00
1.240296018045892845e+00
1.227703549388003079e+00
1.217329432184506732e+00
1.194071194157898086e+00
1.175716108005569804e+00
1.170086904864187538e+00
1.170086904864187538e+00
1.163069568825183975e+00
1.159090274542985188e+00
1.159090274542985188e+00
1.159090274542985188e+00
1.159090274542985188e+00
1.159090274542985188e+00
1.156119343934114863e+00
1.156119343934114863e+00
1.153742307101496944e+00
1.147307018487999208e+00
1.144057727625430010e+00
1.144057727625430010e+00
1.140339004101894815e+00
1.139682155281772635e+00
1.139682155281772635e+00
1.139682155281772635e+00
1.129327887502390215e+00
1.129327887502390215e+00
1.129327887502390215e+00
1.120204331188493052e+00
1.120204331188493052e+00
1.116238416320050053e+00
1.116238416320050053e+00
1.108115686113835707e+00
1.108115686113835707e+00
1.099879265430999231e+00
1.099879265430999231e+00
1.099879265430999231e+00
1.099879265430999231e+00
1.097980168186214467e+00
1.097980168186214467e+00
1.096577558797461549e+00
1.096577558797461549e+00
1.096484655868597002e+00
1.095098435568057305e+00
1.091390829555589859e+00
1.088808662467999344e+00
1.088808662467999344e+00
1.088808662467999344e+00
1.087588494695659325e+00
1.087588494695659325e+00
1.086300852742378087e+00
1.086300852742378087e+00
1.083064502097377257e+00
1.080528371080195615e+00
1.080053071055495639e+00
1.074556563292434097e+00
1.074348838840895493e+00
1.062819939160959848e+00
1.062819939160959848e+00
1.054543850195911237e+00
1.051974496223528011e+00
1.046442556867048346e+00
1.033448477848060820e+00
1.019966117523769977e+00
1.019966117523769977e+00
1.011142937692942390e+00
1.011142937692942390e+00
1.005024965841543994e+00
1.004786834017263653e+00
1.004786834017263653e+00
1.004786834017263653e+00
1.001600545050358004e+00
1.001600545050358004e+00
9.953326253770984344e-01
9.906791588690863071e-01
9.875843418405738650e-01
9.871582552054196658e-01
9.840334383850503075e-01
9.758644163754399692e-01
9.758644163754399692e-01
9.728891295315670318e-01
9.671632933315816860e-01
9.671632933315816860e-01
9.640857833452802783e-01
9.546941847555983074e-01
9.491386002765433982e-01
9.460061414912136479e-01
9.391168960018188017e-01
9.270354293797089529e-01
9.204254155390532155e-01
9.044062724005141884e-01
9.028230088761178829e-01
8.964379590689226518e-01
8.604372322436565357e-01
8.135188316030603772e-01
7.887166624671416715e-01
7.757893979689771680e-01
7.686995968619645403e-01
7.519333914764627647e-01
7.207395400758960236e-01
