2.524084112600066419e+03
2.295477539991226877e+03
2.172962397626865823e+03
2.105346432225155240e+03
2.068091121380744426e+03
2.047863609793708520e+03
6.945606464874676931e+02
6.945606464874676931e+02
6.945606464874676931e+02
6.945606464874676931e+02
6.945606464874676931e+02
6.945606464874676931e+02
5.863067219647575712e+02
5.140129690858827871e+02
4.834834206939515298e+02
4.209611261224354735e+02
3.985161568523276969e+02
3.985161568523276969e+02
3.898354310046364617e+02
3.192968563487727351e+02
2.367645692723920092e+02
1.979609405819953736e+02
1.775047909623496594e+02
1.658078544824006997e+02
1.548694325203610163e+02
1.335575500905219428e+02
1.212573514041851439e+02
8.587366555550863723e+01
5.824017327633062990e+01
4.269921662347766755e+01
3.349961803679939010e+01
2.518757144784261470e+01
1.939754187595769963e+01
1.634657791860253084e+01
1.351603135023814062e+01
1.172192754387200964e+01
9.046237402035162134e+00
7.615428985069298662e+00
6.432536276615689275e+00
5.153010970383853362e+00
4.334623772312278689e+00
3.775869260974373809e+00
3.272456951071661457e+00
3.089084655727758033e+00
2.703874794174431884e+00
2.532041577793882059e+00
2.384119751035517432e+00
2.384119751035517432e+00
2.327609187107216648e+00
2.169526133707648796e+00
2.100557299247896470e+00
2.063748908167358564e+00
1.967668951275885814e+00
1.932558320111656958e+00
1.913847686303167484e+00
1.881909612880691807e+00
1.849907075775512499e+00
1.831074482170539586e+00
1.807755629487558746e+00
1.806688198997444372e+00
1.806219028947205096e+00
1.797954593527058886e+00
1.784400590340532222e+00
1.784400590340532222e+00
1.779110480159773022e+00
1.779110480159773022e+00
1.779110480159773022e+00
1.776942135151251101e+00
1.776942135151251101e+00
1.763261906754884922e+00
1.763261906754884922e+00
1.763261906754884922e+00
1.756592962845139994e+00
1.750981091497277431e+00
1.747466772920550859e+00
1.742730354394963266e+00
1.742730354394963266e+00
1.734630402453304798e+00
1.726779879750627966e+00
1.711839645117344322e+00
1.697786296000021844e+00
1.691057232066389471e+00
1.679332934855660264e+00
1.670703900556019805e+00
1.665857000864876758e+00
1.663944174378371388e+00
1.660168705645341580e+00
1.653781931740606836e+00
1.651185055124702039e+00
1.649434999179603345e+00
1.637515703883097640e+00
1.626494381025260560e+00
1.613498143731669998e+00
1.613498143731669998e+00
1.605881854236437700e+00
1.593918788962169764e+00
1.590889851402421007e+00
1.572167697431441802e+00
1.554680482318819612e+00
1.545655567761275995e+00
1.538282049896696480e+00
1.535873803313196895e+00
1.514221505137468782e+00
1.509326962791908811e+00
1.504735402040874082e+00
1.482593239140884256e+00
1.473141772898778790e+00
1.452147869118166179e+00
1.439941404290403515e+00
1.428318377707323839e+00
1.403003456766406254e+00
1.390296413945055987e+00
1.345493770690113999e+00
1.344829621103037942e+00
1.317287696239309636e+00
1.299627367158535662e+00
1.282760206965875671e+00
1.272639487357846377e+00
1.267000936328749994e+00
1.233470677604492360e+00
1.215099651457408392e+00
1.193514171884198838e+00
1.176652674525096476e+00
1.147597570335038952e+00
1.132396901799432642e+00
1.119098696877195875e+00
1.111077854189878034e+00
1.108848369848720594e+00
1.102737651054364942e+00
1.102737651054364942e+00
1.098743067567102605e+00
1.098743067567102605e+00
1.098743067567102605e+00
1.095940996659040323e+00
1.095488806621753408e+00
1.086469573552939938e+00
1.084668445080774424e+00
1.084186953900229788e+00
1.084186953900229788e+00
1.075752899990260136e+00
1.075752899990260136e+00
1.061892937566772499e+00
1.061892937566772499e+00
1.061207710329000520e+00
1.029198953130814775e+00
1.029198953130814775e+00
1.008769847036693257e+00
9.918028609459943468e-01
9.918028609459943468e-01
9.829117199559558316e-01
9.716694020423066736e-01
9.603669573165464213e-01
9.540901276622708593e-01
9.540901276622708593e-01
9.364866941845767512e-01
9.364866941845767512e-01
9.285026168349301834e-01
9.230900181924996950e-01
9.156820903179944127e-01
9.156820903179944127e-01
9.121135928345753818e-01
9.116571393763304165e-01
9.116571393763304165e-01
9.116571393763304165e-01
9.116571393763304165e-01
9.116571393763304165e-01
9.103754217626576217e-01
9.103754217626576217e-01
9.072490221980189506e-01
9.072490221980189506e-01
9.014518179132722242e-01
9.014518179132722242e-01
8.989761043226480730e-01
8.989761043226480730e-01
8.989761043226480730e-01
8.989761043226480730e-01
8.989761043226480730e-01
8.948540186735095547e-01
8.948540186735095547e-01
8.893711930608722005e-01
8.893711930608722005e-01
8.837351481396018560e-01
8.722152892619474684e-01
8.698467208691711416e-01
8.698467208691711416e-01
8.667353294149433562e-01
8.519242524659754734e-01
8.519242524659754734e-01
8.519242524659754734e-01
8.420480587306788944e-01
8.251512687387069223e-01
8.146240904541172112e-01
8.130609092887511880e-01
8.096498353546295323e-01
8.068006095761709462e-01
8.063718799230530365e-01
8.063718799230530365e-01
7.998078793279415066e-01
7.998078793279415066e-01
7.998078793279415066e-01
