2.016302945246411227e+01
1.900142524845784209e+01
1.804252322642476614e+01
1.535959697630865328e+01
1.262678238735291103e+01
1.262678238735291103e+01
1.212297618507929187e+01
1.212297618507929187e+01
1.180075768573978401e+01
1.107528715714782663e+01
1.081896466454827532e+01
1.076034668250760262e+01
1.076034668250760262e+01
1.059844222818988868e+01
1.048599662539500876e+01
1.041495118419892307e+01
1.036902323614409838e+01
1.033868641747111461e+01
1.031824999749699501e+01
1.030424277204685168e+01
1.029451356120186745e+01
1.028766719294524101e+01
1.028281349370335995e+01
1.027934749690683347e+01
1.027684790164638429e+01
9.454760024699194076e+00
9.413845524966255596e+00
9.413845524966255596e+00
9.413845524966255596e+00
9.413845524966255596e+00
9.320344564542642374e+00
9.254865906363111350e+00
8.754383698706092787e+00
8.446854186141683485e+00
7.958686017160093940e+00
7.632937199253294835e+00
7.161715217146040757e+00
6.548931345565006445e+00
5.875644028603051794e+00
5.450535344591797227e+00
5.107246323088310724e+00
4.782583691468266451e+00
4.143544992017061723e+00
3.688956553620753809e+00
3.329003717701744858e+00
3.215521736057938007e+00
3.040201639586252558e+00
2.947460864271155501e+00
2.811809928492515098e+00
2.667419625510833558e+00
2.587786535093616891e+00
2.534009675935394945e+00
2.497342887015450152e+00
2.392963827790580034e+00
2.340639971390036767e+00
2.293407803834678127e+00
2.246053184188959495e+00
2.190818186174111837e+00
2.121518569303223245e+00
2.077917033708203132e+00
2.013393358974590264e+00
1.944640651723788416e+00
1.944640651723788416e+00
1.890417410588028702e+00
1.849224186353244370e+00
1.848380083114831152e+00
1.765846933617026160e+00
1.754563809884876147e+00
1.678274897645710251e+00
1.634693605366612790e+00
1.546055961986169125e+00
1.505180655236330045e+00
1.494405788604720176e+00
1.494405788604720176e+00
1.459871628500033935e+00
1.442399244771940703e+00
1.386020529400849632e+00
1.356788455499389423e+00
1.334661025910107490e+00
1.304730180285774033e+00
1.304730180285774033e+00
1.304730180285774033e+00
1.299050226751573112e+00
1.299050226751573112e+00
1.276489029798875130e+00
1.264703498059417619e+00
1.264703498059417619e+00
1.250632907146125516e+00
1.250632907146125516e+00
1.250074550080688685e+00
1.243064998812356770e+00
1.229942441820273791e+00
1.166567353265159923e+00
1.129822392144601784e+00
1.108136517040698266e+00
1.075674011065959945e+00
1.052282175432458056e+00
1.012355147572615133e+00
9.811552892831557626e-01
9.667943398453652248e-01
9.621397381192245968e-01
9.561894058136307661e-01
9.561894058136307661e-01
9.536447795289548779e-01
9.500522625538702082e-01
9.423305796252530175e-01
9.410407638121389695e-01
9.401688979000231150e-01
9.401688979000231150e-01
9.367535045643551328e-01
9.367535045643551328e-01
9.367535045643551328e-01
9.367535045643551328e-01
9.328390183043833161e-01
9.328390183043833161e-01
9.249164690282556389e-01
9.142996741144082673e-01
9.082061075223774038e-01
9.062752509799082423e-01
8.973171859022291974e-01
8.900271179375860431e-01
8.900271179375860431e-01
8.900271179375860431e-01
8.886996023680813206e-01
8.803015904006833425e-01
8.685692840021080885e-01
8.630344187581490134e-01
8.608083868077297529e-01
8.602331438293149279e-01
8.417121264612463793e-01
8.350263216270727984e-01
8.243242583927871125e-01
8.156533126553485724e-01
8.071060499300645175e-01
7.907682370351288847e-01
7.871401463607855531e-01
7.871401463607855531e-01
7.871401463607855531e-01
7.871401463607855531e-01
7.871401463607855531e-01
7.871401463607855531e-01
7.780880676053787415e-01
7.666518380021754009e-01
7.640115437713169699e-01
7.635956476748864130e-01
7.582010453192140620e-01
7.582010453192140620e-01
7.582010453192140620e-01
7.582010453192140620e-01
7.582010453192140620e-01
7.582010453192140620e-01
7.582010453192140620e-01
7.582010453192140620e-01
7.581941573515472710e-01
7.581941573515472710e-01
7.581941573515472710e-01
7.581941573515472710e-01
7.581941573515472710e-01
7.562337877068689984e-01
7.562337877068689984e-01
7.550946678048021665e-01
7.527968815207298769e-01
7.508036451142438006e-01
7.470711203149316137e-01
7.470711203149316137e-01
7.417871691725893557e-01
7.385970781047946909e-01
7.341052618333387958e-01
7.300259416834723458e-01
7.265303359749545331e-01
7.265303359749545331e-01
7.189887952175001429e-01
7.189887952175001429e-01
7.189887952175001429e-01
7.179802769544317842e-01
7.155999975888579501e-01
7.112001802156430186e-01
7.035143245766869446e-01
6.979465265840776311e-01
6.901126128844632390e-01
6.840198608177175954e-01
6.733281588333375201e-01
6.655257381916799275e-01
6.509766316803414776e-01
6.369347544452395038e-01
6.218918049902838474e-01
6.040927661704821316e-01
5.782344176646381229e-01
5.583111256176116477e-01
5.253443663833931021e-01
4.975387861208467877e-01
4.777450181893725389e-01
4.527332732879244537e-01
4.344864390726677073e-01
4.126502536243995545e-01
3.871830672408047569e-01
3.654587659881829986e-01
3.587860114822847279e-01
3.294809100957317161e-01
3.089597948430535257e-01
