3.252738778341063153e+01
3.252738778341063153e+01
3.149695569211127122e+01
2.970898394986782520e+01
2.852200993238619375e+01
2.772997143580492008e+01
2.719572002740723349e+01
2.683068375189489529e+01
2.657813387092408064e+01
2.493424834259721479e+01
2.026413957374625241e+01
1.837010798338287643e+01
1.773631920164702436e+01
1.544453322586192456e+01
1.027040053062674119e+01
9.205199094109781655e+00
9.205199094109781655e+00
9.205199094109781655e+00
9.205199094109781655e+00
9.152502307200450105e+00
9.152502307200450105e+00
9.152502307200450105e+00
9.152502307200450105e+00
9.152502307200450105e+00
9.152502307200450105e+00
9.131799134845561383e+00
7.332210569379192577e+00
6.465112301791197780e+00
6.465112301791197780e+00
6.465112301791197780e+00
6.361618386052995788e+00
5.783421901284100386e+00
5.661474132109209023e+00
5.138315542105361899e+00
4.697147931952814659e+00
4.299736630912436297e+00
3.845802307164085221e+00
3.463088555935781354e+00
3.138090955088371103e+00
3.031249242084675721e+00
2.992230050862048074e+00
2.944696999219056366e+00
2.733691103146845158e+00
2.607554066353368505e+00
2.533987707139495615e+00
2.372483005415374713e+00
2.276483279670106441e+00
2.216459058423251527e+00
2.188184168436263288e+00
2.140520229869788515e+00
2.140520229869788515e+00
2.140520229869788515e+00
2.133125423958074141e+00
2.133125423958074141e+00
2.133125423958074141e+00
2.133125423958074141e+00
2.065629904161804919e+00
2.006716262601892620e+00
1.985410088716594856e+00
1.940551184557989473e+00
1.932786391040512530e+00
1.907730251005425703e+00
1.884664426547093541e+00
1.884664426547093541e+00
1.884664426547093541e+00
1.884664426547093541e+00
1.884664426547093541e+00
1.884664426547093541e+00
1.884664426547093541e+00
1.882807935569242197e+00
1.865705269776316122e+00
1.856837147228198148e+00
1.852790135461952037e+00
1.851450554681711491e+00
1.851361206181176389e+00
1.851361206181176389e+00
1.851361206181176389e+00
1.851040234732171719e+00
1.844380122133796096e+00
1.839090260829304491e+00
1.839090260829304491e+00
1.839090260829304491e+00
1.839090260829304491e+00
1.838484717884877107e+00
1.838484717884877107e+00
1.827488226929372184e+00
1.823690892427676236e+00
1.814853000153410001e+00
1.814853000153410001e+00
1.814853000153410001e+00
1.814853000153410001e+00
1.814853000153410001e+00
1.811482147597472725e+00
1.805825486551324133e+00
1.805825486551324133e+00
1.805825486551324133e+00
1.805825486551324133e+00
1.805825486551324133e+00
1.798239196175289489e+00
1.798239196175289489e+00
1.798239196175289489e+00
1.798239196175289489e+00
1.797282738392619317e+00
1.797282738392619317e+00
1.795999560171138265e+00
1.795999560171138265e+00
1.795999560171138265e+00
1.794892155998273120e+00
1.788342936062687905e+00
1.779810590684416827e+00
1.775898761633428968e+00
1.775898761633428968e+00
1.775898761633428968e+00
1.774383274677739930e+00
1.774383274677739930e+00
1.762866364614178449e+00
1.760961368876792221e+00
1.751814597375823901e+00
1.751814597375823901e+00
1.751814597375823901e+00
1.751814597375823901e+00
1.751814597375823901e+00
1.748492063253527018e+00
1.748492063253527018e+00
1.748492063253527018e+00
1.748492063253527018e+00
1.748492063253527018e+00
1.737492329385217360e+00
1.737492329385217360e+00
1.737492329385217360e+00
1.737492329385217360e+00
1.737492329385217360e+00
1.737492329385217360e+00
1.737368883944652387e+00
1.736190492777237582e+00
1.736190492777237582e+00
1.736190492777237582e+00
1.736190492777237582e+00
1.736190492777237582e+00
1.736190492777237582e+00
1.735654084290125354e+00
1.717539954539815783e+00
1.717539954539815783e+00
1.714441793820592252e+00
1.714441793820592252e+00
1.709170089504391310e+00
1.709170089504391310e+00
1.709170089504391310e+00
1.702087287141151650e+00
1.681113233603687807e+00
1.675894770549975821e+00
1.675894770549975821e+00
1.669139289666055515e+00
1.669139289666055515e+00
1.669139289666055515e+00
1.658835091687317576e+00
1.653678442307475294e+00
1.649443139172946493e+00
1.649443139172946493e+00
1.648751714009756730e+00
1.645082283555595382e+00
1.645082283555595382e+00
1.631474271266985854e+00
1.631474271266985854e+00
1.631474271266985854e+00
1.631474271266985854e+00
1.628556279648531557e+00
1.628556279648531557e+00
1.628556279648531557e+00
1.628556279648531557e+00
1.628556279648531557e+00
1.628556279648531557e+00
1.628556279648531557e+00
1.628556279648531557e+00
1.628556279648531557e+00
1.628556279648531557e+00
1.628556279648531557e+00
1.628556279648531557e+00
1.628556279648531557e+00
1.623886405597513960e+00
1.622121731358651342e+00
1.621137671254837542e+00
1.621033400475463182e+00
1.621033400475463182e+00
1.620994158599629476e+00
1.619611950617359852e+00
1.618658433858840340e+00
1.616520001793758876e+00
1.615365795089675371e+00
1.615015283545471192e+00
1.612572161178033259e+00
1.610544878268106439e+00
1.609132837736664934e+00
1.607502504818324240e+00
1.605044724386937904e+00
1.603324749629752910e+00
1.600927361599680854e+00
1.599486334695500611e+00
1.599486334695500611e+00
1.599201576265176339e+00
