8.354513176975773092e+01
8.354513176975773092e+01
8.354513176975773092e+01
8.354513176975773092e+01
7.821160342622054884e+01
7.280441875872929813e+01
6.874668531944040240e+01
6.572880743257464076e+01
6.349661873609596086e+01
6.185209321425286078e+01
6.064376654157263857e+01
4.905275535177011648e+01
4.905275535177011648e+01
4.532727372371495278e+01
4.362777593663996356e+01
4.337420470845612641e+01
4.337420470845612641e+01
3.933622135456170810e+01
3.666898662959762589e+01
3.497228221247716107e+01
3.385198906406515817e+01
3.309319063465617461e+01
3.256945647818055534e+01
3.220265040407717549e+01
2.872535284400517952e+01
2.555275824195153689e+01
2.129447436462758958e+01
1.842126217034321556e+01
1.689420242160960228e+01
1.605657212799765432e+01
1.539531072651912069e+01
1.467093252716653495e+01
1.432025143856347782e+01
1.384357595252365414e+01
1.247476603014165875e+01
1.118851190979601995e+01
1.020866525358573895e+01
8.666939992125687553e+00
7.400861874047446776e+00
6.472787275019586950e+00
5.733284288453537769e+00
5.250118476456523631e+00
4.526952500009397973e+00
3.958276363636649364e+00
3.882087905025834118e+00
3.537864237603472795e+00
3.229347187356143678e+00
2.968628604820848782e+00
2.606610462400746897e+00
2.486864895026367428e+00
2.291044607018915436e+00
2.177181397498462179e+00
1.920041793652686790e+00
1.716774824573288782e+00
1.557977521639010821e+00
1.413874872506470481e+00
1.274597181526192502e+00
1.198628660871453588e+00
1.082874848839138870e+00
1.030602130913240266e+00
1.030602130913240266e+00
9.740590282391994315e-01
9.605323783372493596e-01
9.440398418814637260e-01
9.437520995937878077e-01
9.247052560376316510e-01
9.169651215197101024e-01
8.428875802289861330e-01
8.428875802289861330e-01
7.906801430607179881e-01
7.759954783912043075e-01
7.601362727018837750e-01
7.218411627841077038e-01
6.907272522057714692e-01
6.901671652349193886e-01
6.901671652349193886e-01
6.519638959753222274e-01
6.519638959753222274e-01
6.319485518817216096e-01
6.276842785056743201e-01
6.276842785056743201e-01
6.245953316671990496e-01
5.893675475565579580e-01
5.893675475565579580e-01
5.893675475565579580e-01
5.893675475565579580e-01
5.893675475565579580e-01
5.893675475565579580e-01
5.893675475565579580e-01
5.893675475565579580e-01
5.678265469759169459e-01
5.678265469759169459e-01
5.606396082551452498e-01
5.606396082551452498e-01
5.582253625260396035e-01
5.582253625260396035e-01
5.582253625260396035e-01
5.571506818160256724e-01
5.448971495280610089e-01
5.385499244902036686e-01
5.214842906350621865e-01
5.101426694093617042e-01
5.022174249968678339e-01
5.022174249968678339e-01
4.686923113184592316e-01
4.641151280071836305e-01
4.538906485727990936e-01
4.538906485727990936e-01
4.435026389640896460e-01
4.419931866626180539e-01
4.400467780829959152e-01
4.338547419021278051e-01
4.204856567426494274e-01
3.904383047480433078e-01
3.756254273015814382e-01
3.729565387251513320e-01
3.729565387251513320e-01
3.729565387251513320e-01
3.476468870383864207e-01
3.356074315330288549e-01
3.356074315330288549e-01
3.356074315330288549e-01
3.251398627134353125e-01
3.047480608280052072e-01
2.848287956771358154e-01
2.830078646717808510e-01
2.532363114181828134e-01
2.356336377184126141e-01
2.276816111797737574e-01
2.215712167115121700e-01
2.215712167115121700e-01
2.215712167115121700e-01
2.112472690987153567e-01
2.112472690987153567e-01
1.807359103532105715e-01
1.807359103532105715e-01
1.717863683526501539e-01
1.717863683526501539e-01
1.717863683526501539e-01
1.717863683526501539e-01
1.717863683526501539e-01
1.690177999766148964e-01
1.690177999766148964e-01
1.664281455302930590e-01
1.664281455302930590e-01
1.664281455302930590e-01
1.658057892967284286e-01
1.611620427026468905e-01
1.594819884610345073e-01
1.592047620629796212e-01
1.592047620629796212e-01
1.580315215083673563e-01
1.580315215083673563e-01
1.578504701353652950e-01
1.578504701353652950e-01
1.541345456567638494e-01
1.463610719212483369e-01
1.441225339369505698e-01
1.439327888312027515e-01
1.417023206011976955e-01
1.417023206011976955e-01
1.417023206011976955e-01
1.417023206011976955e-01
1.385945422397416582e-01
1.385078758531583520e-01
1.374512685904860365e-01
1.374512685904860365e-01
1.374512685904860365e-01
1.365181873223478282e-01
1.318528842807449308e-01
1.289874370589485508e-01
1.284428007679417338e-01
1.258730480150717645e-01
1.250103526845862401e-01
1.210320193517648579e-01
1.186028480973828625e-01
1.174835133546894006e-01
1.174835133546894006e-01
1.174835133546894006e-01
1.156694606698632499e-01
1.156694606698632499e-01
1.131347946700522050e-01
1.110145494581626924e-01
1.095110370219107288e-01
1.083137292111870514e-01
1.052074433372951062e-01
1.043168383065039145e-01
1.035171596711260689e-01
1.013930105896014566e-01
1.013930105896014566e-01
1.013930105896014566e-01
1.013930105896014566e-01
1.013930105896014566e-01
1.013930105896014566e-01
1.006722875008510543e-01
9.969689991870375745e-02
9.909462668771487626e-02
9.869313634974238858e-02
9.846109575445240181e-02
9.833347723720853306e-02
