1.490603148571524343e+02
1.490603148571524343e+02
1.490603148571524343e+02
1.401228730310442359e+02
9.269069896551883403e+01
6.484016067014259477e+01
4.199129704578075462e+01
3.507136157649166819e+01
3.314008720688167386e+01
3.298561535833901104e+01
3.298561535833901104e+01
3.255447809558470595e+01
3.227503617325857732e+01
3.225843598222122210e+01
3.225843598222122210e+01
3.210335668352266225e+01
3.195839682502171542e+01
3.186793879044900990e+01
3.180988085308835167e+01
3.177192271843522065e+01
3.174640462769486504e+01
3.107625208264042982e+01
2.955714129245443189e+01
2.776052271586303277e+01
2.639726436127949327e+01
2.554889306994257936e+01
2.446782851060968156e+01
2.316663913793024321e+01
2.225256022713652371e+01
2.116636190044804522e+01
1.968291501500329232e+01
1.785816390560554723e+01
1.568075566092389295e+01
1.304849988099866565e+01
1.089505335440926714e+01
8.601342832368171543e+00
7.266764365535036241e+00
5.891168557913750270e+00
5.380969453386043710e+00
4.556097731421922425e+00
4.038301268090992657e+00
3.690858418435179811e+00
3.349391628837245616e+00
3.144198150687560922e+00
2.888488040558393699e+00
2.497675261449597173e+00
2.160340935092718073e+00
1.929053675346554364e+00
1.653870443944953639e+00
1.456333785228569155e+00
1.293325996771729658e+00
1.196487031066257867e+00
1.116638705434029877e+00
1.071250325601862174e+00
1.024329603353316021e+00
1.002831219132283458e+00
9.498896877369069625e-01
9.255022439704534420e-01
9.116660195626975494e-01
9.000727841733933143e-01
8.926431033556094796e-01
8.926431033556094796e-01
8.846777428978207514e-01
8.813575063759357953e-01
8.813575063759357953e-01
8.560600379702829610e-01
8.560600379702829610e-01
8.496985786511030980e-01
8.378187676005812712e-01
8.248725446934865868e-01
8.125881737873763555e-01
7.923076742842661835e-01
7.825462958299028715e-01
7.790753538542726231e-01
7.777526086016521845e-01
7.777526086016521845e-01
7.738593480878221964e-01
7.436044793475283798e-01
7.370325080212264401e-01
7.283380259855536387e-01
7.073442860974756830e-01
6.914870232696525010e-01
6.517213040713712990e-01
6.287577416860925528e-01
5.872681078616019956e-01
5.628704140201016282e-01
5.330422468117037571e-01
5.254793534083121997e-01
5.254793534083121997e-01
5.209429516870901500e-01
5.145800159198621326e-01
5.145800159198621326e-01
5.117858447544649803e-01
5.094467677547466211e-01
4.897738377890377137e-01
4.872588051101326423e-01
4.772413023584721747e-01
4.632412958904006395e-01
4.554951394241451013e-01
4.518303279652112758e-01
4.330866225123827240e-01
4.164739709093201459e-01
4.056877795811415499e-01
3.990362892163086261e-01
3.810386557457170476e-01
3.810386557457170476e-01
3.810386557457170476e-01
3.810386557457170476e-01
3.736569358018196896e-01
3.619024957873845927e-01
3.557998449260169060e-01
3.536018797341703435e-01
3.478171050621929883e-01
3.478171050621929883e-01
3.449241717965347842e-01
3.353699044256276407e-01
3.300629248486615097e-01
3.300629248486615097e-01
3.277478046120334554e-01
3.273490151830987238e-01
3.262409808338749828e-01
3.200116098052143698e-01
3.154634013017280636e-01
3.154634013017280636e-01
3.154634013017280636e-01
3.154634013017280636e-01
3.154634013017280636e-01
3.154634013017280636e-01
3.154504028247094305e-01
3.154504028247094305e-01
3.139287134850212713e-01
3.074390674869452722e-01
3.074390674869452722e-01
3.074390674869452722e-01
3.074390674869452722e-01
3.055991563673782219e-01
3.045456340659322692e-01
3.027778776273000183e-01
2.951889633107580568e-01
2.908599529364291891e-01
2.857527871262780517e-01
2.795471453537767825e-01
2.743056429401470320e-01
2.706193292203104006e-01
2.679953952612462720e-01
2.679953952612462720e-01
2.649077063456306558e-01
2.649077063456306558e-01
2.649077063456306558e-01
2.649077063456306558e-01
2.645658486241768137e-01
2.614246438093186242e-01
2.614246438093186242e-01
2.614246438093186242e-01
2.614246438093186242e-01
2.614246438093186242e-01
2.612343778377038128e-01
2.580952422352094100e-01
2.580080444841478249e-01
2.570639231106338074e-01
2.556344114072589546e-01
2.556344114072589546e-01
2.553765615191507243e-01
2.553765615191507243e-01
2.553765615191507243e-01
2.553765615191507243e-01
2.553765615191507243e-01
2.553765615191507243e-01
2.553765615191507243e-01
2.553765615191507243e-01
2.553765615191507243e-01
2.553765615191507243e-01
2.548480073165225179e-01
2.525923818882687688e-01
2.525923818882687688e-01
2.510676752295963876e-01
2.510676752295963876e-01
2.487536574752572394e-01
2.487536574752572394e-01
2.487536574752572394e-01
2.483671607303358786e-01
2.465389823431634042e-01
2.465015413659099042e-01
2.465015413659099042e-01
2.465015413659099042e-01
2.460553886878140695e-01
2.460553886878140695e-01
2.457211027050405505e-01
2.438886821672534566e-01
2.419019527602386255e-01
2.419019527602386255e-01
2.410983238980012877e-01
2.401890846998238627e-01
2.392880390419332426e-01
2.385546523567286803e-01
2.378243945817650196e-01
2.373837682125373161e-01
2.371129493118878662e-01
2.369431089802888635e-01
2.366203568913600730e-01
