7.019258488207790947e+01
6.557288115899038417e+01
6.357196932281817681e+01
6.294532181864271081e+01
6.294532181864271081e+01
6.092099589929148351e+01
4.738375605430957904e+01
4.100899324635355470e+01
3.806145504953600067e+01
3.659960791640533984e+01
3.582182733038400357e+01
3.538862320952708984e+01
3.209983970099750650e+01
2.534834555651791987e+01
2.197294988301353769e+01
2.015300200479368797e+01
1.911207077003432175e+01
1.848410899437364918e+01
1.808853486770490804e+01
1.783071527625678598e+01
1.765817038781823456e+01
1.754013844239471354e+01
1.745807033337585068e+01
1.727095073047447826e+01
1.680103631395500230e+01
1.488500049097800648e+01
1.377594191916471189e+01
1.232240593114681815e+01
1.084887534188971081e+01
1.084887534188971081e+01
1.084887534188971081e+01
1.079289901169878441e+01
8.938796872708506314e+00
6.472168777606625234e+00
5.587859352445814665e+00
5.116963805713734104e+00
4.602700240051507130e+00
4.366890169502344321e+00
3.782855192173900427e+00
3.237846216935355681e+00
2.766278336816911931e+00
2.148989822096199376e+00
1.876443077084327005e+00
1.644241685691776311e+00
1.421374717789824160e+00
1.252835191902228473e+00
1.092559365407638872e+00
1.042457511508056101e+00
9.683885545089649938e-01
9.400339586855959162e-01
8.884097219596399642e-01
8.552615738687681102e-01
8.434923024528714341e-01
8.434923024528714341e-01
7.800019395111544851e-01
7.800019395111544851e-01
7.654736157287267417e-01
7.304428872113462035e-01
7.132197972637165373e-01
6.864659404522739372e-01
6.782087788105126691e-01
6.536998106293701039e-01
5.919343672842922732e-01
5.747998493524483221e-01
5.204049286461213120e-01
5.204049286461213120e-01
4.996721978488123939e-01
4.953939676685128468e-01
4.327387228869374325e-01
3.976637329187764358e-01
3.571984134719380921e-01
3.283963200234598645e-01
2.847380657254180436e-01
2.759927538716766549e-01
2.759927538716766549e-01
2.615961027145313200e-01
2.568646068089536216e-01
2.568646068089536216e-01
2.568646068089536216e-01
2.525102949280778053e-01
2.475897773686339953e-01
2.408627640113103485e-01
2.408627640113103485e-01
2.374817683803172597e-01
2.374817683803172597e-01
2.374817683803172597e-01
2.328732163292863144e-01
2.308992955863313490e-01
2.298639406403109875e-01
2.298314778568533723e-01
2.201728401494283394e-01
2.179554950899196542e-01
2.139885280714109439e-01
2.127232491123809965e-01
2.117062967873987178e-01
2.117062967873987178e-01
2.105347898454607292e-01
2.105347898454607292e-01
2.100869008271302740e-01
2.100869008271302740e-01
2.077844971188641532e-01
2.071000455506549487e-01
2.061036479094878193e-01
2.042005861997757687e-01
2.028411251337056687e-01
2.020100325520459150e-01
1.999062503164897309e-01
1.970336086565998290e-01
1.914972451655843344e-01
1.872835471938543717e-01
1.852745790774803503e-01
1.828699898263976831e-01
1.822012520825139203e-01
1.808598679354992689e-01
1.805647861258531106e-01
1.775816955335201008e-01
1.775816955335201008e-01
1.755173274937971151e-01
1.755173274937971151e-01
1.755173274937971151e-01
1.748914376763964496e-01
1.681336977188833404e-01
1.634181942315290348e-01
1.605371578867406668e-01
1.592122155603098721e-01
1.584349032552071768e-01
1.580512557798218753e-01
1.579167386493351144e-01
1.578637800762413279e-01
1.578394975018848900e-01
1.578319410857350891e-01
1.578319410857350891e-01
1.564601774655466071e-01
1.492694500560840798e-01
1.446652531950742004e-01
1.416015279101902058e-01
1.395020883604729256e-01
1.364806069498310237e-01
1.320269167236199637e-01
1.320269167236199637e-01
1.305215151014880726e-01
1.283849113222781391e-01
1.212313733624867662e-01
1.153814237020188843e-01
1.047214559037432519e-01
9.336794824236638313e-02
8.379347922477164978e-02
8.379347922477164978e-02
8.379347922477164978e-02
8.286028488702952555e-02
7.799543200817381228e-02
7.303239166764094459e-02
7.303239166764094459e-02
7.303239166764094459e-02
7.303239166764094459e-02
7.303239166764094459e-02
6.874835898879588791e-02
6.364677677962332636e-02
6.364677677962332636e-02
6.364677677962332636e-02
6.364677677962332636e-02
6.364677677962332636e-02
6.364677677962332636e-02
6.361130199141241948e-02
6.361130199141241948e-02
6.361130199141241948e-02
6.329032439893811368e-02
6.329032439893811368e-02
6.329032439893811368e-02
6.329032439893811368e-02
6.329032439893811368e-02
6.329032439893811368e-02
6.258597983116367947e-02
6.258597983116367947e-02
6.258597983116367947e-02
6.214705672192787078e-02
6.200059296954527066e-02
6.137530979963505551e-02
6.077964896167489112e-02
6.077964896167489112e-02
6.077964896167489112e-02
6.077964896167489112e-02
6.077964896167489112e-02
6.077964896167489112e-02
6.007212535377226548e-02
5.922069176182227779e-02
5.922069176182227779e-02
5.922069176182227779e-02
5.826532378252414351e-02
5.825942029516641141e-02
5.772334813729880498e-02
5.772334813729880498e-02
5.772334813729880498e-02
5.704074155888371606e-02
5.700892448547801444e-02
5.700892448547801444e-02
5.700892448547801444e-02
5.700892448547801444e-02
5.700892448547801444e-02
5.554696276743106148e-02
