1.540557398085592844e+01
1.304926125934292713e+01
1.157043309565131217e+01
1.104492297971113324e+01
1.076754759717586651e+01
1.062200309559331224e+01
1.054385173987010305e+01
1.050087498538855968e+01
1.047891140067949500e+01
1.046693669539053850e+01
1.046158940542831672e+01
1.045535299714303434e+01
1.045165767408827406e+01
1.044994705474715779e+01
1.044918616649978382e+01
1.044881496097043971e+01
1.044859211753350969e+01
1.044845264002980301e+01
1.044833797862960978e+01
1.044826211827276907e+01
1.044820203035350836e+01
1.044815094640468978e+01
1.044812562662934141e+01
1.044809996173833255e+01
1.044808009096278845e+01
1.044806599134512837e+01
1.044804682988539568e+01
1.044803818497047310e+01
1.044803293990368509e+01
1.020276720265330894e+01
9.673525916427566429e+00
9.277703703073209240e+00
8.980634150317870379e+00
7.843369425573285980e+00
5.510717892765585546e+00
3.563108579698363698e+00
2.551222450891159621e+00
2.453060798903007544e+00
2.152800354622468326e+00
2.040878284282594990e+00
1.947136389801910061e+00
1.845914434461212394e+00
1.751393361564475892e+00
1.735958883503158079e+00
1.713802676576471562e+00
1.668317600657654998e+00
1.646980780793313670e+00
1.636305780526738918e+00
1.636305780526738918e+00
1.636305780526738918e+00
1.522601729878320986e+00
1.522601729878320986e+00
1.434765820350443422e+00
1.434765820350443422e+00
1.404291582079932210e+00
1.404291582079932210e+00
1.402744814345527002e+00
1.354689723757762421e+00
1.353683666160166332e+00
1.347079989737263395e+00
1.321810674573606903e+00
1.301499890166215145e+00
1.282189965961094691e+00
1.268221387413078327e+00
1.207297851269797606e+00
1.166029876550592315e+00
1.113078182493089763e+00
1.099144908912942142e+00
1.098801789188133649e+00
9.903885785743176129e-01
9.271515394991630687e-01
9.047364264013650903e-01
7.873546152715603652e-01
7.004076348898574667e-01
5.869980406460828526e-01
5.031917609681481052e-01
4.594874657639564930e-01
3.260847556873918696e-01
2.776676090831671218e-01
2.639116904401053176e-01
2.349221348820286770e-01
2.205758802696665410e-01
2.205758802696665410e-01
2.129032966247308145e-01
2.082116534076910996e-01
2.082116534076910996e-01
2.082116534076910996e-01
2.082116534076910996e-01
2.082116534076910996e-01
2.082116534076910996e-01
2.073740937431444997e-01
2.015005925292638611e-01
2.015005925292638611e-01
2.015005925292638611e-01
2.015005925292638611e-01
2.015005925292638611e-01
2.015005925292638611e-01
2.009896271604868223e-01
2.009896271604868223e-01
1.973170739090289727e-01
1.973170739090289727e-01
1.973170739090289727e-01
1.973170739090289727e-01
1.959199584600967714e-01
1.959199584600967714e-01
1.959199584600967714e-01
1.957841322308945531e-01
1.957841322308945531e-01
1.955707995705201485e-01
1.955707995705201485e-01
1.897207986059247509e-01
1.897207986059247509e-01
1.861742801668064273e-01
1.861742801668064273e-01
1.858295011238745298e-01
1.856127861464207662e-01
1.828873769217459477e-01
1.783029720396274720e-01
1.763918058667751920e-01
1.763918058667751920e-01
1.763918058667751920e-01
1.750988143605745340e-01
1.750988143605745340e-01
1.747423217646850158e-01
1.742673767834426735e-01
1.740677929953705905e-01
1.740677929953705905e-01
1.740677929953705905e-01
1.740677929953705905e-01
1.721553807124978630e-01
1.721553807124978630e-01
1.721553807124978630e-01
1.721553807124978630e-01
1.719311986399322534e-01
1.719311986399322534e-01
1.713925698487772376e-01
1.713925698487772376e-01
1.713925698487772376e-01
1.678156358646195889e-01
1.678156358646195889e-01
1.678156358646195889e-01
1.678156358646195889e-01
1.678156358646195889e-01
1.678156358646195889e-01
1.678156358646195889e-01
1.678156358646195889e-01
1.678156358646195889e-01
1.674666052085677648e-01
1.674308907642396704e-01
1.674308907642396704e-01
1.674308907642396704e-01
1.674308907642396704e-01
1.674308907642396704e-01
1.674308907642396704e-01
1.674308907642396704e-01
1.674308907642396704e-01
1.671412861811671646e-01
1.671412861811671646e-01
1.657727532391030101e-01
1.657727532391030101e-01
1.657727532391030101e-01
1.657727532391030101e-01
1.657727532391030101e-01
1.657652089182188593e-01
1.657652089182188593e-01
1.657652089182188593e-01
1.657224259140558098e-01
1.657224259140558098e-01
1.657224259140558098e-01
1.657014522475583895e-01
1.656913579674641201e-01
1.656913579674641201e-01
1.656558567641392699e-01
1.655686400785841284e-01
1.655686400785841284e-01
1.655686400785841284e-01
1.653742142968143147e-01
1.653742142968143147e-01
1.653485356136185636e-01
1.650731307781755641e-01
1.649079889233549812e-01
1.649079889233549812e-01
1.649079889233549812e-01
1.648827323942713696e-01
1.648827323942713696e-01
1.648827323942713696e-01
1.648827323942713696e-01
1.648827323942713696e-01
1.648827323942713696e-01
1.648699977778620152e-01
1.647242044263786398e-01
1.647242044263786398e-01
1.646322740286189912e-01
1.646322740286189912e-01
1.645403163733966945e-01
1.645384473273919512e-01
1.643626352825656167e-01
1.643626352825656167e-01
1.643626352825656167e-01
1.643050329796515441e-01
