9.874065808139519618e+01
9.570785483982314190e+01
9.362449158569498309e+01
9.217775747933471564e+01
9.116344457012928615e+01
9.044668157836500200e+01
8.993651861048843443e+01
8.957138660388056906e+01
8.930856000332319411e+01
8.911875399793612473e+01
8.898155821320257530e+01
8.888219890685721225e+01
7.308320624250572450e+01
6.189294734270005449e+01
5.562687478267504559e+01
5.187586318229203641e+01
4.951403789692736979e+01
4.795439577344711779e+01
4.690751345358123814e+01
4.618946812846781569e+01
4.568915191755947092e+01
4.533622842793286623e+01
4.508505499386773607e+01
4.398588165553990592e+01
3.835672122616456647e+01
3.499654716862765724e+01
3.233867796439598408e+01
2.903789704023581564e+01
2.664373758081126908e+01
2.509034462085843842e+01
2.404752601475374618e+01
2.234178549522569313e+01
2.098644314471182781e+01
1.982657022179084905e+01
1.895875379564062513e+01
1.828180729450125597e+01
1.757274339275993214e+01
1.702642306627617685e+01
1.598039307208170712e+01
1.503918330360558286e+01
1.428236551720785386e+01
1.368395405448910473e+01
1.284204368615113800e+01
1.210190909237695500e+01
1.125729894157726818e+01
1.058176682352243780e+01
9.772366120017609958e+00
9.201906257593071459e+00
8.907544610972268018e+00
8.776248979441461984e+00
8.680284301615849074e+00
8.474163823021513053e+00
8.137834102976837514e+00
7.815019778367579661e+00
7.326936825098591122e+00
7.008592369138117562e+00
6.402449834031333609e+00
5.942966527340332483e+00
5.485344715319215858e+00
5.130785313586539331e+00
4.510003407732503078e+00
4.207428769389538914e+00
3.897613404466651055e+00
3.759687289210742023e+00
3.521670946588962181e+00
3.254088877434208271e+00
2.987426022552138960e+00
2.833222201920369443e+00
2.711230738649097027e+00
2.536254639054845939e+00
2.432748104948251555e+00
2.407724107670589309e+00
2.358601195906226522e+00
2.343553308406382651e+00
2.314303652433308489e+00
2.295396525016605516e+00
2.277624427267780582e+00
2.250923490318714748e+00
2.222493358460631896e+00
2.209121463783644046e+00
2.160121611190903845e+00
2.131468258400639471e+00
2.074055552661469903e+00
2.029816425222079612e+00
2.004748631216837662e+00
1.989815369457192507e+00
1.989815369457192507e+00
1.970810856953362222e+00
1.968098876404410280e+00
1.962334372598573129e+00
1.948500508697496691e+00
1.941403977916100754e+00
1.925623820129439112e+00
1.924707258816686473e+00
1.894254738599108423e+00
1.866944962809678366e+00
1.843371583978760553e+00
1.832584182348408808e+00
1.820857439568013270e+00
1.805378753477797860e+00
1.805378753477797860e+00
1.784808087719139236e+00
1.766075760731381505e+00
1.741971327702394934e+00
1.741045386922645433e+00
1.709798593140804401e+00
1.709798593140804401e+00
1.709798593140804401e+00
1.709798593140804401e+00
1.709798593140804401e+00
1.695041178979374452e+00
1.694896943693776858e+00
1.678207585435298244e+00
1.678207585435298244e+00
1.673682651330101079e+00
1.666130668553550187e+00
1.666130668553550187e+00
1.647503054384979793e+00
1.640303306347989265e+00
1.612020550634128080e+00
1.610570520313990617e+00
1.609875029987122286e+00
1.589932465578691945e+00
1.589932465578691945e+00
1.589932465578691945e+00
1.589932465578691945e+00
1.565605748459218294e+00
1.564626858348526550e+00
1.536502280638620377e+00
1.525348027685687446e+00
1.520264070764900222e+00
1.504636719175796999e+00
1.494661374122841613e+00
1.481053806099317249e+00
1.477320401879956169e+00
1.458782068290614742e+00
1.445463650124446220e+00
1.445463650124446220e+00
1.445463650124446220e+00
1.433256643369746230e+00
1.424017446844989099e+00
1.403060413648374194e+00
1.398520566686885624e+00
1.382524271081431833e+00
1.368655340896057560e+00
1.363827460915828738e+00
1.353578769946676807e+00
1.350386545565457563e+00
1.345722164939235244e+00
1.341805256529776447e+00
1.336420575146991085e+00
1.335396682326057904e+00
1.331567600291352793e+00
1.321222671585834618e+00
1.299205200107939939e+00
1.293405425509662754e+00
1.278413247917571605e+00
1.272255283666444248e+00
1.272255283666444248e+00
1.272255283666444248e+00
1.272255283666444248e+00
1.267566416915656413e+00
1.260626057934367994e+00
1.258301263872881215e+00
1.254072130510030192e+00
1.254072130510030192e+00
1.254072130510030192e+00
1.254072130510030192e+00
1.254072130510030192e+00
1.239607675249613017e+00
1.225852786311541598e+00
1.219010577902706283e+00
1.196613758696159824e+00
1.184272799747307259e+00
1.178817669164678117e+00
1.176971526081066699e+00
1.176482478176351654e+00
1.176482478176351654e+00
1.176482478176351654e+00
1.167288479074223728e+00
1.157123126731264717e+00
1.157123126731264717e+00
1.140223999836538660e+00
1.138426325235500247e+00
1.138426325235500247e+00
1.111158916413635955e+00
1.084726277369749914e+00
1.072242632476277047e+00
1.072242632476277047e+00
1.072242632476277047e+00
1.072242632476277047e+00
1.072242632476277047e+00
1.072242632476277047e+00
1.072242632476277047e+00
1.069785518646591216e+00
1.062412053581829552e+00
1.059681312184498569e+00
1.058881075860397036e+00
1.058881075860397036e+00
1.051865767531019014e+00
