3.154073963720755103e+01
2.834025118880808236e+01
2.622756594595736601e+01
2.473050995185136713e+01
2.345947411810771044e+01
2.245299973260730653e+01
2.169996237036055575e+01
2.112770827788383343e+01
2.070020685638996838e+01
2.038123738709305499e+01
2.014355027100862827e+01
1.996986578877958607e+01
1.984092462439231852e+01
1.974900017256915064e+01
1.968098575956796381e+01
1.962998866669629194e+01
1.959235617308743826e+01
1.956505315829001290e+01
1.954530497766908326e+01
1.940591241375322085e+01
1.609373668134813684e+01
1.167374567863643620e+01
8.934477143011191558e+00
8.096410934836683282e+00
5.045775661723977734e+00
2.803859571099774683e+00
2.129474488485598282e+00
2.129474488485598282e+00
2.129474488485598282e+00
1.944012207431503381e+00
1.944012207431503381e+00
1.887013069298414170e+00
1.869424162692383762e+00
1.869424162692383762e+00
1.826446104422321692e+00
1.565549180774369775e+00
1.502350916198309960e+00
1.396930220946311696e+00
1.334933438943689765e+00
1.172231601358683761e+00
1.081728510265739018e+00
9.670682752665844539e-01
8.721333066495703390e-01
8.047017769795505870e-01
7.204938439489012580e-01
6.515395610446108599e-01
6.246607819797371786e-01
5.193146125895784504e-01
5.193146125895784504e-01
4.786330312553420674e-01
4.443889240839863364e-01
3.847798558550471482e-01
3.847798558550471482e-01
3.498511066720584317e-01
3.326660105281036284e-01
2.875298961362052763e-01
2.875298961362052763e-01
2.820261840439013401e-01
2.573601988487447811e-01
2.561561073374552522e-01
2.561561073374552522e-01
2.503316446322885191e-01
2.329406363143191050e-01
2.205815949690032862e-01
2.205815949690032862e-01
2.060288888562485099e-01
1.967718556819848530e-01
1.967718556819848530e-01
1.967718556819848530e-01
1.967718556819848530e-01
1.967718556819848530e-01
1.836237581948991782e-01
1.820494427733539977e-01
1.773726932735174566e-01
1.719079817143758793e-01
1.719079817143758793e-01
1.719079817143758793e-01
1.719079817143758793e-01
1.719079817143758793e-01
1.719079817143758793e-01
1.719079817143758793e-01
1.684792453302204063e-01
1.648502903191950142e-01
1.504159996802239829e-01
1.465284253043672436e-01
1.354387256955580654e-01
1.307849252369271686e-01
1.288767575124700748e-01
1.182488852648636291e-01
1.171623417013714641e-01
1.171623417013714641e-01
1.171623417013714641e-01
1.159702783601485598e-01
1.159702783601485598e-01
1.159702783601485598e-01
1.159702783601485598e-01
1.159702783601485598e-01
1.159702783601485598e-01
1.149264202474521157e-01
1.149264202474521157e-01
1.149264202474521157e-01
1.121347934372281807e-01
1.121347934372281807e-01
1.084414416516018276e-01
1.022652868875148641e-01
9.886942756597918991e-02
9.673463214264244048e-02
9.555313459053979552e-02
9.540383411410832681e-02
9.481184752792953807e-02
9.426785989039822289e-02
9.426785989039822289e-02
9.407332573459127600e-02
9.404577068236559534e-02
9.323590653109684045e-02
9.077958400401517358e-02
9.077958400401517358e-02
8.899339355598076540e-02
8.565307742923265744e-02
8.565307742923265744e-02
8.531322986809675157e-02
8.181054764112091759e-02
8.181054764112091759e-02
8.181054764112091759e-02
8.109316720112119681e-02
8.015192784048655317e-02
7.926400648286123507e-02
7.926400648286123507e-02
7.926400648286123507e-02
7.926400648286123507e-02
7.787923320775252956e-02
7.787923320775252956e-02
7.754136472121343771e-02
7.754136472121343771e-02
7.754136472121343771e-02
7.754136472121343771e-02
7.618485717311598848e-02
7.494451976516555702e-02
7.494451976516555702e-02
7.494451976516555702e-02
7.494451976516555702e-02
7.491926050800247483e-02
7.328805743808605722e-02
7.328805743808605722e-02
7.224494046724808105e-02
7.180261834502975338e-02
7.161131838598303045e-02
7.161131838598303045e-02
7.161131838598303045e-02
7.161131838598303045e-02
7.134572894718849145e-02
7.032534929213560271e-02
7.032534929213560271e-02
7.032534929213560271e-02
7.032534929213560271e-02
7.032534929213560271e-02
7.030229455703275454e-02
6.806498691577218818e-02
6.695581020240125303e-02
6.677432831714180672e-02
6.657381064764127110e-02
6.657381064764127110e-02
6.649635899381745041e-02
6.649635899381745041e-02
6.649635899381745041e-02
6.649635899381745041e-02
6.632863501341218493e-02
6.626293783260518711e-02
6.626293783260518711e-02
6.626293783260518711e-02
6.626293783260518711e-02
6.622996845613755845e-02
6.584779124239614756e-02
6.584779124239614756e-02
6.565905395573058689e-02
6.544866640484123255e-02
6.496178768982081853e-02
6.476978062846472373e-02
6.383634284943204285e-02
6.310629676340590022e-02
6.249729147723132733e-02
6.200270334722306903e-02
6.166575335918009215e-02
6.140027865220284986e-02
6.117103630415365867e-02
6.099733307739237803e-02
6.087299018636260078e-02
6.078433262750795874e-02
6.072076453081145381e-02
6.067490324023109421e-02
6.064169006544609802e-02
6.061765026863272926e-02
6.060017725680821171e-02
6.058750339637409416e-02
6.057827747319121520e-02
6.057154478130968162e-02
6.056663997979835207e-02
6.026765192588520031e-02
6.026765192588520031e-02
5.860874861392218610e-02
