5.871306441108028196e+01
5.871306441108028196e+01
5.871306441108028196e+01
5.448298156115228608e+01
5.051374609126696669e+01
4.863425624995112884e+01
4.771599044558580971e+01
4.725313210188613766e+01
4.701259988534011569e+01
4.663352758987162616e+01
3.163576152998150093e+01
2.308715368017465153e+01
1.863775754609250512e+01
1.649226747318402175e+01
1.549206435434640561e+01
1.503002828009847391e+01
1.481780338977657863e+01
1.416682901149285456e+01
1.323330632194991452e+01
1.271405000813676267e+01
1.236613937698900401e+01
1.211757023847113857e+01
1.193817223979558761e+01
1.180916982514130531e+01
1.171623063546269350e+01
1.164950034258249900e+01
1.160147084786331462e+01
1.156679100024653906e+01
1.154176457768416242e+01
1.086670539406845215e+01
1.055411944090758958e+01
1.034417901193592471e+01
9.838663135956752015e+00
9.454467088612837244e+00
8.010910173017766311e+00
7.122186208461203094e+00
5.966969108771953856e+00
5.326125088917035733e+00
4.647474947789302924e+00
3.920487265682408573e+00
3.215422076307750565e+00
2.580977610376182785e+00
2.071764660499731292e+00
1.800396370379869548e+00
1.591794214762168647e+00
1.525400764978034784e+00
1.434327589878008791e+00
1.335888217811512568e+00
1.246373231372915669e+00
1.082317421214031405e+00
9.885657704761989795e-01
8.835041745453939832e-01
7.412558566702963647e-01
6.814212346416608224e-01
6.174741052913153005e-01
6.029216043131587766e-01
5.784812718721616953e-01
5.317218030812034257e-01
5.317218030812034257e-01
5.317218030812034257e-01
5.060062638132738488e-01
5.060062638132738488e-01
4.935271471846610081e-01
4.749346674406254021e-01
4.739299951722413251e-01
4.690276119599653404e-01
4.530502567700527283e-01
4.446290345748558082e-01
4.446290345748558082e-01
4.446290345748558082e-01
4.383493495049382571e-01
4.383493495049382571e-01
4.383493495049382571e-01
4.358955076228586689e-01
4.306833088861535819e-01
4.306833088861535819e-01
4.299698413349360981e-01
4.285349830499365908e-01
4.244261991777268928e-01
4.138829946713485919e-01
4.138829946713485919e-01
4.138829946713485919e-01
4.137117393596216330e-01
4.137117393596216330e-01
4.088004327190883358e-01
4.088004327190883358e-01
4.077414569136739719e-01
4.077414569136739719e-01
4.056890214331527744e-01
3.994177741727596431e-01
3.994177741727596431e-01
3.994177741727596431e-01
3.917896830781565920e-01
3.917896830781565920e-01
3.865107488711204686e-01
3.865107488711204686e-01
3.865107488711204686e-01
3.865107488711204686e-01
3.865107488711204686e-01
3.865107488711204686e-01
3.865107488711204686e-01
3.852125185744388336e-01
3.838775519349532095e-01
3.838775519349532095e-01
3.838775519349532095e-01
3.838775519349532095e-01
3.834875269022648414e-01
3.790028381905269361e-01
3.790028381905269361e-01
3.728606443715893337e-01
3.706060370755041022e-01
3.703487622416880010e-01
3.699495020658758460e-01
3.698713739590718808e-01
3.696480793142253307e-01
3.668293218382297494e-01
3.668293218382297494e-01
3.668293218382297494e-01
3.649476886241516116e-01
3.626178688447468934e-01
3.611395331142002174e-01
3.602672100669470079e-01
3.597466440870560889e-01
3.594128346975947741e-01
3.576013198238215951e-01
3.576013198238215951e-01
3.558355162094614110e-01
3.554275142195360560e-01
3.554275142195360560e-01
3.554275142195360560e-01
3.531537855726517017e-01
3.492403357635794903e-01
3.492403357635794903e-01
3.492403357635794903e-01
3.492403357635794903e-01
3.485321082915255331e-01
3.485321082915255331e-01
3.485321082915255331e-01
3.485321082915255331e-01
3.485321082915255331e-01
3.485321082915255331e-01
3.429116148690258825e-01
3.429116148690258825e-01
3.398242393893074476e-01
3.398242393893074476e-01
3.395848897635348473e-01
3.395848897635348473e-01
3.379374543661337604e-01
3.353250065008631653e-01
3.353250065008631653e-01
3.328551634392117875e-01
3.261453178583343937e-01
3.261453178583343937e-01
3.208905240149100280e-01
3.208905240149100280e-01
3.166538681033867486e-01
3.166538681033867486e-01
3.162356612994094984e-01
3.162356612994094984e-01
3.162356612994094984e-01
3.093311606280835235e-01
3.093311606280835235e-01
3.092313414360468027e-01
3.090937498334277445e-01
3.090937498334277445e-01
3.090937498334277445e-01
3.090937498334277445e-01
3.090937498334277445e-01
2.989718163359609271e-01
2.987401418875784698e-01
2.987401418875784698e-01
2.917845447433506378e-01
2.917845447433506378e-01
2.885565640214088345e-01
2.811503748769321742e-01
2.809018235913606776e-01
2.809018235913606776e-01
2.767938903769947556e-01
2.767938903769947556e-01
2.767938903769947556e-01
2.767938903769947556e-01
2.701755738381080296e-01
2.651256478719256626e-01
2.577643674318282896e-01
2.561729367327494900e-01
2.561729367327494900e-01
2.514950550486795833e-01
2.473643508458662765e-01
2.456900265527562632e-01
2.456900265527562632e-01
2.456900265527562632e-01
2.456900265527562632e-01
2.456900265527562632e-01
2.444985377116001002e-01
2.408995656398240093e-01
2.359067814950638053e-01
2.273430967769222155e-01
2.273356677373237489e-01
2.243532244537481124e-01
2.243532244537481124e-01
