6.793483490436257455e+01
6.234942133969218503e+01
5.847387174156160938e+01
5.573424430473738767e+01
5.376263152066849216e+01
5.235005045360705367e+01
5.133442463868583161e+01
5.060081712076994620e+01
5.006808050296451995e+01
4.968257900445505726e+01
3.744245590152560510e+01
3.152254663797825884e+01
2.156437822779521696e+01
1.559267586628017810e+01
1.234201856994984325e+01
1.034866206655345700e+01
9.234364930159362217e+00
8.600667899675180195e+00
8.231017084255340066e+00
8.010196588226593306e+00
7.870361252347326086e+00
7.782261366003496939e+00
7.270585138501708400e+00
6.007640530929889700e+00
5.303453455388424942e+00
4.994033099966500799e+00
4.503627092406610188e+00
4.236757264558406177e+00
4.236757264558406177e+00
4.133520105105192854e+00
3.666521312664485333e+00
3.382750180920640837e+00
3.073427915765206464e+00
2.843237006443184001e+00
2.646422597910916608e+00
2.403567803838820627e+00
2.192901291566935029e+00
1.953999572131262852e+00
1.728187201446953036e+00
1.576566441918809680e+00
1.371280710986236162e+00
1.268823037775911322e+00
1.139749556812234221e+00
1.078805462029512885e+00
1.026470244865027137e+00
1.014982694849263956e+00
1.009963368051079113e+00
1.004733716639745644e+00
1.004733716639745644e+00
9.986294266718607204e-01
9.941100270242108072e-01
9.882469411730544495e-01
9.882469411730544495e-01
9.829503221815041325e-01
9.829503221815041325e-01
9.622404461572561241e-01
9.622404461572561241e-01
9.527873108707551886e-01
9.527873108707551886e-01
9.513289719636063291e-01
9.508895424185264122e-01
9.503761530256411572e-01
9.335444379238251322e-01
9.242491858388489634e-01
9.242491858388489634e-01
9.067428220520072912e-01
9.018260626560675730e-01
8.822721897384164791e-01
8.789735082404417366e-01
8.736945581034946118e-01
8.470162759418142784e-01
8.407854822865149513e-01
8.188740841160517814e-01
7.971427807992811365e-01
7.610448341941554729e-01
7.428312798672125350e-01
7.297142858157958933e-01
7.074970466052999951e-01
6.867689388267671502e-01
6.650911732030111434e-01
6.650911732030111434e-01
6.650911732030111434e-01
6.538707487936813445e-01
6.440516833975977740e-01
6.385798227321086706e-01
6.364997187251193456e-01
6.364997187251193456e-01
6.304531301858447012e-01
6.223906972580972585e-01
6.159079465020219635e-01
6.159079465020219635e-01
6.136953184616873447e-01
5.999532581673611142e-01
5.895140625092198938e-01
5.736003814716303939e-01
5.621382533272573090e-01
5.535297065556460394e-01
5.535297065556460394e-01
5.445468522286976976e-01
5.445468522286976976e-01
5.317653190530124974e-01
5.317653190530124974e-01
5.222761704363042545e-01
5.217252986415804594e-01
5.190576290997308551e-01
5.152093104179099603e-01
5.104663256072892175e-01
5.104663256072892175e-01
5.104663256072892175e-01
5.104663256072892175e-01
5.104663256072892175e-01
5.093096126041155580e-01
5.055954289637334398e-01
4.902537241850059013e-01
4.867656761594741366e-01
4.793926469531922807e-01
4.742801981108988874e-01
4.712342803398070767e-01
4.590573766959148427e-01
4.556913732298475961e-01
4.309973160000457604e-01
4.225157702579320773e-01
4.211867034984112523e-01
4.166188335454010239e-01
4.163127476562065721e-01
3.955882826231348348e-01
3.929638675268132264e-01
3.929638675268132264e-01
3.896760573390060656e-01
3.835730600629834175e-01
3.835730600629834175e-01
3.783111717202294888e-01
3.625547240210931221e-01
3.518264159633787136e-01
3.373875256702484338e-01
3.318926135599623573e-01
3.169788023034522118e-01
3.124187094427066103e-01
3.044274172113347610e-01
2.881576368696638912e-01
2.611859915383446529e-01
2.611859915383446529e-01
2.497181024575746422e-01
2.497181024575746422e-01
2.463942642861538801e-01
2.463942642861538801e-01
2.463942642861538801e-01
2.459114921768809914e-01
2.449989341617509475e-01
2.372862206432567456e-01
2.347279136425993173e-01
2.204301184692324111e-01
2.077124269868448336e-01
1.929115863229216021e-01
1.836287625858584738e-01
1.694962337154859444e-01
1.638093570334872295e-01
1.638093570334872295e-01
1.548854277541136248e-01
1.500711854727393713e-01
1.471947454944858014e-01
1.425496583036256482e-01
1.425496583036256482e-01
1.425496583036256482e-01
1.425496583036256482e-01
1.406706128136965273e-01
1.406706128136965273e-01
1.395092271825282004e-01
1.385918920131844478e-01
1.385918920131844478e-01
1.367889620688082231e-01
1.354919628985817026e-01
1.322168261418383561e-01
1.322168261418383561e-01
1.302058830531075406e-01
1.284972789932193327e-01
1.280975289871240375e-01
1.263377636019664130e-01
1.170644607733845044e-01
1.170644607733845044e-01
1.169764822675356392e-01
1.169764822675356392e-01
1.169764822675356392e-01
1.169764822675356392e-01
1.135156735905415992e-01
1.103829543845172151e-01
1.103729406342674607e-01
1.103729406342674607e-01
1.103729406342674607e-01
1.041697662299734956e-01
1.041697662299734956e-01
1.041697662299734956e-01
1.041697662299734956e-01
1.017118587480305425e-01
1.017118587480305425e-01
1.017118587480305425e-01
1.017118587480305425e-01
9.961070829515365765e-02
9.693951879544754346e-02
9.693951879544754346e-02
