7.720141546338803096e+01
7.673658619630292321e+01
7.673658619630292321e+01
7.613249649989471379e+01
7.550223278945266259e+01
7.511576776494185026e+01
7.209811925151676348e+01
6.305371382321065710e+01
5.877446833478960286e+01
5.692086884731114083e+01
4.946694694879154497e+01
3.557441080408271006e+01
3.271066591271792134e+01
3.271066591271792134e+01
3.271066591271792134e+01
3.271066591271792134e+01
3.102224728023238498e+01
2.929014012650277721e+01
2.837486913355372309e+01
2.788078841016262999e+01
2.760257628915113415e+01
2.743676431585057074e+01
2.733202576923490312e+01
2.612782713625870201e+01
2.538302125831804901e+01
2.500109878493589122e+01
2.479442898077568458e+01
2.256892546176220904e+01
2.118628566505634581e+01
2.077334980524023322e+01
2.060974048149421378e+01
2.006286518508700922e+01
1.961935907457980477e+01
1.928202559456100929e+01
1.837663676655041201e+01
1.782841051770401464e+01
1.712497286555767317e+01
1.650629158991318945e+01
1.634934511327514883e+01
1.591640009752398299e+01
1.438026756733637335e+01
1.323326509101454462e+01
1.257859937080684531e+01
1.140766692486085532e+01
1.060610318262496854e+01
9.836363604117993376e+00
8.727274404524600016e+00
7.563055432361167618e+00
6.112781522186280903e+00
5.315310488820999879e+00
5.049621599546594730e+00
3.435966719115379764e+00
2.869314016754934915e+00
2.159591672368973647e+00
1.871530689214702559e+00
1.504034258097072030e+00
1.079735852140869090e+00
9.433128605532605793e-01
7.828435772316941765e-01
7.022561727292863099e-01
6.387146209031531185e-01
6.006548130520014128e-01
5.593405122190211465e-01
5.593405122190211465e-01
5.426380002659310087e-01
5.395599258978557300e-01
5.225208381192476548e-01
5.225208381192476548e-01
5.063856703211202515e-01
5.063856703211202515e-01
5.063856703211202515e-01
5.063856703211202515e-01
4.794368366470427301e-01
4.794368366470427301e-01
4.698322024757776716e-01
4.698322024757776716e-01
4.621283924190647263e-01
4.522293837840277164e-01
4.296908689747561683e-01
3.988285315354209715e-01
3.522208619501280835e-01
3.522208619501280835e-01
3.367529425482596594e-01
3.111596169321616534e-01
3.038130145291891293e-01
3.038130145291891293e-01
3.038130145291891293e-01
3.038130145291891293e-01
3.038130145291891293e-01
3.038130145291891293e-01
3.038130145291891293e-01
3.038130145291891293e-01
2.965991041689705066e-01
2.905654276898952393e-01
2.901685201216812060e-01
2.901685201216812060e-01
2.901685201216812060e-01
2.768607032348420760e-01
2.755058644674104329e-01
2.755058644674104329e-01
2.755058644674104329e-01
2.755058644674104329e-01
2.660529748178592779e-01
2.660529748178592779e-01
2.613314505732720616e-01
2.593842224723867385e-01
2.503818094687633167e-01
2.352194164233325779e-01
2.352194164233325779e-01
2.343087485586300145e-01
2.221604728615156898e-01
2.178599513184709124e-01
2.172090939407084198e-01
2.172090939407084198e-01
2.172090939407084198e-01
2.172090939407084198e-01
2.172090939407084198e-01
2.155056604138318177e-01
2.067188564888151892e-01
2.017398352510317572e-01
2.017398352510317572e-01
1.997266477788705863e-01
1.997266477788705863e-01
1.997266477788705863e-01
1.988591558238149704e-01
1.945058273482536682e-01
1.945058273482536682e-01
1.945058273482536682e-01
1.945058273482536682e-01
1.945058273482536682e-01
1.945058273482536682e-01
1.945058273482536682e-01
1.945058273482536682e-01
1.926488510731052817e-01
1.889226905867470718e-01
1.889226905867470718e-01
1.889226905867470718e-01
1.887047395537466699e-01
1.887047395537466699e-01
1.887047395537466699e-01
1.887047395537466699e-01
1.868005498385443552e-01
1.837090977705135575e-01
1.831267665573707848e-01
1.831267665573707848e-01
1.831267665573707848e-01
1.831267665573707848e-01
1.812314037517434584e-01
1.795623891937861982e-01
1.795623891937861982e-01
1.763609679002626218e-01
1.763609679002626218e-01
1.763609679002626218e-01
1.763609679002626218e-01
1.763609679002626218e-01
1.763609679002626218e-01
1.763609679002626218e-01
1.741115043670723173e-01
1.731641177836626688e-01
1.731641177836626688e-01
1.731641177836626688e-01
1.731641177836626688e-01
1.696704976501755280e-01
1.696704976501755280e-01
1.661535950177177312e-01
1.644581618306286686e-01
1.644581618306286686e-01
1.619517780840864229e-01
1.619517780840864229e-01
1.619517780840864229e-01
1.616408506772561426e-01
1.616408506772561426e-01
1.616408506772561426e-01
1.614771992105718257e-01
1.614771992105718257e-01
1.614771992105718257e-01
1.563444137683098756e-01
1.563444137683098756e-01
1.556090393879653311e-01
1.556090393879653311e-01
1.556090393879653311e-01
1.539644206684050165e-01
1.539644206684050165e-01
1.539644206684050165e-01
1.539644206684050165e-01
1.539644206684050165e-01
1.537267808930352364e-01
1.528907174966789018e-01
1.518812880287233325e-01
1.518812880287233325e-01
1.518812880287233325e-01
1.466325113893068022e-01
1.430393844393711700e-01
1.411026539075389830e-01
1.409874593238746310e-01
1.409874593238746310e-01
1.398396839282945447e-01
1.386795951166547580e-01
1.386795951166547580e-01
1.386795951166547580e-01
