4.056088918929388853e+01
3.971611722307376624e+01
3.912736221149848603e+01
3.871229914599907573e+01
3.840924501832742521e+01
3.818735082434179162e+01
3.802934250744871747e+01
3.791634401605359983e+01
3.783364557753824187e+01
3.777317285684697623e+01
3.772889736577014475e+01
3.769663579932695541e+01
3.767302667948584372e+01
3.765580179509344561e+01
3.764321202832338997e+01
3.763401675970230542e+01
3.762731372298178911e+01
3.762241210424545557e+01
3.761883633630697688e+01
3.580308095605679597e+01
3.401472546821363352e+01
3.299111628470674873e+01
2.421530473932992322e+01
2.114817237936255623e+01
2.094852632208950638e+01
2.094852632208950638e+01
2.044754190602759891e+01
2.009133190771935062e+01
2.009133190771935062e+01
2.009133190771935062e+01
2.004520844785688638e+01
2.004520844785688638e+01
1.978960348970928251e+01
1.946207362706654109e+01
1.851148622118648035e+01
1.793680147994499308e+01
1.700800996467248183e+01
1.661221544702065600e+01
1.548815376767876018e+01
1.475607576468625837e+01
1.384258259073514274e+01
1.314230464650139574e+01
1.247252424076167898e+01
1.200972431580224153e+01
1.142873741542641497e+01
1.099247533931123044e+01
1.040774554455972201e+01
1.012086276487641534e+01
9.626187109221438831e+00
9.025489973934361032e+00
8.447446727248546949e+00
7.604717360998222375e+00
6.657153702967656628e+00
6.017565874489546829e+00
5.195602790152071826e+00
4.768025984329638867e+00
4.530375176452819730e+00
4.399123583112034552e+00
4.296527270201483617e+00
4.227927572700040493e+00
4.120159649440515715e+00
4.016029304624859186e+00
3.969809584987193496e+00
3.900763484079135868e+00
3.876442084581656289e+00
3.827551994395394175e+00
3.803685142774280159e+00
3.788383717035532783e+00
3.762551859915817420e+00
3.724717978880827118e+00
3.693915183729694185e+00
3.641638809482532491e+00
3.628249152595606652e+00
3.574548751911449163e+00
3.528046754132831975e+00
3.484476459226453215e+00
3.446360095311975513e+00
3.420362233227476345e+00
3.402687503325930507e+00
3.393409736304947799e+00
3.393008521198843219e+00
3.375035897628023029e+00
3.360549319802489165e+00
3.348745682375207533e+00
3.337379112775217038e+00
3.336063417596120129e+00
3.316472225527690831e+00
3.300215981807188115e+00
3.299084478193996528e+00
3.299084478193996528e+00
3.292761157889254164e+00
3.285650398455265631e+00
3.285650398455265631e+00
3.285650398455265631e+00
3.280475744304979013e+00
3.279768908052179910e+00
3.278512658848360850e+00
3.274765169687364086e+00
3.271436476753061484e+00
3.263440895159549271e+00
3.254138005268870870e+00
3.253448573849205605e+00
3.248124933342540377e+00
3.241920983796628519e+00
3.238899307103739300e+00
3.232519148592364111e+00
3.232165095525370901e+00
3.232165095525370901e+00
3.231716848648756191e+00
3.230167920933875614e+00
3.218885790959572279e+00
3.207905885235831533e+00
3.188839219905362121e+00
3.166713898367578661e+00
3.153074896228411639e+00
3.128617601456450625e+00
3.104775219241794559e+00
3.072039104332160875e+00
3.050218392010752400e+00
3.030770748716800522e+00
3.002314756189436551e+00
2.966904346200299525e+00
2.942809227840949671e+00
2.913874358393077735e+00
2.899750739168533542e+00
2.876618169094623312e+00
2.857156995547504685e+00
2.835460865158927923e+00
2.820750700183355164e+00
2.809453072686517672e+00
2.801786852371361380e+00
2.784844753601555922e+00
2.777138654910277005e+00
2.762919038923655979e+00
2.752079340794550077e+00
2.741617911496150750e+00
2.735608411789296479e+00
2.717452145013750986e+00
2.703401426252739714e+00
2.690289366865116438e+00
2.673108646259963361e+00
2.659264108173919894e+00
2.639912965616452833e+00
2.621378599559478495e+00
2.600207251048066937e+00
2.585143012834493437e+00
2.559720230119293838e+00
2.514696102798018806e+00
2.477680183062833663e+00
2.456188795957110926e+00
2.424230257731838201e+00
2.386345503393606293e+00
2.338508492068783085e+00
2.305549910784279177e+00
2.298059952208586942e+00
2.271786928006613415e+00
2.261627425536228753e+00
2.243926226214334463e+00
2.215486437644267337e+00
2.169344323873517499e+00
2.114541979234964675e+00
2.105863483383872303e+00
2.060510590096270800e+00
2.032430935648032122e+00
1.999579355809452341e+00
1.975594616319470198e+00
1.935427359544729775e+00
1.908506833265746438e+00
1.864466948246562339e+00
1.837653093302326734e+00
1.818489335113566252e+00
1.790659455502729758e+00
1.755613697517801608e+00
1.727597043503115160e+00
1.692214429702436407e+00
1.667372306725798836e+00
1.657365595828522942e+00
1.641923993797573145e+00
1.633721658774110352e+00
1.633369904785926252e+00
1.619725068871438189e+00
1.619725068871438189e+00
1.591704509158366587e+00
1.591704509158366587e+00
1.591704509158366587e+00
1.585646754153781757e+00
1.569490556690034566e+00
1.565589496924907342e+00
1.565589496924907342e+00
1.558588158387325784e+00
1.549227082946150302e+00
1.536591111978859336e+00
1.535186829260734465e+00
1.518835216995927384e+00
1.511886538451121087e+00
1.509333150520650868e+00
1.508961255622953912e+00
1.508961255622953912e+00
1.508961255622953912e+00
1.504566984306092925e+00
