6.931695626678464350e+01
6.931695626678464350e+01
6.736393338339908610e+01
6.362082844716822194e+01
6.130638235386658152e+01
5.983316596524566933e+01
5.886298624658707013e+01
5.821421856442711373e+01
5.147097570290503654e+01
4.886400257491013122e+01
4.797288609933362835e+01
4.769890557189337699e+01
4.763620242571934682e+01
4.763620242571934682e+01
4.763620242571934682e+01
4.763620242571934682e+01
4.763620242571934682e+01
4.172619205536955889e+01
3.545605260128938596e+01
3.242101910745303428e+01
3.095613506859137587e+01
2.934773659745694729e+01
2.821243515904800603e+01
2.696324640723656074e+01
2.486175124742811704e+01
2.349223820350190550e+01
2.105343184313491633e+01
1.922048638512687546e+01
1.817100324655685029e+01
1.749764531564773762e+01
1.657655208247588163e+01
1.657655208247588163e+01
1.612640272679308140e+01
1.564278385445811281e+01
1.472263714646728339e+01
1.406302338673156349e+01
1.322765785300260433e+01
1.227523820793428655e+01
1.210293011695978294e+01
1.164689088384384519e+01
1.116525110884849781e+01
1.081559814545819442e+01
1.044534942860849291e+01
1.011715422126028585e+01
9.673131082520683321e+00
9.413972260759916111e+00
9.351029970969086946e+00
8.745964051173800158e+00
8.403897853038195365e+00
8.037487903167702896e+00
7.737761521671359333e+00
7.255734359778600151e+00
7.136436296817122660e+00
6.739020065407988369e+00
6.341567759237502599e+00
6.123710869456806094e+00
5.893001481963894506e+00
5.598939146521574983e+00
5.384125377307361404e+00
5.249074940187877125e+00
5.102089827999142457e+00
4.911189872444349902e+00
4.785704461678591315e+00
4.697689143698209335e+00
4.529970610691228750e+00
4.370293522381935247e+00
4.278326761974581061e+00
4.197973590967160717e+00
3.990309211346286133e+00
3.878337226820351091e+00
3.730495256857497388e+00
3.602025695612510514e+00
3.449887342574358584e+00
3.409027233542134105e+00
3.301370287893778510e+00
3.159042646144418320e+00
3.053070791032963527e+00
2.994120893328807043e+00
2.952989790371853829e+00
2.802332727104855259e+00
2.718573166379472550e+00
2.619765674030234415e+00
2.538063773560134795e+00
2.413792943901461374e+00
2.313206974024886620e+00
2.249722972490236561e+00
2.192294871115599619e+00
2.136977537891950885e+00
2.097207343925179934e+00
2.050033515963454622e+00
1.982867762163812664e+00
1.928270687350346124e+00
1.896681420160695630e+00
1.862653238783522625e+00
1.835498723268099930e+00
1.811752474397253732e+00
1.798817193854837182e+00
1.764407195656411576e+00
1.755292329190436984e+00
1.743384015763017159e+00
1.743384015763017159e+00
1.742456018779713567e+00
1.722358512762635963e+00
1.696802332794800527e+00
1.692599857648720674e+00
1.676436897373460688e+00
1.669496487374921623e+00
1.666963971005087419e+00
1.639945395002033512e+00
1.636668316668542289e+00
1.635266270550630008e+00
1.635266270550630008e+00
1.635266270550630008e+00
1.635266270550630008e+00
1.629263713063678676e+00
1.628459341437369368e+00
1.628459341437369368e+00
1.623937508011102704e+00
1.605858837240510484e+00
1.605858837240510484e+00
1.596528753477233442e+00
1.594787353066027258e+00
1.594787353066027258e+00
1.591332993512245331e+00
1.585846262068665524e+00
1.578321914705773654e+00
1.576309089597592195e+00
1.569284982769537651e+00
1.559164717874661044e+00
1.557543228068415386e+00
1.555663644495561160e+00
1.548989114013584967e+00
1.548989114013584967e+00
1.539711904646795526e+00
1.539711904646795526e+00
1.537637376706482151e+00
1.526681276653756747e+00
1.526681276653756747e+00
1.526681276653756747e+00
1.526681276653756747e+00
1.526681276653756747e+00
1.526681276653756747e+00
1.526681276653756747e+00
1.526681276653756747e+00
1.526681276653756747e+00
1.526681276653756747e+00
1.526681276653756747e+00
1.524662240319344164e+00
1.524662240319344164e+00
1.523436665468616891e+00
1.522877436243070814e+00
1.522466205026674846e+00
1.517747453748227615e+00
1.515184721028102199e+00
1.511274454810993984e+00
1.510329346302584641e+00
1.508734140717940431e+00
1.500048939529976089e+00
1.494112730040096260e+00
1.484644303381042807e+00
1.467614782450730404e+00
1.458342546125438233e+00
1.448016242355917305e+00
1.437619365642827995e+00
1.427533577118619501e+00
1.399877973925273356e+00
1.367584858591283758e+00
1.343960722715243472e+00
1.328939974724284045e+00
1.320252354095255765e+00
1.319908279553553276e+00
1.310938965652941546e+00
1.310938965652941546e+00
1.310938965652941546e+00
1.308037899969932027e+00
1.308037899969932027e+00
1.297350195684657592e+00
1.296407860304274129e+00
1.287097150376554255e+00
1.280565208691391677e+00
1.276276805315913476e+00
1.270944686189065198e+00
1.270944686189065198e+00
1.266083695335458170e+00
1.266083695335458170e+00
1.265226689180117825e+00
1.256560613171843421e+00
1.255593080480895463e+00
1.243205514426650282e+00
1.241619007897178939e+00
1.227657961890717075e+00
1.218991035961861202e+00
1.202635885510672686e+00
1.200361871749231035e+00
1.187715558984986153e+00
1.176594826374461666e+00
1.153124832197919947e+00
1.121413820236948578e+00
1.090386263404204747e+00
1.067691081579254853e+00
