2.951685525484992922e+02
2.951685525484992922e+02
2.080119573193830718e+02
1.610041826196953707e+02
1.364597666374426126e+02
1.226734355198774864e+02
1.144728862543251751e+02
1.093651431827146041e+02
1.060643723092357220e+02
8.727841999874112844e+01
7.761071034089194143e+01
7.430362973773060276e+01
4.987782586260508566e+01
3.559735496742477778e+01
2.910511420312527164e+01
2.587890996864044979e+01
2.413758015700704362e+01
2.313210866730803872e+01
2.251991875592644732e+01
2.213094074925251675e+01
2.187528276892570034e+01
2.170322064120708205e+01
2.158481807427749999e+01
2.150228401116226706e+01
2.106538467137616166e+01
2.006337259643389714e+01
1.964394150626133140e+01
1.949682269205910146e+01
1.947301474698005563e+01
1.860781390200366303e+01
1.605126177811078847e+01
1.501551554522766452e+01
1.332668388630814604e+01
1.286338343829371844e+01
1.200487054210401894e+01
1.100134946512997658e+01
1.014817761298227516e+01
9.215000742588983940e+00
7.922371725452106439e+00
6.605778306977128089e+00
4.840193104768406585e+00
4.073437376660654863e+00
3.801683615017432682e+00
3.721524181443476298e+00
3.681686563293539383e+00
3.210888329304368405e+00
2.830583776142693964e+00
2.630570356355586892e+00
2.221113067002341346e+00
1.967681687945785463e+00
1.781855990183478067e+00
1.592149942217218728e+00
1.463610466794920129e+00
1.404823565095797644e+00
1.324845185426656524e+00
1.220997217098375387e+00
1.118171876417524357e+00
1.045915847650435992e+00
9.780551530669030491e-01
9.416498800397530289e-01
8.670252581730165664e-01
7.997527427927554333e-01
7.307678171742862938e-01
6.345866667680439832e-01
5.861532861877566392e-01
5.654162106677133037e-01
5.434431884967845239e-01
5.299434775255594809e-01
4.924608122451447634e-01
4.457802235914117839e-01
4.303827540379008276e-01
4.219117386714258955e-01
3.944520327539532967e-01
3.905197660969126350e-01
3.905197660969126350e-01
3.894457453952951398e-01
3.881327159816387318e-01
3.805373706021746294e-01
3.805373706021746294e-01
3.797573175928291023e-01
3.772626755627452866e-01
3.667152099539501275e-01
3.616178624667395480e-01
3.616178624667395480e-01
3.616178624667395480e-01
3.616178624667395480e-01
3.580281900487632396e-01
3.580281900487632396e-01
3.539650808747481503e-01
3.539650808747481503e-01
3.539650808747481503e-01
3.539650808747481503e-01
3.525867852730946717e-01
3.505893063157117795e-01
3.454662153136480174e-01
3.454662153136480174e-01
3.454662153136480174e-01
3.387180001224213699e-01
3.377948954759720790e-01
3.377948954759720790e-01
3.377948954759720790e-01
3.377948954759720790e-01
3.377948954759720790e-01
3.353010667481025053e-01
3.310626532988434345e-01
3.271310921060802124e-01
3.234785165333577961e-01
3.234785165333577961e-01
3.234785165333577961e-01
3.196783711252561555e-01
3.170898787325132639e-01
3.151451746941724141e-01
3.139277168308917676e-01
3.139277168308917676e-01
3.102037034395899728e-01
3.094332731171940964e-01
3.094332731171940964e-01
3.094332731171940964e-01
3.094332731171940964e-01
3.094332731171940964e-01
3.009857220495688046e-01
3.009857220495688046e-01
2.946040777580394288e-01
2.938997093474191580e-01
2.930134477581609609e-01
2.930134477581609609e-01
2.911475292244286583e-01
2.861585310876495480e-01
2.830263256651700532e-01
2.803811206892486974e-01
2.803811206892486974e-01
2.803811206892486974e-01
2.803811206892486974e-01
2.742875416644100506e-01
2.713470602450476776e-01
2.698325845542446921e-01
2.698325845542446921e-01
2.698325845542446921e-01
2.698325845542446921e-01
2.665630858962754757e-01
2.665630858962754757e-01
2.654892066974925413e-01
2.654892066974925413e-01
2.654892066974925413e-01
2.603002172764418698e-01
2.603002172764418698e-01
2.578913401335500843e-01
2.525540545672210202e-01
2.510303320360477430e-01
2.494198602879028615e-01
2.494198602879028615e-01
2.494198602879028615e-01
2.494198602879028615e-01
2.494198602879028615e-01
2.494198602879028615e-01
2.494198602879028615e-01
2.494198602879028615e-01
2.494198602879028615e-01
2.494198602879028615e-01
2.494198602879028615e-01
2.461824522237932023e-01
2.461824522237932023e-01
2.446341217305056659e-01
2.446341217305056659e-01
2.446341217305056659e-01
2.419399902526232216e-01
2.405285580172782101e-01
2.405285580172782101e-01
2.405285580172782101e-01
2.401047609031385643e-01
2.401047609031385643e-01
2.401047609031385643e-01
2.401047609031385643e-01
2.380326477620950676e-01
2.347635857053692598e-01
2.341619561876309430e-01
2.341619561876309430e-01
2.329147658136438426e-01
2.321417103247762070e-01
2.321417103247762070e-01
2.321417103247762070e-01
2.321417103247762070e-01
2.321417103247762070e-01
2.321417103247762070e-01
2.319191731754343677e-01
2.312244545126542206e-01
2.312244545126542206e-01
2.257545184857185916e-01
2.257545184857185916e-01
2.248300249619268887e-01
2.248300249619268887e-01
2.218950013741793070e-01
2.218950013741793070e-01
2.212279131585425107e-01
2.212279131585425107e-01
2.212279131585425107e-01
2.212279131585425107e-01
2.207865497663522858e-01
2.206312313767347377e-01
2.205426597209414197e-01
