1.662817463330891599e+01
1.662817463330891599e+01
1.662817463330891599e+01
1.662817463330891599e+01
1.594010796999745239e+01
1.594010796999745239e+01
1.569046445281068358e+01
1.549662401257463884e+01
1.549662401257463884e+01
1.523258132784448904e+01
1.513480240211005423e+01
1.509659924571996825e+01
1.509659924571996825e+01
1.391989766835557774e+01
1.212223289550690453e+01
1.107010901807200831e+01
1.037799211891404028e+01
7.376997996035541405e+00
7.376997996035541405e+00
6.742986638349162121e+00
4.244591449229939251e+00
3.710415241565201860e+00
3.710415241565201860e+00
3.710415241565201860e+00
3.710415241565201860e+00
3.443929994920990723e+00
3.443929994920990723e+00
3.060975029753695509e+00
2.774922854186549603e+00
2.704832201857205742e+00
2.660620710773159203e+00
2.621214731702738998e+00
2.275096874232990452e+00
2.070018557114557733e+00
1.941577755636312741e+00
1.833223085053233392e+00
1.833223085053233392e+00
1.833223085053233392e+00
1.680210610171880559e+00
1.373160365078633482e+00
1.106071237938456964e+00
1.037405983771709117e+00
9.201787461312063154e-01
8.193688536709011760e-01
7.523462787751372671e-01
7.457098374806432339e-01
6.264099651026937554e-01
6.264099651026937554e-01
5.606490648859480119e-01
5.605965529057576058e-01
4.728457603043954016e-01
4.715234820822711836e-01
4.593292930112625183e-01
4.593292930112625183e-01
4.245734881822987306e-01
4.102035387044939974e-01
4.023955665690916450e-01
3.435131898537878148e-01
3.198060637292072239e-01
3.198060637292072239e-01
3.001760199916998495e-01
2.808670138546938144e-01
2.701187973676834053e-01
2.459013478056166768e-01
2.249305079830352938e-01
2.172473570054184733e-01
2.172473570054184733e-01
2.165217201646197076e-01
2.165217201646197076e-01
2.165217201646197076e-01
2.165217201646197076e-01
2.070401615071225387e-01
1.945534973273962132e-01
1.787084607603109665e-01
1.787084607603109665e-01
1.787084607603109665e-01
1.782578605699043639e-01
1.782578605699043639e-01
1.782578605699043639e-01
1.782578605699043639e-01
1.782578605699043639e-01
1.782578605699043639e-01
1.782578605699043639e-01
1.767149983795023305e-01
1.767149983795023305e-01
1.767149983795023305e-01
1.756403432072425053e-01
1.756403432072425053e-01
1.714629331032835879e-01
1.711866256993162250e-01
1.711866256993162250e-01
1.711866256993162250e-01
1.711866256993162250e-01
1.672669686155106861e-01
1.672669686155106861e-01
1.672669686155106861e-01
1.672669686155106861e-01
1.672669686155106861e-01
1.672669686155106861e-01
1.672669686155106861e-01
1.672669686155106861e-01
1.672669686155106861e-01
1.653778376729989619e-01
1.653778376729989619e-01
1.653778376729989619e-01
1.653778376729989619e-01
1.653778376729989619e-01
1.653778376729989619e-01
1.653778376729989619e-01
1.653778376729989619e-01
1.653778376729989619e-01
1.630189009453172355e-01
1.627131632032615127e-01
1.604716097564406752e-01
1.562058618524151399e-01
1.544510057289236737e-01
1.544510057289236737e-01
1.544510057289236737e-01
1.544510057289236737e-01
1.541643430278549221e-01
1.499963128216084129e-01
1.442931231101467482e-01
1.401956998570075830e-01
1.366612229937090028e-01
1.317241939312217003e-01
1.290059791258244826e-01
1.278633684214137700e-01
1.272923710481463078e-01
1.272923710481463078e-01
1.272923710481463078e-01
1.237734817571944923e-01
1.236116398420355200e-01
1.155574209700140492e-01
1.146538434833817982e-01
1.131855048905311134e-01
1.131855048905311134e-01
1.131855048905311134e-01
1.131855048905311134e-01
1.093018005674492171e-01
1.078613428408897734e-01
1.059590389420280027e-01
1.057023543541379534e-01
1.057023543541379534e-01
1.057023543541379534e-01
1.057023543541379534e-01
1.057023543541379534e-01
1.057023543541379534e-01
1.057023543541379534e-01
1.057023543541379534e-01
1.057023543541379534e-01
1.057023543541379534e-01
1.057023543541379534e-01
1.057023543541379534e-01
1.052525258265868680e-01
1.052525258265868680e-01
1.048037459921258435e-01
1.048037459921258435e-01
1.040655362089711461e-01
1.040655362089711461e-01
1.026764306990196191e-01
1.026764306990196191e-01
1.026764306990196191e-01
1.026764306990196191e-01
1.022372644725527274e-01
1.020820688594555881e-01
1.020820688594555881e-01
1.012274720205910139e-01
9.971381845331905858e-02
9.971381845331905858e-02
9.971381845331905858e-02
9.971381845331905858e-02
9.964952577292253422e-02
9.940541054694443379e-02
9.916117154172661430e-02
9.810849828326988209e-02
9.753577078609129702e-02
9.728982155384327535e-02
9.558176776644729256e-02
9.558176776644729256e-02
9.558176776644729256e-02
9.419451142294957280e-02
9.419451142294957280e-02
9.419451142294957280e-02
9.419451142294957280e-02
9.419451142294957280e-02
9.419451142294957280e-02
9.419451142294957280e-02
9.419451142294957280e-02
9.419451142294957280e-02
9.389722782390470812e-02
9.370683877949201324e-02
9.370683877949201324e-02
9.370683877949201324e-02
9.370683877949201324e-02
9.370683877949201324e-02
9.370683877949201324e-02
9.245545157683530968e-02
9.245545157683530968e-02
9.245545157683530968e-02
9.236535428915507162e-02
