4.434285076914940760e+01
4.231353435109738825e+01
4.130762328274936834e+01
4.082352964181669108e+01
4.059998398714133572e+01
4.050453282661445797e+01
4.046864838819145405e+01
3.551139296730305261e+01
3.229607345238878935e+01
3.085717166400946354e+01
3.015642338128780509e+01
2.979126084339266356e+01
2.959012665809831333e+01
2.896521834457345790e+01
2.269745995163409447e+01
2.001208740718185553e+01
1.882168451628848516e+01
1.828548867197394401e+01
1.804471630837283058e+01
1.793990787336004900e+01
1.789770135070039458e+01
1.737964182541971070e+01
1.573845621024111097e+01
1.477862022620615079e+01
1.320791916614376404e+01
1.320791916614376404e+01
1.254525314548071613e+01
1.225716624404806510e+01
1.124224812612867908e+01
1.018269914130284803e+01
9.749537000680950527e+00
9.565948608369417627e+00
9.083862689193342277e+00
8.777089393430214770e+00
8.511047767968072719e+00
8.018982742650340612e+00
8.018982742650340612e+00
7.396182253018421804e+00
7.112572103930329348e+00
6.741073536278149980e+00
6.215117954183703830e+00
5.523641251447214628e+00
4.962369161921721172e+00
4.513049404340424786e+00
4.204375537990717504e+00
3.986446322930712327e+00
3.831769585048172555e+00
3.731384129230968405e+00
3.678707899289622052e+00
3.646680867549028982e+00
3.576965085021849511e+00
3.515513106929366138e+00
3.431571385806505781e+00
3.387021737459054549e+00
3.279206079526300055e+00
3.239238065397397115e+00
3.136434681473167174e+00
3.064669293899791036e+00
3.005332752078273995e+00
2.946380746972938613e+00
2.890095347616551180e+00
2.849692551620364611e+00
2.826373623047872208e+00
2.812685571101787296e+00
2.775574374232429697e+00
2.766362793959753930e+00
2.740364554606862235e+00
2.733050644937495832e+00
2.715384656175670930e+00
2.710981569571788263e+00
2.699353862597159370e+00
2.690227589706815081e+00
2.678264298507054164e+00
2.674167749300463193e+00
2.674167749300463193e+00
2.648828834195769755e+00
2.637877880721073431e+00
2.622259009203808056e+00
2.592092153391434728e+00
2.575882505057268013e+00
2.563382066476806109e+00
2.563382066476806109e+00
2.560739248824455139e+00
2.541338420758945560e+00
2.541338420758945560e+00
2.541338420758945560e+00
2.540527856991015021e+00
2.540527856991015021e+00
2.529334677795225250e+00
2.523988841962235163e+00
2.523988841962235163e+00
2.503129989249761600e+00
2.493176347041529795e+00
2.483346815364337878e+00
2.471729825752066567e+00
2.436202605316191594e+00
2.404233314262717691e+00
2.384149167705822414e+00
2.365159769632942499e+00
2.321548084298891812e+00
2.316412157918893655e+00
2.286255533291844166e+00
2.258587286283631812e+00
2.249365637043426069e+00
2.240794481292766704e+00
2.196676410443869187e+00
2.159451580492715017e+00
2.128905760536123459e+00
2.121188687046664079e+00
2.114583591840620169e+00
2.101552041104600477e+00
2.076478775182647230e+00
2.073385083968839471e+00
2.056578983860804399e+00
2.032425899768065758e+00
2.018965433069184634e+00
2.018965433069184634e+00
2.018965433069184634e+00
2.002831712225217942e+00
2.002831712225217942e+00
1.987624032527788076e+00
1.972465182895478675e+00
1.972465182895478675e+00
1.956197501231855984e+00
1.946178425239596388e+00
1.931028533144178772e+00
1.924541601534087043e+00
1.914969261641207510e+00
1.894659729527108816e+00
1.881946174855843257e+00
1.866816866378566697e+00
1.866816866378566697e+00
1.866816866378566697e+00
1.861696674857194145e+00
1.853477157770802464e+00
1.845854481340271525e+00
1.841439381850089152e+00
1.837865240108107923e+00
1.835557421161597480e+00
1.834288885065053831e+00
1.832200467863732696e+00
1.831742352119828166e+00
1.822273377449342924e+00
1.818466712826479981e+00
1.799697820429468686e+00
1.793498746326733340e+00
1.792545924283005299e+00
1.760983385666870404e+00
1.749363916740081848e+00
1.725028964189563085e+00
1.707362481210348060e+00
1.704310549635124961e+00
1.689900482865346110e+00
1.673993837007925922e+00
1.653238659552036971e+00
1.625125153376590026e+00
1.583843002120884247e+00
1.580447940644528204e+00
1.550080522342477174e+00
1.550080522342477174e+00
1.542042376790152547e+00
1.542042376790152547e+00
1.528298555511561352e+00
1.494746620993785191e+00
1.479685919153814311e+00
1.473658179960794623e+00
1.471769157080947243e+00
1.457862703118587788e+00
1.450370180727834413e+00
1.427719993563355105e+00
1.413533039560190163e+00
1.410455358683446292e+00
1.410455358683446292e+00
1.407781071109987403e+00
1.398359506416909648e+00
1.388780831790053849e+00
1.365424525365738662e+00
1.357360686859738097e+00
1.329453189298908322e+00
1.296323628964639596e+00
1.289182831226728387e+00
1.224384802853878629e+00
1.216723177928657584e+00
1.170271023301233004e+00
1.121913039679168556e+00
1.086769694094176009e+00
1.059893813686052289e+00
1.033593300993768782e+00
1.012181559201061232e+00
9.891152490633400296e-01
9.862801846600732780e-01
9.632064150551304937e-01
9.504016605642613413e-01
9.454132595535791328e-01
9.400840205437461794e-01
9.400840205437461794e-01
9.265874072728985666e-01
9.109405837221299373e-01
8.716265219377977713e-01
8.716265219377977713e-01
