4.798799349050974428e+01
3.713847160547173587e+01
3.384225314928721673e+01
3.296236734662150525e+01
3.280148287721404898e+01
3.280148287721404898e+01
3.280148287721404898e+01
3.280148287721404898e+01
3.233524617559924508e+01
3.202036700085003673e+01
3.202036700085003673e+01
3.202036700085003673e+01
3.202036700085003673e+01
3.202036700085003673e+01
3.080388090032408144e+01
2.966166969649734142e+01
2.879937046007642465e+01
2.816140182237232281e+01
2.769421957725820249e+01
2.735157942067470316e+01
2.710230492924675616e+01
2.692133056092610843e+01
2.516929076695445389e+01
2.381373531562961432e+01
2.288105232997662952e+01
2.222768426909953021e+01
2.176615797850052303e+01
2.143951668639339658e+01
2.120765400119011446e+01
2.068538270128767920e+01
1.956336657945366397e+01
1.853304227574018270e+01
1.447292971113174431e+01
1.207362191331249157e+01
1.117630445141507955e+01
1.071040306197077996e+01
9.634307030118829829e+00
8.468969531984024357e+00
7.281220060194349308e+00
6.460137106073164048e+00
5.516463519987182096e+00
4.777520207110529604e+00
4.330961184263519392e+00
3.912209859366308606e+00
3.326862523647941217e+00
2.921668359039562013e+00
2.491042709716353443e+00
2.158769516969844204e+00
1.841588076471160296e+00
1.474987257315864442e+00
1.246138760686884339e+00
1.101620089401732505e+00
1.035719513254301338e+00
1.035719513254301338e+00
9.156808501123792077e-01
8.987456543316234558e-01
8.853862253413484762e-01
8.340501769732082682e-01
8.142824098447942749e-01
7.928280275953051293e-01
7.581337433818611249e-01
7.268648907729852171e-01
7.203820447908654279e-01
7.203820447908654279e-01
6.965210807332481435e-01
6.625297505371718909e-01
6.625297505371718909e-01
6.516717631451279802e-01
6.483791038485448022e-01
6.345828975002764105e-01
6.176565523642744138e-01
6.176565523642744138e-01
5.794440495679716863e-01
5.691632918209994507e-01
5.691632918209994507e-01
5.412051562724617959e-01
5.370604502508167233e-01
5.314913952731725733e-01
5.192724012164698921e-01
5.005454492305874137e-01
4.966786270523790292e-01
4.966386525849439404e-01
4.966386525849439404e-01
4.868833182953135053e-01
4.701023267631062597e-01
4.701023267631062597e-01
4.701023267631062597e-01
4.508991281315093413e-01
4.508991281315093413e-01
4.441064593901367652e-01
4.420927048729310638e-01
4.396889569586107105e-01
4.358614847827369521e-01
4.230791011820739245e-01
3.794167266948885175e-01
3.705539720483695953e-01
3.605241051224089555e-01
3.512128675205018480e-01
3.477466935092013989e-01
3.445194287950573142e-01
3.409377372385450911e-01
3.372666929141171499e-01
3.347550745035374753e-01
3.347550745035374753e-01
3.347550745035374753e-01
3.338831556658990452e-01
3.305298587202782357e-01
3.173248516553667242e-01
3.165335792977834184e-01
3.165335792977834184e-01
3.128042281793133594e-01
2.997452941336013477e-01
2.997452941336013477e-01
2.883299151755617795e-01
2.794683366878741304e-01
2.747857865395903487e-01
2.723778679967707173e-01
2.711796313489386323e-01
2.706107686612926888e-01
2.684927311026477637e-01
2.634908537626662883e-01
2.634908537626662883e-01
2.612161123738020452e-01
2.559664409767123394e-01
2.522798561370815373e-01
2.503328526186517911e-01
2.493369580526625939e-01
2.474862978684703729e-01
2.420821867243682923e-01
2.399300793995011172e-01
2.372254515439508049e-01
2.359605874458675923e-01
2.353953440625019267e-01
2.336607182412238359e-01
2.329725727014022585e-01
2.329725727014022585e-01
2.329052989653334627e-01
2.329052989653334627e-01
2.329052989653334627e-01
2.319564176564955504e-01
2.298866128866402792e-01
2.277516382314144494e-01
2.276526050331832141e-01
2.249634424134559774e-01
2.235813900063581827e-01
2.199555615426748434e-01
2.177687717572787951e-01
2.159562250565855712e-01
2.120262150074727903e-01
2.089369524756632124e-01
2.081517117035094067e-01
2.068078329746385891e-01
2.066326089502236729e-01
2.066326089502236729e-01
2.043250613541792715e-01
2.032414976083465330e-01
2.028552075326891801e-01
2.015651466757892307e-01
2.010198544905410500e-01
1.988755355719455942e-01
1.988755355719455942e-01
1.988755355719455942e-01
1.971173897761489824e-01
1.971173897761489824e-01
1.969932906969284747e-01
1.969932906969284747e-01
1.963184940593282191e-01
1.948451051318107197e-01
1.945642954913937850e-01
1.945642954913937850e-01
1.924216198460332872e-01
1.919088300156966409e-01
1.919088300156966409e-01
1.919088300156966409e-01
1.919088300156966409e-01
1.919088300156966409e-01
1.919088300156966409e-01
1.918446884137020858e-01
1.909577418710609598e-01
1.901940508541326846e-01
1.892116643941188225e-01
1.886131880405625960e-01
1.883277759669152451e-01
1.876022051633644827e-01
1.865080195395948104e-01
1.865080195395948104e-01
1.861286178153754856e-01
1.861286178153754856e-01
1.861286178153754856e-01
1.861286178153754856e-01
1.860241931440599905e-01
1.852106029647296315e-01
1.852106029647296315e-01
1.841096878999989861e-01
1.841096878999989861e-01
1.828457332645413991e-01
1.819183511379627582e-01
1.812987975596323242e-01
1.806660559095472074e-01
1.806660559095472074e-01
