6.762934258834715706e+01
6.762934258834715706e+01
6.302500310750991730e+01
5.560448327226457366e+01
5.168808097476531316e+01
4.949190647696909195e+01
4.821130311197866547e+01
4.244132855954535444e+01
3.636070542591879473e+01
3.604740140016748740e+01
3.604740140016748740e+01
3.170973083241519319e+01
2.516564754170892115e+01
2.267490405410885757e+01
1.913597042006475846e+01
1.730364003423616381e+01
1.663177848201712905e+01
1.663177848201712905e+01
1.539379359417428539e+01
1.464758434777665030e+01
1.238623543247083347e+01
1.134844323007200728e+01
1.107768417052273691e+01
1.107108700180152283e+01
1.094093848432517113e+01
1.047031890366832307e+01
9.824563064875231788e+00
9.195335805721789768e+00
8.516246570055979959e+00
6.958099747109127264e+00
5.947517269022947417e+00
4.534353582755527690e+00
3.844460272835781289e+00
3.232905895153399989e+00
3.008800440674038068e+00
2.835567663621239909e+00
2.554907350165771085e+00
2.484670666935481886e+00
2.386978554823679044e+00
2.236347787681758348e+00
2.135864559796466722e+00
2.064824806688736025e+00
2.043751674329089330e+00
1.972005622971597205e+00
1.921753273362140302e+00
1.890779046493193949e+00
1.808797490498091687e+00
1.788674937354162608e+00
1.739097675953440003e+00
1.697595604030281313e+00
1.634091114224812014e+00
1.602387578493168263e+00
1.563338805826230082e+00
1.476306162672661015e+00
1.476306162672661015e+00
1.409329388936898075e+00
1.363545471632719996e+00
1.354991147964029530e+00
1.274475791757451404e+00
1.219482900836629913e+00
1.207096736022110317e+00
1.187000389600336270e+00
1.181360734086449593e+00
1.180545591125171212e+00
1.157354764479478160e+00
1.141599528802067720e+00
1.092422889072371728e+00
1.056223116289152664e+00
1.045922028404069115e+00
1.002785019196528626e+00
1.001308957064100280e+00
1.001308957064100280e+00
1.001308957064100280e+00
1.000550019673729363e+00
9.777610425297909025e-01
9.777610425297909025e-01
9.739471537974784265e-01
9.739471537974784265e-01
9.662987895215668921e-01
9.662987895215668921e-01
9.596503915252907468e-01
9.596503915252907468e-01
9.596503915252907468e-01
9.596503915252907468e-01
9.535593339096979371e-01
9.535593339096979371e-01
9.535593339096979371e-01
9.449469727207508996e-01
9.350520046340712321e-01
9.350520046340712321e-01
9.350520046340712321e-01
9.339075441794991717e-01
9.318530683665640080e-01
9.030554521591782624e-01
9.030554521591782624e-01
9.030554521591782624e-01
9.030554521591782624e-01
9.030554521591782624e-01
9.030554521591782624e-01
8.930692352535489764e-01
8.826524377157178858e-01
8.743243402752443050e-01
8.743243402752443050e-01
8.743243402752443050e-01
8.686080096750146140e-01
8.509655101399025146e-01
8.372172403524341666e-01
8.260574062385661609e-01
8.149605909594987985e-01
8.022192113513959555e-01
7.870828327861130180e-01
7.870828327861130180e-01
7.800532998922494743e-01
7.800532998922494743e-01
7.686645201014765671e-01
7.686645201014765671e-01
7.556637386878518603e-01
7.442198187580273405e-01
7.442198187580273405e-01
7.361141116481111357e-01
7.202095406707518244e-01
7.126998144370709776e-01
6.928206173037856352e-01
6.818290282529034796e-01
6.736456820476985907e-01
6.616874321588865904e-01
6.584624276843473734e-01
6.584624276843473734e-01
6.532174106316875895e-01
6.455900908132936600e-01
6.352948815966983354e-01
6.348357195152164456e-01
6.348357195152164456e-01
6.251536074943675469e-01
6.251536074943675469e-01
6.204278544990571298e-01
6.175962975858662052e-01
6.167572936858316535e-01
6.153001828356212677e-01
6.088049155989541106e-01
6.077525737245796922e-01
6.077525737245796922e-01
6.020294126526386513e-01
6.020294126526386513e-01
5.975360079885663200e-01
5.932636735353121749e-01
5.932636735353121749e-01
5.831922633245161247e-01
5.831922633245161247e-01
5.741166216469132388e-01
5.604539016639376037e-01
5.457663470374146675e-01
5.443317426793938818e-01
5.353470266271930234e-01
5.263995942772833336e-01
5.154657469203252074e-01
5.125389992371172099e-01
5.125389992371172099e-01
5.125389992371172099e-01
5.011240519242374791e-01
4.870341712587326621e-01
4.795708211775972507e-01
4.751233361334346594e-01
4.635592765306456031e-01
4.589475636296972971e-01
4.501939515236943468e-01
4.415041292960386610e-01
4.335126924712893182e-01
4.286351181483675776e-01
4.286351181483675776e-01
4.286351181483675776e-01
4.286351181483675776e-01
4.271300857131897777e-01
4.271300857131897777e-01
4.269196346598773673e-01
4.269196346598773673e-01
4.194243286615889632e-01
4.189543958679859958e-01
4.124317940941210625e-01
3.955528586605658870e-01
3.955528586605658870e-01
3.923756517799897869e-01
3.889543393431694751e-01
3.830823278798302089e-01
3.830823278798302089e-01
3.821226997649610491e-01
3.821226997649610491e-01
3.789169413470455661e-01
3.701559867735308429e-01
3.636775027970520213e-01
3.503729884865476873e-01
3.458551572689584352e-01
3.350360137180881104e-01
3.318807286151556069e-01
3.318807286151556069e-01
3.318807286151556069e-01
3.318807286151556069e-01
3.248558252682887115e-01
3.248558252682887115e-01
3.248558252682887115e-01
