4.597138759977107725e+01
4.597138759977107725e+01
4.597138759977107725e+01
4.466746990305728104e+01
3.981397908804328978e+01
3.117399626445327243e+01
2.613619273037796020e+01
2.318924742231897085e+01
2.136403937770206340e+01
2.020336340129357922e+01
1.945047152077779984e+01
1.895279155406124616e+01
1.861784534939598856e+01
1.838869932704923471e+01
1.822973266342849641e+01
1.811812133412444581e+01
1.803904771566751464e+01
1.798260131044552779e+01
1.794207313123273906e+01
1.791285427177716372e+01
1.789172096351314423e+01
1.787640281944270626e+01
1.786527501197735290e+01
1.785718048107423073e+01
1.785129735829979580e+01
1.784700439985246589e+01
1.784388032919412481e+01
1.784159746160246840e+01
1.783994056505299497e+01
1.697469843929801669e+01
1.624636453517053880e+01
1.569066949082273332e+01
1.487615864825986023e+01
1.359285353502490423e+01
1.256277329676268195e+01
1.139318796156116065e+01
9.811445783985204727e+00
8.403884878533025571e+00
6.850525945226214830e+00
5.858316400617924913e+00
4.785206174507297128e+00
4.045362149187562650e+00
3.654891074688198849e+00
3.264489267796831129e+00
3.026915416611149823e+00
2.804583064927523850e+00
2.794172344869495284e+00
2.727326203650908276e+00
2.673350900145234021e+00
2.566337205890018680e+00
2.522535290084248594e+00
2.509770471513303125e+00
2.495701004474021545e+00
2.414587456927379527e+00
2.396053610611525997e+00
2.316496195923197110e+00
2.294274726358001892e+00
2.285260877043334915e+00
2.210553242271851015e+00
2.146408823327663917e+00
2.105013748989051248e+00
2.079641569617252106e+00
2.031225829789446991e+00
1.963108543598482969e+00
1.927161955607318955e+00
1.836703196022710038e+00
1.787693851056898708e+00
1.750676137353690542e+00
1.712706859246350355e+00
1.681077648023965976e+00
1.664578015834957903e+00
1.633040978529861187e+00
1.606894053493246322e+00
1.562889878623714202e+00
1.540920499462056004e+00
1.540920499462056004e+00
1.505517164108380657e+00
1.497442420427676169e+00
1.475824059643773500e+00
1.459445656775302691e+00
1.449475967075374294e+00
1.443146862176512224e+00
1.438736981702806617e+00
1.412487487694400023e+00
1.412487487694400023e+00
1.412487487694400023e+00
1.411890120832489659e+00
1.409576715614355047e+00
1.407492134722415411e+00
1.407492134722415411e+00
1.407492134722415411e+00
1.407492134722415411e+00
1.401365736050928401e+00
1.395567589211025972e+00
1.395567589211025972e+00
1.394885806310785403e+00
1.394885806310785403e+00
1.388200050578016320e+00
1.388200050578016320e+00
1.388200050578016320e+00
1.388200050578016320e+00
1.388200050578016320e+00
1.388200050578016320e+00
1.388200050578016320e+00
1.388200050578016320e+00
1.388200050578016320e+00
1.388200050578016320e+00
1.383656133259944632e+00
1.377974009741694150e+00
1.377974009741694150e+00
1.377974009741694150e+00
1.377974009741694150e+00
1.375171631911276116e+00
1.375171631911276116e+00
1.367863162390516418e+00
1.365111326785575008e+00
1.361954352344638908e+00
1.360235289757874000e+00
1.351774247150298036e+00
1.340108982353003020e+00
1.332607906134344766e+00
1.332607906134344766e+00
1.325097578362252948e+00
1.325097578362252948e+00
1.325097578362252948e+00
1.325097578362252948e+00
1.324601076525794285e+00
1.316670429723106661e+00
1.314577593710962278e+00
1.314577593710962278e+00
1.312578302235730909e+00
1.312391762649629978e+00
1.312391762649629978e+00
1.309897964861327591e+00
1.303096038122322886e+00
1.291625887577737108e+00
1.279447374411736504e+00
1.277845377228831625e+00
1.250408822258945563e+00
1.249113198116518442e+00
1.244589178915760153e+00
1.244589178915760153e+00
1.241435551497167111e+00
1.236125655343317753e+00
1.232051238506421287e+00
1.232051238506421287e+00
1.232051238506421287e+00
1.227545354162106861e+00
1.223711727001440153e+00
1.211877562232215988e+00
1.209674512090341603e+00
1.195583969068373609e+00
1.192000387267182049e+00
1.192000387267182049e+00
1.181587651903069691e+00
1.181587651903069691e+00
1.168489800075518836e+00
1.144751899109362814e+00
1.136393359827458482e+00
1.132455070404238651e+00
1.086834189241286941e+00
1.071265121591807423e+00
1.064001432478161702e+00
1.052847836643353130e+00
9.980385927003416757e-01
9.571667341395497797e-01
9.255594294441356062e-01
8.836282473527820036e-01
8.279227587688142709e-01
8.044472519860628168e-01
7.774140359304679837e-01
7.761893486979598578e-01
7.393880981213262205e-01
7.329583556017552626e-01
7.260869256176475384e-01
7.260869256176475384e-01
7.260869256176475384e-01
7.188902603315230344e-01
6.783434194548367824e-01
6.706718502721159547e-01
6.706718502721159547e-01
6.625293077505451933e-01
6.625293077505451933e-01
6.257409893140419843e-01
6.257409893140419843e-01
6.257409893140419843e-01
6.180102099661741732e-01
6.180102099661741732e-01
6.095827580296496739e-01
5.950534246353307299e-01
5.950534246353307299e-01
5.950534246353307299e-01
5.858867930992023298e-01
5.799179198433767057e-01
5.799179198433767057e-01
5.799179198433767057e-01
5.799179198433767057e-01
5.637948858616212977e-01
5.637948858616212977e-01
5.637948858616212977e-01
