8.007929789512577656e+01
7.952321523489393940e+01
7.891684748896489054e+01
7.836211474365019569e+01
7.786695271463847234e+01
7.742810128800957159e+01
7.707924413238970374e+01
6.733360768877911084e+01
5.491989097424379196e+01
4.845866850743099263e+01
4.477425206032853566e+01
4.252738395740493615e+01
4.108796916629455609e+01
4.013249008259195705e+01
3.948145495758550538e+01
3.902942565568656619e+01
3.871142304432838444e+01
3.848542259364078433e+01
3.832359022169549689e+01
3.820715193953969191e+01
3.812302344163302337e+01
3.806201535521219625e+01
3.801779735721933662e+01
3.798558700554256973e+01
3.796226633985064325e+01
3.794523928445677541e+01
3.793282750538929804e+01
3.792369930880624906e+01
3.791716378261462239e+01
3.791234117512982493e+01
3.518967488470742921e+01
3.353598117575990756e+01
3.286191459808060245e+01
3.249888702194548529e+01
3.225687090685315184e+01
3.207957861746977102e+01
3.156404928365179430e+01
2.951312387299007867e+01
2.810275263124498935e+01
2.610738897236752010e+01
2.439077311497965184e+01
2.336637476059780028e+01
2.136400338042436076e+01
1.991996245136370902e+01
1.803254050970042499e+01
1.610370592758369668e+01
1.426211843962444803e+01
1.225176839839705778e+01
1.054101661943553658e+01
9.250118059802296955e+00
8.011361122436721161e+00
6.863656288660623161e+00
5.894570564953850678e+00
4.900850994889018430e+00
3.971094309572873904e+00
2.841731019143943104e+00
2.244296587242813779e+00
1.528508986849122397e+00
1.147728667643843625e+00
9.790272835328026613e-01
7.384017071955923939e-01
6.298270123364047013e-01
6.298270123364047013e-01
6.280831965234051628e-01
6.093308826357515251e-01
5.635582532729834782e-01
5.329318961778946040e-01
5.329318961778946040e-01
5.228101393757014215e-01
5.220951920801460977e-01
5.104652063130333817e-01
5.034980890432357858e-01
4.992778731663384262e-01
4.843480790958379911e-01
4.837253990443248775e-01
4.601285011387046264e-01
4.370604032271184214e-01
4.282033476270539207e-01
4.233354321798097342e-01
4.233354321798097342e-01
4.233148230576578852e-01
4.233148230576578852e-01
4.173450803052157765e-01
4.153627132896671181e-01
4.086996354099050599e-01
4.051348932000872205e-01
3.996740029598817578e-01
3.877697119778478196e-01
3.877697119778478196e-01
3.877697119778478196e-01
3.877697119778478196e-01
3.877697119778478196e-01
3.877697119778478196e-01
3.877697119778478196e-01
3.875102435637919340e-01
3.840328115421062782e-01
3.840328115421062782e-01
3.840328115421062782e-01
3.838730390976907714e-01
3.788827204798876913e-01
3.741085517346658396e-01
3.735772051065973098e-01
3.735772051065973098e-01
3.731733486793877841e-01
3.674605653522728943e-01
3.674605653522728943e-01
3.627466921001005762e-01
3.627466921001005762e-01
3.531828968328500906e-01
3.531828968328500906e-01
3.531828968328500906e-01
3.531828968328500906e-01
3.531828968328500906e-01
3.523105036259867595e-01
3.523105036259867595e-01
3.502480540801634623e-01
3.464401981413005593e-01
3.462674837107205805e-01
3.435847577534812958e-01
3.424076953588286454e-01
3.408224568183486070e-01
3.378735582210784516e-01
3.350499136776389220e-01
3.327809634475501488e-01
3.299114847826998265e-01
3.286721387053080368e-01
3.262699280244888977e-01
3.156715070549599433e-01
3.143672220164767106e-01
3.100373490422349554e-01
3.027148418757283910e-01
2.978488440518699543e-01
2.927628034283477065e-01
2.884761366745661748e-01
2.809179870317201066e-01
2.765902886351452872e-01
2.748822535492742580e-01
2.711756022934065369e-01
2.711756022934065369e-01
2.711756022934065369e-01
2.711756022934065369e-01
2.700291412411355285e-01
2.679191413901821361e-01
2.679191413901821361e-01
2.674847430460758346e-01
2.649633992583902420e-01
2.649074258416566074e-01
2.624070503412092581e-01
2.614847029912575338e-01
2.604379901884633086e-01
2.600717017568430767e-01
2.585097841806706653e-01
2.552018126034278356e-01
2.543642374472444012e-01
2.543642374472444012e-01
2.543642374472444012e-01
2.500521905683918966e-01
2.500521905683918966e-01
2.466486085077535528e-01
2.466486085077535528e-01
2.466486085077535528e-01
2.459080216827406185e-01
2.437546677967998843e-01
2.401749828349326599e-01
2.369333330875438848e-01
2.355076854968644606e-01
2.355076854968644606e-01
2.340005070057762371e-01
2.340005070057762371e-01
2.335102180817152373e-01
2.335102180817152373e-01
2.335102180817152373e-01
2.332901147504617967e-01
2.325231601406939630e-01
2.322981469519184716e-01
2.320799748865351453e-01
2.312600732829652173e-01
2.308165328851909948e-01
2.305972358941698608e-01
2.292372687575342793e-01
2.290401044812629405e-01
2.279430484429567638e-01
2.266413245921473640e-01
2.264733760531960072e-01
2.261829373852993208e-01
2.259869479611580079e-01
2.243174976988782654e-01
2.235787116502852556e-01
2.232345772500613501e-01
2.232345772500613501e-01
2.232345772500613501e-01
2.232345772500613501e-01
2.229320595154729578e-01
2.226390392431915610e-01
2.226390392431915610e-01
2.226390392431915610e-01
2.226074081303709984e-01
2.219287363397888235e-01
2.213250838962967371e-01
2.213162105718991801e-01
