8.668433924713045258e+01
8.668433924713045258e+01
8.421132133086042870e+01
8.216167405817535041e+01
8.164728188997520419e+01
8.164728188997520419e+01
7.244750059952384902e+01
6.866823193958254024e+01
6.866823193958254024e+01
6.866823193958254024e+01
6.789538387427634802e+01
6.740313170783200292e+01
6.740313170783200292e+01
6.535229578150455154e+01
6.414683888899529052e+01
6.357503893878828194e+01
6.331917364822222538e+01
6.320373671122290204e+01
6.316063773278465021e+01
6.315126424533994509e+01
6.315126424533994509e+01
6.315126424533994509e+01
6.310767311621783193e+01
6.307874643161684958e+01
6.306051371534825023e+01
6.304880616894999434e+01
6.304104029325249314e+01
6.303588417502092511e+01
6.303231808931880664e+01
6.302987929226614483e+01
6.283385252724332304e+01
6.077923111700482650e+01
5.540138175729893533e+01
5.005805410954883428e+01
4.676660999319938838e+01
4.464683568011670900e+01
4.150123209348774367e+01
3.876359166742076923e+01
3.489430838212286545e+01
3.191352474390999205e+01
2.941206662119454762e+01
2.574281952053426181e+01
2.328634093915868775e+01
2.089112878138116969e+01
1.783876229572285155e+01
1.576430179248584018e+01
1.455615393114634770e+01
1.257355085956550589e+01
1.105073802802981042e+01
9.646494089730140331e+00
8.599969767953506761e+00
7.525702724074212924e+00
6.739440437623932745e+00
6.311162192988337694e+00
5.714101578250602387e+00
5.332294791917381538e+00
5.046820131937188592e+00
4.705634112843448236e+00
4.444713931167683540e+00
4.167880064574911003e+00
3.852355917388232243e+00
3.657296752633268255e+00
3.453126052751162245e+00
3.265202832428496293e+00
3.137489085771138164e+00
3.060886340183072818e+00
2.978546946103297621e+00
2.937830511593717109e+00
2.888986323996463046e+00
2.829860687268467512e+00
2.789074469589594152e+00
2.785110439385586556e+00
2.768376433482233612e+00
2.747309273363707671e+00
2.733035771907576184e+00
2.710092459329589865e+00
2.696722831589402070e+00
2.688608030445531760e+00
2.683853571905971513e+00
2.670939799765713829e+00
2.654567426365535887e+00
2.647208471800913454e+00
2.632581685336921051e+00
2.601441150186062590e+00
2.581103346289402634e+00
2.563287519182945395e+00
2.552891395375715078e+00
2.525006208985512757e+00
2.525006208985512757e+00
2.489627083195795620e+00
2.489627083195795620e+00
2.470910158708213622e+00
2.468125686762354665e+00
2.450476764276086961e+00
2.443723999065738894e+00
2.439651621764443501e+00
2.439651621764443501e+00
2.433190109993593531e+00
2.421466558769736821e+00
2.393459357817198541e+00
2.389863844835701023e+00
2.373975157401249536e+00
2.334974099352503440e+00
2.324846348835416965e+00
2.294535472791259245e+00
2.291151653973254376e+00
2.253824513159671028e+00
2.210034134077809131e+00
2.185194537221341271e+00
2.154090513324423029e+00
2.125451033979551152e+00
2.092167545822364971e+00
2.041441307649792591e+00
2.021469399949803236e+00
2.020092483194769972e+00
2.006755446078249516e+00
2.001605698185878079e+00
1.978709324082190246e+00
1.956801288073910072e+00
1.956801288073910072e+00
1.954326514933890646e+00
1.949812613184585208e+00
1.927789697699697991e+00
1.913167478607030070e+00
1.901336552255638690e+00
1.884862416322048873e+00
1.874495042224137542e+00
1.863098698586534541e+00
1.859236176667479867e+00
1.844970544133624601e+00
1.839440008382551728e+00
1.824295551531685433e+00
1.824295551531685433e+00
1.820111594626158791e+00
1.820111594626158791e+00
1.814198507598612231e+00
1.806986954280309199e+00
1.799354243509975637e+00
1.794833069389856428e+00
1.785926204983699472e+00
1.779855147320092312e+00
1.775663542488213009e+00
1.768900055423734408e+00
1.765711046438587228e+00
1.764124614405290892e+00
1.764124614405290892e+00
1.764124614405290892e+00
1.764124614405290892e+00
1.762615970712993807e+00
1.758566708451129168e+00
1.754310244026135557e+00
1.753016744544819705e+00
1.752354182638263369e+00
1.752354182638263369e+00
1.752354182638263369e+00
1.752354182638263369e+00
1.750226634486721444e+00
1.749185990498779653e+00
1.746088322710262375e+00
1.744642359260654807e+00
1.743424461277767623e+00
1.743424461277767623e+00
1.742721119128225471e+00
1.741408530814224864e+00
1.741408530814224864e+00
1.741408530814224864e+00
1.739957804439483890e+00
1.739339981356408771e+00
1.739339981356408771e+00
1.738683455128407829e+00
1.737383840825623249e+00
1.736789441761986019e+00
1.736789441761986019e+00
1.736789441761986019e+00
1.736789441761986019e+00
1.736789441761986019e+00
1.736206134153749581e+00
1.735675465136900852e+00
1.735036760144272217e+00
1.734210004620857726e+00
1.733997540463877218e+00
1.733625256960761973e+00
1.732765365618555764e+00
1.730996630722117402e+00
1.730614338929658658e+00
1.730358385303568891e+00
1.730358385303568891e+00
1.730358385303568891e+00
1.730358385303568891e+00
1.727181965314808387e+00
1.727181965314808387e+00
1.726561664748817115e+00
1.724538353424530435e+00
1.723925948290079058e+00
1.723925948290079058e+00
1.723925948290079058e+00
1.723925948290079058e+00
1.723925948290079058e+00
1.723849846842809841e+00
1.723496291779530898e+00
