1.263230553722080458e+02
1.263230553722080458e+02
1.263230553722080458e+02
1.255834500785049954e+02
1.255834500785049954e+02
1.255834500785049954e+02
9.115255566373588181e+01
5.264691824992237912e+01
4.216114491313393842e+01
3.946237706792687305e+01
3.930278895126695460e+01
3.930278895126695460e+01
3.898973542121852631e+01
3.860408753243962821e+01
3.838026031013770023e+01
3.824878380020543034e+01
3.817201029024100478e+01
3.812519843379219964e+01
3.809801625393451019e+01
3.807992727189455451e+01
3.807008211209649318e+01
3.806285359929844958e+01
3.805758898865494189e+01
3.805408900224441737e+01
3.805185781081014795e+01
3.753495422845882956e+01
3.530588449703621734e+01
3.530588449703621734e+01
3.341029183811053827e+01
3.210363347029775127e+01
3.138735168148874521e+01
2.931532504700577491e+01
2.855720885390292807e+01
2.783345105385805596e+01
2.540780930092446965e+01
2.381176666649502849e+01
2.138657952307061194e+01
1.921868499879976255e+01
1.756850507983426013e+01
1.658256962767071485e+01
1.481372645709617686e+01
1.400856522022721329e+01
1.256266865998985161e+01
1.147893251568571671e+01
1.086932898260880798e+01
9.681790398412143617e+00
8.612686900503859988e+00
7.698773455660338882e+00
6.073064716416848974e+00
4.770325055139239545e+00
3.275091677066069629e+00
2.143114171748737640e+00
1.666773555283648678e+00
1.616724608899886562e+00
1.260726706921370788e+00
1.044515073369208347e+00
9.034121886239891985e-01
8.292306495874774974e-01
7.271554427980682078e-01
7.271554427980682078e-01
6.679027001749169301e-01
6.375487750374637663e-01
6.358606698946457358e-01
5.985711244891401828e-01
5.509138558709374411e-01
5.324306806673306802e-01
5.117101268558157390e-01
5.021234381170628369e-01
4.871205608430965728e-01
4.633266935325147662e-01
4.410957175414805254e-01
4.151631629715031857e-01
4.082382156952005792e-01
3.774965291932020905e-01
3.674133001067713677e-01
3.623344946725450821e-01
3.402215002923791864e-01
3.229474562370663882e-01
3.058286707318479403e-01
2.762526105734149362e-01
2.653405331874578721e-01
2.580801693334908720e-01
2.075000727326306582e-01
1.883940989776720365e-01
1.883940989776720365e-01
1.682286580507730833e-01
1.666517933598768431e-01
1.595332715572932436e-01
1.544993127113419851e-01
1.544993127113419851e-01
1.544993127113419851e-01
1.544993127113419851e-01
1.544993127113419851e-01
1.544993127113419851e-01
1.544993127113419851e-01
1.529412067887655768e-01
1.529412067887655768e-01
1.529412067887655768e-01
1.529412067887655768e-01
1.529412067887655768e-01
1.529412067887655768e-01
1.497146133396930756e-01
1.497146133396930756e-01
1.494789713906515272e-01
1.494789713906515272e-01
1.489171502246312839e-01
1.489171502246312839e-01
1.481657898594785083e-01
1.470422102137409204e-01
1.470422102137409204e-01
1.466341682783421918e-01
1.466341682783421918e-01
1.466341682783421918e-01
1.466341682783421918e-01
1.466341682783421918e-01
1.463394084140230977e-01
1.460696652752189184e-01
1.453734737901381247e-01
1.451037825194958497e-01
1.433734824376227956e-01
1.432963140290519910e-01
1.428882462294071287e-01
1.427036881607691154e-01
1.423388998684581019e-01
1.420787480240577882e-01
1.416544225691688808e-01
1.407034389753168135e-01
1.407034389753168135e-01
1.391700979825674089e-01
1.391700979825674089e-01
1.389662883654687875e-01
1.381828930989087989e-01
1.373943259454740162e-01
1.373943259454740162e-01
1.373740374803266162e-01
1.373740374803266162e-01
1.373740374803266162e-01
1.373740374803266162e-01
1.373740374803266162e-01
1.373740374803266162e-01
1.371973296563321343e-01
1.370835163636630605e-01
1.370835163636630605e-01
1.370835163636630605e-01
1.370835163636630605e-01
1.364862125941395110e-01
1.364862125941395110e-01
1.364862125941395110e-01
1.363205614574350966e-01
1.363205614574350966e-01
1.363205614574350966e-01
1.362132063930691361e-01
1.362132063930691361e-01
1.355663585278311378e-01
1.349296969871882357e-01
1.349296969871882357e-01
1.349296969871882357e-01
1.345684625664886891e-01
1.340023395893600033e-01
1.340023395893600033e-01
1.340023395893600033e-01
1.340023395893600033e-01
1.336839998236992733e-01
1.335368516467263511e-01
1.335368516467263511e-01
1.335368516467263511e-01
1.335368516467263511e-01
1.332034730818424662e-01
1.326517703493597100e-01
1.315658773878290999e-01
1.315658773878290999e-01
1.315658773878290999e-01
1.315658773878290999e-01
1.315658773878290999e-01
1.315658773878290999e-01
1.315658773878290999e-01
1.314324566997099597e-01
1.312591754960866219e-01
1.310144880053659977e-01
1.310144880053659977e-01
1.310144880053659977e-01
1.308274571303485179e-01
1.308274571303485179e-01
1.308274571303485179e-01
1.308274571303485179e-01
1.308274571303485179e-01
1.308274571303485179e-01
1.308274571303485179e-01
1.306696215760370927e-01
1.306696215760370927e-01
1.304957539656741439e-01
1.304957539656741439e-01
1.304957539656741439e-01
1.304957539656741439e-01
1.304957539656741439e-01
1.304957539656741439e-01
1.304957539656741439e-01
1.304957539656741439e-01
1.298230652020543607e-01
1.297619155933019131e-01
