-6.307868392189988960e+00
-1.767095832694717039e+00
-5.085235271338896190e+00
-6.530287047147052881e+00
-4.984271995262766985e+00
2.543492287605017554e-01
-6.289741107797960140e+00
-1.549164276485157865e+00
7.105197659709318048e-01
-7.231394310795648650e+00
-4.066385295407997091e+00
-7.763842656082212912e+00
-3.113806736821086663e+00
0.000000000000000000e+00
-4.000000000000000000e+00
-1.955041723464367553e+00
-4.000000000000000000e+00
-5.266405740027702898e+00
-3.030372997871974672e+00
6.119988751455738285e-01
-7.360793738006917053e+00
-3.601541339242749551e+00
-9.491900485372847029e+00
-3.191112703599468414e+00
1.359193701399973309e+00
-5.230658845684862612e+00
-4.500888802545356171e+00
-5.014753111253662077e+00
-1.000000000000000000e+00
-6.677804433668551809e+00
-3.981127386303218607e+00
7.127421218215921339e-01
-6.636387219729063425e+00
-3.838538765236293671e+00
-8.657903587954658420e-01
-5.220177595146806127e+00
-2.833224770192817488e+00
-1.013582452234754738e+00
-4.824571338354217254e+00
-2.372281633656575739e+00
1.078450505667594372e+00
-8.059427845435251925e+00
-4.804892002168538845e+00
2.000000000000000000e+00
-2.004048505453878359e+00
-3.462902737919819174e+00
-6.899789791211806467e+00
-3.309913530181241459e+00
-2.448998448700549779e-01
-7.387858611755198979e+00
-2.619385447051779892e+00
-1.563874053214609372e+00
-9.000000000000000000e+00
-3.003932638572944569e+00
-2.000000000000000000e+00
-6.268347243190364182e+00
-2.216272253463759334e+00
3.132022886770340908e-01
-6.636647195861049120e+00
-3.005561621331231947e+00
-8.404353137737237411e-02
-6.483672076162326547e+00
-1.573757233334644789e+00
-6.589691547348983214e+00
-2.955037952701761839e+00
-4.000000000000000000e+00
-3.323505231771646695e+00
-4.542676098336018597e+00
-2.572471834197984641e+00
-4.979932775233741893e+00
-1.657537351286302973e+00
-6.881771864942022532e+00
-1.793345354041900208e+00
-7.553997149111579823e+00
-2.978408898711275010e-01
-7.256920606816559705e+00
-1.615765395684453321e+00
-4.000000000000000000e+00
-5.302599630503993522e-01
-6.812314276014300063e+00
-3.721246399047171138e+00
-2.384697316540553835e+00
-3.229250338544792154e+00
-4.496321482458550456e+00
-4.209632111030121138e+00
-2.136076948832180022e+00
-3.242114122653123598e+00
-5.690196149515636570e+00
-3.726812796971707087e+00
-4.869888975848026824e+00
-1.517235220923596417e+00
-4.538165496288617540e+00
-3.948876328679512326e+00
-3.734919536072425661e+00
-2.363914723956749064e+00
5.780128228822752068e-02
-4.414867331161609343e+00
-4.324999056771776651e+00
2.235256610833638469e+00
-6.544068022635552317e+00
-3.641441341363640394e+00
6.148265650231011792e-01
-2.544068022635552317e+00
-1.488643917086703850e+00
1.625934940367305792e+00
