-5.993760737445358089e+00
-3.504260612977719624e+00
-5.327308310309590844e+00
-6.493427064784918379e+00
-1.930465736368586871e+00
2.000000000000000000e+00
-5.363435174397195304e+00
-2.154479644519007753e+00
-1.734728535537093386e-01
-4.000000000000000000e+00
-3.812906811871785262e+00
-7.116957507139916927e+00
-3.019527818546572373e+00
-2.355169539695583791e-01
-3.247758181506598341e+00
-1.459839595327658168e+00
0.000000000000000000e+00
-7.130425710603751632e+00
-3.159984100807467833e+00
-5.663774906247796004e-01
-6.938154599161662439e+00
-3.019493770728584270e+00
-7.443628042335919126e+00
-3.607550542143294514e+00
-4.012621222159654666e-01
-7.396793121629912982e+00
-3.700706515232668803e+00
-4.960579744264088653e+00
-3.860892586439887531e+00
-6.953732722099633889e+00
-4.129327051441236129e+00
6.831789836698258511e-02
-6.329518924033857630e+00
-2.806047578448243485e+00
-1.996208125203336126e+00
-5.894961543797864856e+00
-1.097375701098627587e+00
-6.121435056512701811e-01
-7.226007161984963290e+00
-3.168200295403712285e+00
6.137170098486552927e-01
-7.229061475375450740e+00
-3.664366405745065336e+00
-1.653710407031539209e-01
-1.336148788542303567e+00
-3.025019155979318697e+00
-8.189509078122311436e+00
-2.835536248389159741e+00
-7.381223490395988351e-01
-7.077929460598691769e+00
-3.898919029744225995e+00
7.494626954953846898e-01
-6.935458952135451050e+00
-2.472266281805497457e+00
-1.280773781248988996e+00
-6.438311514770470367e+00
-1.881887121193559276e+00
-7.670135549670055453e-02
-8.133679696048462304e+00
-2.721492060646896860e+00
3.105751230541745622e-01
-4.915237132993509839e+00
-1.425034720028229840e+00
-6.969518921312712223e+00
-1.441535933852619689e+00
-7.125845542571899394e+00
-2.016846601257038074e+00
-6.371060412600735745e+00
-2.166233600941800397e+00
-5.930804370415885707e+00
-1.789945741763966813e+00
-5.527698126265527812e+00
-4.550197926533228743e-01
-7.564810497882283435e+00
-3.080003546991640029e+00
-5.920222590758068115e+00
-2.603594504079465466e+00
-6.752927320261568056e+00
-1.260980980460444156e+00
-6.236125283364557959e+00
-2.177429165612382089e+00
-4.204866928818649541e+00
-2.752092336294067465e+00
-5.461578501965838051e+00
-2.556606182064893318e+00
-3.695075986786280353e+00
-3.413600992282251223e+00
-3.973591599387400031e+00
-3.616102040464638900e+00
-4.930391263904946975e+00
-3.193752429894747280e+00
-3.693912052520479605e+00
-1.713214963648711731e+00
-5.866242261649461831e+00
-3.138345337487076669e+00
2.066678971694843270e+00
-4.653459707967458669e+00
-3.332635861153657508e+00
2.080399046823570575e-01
-2.544068022635552317e+00
-3.527521488795394511e+00
-4.674171003723671669e-01
-3.824249856106626488e+00
-2.159758613637151825e+00
8.909111737072877846e-01
