-7.832301767636056233e+00
-3.606452992711251859e+00
-3.204166649996178506e+00
-6.496298903985762152e+00
-2.855946115271212449e+00
1.410859046111147652e+00
-6.846474971057680214e+00
-3.287949714305136162e+00
5.427325492708700017e-01
-7.262899151812363563e+00
-1.579017078000258589e+00
-6.227633594465375566e+00
-3.114105248539573267e+00
-5.747697927755223146e-01
-2.252106411385815576e+00
-4.000000000000000000e+00
-1.626886659069732621e+00
-7.471030681726407607e+00
-4.054834733086423171e+00
-1.288262001069231111e-01
-7.807246044996531964e+00
-3.279732622515544094e+00
-7.907370820777595455e+00
-2.743586496731834856e+00
-1.054144385485593638e+00
-7.233911090079325312e+00
-3.752095819387345710e+00
-3.156463754152938339e+00
-4.014624555296754771e+00
-7.072638918812339526e+00
-3.292971981516033431e+00
4.713784159517267480e-01
-5.295456560470536367e+00
-2.341765680581833209e+00
-2.268263458208805705e+00
-6.117644285988887098e+00
-1.974914103956182609e+00
1.964183910724564441e+00
-5.828106935597695326e+00
-4.494555322315417101e+00
7.382470391336507509e-01
-6.818743288173707562e+00
-3.097441724608186675e+00
-4.408416345405247738e-01
4.009406518535748032e-01
-3.621780312309046845e+00
-7.903860164209061345e+00
-2.461713938890488507e+00
3.010677511786760685e-01
-5.485282509343911705e+00
-2.177225108639661233e+00
1.921847259580386158e+00
-8.480669606743083122e+00
-3.263212637479708356e+00
1.072874813465963806e-01
-8.092709723399229560e+00
-3.966311913824989599e+00
-1.154053667809898043e+00
-8.290061052776279027e+00
-3.452365108497722712e+00
3.535345499820768955e-01
-5.004635453178891247e+00
-7.111971108237807870e-01
-7.110951571818554307e+00
-1.232939722259843496e+00
-7.261499766520414845e+00
-1.355199676216850335e+00
-5.702201874118563829e+00
-3.618875353539277473e+00
-6.276349822054424266e+00
-1.246256331443334364e+00
-5.371312032847900930e+00
-1.592650789488499141e+00
-5.768771657235467920e+00
-3.509248440221385934e+00
-6.908192355225649450e+00
-1.876846022016838811e+00
-7.515460129929507183e+00
-3.022009847684398398e+00
-6.461148611202867542e+00
-1.594514373035023080e+00
-4.986635925804875136e+00
-2.557496192947021463e+00
-5.257406872127954323e+00
-3.525291652926058283e+00
-3.164831950966099594e+00
-2.660858034804519434e+00
-2.683458053448589009e+00
-1.000000000000000000e+00
-3.556575707781976625e+00
-3.410283540551723558e+00
-4.226858819403754630e+00
-3.429289604969266936e+00
-2.544068022635552317e+00
-2.534294452727515967e+00
8.982957770346697290e-02
-4.467127915828732476e+00
-2.013769124732184057e+00
-4.783313626634768528e-02
-3.332586752971858246e+00
-3.644767990052332873e+00
4.045990601857464841e-01
-4.247586989437142968e+00
-2.873477426861457573e+00
1.220365105299771269e+00
