-7.022306707547634197e+00
-3.857852075127134128e+00
-4.790632549841595811e+00
-5.645539352239660857e+00
-3.753688924799531978e+00
-1.271550778702283502e+00
-6.156283276116329084e+00
-2.647522489895182130e+00
-6.919140174875371141e-01
-7.415443846059969424e+00
-2.367834720634872436e+00
-5.038038120247043672e+00
-3.117676805581128807e+00
-1.308516133411253834e+00
-3.065677943654669946e+00
0.000000000000000000e+00
-1.265315794127017446e+00
-6.297316284586231383e+00
-2.977077324105606770e+00
8.495658932457291757e-01
-7.766710133303314834e+00
-2.180230808560238209e+00
-7.254306896662900961e+00
-4.053094523616159073e+00
2.000000000000000000e+00
-6.803529573768646976e+00
-3.234441294587276694e+00
-3.154901959985743076e+00
-3.806347650033327756e+00
-7.170107055963406140e+00
-2.387829464475674346e+00
1.991760646562032111e+00
-4.421152512414563418e+00
-2.949408056016036284e+00
-2.301072763949061073e-01
-5.816628327032900003e+00
-3.728187331797339521e+00
7.006622469654527618e-02
-6.246208516194501570e+00
-4.074948930382017664e+00
2.565309495974851250e-01
-7.214275862624170976e+00
-3.481001373846694946e+00
-2.653924078567356237e-01
-1.128098137803975165e+00
-3.510499914373657937e+00
-5.000000000000000000e+00
-3.450299608544956875e+00
1.184761636672450186e-01
-5.581874059397209820e+00
-3.491013409870348472e+00
1.919848805017231763e+00
-6.400704905985922011e+00
-3.378547120215606991e+00
-4.490260114151122250e-01
-7.365860800771856454e+00
-3.754231786434373941e+00
5.312571752873556097e-01
-7.490219566087048975e+00
-3.860203398349809856e+00
1.569759754221651038e+00
-6.583355476020608776e+00
2.297128434265547636e-01
-5.605178645931837345e+00
-1.943236598058847298e+00
-4.802322695114524365e+00
-3.128332244005861185e+00
-5.850538664423029722e+00
-2.415532345051469409e+00
-7.568529446377437964e+00
-2.414314187691833702e+00
-6.174942301087921415e+00
-1.601189683330763502e+00
-4.790634821057040860e+00
-1.343591419059022574e+00
-4.922023215848205346e+00
-1.341446668061392566e+00
-4.023797080696075668e+00
-5.421940073335681509e-01
-5.199863637619619006e+00
-3.721246399047171138e+00
-1.738179116824799975e+00
-2.643049177732293309e+00
-5.690196149515636570e+00
-3.432004285718683878e+00
-3.202822329993641137e+00
-1.738219823377320727e+00
-2.845683783079000939e+00
-2.176145152584686659e+00
-2.832158914149413231e+00
-4.083141435850590639e+00
-5.690196149515636570e+00
-3.388823907561600901e+00
-2.958704259122939551e+00
-2.194626050105297210e+00
2.368112041989909600e-01
-4.394732902504510541e+00
-2.370244668961508427e+00
9.840169530344378135e-01
-6.269397671315909193e+00
-1.000000000000000000e+00
2.506123445973536867e+00
-6.544068022635552317e+00
-2.527052567904348290e+00
-9.997248955979748386e-01
