-4.863681681528161604e+00
-3.692640309128611520e+00
-6.358659684271777301e+00
-5.941110424114997457e+00
-3.833557381081090121e+00
-3.319653617896054648e-02
-6.888763947530753384e+00
-2.183861241299676070e+00
1.344489391063512784e-01
-5.750247522092842622e+00
-4.060713989773178767e+00
-6.985675401440307297e+00
-2.622167447243660021e+00
-3.375383351608605698e-01
-3.032802980177173424e+00
-2.092421514108814051e+00
-2.634282606118355741e+00
-5.352903019134693352e+00
-1.620287707879050965e+00
-1.638623498851856930e-01
-6.301269520353375952e+00
-3.514374772963662963e+00
-8.569546536648969592e+00
-4.883144764948150751e+00
-1.010737923473890909e+00
-6.564182329529092641e+00
-2.554597142624489337e+00
-3.154901959985743076e+00
-3.063603673026866314e+00
-8.265119263133227534e+00
-3.911900478996312991e+00
-2.525526667477791531e-01
-5.581895486962173081e+00
-4.017729136923168909e+00
-1.494453026534751316e+00
-5.740575335391434386e+00
-1.671606689549981484e+00
6.234330566790980965e-01
-7.361889727132233219e+00
-1.284192728105379766e+00
-2.847686421772559484e-01
-5.522878745280337398e+00
-4.335657438105304351e+00
1.598736081755655070e+00
-3.855758547730824826e-01
-2.419113187349215099e+00
-6.824744171562958428e+00
-2.993385393030985497e+00
1.291511273750115096e+00
-6.829477313253765836e+00
-2.226240397504244850e+00
1.188251883285088351e+00
-5.781838473556864422e+00
-4.108642697561985635e+00
1.691860695139980331e-01
-8.224865736596145283e+00
-1.562357846846676335e+00
8.816619718090515923e-01
-6.825239541647111885e+00
-2.462753193539550800e+00
6.499239171176074414e-01
-5.193644111826596799e+00
-2.887708359295443561e+00
-6.330586033300454218e+00
-1.693575097079276670e+00
-6.446490877225294902e+00
-1.456997118529783863e+00
-7.044146387884175908e+00
-1.652125725520247279e+00
-5.678769368548389096e+00
-1.591979683572050330e+00
-6.610579638034815630e+00
-2.075488011308918301e-01
-6.392472333087489744e+00
-1.155090853672762874e+00
-6.125784350890724816e+00
-1.053935973831765960e+00
-5.178968748988161508e+00
-2.609052378154359975e+00
-6.061880441082268867e+00
-2.182249368669035572e-01
-5.234371798900991912e+00
-3.715476333024825273e+00
-5.590496743073614105e+00
-2.668413897235601961e+00
-2.270398401545894007e+00
-2.207452257067815005e+00
-4.969238853889872409e+00
-2.955360218059749133e+00
-3.580177500813541247e+00
-5.000000000000000000e+00
-5.099193127056574681e+00
-4.367278746446205062e+00
-2.544068022635552317e+00
-3.765422883649849339e+00
1.303499408209917165e+00
-5.705940138418365670e+00
-2.181422817492910227e+00
4.572630977594868695e-01
-3.356105636521028224e+00
-3.642245792669362103e+00
-1.000000000000000000e+00
-5.461221511671964457e+00
-4.996909607767554995e+00
2.180303410474623504e+00
