-7.052455828051163778e+00
-2.524754713844356679e+00
-4.903330154346585701e+00
-6.221813221481875544e+00
-1.762784043476620655e+00
-5.326807221470210019e-01
-5.661516151004639674e+00
-2.888154363740380592e+00
-1.245002324380048764e+00
-6.402674737419491890e+00
-3.605621718686979005e+00
-6.368429105650051270e+00
-2.849019987900864859e+00
-1.310900913052278405e+00
-3.703684055981222301e+00
-2.765907218583263383e+00
-2.015449280863115256e+00
-7.213421086000501248e+00
-3.577559473116321165e+00
8.472882553161907859e-01
-7.440648500920945985e+00
-2.152460307369831405e+00
-8.694446628970602831e+00
-3.496381871592880053e+00
-1.013834617905634117e+00
-5.019365154663190332e+00
-2.459035794389681229e+00
-3.668679659198512244e+00
-3.516534189794032983e+00
-5.355536766214209266e+00
-3.903721686570045701e+00
-2.983472980847357015e-01
-5.759993637267629474e+00
-2.616869108516408193e+00
-1.499519464989593986e+00
-5.825619406396373989e+00
-2.017471371757642462e+00
9.349916981207657685e-01
-5.471558035857137625e+00
-1.000000000000000000e+00
-4.132590353042263076e-01
-8.276701872781375258e+00
-3.523560759185448532e+00
4.350814173569192422e-01
-1.734373990301534496e+00
-3.830845763855632580e+00
-6.894444545565618476e+00
-2.923484894888166430e+00
-1.510716864982684648e-01
-6.778058349375035263e+00
-2.602543654362526659e+00
-5.456895655779192555e-01
-7.022490557675088674e+00
-2.285026454210467239e+00
-1.080999959156218937e+00
-6.643464796661268323e+00
-1.925507605587057691e+00
4.252725949919738957e-01
-7.548955146356481016e+00
-4.772102429235857812e+00
-1.275392793722192331e-01
-5.740779753207653435e+00
-2.374397864292141058e+00
-5.460218414934423059e+00
-2.299172973392033192e+00
-6.880179363484209887e+00
-8.341086725312963912e-01
-7.868806954393313902e+00
-1.716548189873589259e+00
-5.888218647703808095e+00
-3.693466399799817612e+00
-5.514100980471129176e+00
-8.408725842073365708e-01
-5.424727613079889821e+00
-8.383159520549557930e-01
-6.214904664095104891e+00
-4.292180403922881138e-01
-5.699130903051103481e+00
-2.942175507082813279e+00
-7.949639591917105008e+00
-2.422729221599311700e+00
-2.803046023964846256e+00
-4.128333342163077901e+00
-2.390698401758462044e+00
-1.894929194056660382e+00
-4.249077626644415240e+00
-3.655978797648701928e+00
-3.331756129094536334e+00
-3.200709011399646808e+00
-3.753864526064685680e+00
-1.348031510922443221e+00
-4.758769692983376487e+00
-3.159178530346943070e+00
-2.644634892490460132e+00
-3.887010156753844203e+00
3.619285975793870014e-01
-4.229682079474092582e+00
-3.887836600498813855e+00
4.362091515530535091e-01
-4.900809977770839154e+00
-3.207355025845616492e+00
-2.093912367716641021e-01
-6.267805721155174759e+00
-2.571091666222841798e+00
-6.063613024849194844e-01
