-6.654435697005362194e+00
-2.607100391569995068e+00
-5.248269155304928546e+00
-5.322792169181473021e+00
-2.147907518878965583e+00
-1.344293490701735649e-01
-6.709717261770626884e+00
-2.129361491843522636e+00
4.311522458769676547e-01
-6.004021649246699788e+00
-1.506788708962348622e+00
-5.840637309341668804e+00
-3.307952680720250616e+00
-3.912816910218374633e-01
-4.000000000000000000e+00
-1.342869724884251825e+00
-1.840546128157466210e+00
-8.288910066610135630e+00
-3.780563029080489024e+00
7.968696553985040731e-01
-7.681268774911131025e+00
-3.558222203676683737e+00
-8.899640576702795514e+00
-1.004425116821135555e+00
-2.000000000000000000e+00
-5.762483983840321677e+00
-3.465166626617352641e+00
-4.873581509488906782e+00
-4.497528454375246731e+00
-7.173972841404355982e+00
-2.918140883798383545e+00
1.023718806311847196e+00
-6.511419092480256410e+00
-2.556659841103301467e+00
3.190389824280845388e-01
-5.931071221745820132e+00
-2.516836458194639192e+00
1.486280959292620940e+00
-5.657764699050805035e+00
-4.999135958492747278e+00
2.992370266860393535e-01
-7.289065970393848737e+00
-2.017861042634100599e+00
-1.036928587325724127e+00
-6.049177727146575201e-01
-3.707900858639558095e+00
-7.533330248097545478e+00
-3.759220689449227049e+00
5.509957941321077385e-02
-7.774195219324469441e+00
-2.404260834426861226e+00
1.067390373363038769e+00
-7.285170850593870817e+00
-2.044133787356927190e+00
-5.052709280475234932e-01
-6.974335339553833890e+00
-2.815976980854319134e+00
-2.522336354923922497e-01
-5.000000340801169507e+00
-3.362862391684585450e+00
-7.910637948838273870e-01
-7.469439666042186232e+00
-2.463072868151773509e+00
-4.000000000000000000e+00
-1.834282202938779083e+00
-6.964012906149935844e+00
-1.039420607741273317e+00
-4.762350265391324555e+00
-2.562987817919931466e+00
-4.711089778940200645e+00
-3.286350915713234677e+00
-4.000000000000000000e+00
-2.315934277779173822e+00
-6.681248959429410661e+00
-3.632583903606970921e+00
-7.012352717772062149e+00
-1.120158969210802491e+00
-6.126944168085240783e+00
-3.593837735218876173e+00
-7.183979783956846887e+00
-1.269739859513591140e+00
-3.089556454593181289e+00
-2.250640006302651930e+00
-5.468288593324967195e+00
-4.621964322433438355e+00
-4.151608027219597652e+00
-3.817374633947147267e+00
-3.661608154375646684e+00
-2.740962343675334090e+00
-5.206828175816188953e+00
-2.526971106355931695e+00
-3.622236661750978914e+00
-3.177286315527139138e+00
-4.811164913855876080e+00
-3.578611067561706438e+00
2.082897392632945266e+00
-4.197509853040799044e+00
-1.385789133457508315e+00
1.655981609978325109e+00
-4.175386349265688857e+00
-3.444587132910808869e+00
1.477494015831354535e+00
-2.595860983641599340e+00
-1.174860606167221100e+00
7.770157474285734056e-02
