1.578428106941271736e+01
1.578428106941271736e+01
1.480016298260399310e+01
9.643235362919011067e+00
9.643235362919011067e+00
9.259881171854761561e+00
8.528756796303580856e+00
8.528756796303580856e+00
8.528756796303580856e+00
8.439049863775304416e+00
7.533699108541693334e+00
6.453456197911129344e+00
5.335596422260511673e+00
5.335596422260511673e+00
5.037139279583400686e+00
4.472094038700605623e+00
4.311255726067405369e+00
4.168389849850526296e+00
3.919800596776707113e+00
3.819625522183621502e+00
3.819625522183621502e+00
3.747068836738693953e+00
3.747068836738693953e+00
3.719519726531737014e+00
3.719519726531737014e+00
3.701509914902468612e+00
3.698475043877055946e+00
3.680091732308292229e+00
3.680091732308292229e+00
3.680091732308292229e+00
3.680091732308292229e+00
3.680091732308292229e+00
3.672272800490410383e+00
3.664169973062394003e+00
3.664169973062394003e+00
3.652067194872487210e+00
3.650894074827863101e+00
3.638294452346478192e+00
3.638294452346478192e+00
3.638294452346478192e+00
3.638294452346478192e+00
3.638294452346478192e+00
3.631751615965859159e+00
3.611515231386381863e+00
3.608343587423492593e+00
3.608343587423492593e+00
3.608343587423492593e+00
3.608343587423492593e+00
3.608343587423492593e+00
3.608343587423492593e+00
3.588923391431452004e+00
3.588923391431452004e+00
3.588923391431452004e+00
3.585537717503380684e+00
3.585537717503380684e+00
3.571236042395253829e+00
3.571236042395253829e+00
3.571236042395253829e+00
3.570478898772242005e+00
3.570478898772242005e+00
3.570478898772242005e+00
3.570478898772242005e+00
3.557236225108562522e+00
3.557236225108562522e+00
3.557236225108562522e+00
3.553319738215964030e+00
3.545799700512752395e+00
3.545799700512752395e+00
3.533006498820882690e+00
3.522522200915338519e+00
3.522522200915338519e+00
3.522522200915338519e+00
3.522522200915338519e+00
3.519499113688798086e+00
3.512628744020715565e+00
3.509285813161270973e+00
3.506279973884024237e+00
3.489012811153297200e+00
3.480576291981236636e+00
3.480576291981236636e+00
3.476472390983390337e+00
3.475315424307487522e+00
3.462573170677354373e+00
3.452294786034747709e+00
3.451814051512975823e+00
3.434811225788108047e+00
3.422944795699355058e+00
3.410688898410251912e+00
3.404551346747293650e+00
3.404551346747293650e+00
3.397048610557270809e+00
3.386940720424469031e+00
3.379391325637844279e+00
3.358524624017312998e+00
3.358524624017312998e+00
3.343339837136574122e+00
3.336929488372799124e+00
3.330230776131113402e+00
3.306046373672475891e+00
3.306046373672475891e+00
3.306046373672475891e+00
3.295835547923366970e+00
3.293479524351114129e+00
3.290454493984147799e+00
3.287012812704489306e+00
3.287012812704489306e+00
3.285660978694066703e+00
3.283478396632222740e+00
3.274736564607363398e+00
3.269604126778110409e+00
3.264446731227880871e+00
3.258025494359603869e+00
3.247176961395514816e+00
3.243635744747183303e+00
3.235702508282124690e+00
3.233562156329375270e+00
3.225699060752195368e+00
3.225699060752195368e+00
3.214080817857228212e+00
3.210242375153408823e+00
3.208661952668425243e+00
3.201321974894673961e+00
3.198709026428118385e+00
3.197071578862998198e+00
3.196209658125702457e+00
3.193099350684245330e+00
3.190486037910668760e+00
3.188106926439081334e+00
3.187882953312971779e+00
3.187871330593229580e+00
3.187561900105899237e+00
3.186582408493582541e+00
3.185948781819593290e+00
3.184916134179158309e+00
3.184682142139880323e+00
3.183884414549520869e+00
3.183884414549520869e+00
3.183086530068238940e+00
3.182742237575333366e+00
3.182054270986488298e+00
3.180911574405882014e+00
3.180183827870322499e+00
3.179375477626397828e+00
3.179178996895065445e+00
3.179178996895065445e+00
3.178772798047491133e+00
3.178714466444036990e+00
3.177754997097717915e+00
3.177609649546079051e+00
3.177605394341746603e+00
3.177293758786825517e+00
3.176961812016555697e+00
3.176475698492562394e+00
3.176186650965038716e+00
3.175892311043930771e+00
3.175778055263361210e+00
3.175522128969078040e+00
3.175241191585036926e+00
3.174798088537448049e+00
3.174528601553990637e+00
3.174340737284331748e+00
3.174308967034856543e+00
3.174308967034856543e+00
3.174297209394103092e+00
3.174277620268181277e+00
3.174265387375050373e+00
3.173953519890757580e+00
3.173831202596329781e+00
3.173726801741379777e+00
3.173486309211912548e+00
3.173289727192872611e+00
3.173108193557151235e+00
3.172843341372701964e+00
3.172560190732779617e+00
3.172293056323305827e+00
3.172127372723549943e+00
3.172036271015404640e+00
3.171919477857592984e+00
3.171810955935696175e+00
3.171749741555129454e+00
3.171686182091899564e+00
3.171514114178108024e+00
3.171445619379675840e+00
3.171238853634441579e+00
3.171050871507217206e+00
3.170994072756991411e+00
3.170939221900179739e+00
3.170919324250837334e+00
3.170886174286439818e+00
3.170866301514951413e+00
3.170859877998911447e+00
3.170853589889861102e+00
3.170823391048799511e+00
3.170776603586220599e+00
3.170766809212075099e+00
3.170728091167495322e+00
3.170685050890768686e+00
3.170647738619588374e+00
3.170605160989162563e+00
3.170568518738961838e+00
