2.213904598670350765e+01
1.387023146572009757e+01
1.172615096331392692e+01
1.172615096331392692e+01
9.530065215966565972e+00
8.144080904216005612e-01
8.144080904216005612e-01
7.677014491714464484e-01
7.677014491714464484e-01
7.677014491714464484e-01
6.192574218452100432e-01
5.914971701034460461e-01
2.517392874645789647e-01
2.517392874645789647e-01
2.517392874645789647e-01
2.517392874645789647e-01
2.517392874645789647e-01
2.231914979589597336e-01
2.231914979589597336e-01
2.231914979589597336e-01
2.231914979589597336e-01
2.231914979589597336e-01
2.231914979589597336e-01
2.231914979589597336e-01
2.231914979589597336e-01
2.231914979589597336e-01
1.714906830730875131e-01
1.714906830730875131e-01
1.654636208518434348e-01
1.654636208518434348e-01
1.654636208518434348e-01
1.307019405593128070e-01
1.307019405593128070e-01
1.307019405593128070e-01
1.307019405593128070e-01
1.307019405593128070e-01
1.307019405593128070e-01
1.036598305602220299e-01
1.036598305602220299e-01
1.036598305602220299e-01
1.036598305602220299e-01
1.036598305602220299e-01
1.036598305602220299e-01
1.036598305602220299e-01
1.036598305602220299e-01
1.036598305602220299e-01
9.059831849879718124e-02
9.059831849879718124e-02
9.059831849879718124e-02
9.059831849879718124e-02
9.059831849879718124e-02
9.059831849879718124e-02
9.059831849879718124e-02
9.059831849879718124e-02
9.059831849879718124e-02
8.658846701489585074e-02
8.658846701489585074e-02
8.658846701489585074e-02
8.658846701489585074e-02
8.658846701489585074e-02
8.658846701489585074e-02
8.658846701489585074e-02
8.658846701489585074e-02
8.658846701489585074e-02
8.658846701489585074e-02
8.658846701489585074e-02
8.658846701489585074e-02
8.658846701489585074e-02
8.658846701489585074e-02
8.658846701489585074e-02
8.658846701489585074e-02
8.658846701489585074e-02
8.658846701489585074e-02
8.551056209738033820e-02
8.551056209738033820e-02
8.551056209738033820e-02
8.551056209738033820e-02
8.551056209738033820e-02
8.551056209738033820e-02
8.551056209738033820e-02
8.551056209738033820e-02
8.551056209738033820e-02
8.551056209738033820e-02
8.551056209738033820e-02
8.551056209738033820e-02
8.551056209738033820e-02
8.551056209738033820e-02
8.551056209738033820e-02
8.551056209738033820e-02
8.551056209738033820e-02
8.273954503530545068e-02
8.273954503530545068e-02
8.273954503530545068e-02
8.273954503530545068e-02
8.273954503530545068e-02
8.273954503530545068e-02
8.273954503530545068e-02
8.273954503530545068e-02
8.273954503530545068e-02
8.273954503530545068e-02
8.273954503530545068e-02
8.273954503530545068e-02
8.273954503530545068e-02
8.273954503530545068e-02
7.890043162632635887e-02
7.890043162632635887e-02
7.890043162632635887e-02
7.890043162632635887e-02
7.890043162632635887e-02
7.299884903307027328e-02
7.299884903307027328e-02
7.299884903307027328e-02
7.299884903307027328e-02
7.299884903307027328e-02
7.299884903307027328e-02
7.299884903307027328e-02
7.299884903307027328e-02
7.299884903307027328e-02
7.299884903307027328e-02
7.299884903307027328e-02
7.299884903307027328e-02
7.272323002724725982e-02
7.272323002724725982e-02
7.272323002724725982e-02
7.272323002724725982e-02
7.272323002724725982e-02
7.272323002724725982e-02
7.272323002724725982e-02
7.272323002724725982e-02
7.272323002724725982e-02
7.272323002724725982e-02
7.272323002724725982e-02
7.010122074666370884e-02
6.871837392862376048e-02
6.839356623818240721e-02
6.830061318832092443e-02
6.827156581038783256e-02
6.827156581038783256e-02
6.827156581038783256e-02
6.825783906916077504e-02
6.824989454192527394e-02
6.824812448662029296e-02
6.824744584869889275e-02
6.824724216851794922e-02
6.824724216851794922e-02
6.777281201159446322e-02
6.777281201159446322e-02
6.767181523565857226e-02
6.767181523565857226e-02
6.767181523565857226e-02
6.697214303508615407e-02
6.681409919033957923e-02
6.681409919033957923e-02
6.656773542388476350e-02
6.632581359081016203e-02
6.632581359081016203e-02
6.632581359081016203e-02
6.569444473885686919e-02
6.569444473885686919e-02
6.561422459952863384e-02
6.561422459952863384e-02
6.561422459952863384e-02
6.543973364302967111e-02
6.541292598273719394e-02
6.540824985829585270e-02
6.540824985829585270e-02
6.540824985829585270e-02
6.540824985829585270e-02
6.540824985829585270e-02
6.540593282818456256e-02
6.540551465139590737e-02
6.540535796213903241e-02
6.540535796213903241e-02
6.540535796213903241e-02
6.540535796213903241e-02
6.540531196109072853e-02
6.540525705562975911e-02
6.540525705562975911e-02
6.540525705562975911e-02
6.540525705562975911e-02
6.540525705562975911e-02
6.540525705562975911e-02
6.540525705562975911e-02
6.540525705562975911e-02
6.540525705562975911e-02
6.534583565377306835e-02
6.521409366161542986e-02
6.509951429946400636e-02
6.509282028335494630e-02
6.509240924949211138e-02
6.509037681591033075e-02
6.509037681591033075e-02
6.504926864584627266e-02
6.504926864584627266e-02
6.503128480058602279e-02
6.492037859808352795e-02
6.492037859808352795e-02
6.492037859808352795e-02
6.491310339661243711e-02
6.491304639388342790e-02
