9.391826411210793424e+01
7.933841533863466111e+01
5.649669454917734868e+01
4.506428954144681853e+01
4.506428954144681853e+01
4.506428954144681853e+01
4.506428954144681853e+01
3.779956460093631421e+01
2.251945522824901147e+01
1.345568155583253223e+01
9.467560989831682150e+00
8.398202299956000871e+00
7.219055795218261018e+00
5.858768077674613828e+00
4.471292598248134631e+00
2.966469816453127795e+00
2.039238628703668788e+00
7.295144467943991407e-01
7.295144467943991407e-01
2.616208304975049526e-01
2.616208304975049526e-01
2.616208304975049526e-01
2.320876221266933714e-01
2.320876221266933714e-01
2.320876221266933714e-01
2.320876221266933714e-01
1.449829210685938674e-01
1.449829210685938674e-01
1.449829210685938674e-01
1.129587564423974871e-01
1.129587564423974871e-01
1.129587564423974871e-01
1.129587564423974871e-01
1.129587564423974871e-01
1.129587564423974871e-01
1.129587564423974871e-01
1.129587564423974871e-01
1.129587564423974871e-01
1.129587564423974871e-01
1.129587564423974871e-01
1.129587564423974871e-01
1.129587564423974871e-01
1.129587564423974871e-01
1.129587564423974871e-01
1.129587564423974871e-01
1.129587564423974871e-01
1.129587564423974871e-01
1.129587564423974871e-01
1.129587564423974871e-01
1.041000716693222666e-01
1.041000716693222666e-01
1.041000716693222666e-01
1.006076854028751522e-01
1.006076854028751522e-01
1.006076854028751522e-01
1.006076854028751522e-01
1.006076854028751522e-01
1.006076854028751522e-01
1.006076854028751522e-01
1.006076854028751522e-01
1.006076854028751522e-01
1.006076854028751522e-01
1.006076854028751522e-01
1.006076854028751522e-01
1.006076854028751522e-01
1.006076854028751522e-01
1.006076854028751522e-01
7.215787490938339876e-02
6.382700516389178125e-02
6.382700516389178125e-02
5.749347914749123462e-02
5.749347914749123462e-02
5.749347914749123462e-02
5.749347914749123462e-02
5.749347914749123462e-02
5.749347914749123462e-02
5.749347914749123462e-02
5.749347914749123462e-02
5.749347914749123462e-02
5.749347914749123462e-02
5.749347914749123462e-02
5.415732096442556209e-02
5.415732096442556209e-02
5.415732096442556209e-02
5.415732096442556209e-02
5.415732096442556209e-02
5.415732096442556209e-02
5.415732096442556209e-02
5.415732096442556209e-02
5.182589172869370847e-02
5.182589172869370847e-02
5.182589172869370847e-02
5.182589172869370847e-02
5.182589172869370847e-02
5.182589172869370847e-02
5.182589172869370847e-02
5.166272852081087857e-02
5.166272852081087857e-02
5.166272852081087857e-02
5.166272852081087857e-02
5.166272852081087857e-02
5.166272852081087857e-02
5.166272852081087857e-02
5.166272852081087857e-02
5.166272852081087857e-02
5.154181680075455019e-02
5.154181680075455019e-02
5.154181680075455019e-02
5.154181680075455019e-02
5.154181680075455019e-02
5.154181680075455019e-02
5.154181680075455019e-02
5.151346914751241818e-02
5.151346914751241818e-02
5.151346914751241818e-02
5.146979950003419124e-02
5.142811383234583561e-02
5.141158078772015833e-02
5.140489099743252022e-02
5.140223379005819104e-02
5.140110030351214415e-02
5.140066896652369793e-02
5.140050077867100442e-02
5.140048606713853302e-02
5.140045498040837768e-02
5.140045498040837768e-02
5.140045498040837768e-02
5.140038488817811474e-02
5.140038488817811474e-02
5.140038488817811474e-02
5.140038488817811474e-02
5.140038488817811474e-02
5.140038488817811474e-02
5.140038488817811474e-02
5.140038488817811474e-02
5.140038488817811474e-02
5.140038488817811474e-02
5.140038488817811474e-02
5.140038488817811474e-02
5.140038488817811474e-02
5.140038488817811474e-02
5.140038488817811474e-02
5.140038488817811474e-02
5.140038488817811474e-02
5.140038488817811474e-02
5.140038488817811474e-02
5.140038488817811474e-02
5.140038488817811474e-02
5.140038488817811474e-02
5.140038488817811474e-02
5.137815564675235480e-02
5.137815564675235480e-02
5.137815564675235480e-02
5.131601788136635339e-02
5.127909410517254157e-02
5.127070529178073821e-02
5.126892745746317731e-02
5.106445141290164025e-02
5.009083490506466285e-02
4.977404643380708288e-02
4.956943516147076928e-02
4.956943516147076928e-02
4.924280734536798376e-02
4.924084125629056563e-02
4.924084125629056563e-02
4.923881139766168868e-02
4.923806481343583064e-02
4.923786766605921933e-02
4.923786766605921933e-02
4.923786766605921933e-02
4.923786766605921933e-02
4.923786766605921933e-02
4.923786766605921933e-02
4.923786766605921933e-02
4.923786766605921933e-02
4.923786766605921933e-02
4.923786043901156456e-02
4.923786043901156456e-02
4.923785659969451972e-02
4.923785659969451972e-02
4.923785659969451972e-02
4.895706837160721664e-02
4.895706837160721664e-02
4.895706837160721664e-02
4.895314018355999275e-02
4.894904042899107105e-02
4.894874627715817272e-02
4.894873648681183353e-02
4.894872928946295693e-02
4.894872928946295693e-02
4.894872928946295693e-02
4.885457610698083764e-02
4.885398423975612775e-02
4.885398423975612775e-02
4.885320266637412784e-02
4.883289642379654016e-02
4.883177658799205817e-02
4.881571060195696865e-02
4.880658792731783213e-02
4.879498734915144187e-02
