1.566017179032018802e+01
1.065062845610403564e+01
1.065062845610403564e+01
1.065062845610403564e+01
1.065062845610403564e+01
1.065062845610403564e+01
1.063239922680355320e+01
2.978136285161797847e+00
2.733518185061542205e+00
2.072545653890221384e+00
2.072545653890221384e+00
1.853903893456567253e+00
1.853903893456567253e+00
1.224332331611150071e+00
1.171345014456380174e+00
1.171345014456380174e+00
9.007798299280751486e-01
6.537882841837756587e-01
6.537882841837756587e-01
6.537882841837756587e-01
4.832416591926642635e-01
3.826426150047252950e-01
3.826426150047252950e-01
3.826426150047252950e-01
3.826426150047252950e-01
3.807895829984491720e-01
3.807895829984491720e-01
2.508840672373761072e-01
2.508840672373761072e-01
1.339438243363436642e-01
1.339438243363436642e-01
1.250124777362825179e-01
1.250124777362825179e-01
1.250124777362825179e-01
1.108664776348421005e-01
1.108664776348421005e-01
1.108664776348421005e-01
1.108664776348421005e-01
1.108664776348421005e-01
1.108664776348421005e-01
1.108664776348421005e-01
1.108664776348421005e-01
1.108664776348421005e-01
1.108664776348421005e-01
9.325657200600548369e-02
9.325657200600548369e-02
9.325657200600548369e-02
9.325657200600548369e-02
8.739575532331017582e-02
8.739575532331017582e-02
8.739575532331017582e-02
8.739575532331017582e-02
8.739575532331017582e-02
8.739575532331017582e-02
8.739575532331017582e-02
8.739575532331017582e-02
8.739575532331017582e-02
8.664650597338184601e-02
8.600044677311879937e-02
8.600044677311879937e-02
8.600044677311879937e-02
8.600044677311879937e-02
8.600044677311879937e-02
8.600044677311879937e-02
8.600044677311879937e-02
8.600044677311879937e-02
8.313851440362278467e-02
8.313851440362278467e-02
7.376275404374413314e-02
7.376275404374413314e-02
7.376275404374413314e-02
7.376275404374413314e-02
7.376275404374413314e-02
7.376275404374413314e-02
7.376275404374413314e-02
6.755729713160828209e-02
6.755729713160828209e-02
6.125828507645580262e-02
6.032980429672208517e-02
6.032980429672208517e-02
6.032980429672208517e-02
6.032980429672208517e-02
6.032980429672208517e-02
5.260555179542085458e-02
5.260555179542085458e-02
5.260555179542085458e-02
5.260555179542085458e-02
5.260555179542085458e-02
5.260555179542085458e-02
5.260555179542085458e-02
5.260555179542085458e-02
4.621106159935273877e-02
4.621106159935273877e-02
4.621106159935273877e-02
4.621106159935273877e-02
4.621106159935273877e-02
4.621106159935273877e-02
4.621106159935273877e-02
4.621106159935273877e-02
4.559121499112168269e-02
4.559121499112168269e-02
4.559121499112168269e-02
4.510589498859160495e-02
4.510589498859160495e-02
4.510589498859160495e-02
4.504595721402783470e-02
4.499912289201169618e-02
4.498372994699918748e-02
4.497805110080373148e-02
4.497568384436768929e-02
4.497479788779455701e-02
4.497440065929694114e-02
4.497422654304081280e-02
4.497410415654853194e-02
4.497409651645555007e-02
4.497402861211133307e-02
4.497402861211133307e-02
4.497402861211133307e-02
4.497391965571227723e-02
4.497386984892113443e-02
4.497386984892113443e-02
4.393632563538932972e-02
4.393632563538932972e-02
4.393632563538932972e-02
4.393632563538932972e-02
4.393632563538932972e-02
4.393632563538932972e-02
4.393632563538932972e-02
4.393632563538932972e-02
4.393632563538932972e-02
4.381501951621088325e-02
4.367036104680906139e-02
4.359293748248477263e-02
4.356322947489556230e-02
4.355290103464667939e-02
4.354946532209186955e-02
4.354833180014165694e-02
4.354798031029885608e-02
4.354782865583160800e-02
4.354780658001588395e-02
4.354780658001588395e-02
4.354780658001588395e-02
4.354778396206653718e-02
4.354778396206653718e-02
4.354778396206653718e-02
4.354778396206653718e-02
4.354778396206653718e-02
4.354778396206653718e-02
4.335160842274252135e-02
4.335160842274252135e-02
4.335160842274252135e-02
4.320668753919539029e-02
4.320668753919539029e-02
4.316885145367135856e-02
4.316885145367135856e-02
4.316885145367135856e-02
4.316885145367135856e-02
4.316885145367135856e-02
4.316885145367135856e-02
4.316885145367135856e-02
4.316885145367135856e-02
4.316885145367135856e-02
4.297594263542833803e-02
4.297594263542833803e-02
4.276536180878601212e-02
4.273206710062470159e-02
4.272537973329031818e-02
4.272409055804898825e-02
4.272387540412832946e-02
4.272385200858213467e-02
4.272383212070306191e-02
4.272379438605392737e-02
4.272379438605392737e-02
4.272379438605392737e-02
4.272379438605392737e-02
4.272379313630877973e-02
4.272379313630877973e-02
4.272379313630877973e-02
4.272379313630877973e-02
4.255704133259263777e-02
4.255704133259263777e-02
4.242990736557667591e-02
4.242990736557667591e-02
4.242990736557667591e-02
4.236450269469033136e-02
4.236450269469033136e-02
4.236450269469033136e-02
4.236450269469033136e-02
4.236248624355507669e-02
4.235858871603245118e-02
4.235376456136023121e-02
4.235376456136023121e-02
4.235278260295000097e-02
4.235265146030067068e-02
4.235263955631331234e-02
4.235263955631331234e-02
4.235263955631331234e-02
4.235263955631331234e-02
4.235263955631331234e-02
4.235263074759070684e-02
