4.555416000763286632e+01
3.375964948506961605e+01
2.581176158439962620e+01
1.944537804139828907e+01
1.944537804139828907e+01
1.944537804139828907e+01
1.681789723328440900e+01
1.279727572606428687e+01
7.713345968213116244e+00
5.194840952126398292e+00
4.266252418903857979e+00
3.306928366882660342e+00
2.109323700176041427e+00
1.062627024742399229e+00
1.062627024742399229e+00
8.374879668225582163e-01
8.374879668225582163e-01
5.866059709208357731e-01
5.866059709208357731e-01
5.866059709208357731e-01
5.866059709208357731e-01
4.998057952467008236e-01
3.836341445400271999e-01
3.462910766486249625e-01
2.829356940394087694e-01
2.829356940394087694e-01
2.829356940394087694e-01
2.829356940394087694e-01
2.829356940394087694e-01
2.829356940394087694e-01
2.829356940394087694e-01
2.829356940394087694e-01
2.613925118298751071e-01
2.613925118298751071e-01
2.522137051150901144e-01
2.522137051150901144e-01
2.522137051150901144e-01
2.522137051150901144e-01
2.292675478964792402e-01
2.292675478964792402e-01
2.292675478964792402e-01
1.754886979738351227e-01
1.754886979738351227e-01
1.754886979738351227e-01
1.754886979738351227e-01
1.754886979738351227e-01
1.754886979738351227e-01
1.754886979738351227e-01
1.754886979738351227e-01
1.754886979738351227e-01
1.754886979738351227e-01
1.693428570574913583e-01
1.693428570574913583e-01
1.693428570574913583e-01
1.693428570574913583e-01
1.693428570574913583e-01
1.693428570574913583e-01
1.693428570574913583e-01
1.693428570574913583e-01
1.693428570574913583e-01
1.693428570574913583e-01
1.693428570574913583e-01
1.641205850646451914e-01
1.641205850646451914e-01
1.641205850646451914e-01
1.610907139891439577e-01
1.610907139891439577e-01
1.610907139891439577e-01
1.562016412344230387e-01
1.562016412344230387e-01
1.562016412344230387e-01
1.562016412344230387e-01
1.562016412344230387e-01
1.562016412344230387e-01
1.529046016612316539e-01
1.529046016612316539e-01
1.115767026688786884e-01
1.115767026688786884e-01
1.115767026688786884e-01
1.115767026688786884e-01
1.115767026688786884e-01
1.115767026688786884e-01
1.115767026688786884e-01
1.115767026688786884e-01
1.115767026688786884e-01
1.115767026688786884e-01
1.115767026688786884e-01
1.115767026688786884e-01
1.115767026688786884e-01
1.115767026688786884e-01
1.115767026688786884e-01
1.115767026688786884e-01
9.782627454690384639e-02
9.782627454690384639e-02
9.782627454690384639e-02
9.782627454690384639e-02
9.782627454690384639e-02
9.782627454690384639e-02
9.782627454690384639e-02
9.782627454690384639e-02
9.782627454690384639e-02
9.782627454690384639e-02
9.782627454690384639e-02
9.782627454690384639e-02
9.782627454690384639e-02
9.782627454690384639e-02
9.782627454690384639e-02
9.782627454690384639e-02
9.782627454690384639e-02
9.605434546357558001e-02
9.605434546357558001e-02
9.605434546357558001e-02
9.605434546357558001e-02
9.605434546357558001e-02
9.605434546357558001e-02
9.605434546357558001e-02
8.922835686040826719e-02
8.922835686040826719e-02
8.922835686040826719e-02
8.922835686040826719e-02
8.922835686040826719e-02
8.922835686040826719e-02
8.922835686040826719e-02
8.922835686040826719e-02
8.922835686040826719e-02
8.922835686040826719e-02
8.674775285454326690e-02
8.674775285454326690e-02
8.674775285454326690e-02
8.674775285454326690e-02
8.674775285454326690e-02
8.674775285454326690e-02
8.674775285454326690e-02
8.674775285454326690e-02
8.530850474225042113e-02
8.530850474225042113e-02
8.326806668252316468e-02
8.326806668252316468e-02
8.208410208258906660e-02
8.208410208258906660e-02
8.208410208258906660e-02
8.208410208258906660e-02
8.208410208258906660e-02
8.207271157943882289e-02
8.191189885359888290e-02
8.186943308815765319e-02
8.185800401387925695e-02
8.185488946647032082e-02
8.171051436264480106e-02
8.171051436264480106e-02
8.171051436264480106e-02
8.171051436264480106e-02
8.171051436264480106e-02
8.171051436264480106e-02
8.171051436264480106e-02
8.171051436264480106e-02
8.171051436264480106e-02
8.171051436264480106e-02
8.171051436264480106e-02
8.171051436264480106e-02
8.154377596525212712e-02
8.154377596525212712e-02
8.154377596525212712e-02
8.154377596525212712e-02
8.145195466408118590e-02
8.144835302100421337e-02
8.144835302100421337e-02
8.144657644150579690e-02
8.144645532194687287e-02
8.144642632591822529e-02
8.144642625507471367e-02
8.144642240886264262e-02
8.144642240886264262e-02
8.144642240886264262e-02
8.144642240886264262e-02
8.144642240886264262e-02
8.144642240886264262e-02
8.144642240886264262e-02
8.144642240886264262e-02
8.144642240886264262e-02
8.144642240886264262e-02
8.144642240886264262e-02
8.144642240886264262e-02
8.144642240886264262e-02
8.144642240886264262e-02
8.144642240886264262e-02
8.144642240886264262e-02
8.144642240886264262e-02
8.144642240886264262e-02
8.144642240886264262e-02
8.144642240886264262e-02
8.144642240886264262e-02
8.144642240886264262e-02
8.144642240886264262e-02
8.144642240886264262e-02
8.144642240886264262e-02
8.144642240886264262e-02
8.144642240886264262e-02
8.144642240886264262e-02
8.144642240886264262e-02
