2.939777317129458822e+01
2.851977363812802579e+01
2.638629651544988519e+01
2.239659735882191072e+01
1.639469798059974082e+01
1.468816822362614971e+01
1.468816822362614971e+01
1.460861257944975122e+01
1.460861257944975122e+01
1.172897493678034309e+01
4.819923858119214088e+00
4.222503228205189529e+00
2.272221254888743935e+00
1.949745757169365490e+00
1.565667836609460961e+00
1.281973434749581919e+00
1.281973434749581919e+00
1.125072582542698818e+00
1.125072582542698818e+00
1.125072582542698818e+00
1.125072582542698818e+00
1.120719572450697754e+00
1.028087704136182445e+00
1.028087704136182445e+00
1.023611712645731586e+00
1.023611712645731586e+00
1.023611712645731586e+00
1.023611712645731586e+00
9.588790366897255169e-01
9.368814259967389590e-01
8.446135922626065717e-01
8.446135922626065717e-01
8.446135922626065717e-01
8.446135922626065717e-01
8.432899930242790942e-01
8.432899930242790942e-01
8.432899930242790942e-01
8.432899930242790942e-01
8.432899930242790942e-01
8.432899930242790942e-01
8.432899930242790942e-01
8.432899930242790942e-01
8.432899930242790942e-01
8.432899930242790942e-01
8.432899930242790942e-01
8.432899930242790942e-01
8.432899930242790942e-01
8.432899930242790942e-01
8.432899930242790942e-01
8.054166694989558506e-01
8.015145242641161794e-01
8.015145242641161794e-01
7.986557205502690104e-01
7.677006381885767006e-01
7.677006381885767006e-01
7.677006381885767006e-01
7.677006381885767006e-01
7.365338607526450421e-01
6.493141961337942636e-01
6.089563899502483668e-01
6.089563899502483668e-01
6.089563899502483668e-01
6.089563899502483668e-01
6.089563899502483668e-01
6.089563899502483668e-01
6.089563899502483668e-01
6.089563899502483668e-01
6.089563899502483668e-01
6.089563899502483668e-01
6.089563899502483668e-01
5.777713475381922592e-01
5.777713475381922592e-01
5.550022953336463116e-01
5.550022953336463116e-01
5.434883581692437904e-01
5.434883581692437904e-01
5.434883581692437904e-01
5.360734478253730284e-01
5.360734478253730284e-01
5.360734478253730284e-01
5.360734478253730284e-01
5.360734478253730284e-01
5.360734478253730284e-01
5.360734478253730284e-01
5.360734478253730284e-01
5.360734478253730284e-01
5.360734478253730284e-01
4.992418909203144572e-01
4.992418909203144572e-01
4.992418909203144572e-01
4.992418909203144572e-01
4.992418909203144572e-01
4.992418909203144572e-01
4.992418909203144572e-01
4.992418909203144572e-01
4.992418909203144572e-01
4.965303456172924235e-01
4.887735597636708729e-01
4.887735597636708729e-01
4.887735597636708729e-01
4.887735597636708729e-01
4.092900916664033995e-01
4.092900916664033995e-01
4.092900916664033995e-01
4.092900916664033995e-01
4.092900916664033995e-01
4.092900916664033995e-01
4.092900916664033995e-01
4.092900916664033995e-01
4.092900916664033995e-01
4.092900916664033995e-01
3.937969692652059095e-01
3.807092512632840320e-01
3.762541195718837050e-01
3.762541195718837050e-01
3.762541195718837050e-01
3.762541195718837050e-01
3.637334454280504725e-01
3.637334454280504725e-01
3.637334454280504725e-01
3.637334454280504725e-01
3.637334454280504725e-01
3.599928806332896580e-01
3.599928806332896580e-01
3.599928806332896580e-01
3.532799420463594853e-01
3.532799420463594853e-01
3.532799420463594853e-01
3.532799420463594853e-01
3.532799420463594853e-01
3.532799420463594853e-01
3.532799420463594853e-01
3.517243023537612312e-01
3.517243023537612312e-01
3.517243023537612312e-01
3.508337978958497860e-01
3.508337978958497860e-01
3.426802822383582248e-01
3.423031476423973318e-01
3.423031476423973318e-01
3.423031476423973318e-01
3.423031476423973318e-01
3.327769779306944953e-01
3.327769779306944953e-01
3.327769779306944953e-01
3.327769779306944953e-01
3.327769779306944953e-01
3.218123069490543831e-01
3.218123069490543831e-01
3.218123069490543831e-01
3.218123069490543831e-01
3.218123069490543831e-01
3.218123069490543831e-01
3.218123069490543831e-01
3.218123069490543831e-01
3.159175612014888390e-01
3.134294015543815926e-01
3.116778860496601244e-01
3.116778860496601244e-01
3.084892921274072775e-01
3.084892921274072775e-01
3.084892921274072775e-01
3.084892921274072775e-01
3.035990431976452464e-01
3.035990431976452464e-01
3.035990431976452464e-01
3.035990431976452464e-01
3.035990431976452464e-01
2.982227346026491421e-01
2.907174290872600042e-01
2.897704958608346426e-01
2.897704958608346426e-01
2.897551088698083754e-01
2.897551088698083754e-01
2.897180976238677985e-01
2.838770762449449592e-01
2.838770762449449592e-01
2.838770762449449592e-01
2.838770762449449592e-01
2.838770762449449592e-01
2.838770762449449592e-01
2.838770762449449592e-01
2.838770762449449592e-01
2.838770762449449592e-01
2.838770762449449592e-01
2.838770762449449592e-01
2.808021637873108767e-01
2.802077258009905703e-01
2.802077258009905703e-01
2.802077258009905703e-01
2.801808647456568435e-01
2.801808647456568435e-01
2.801789085966729931e-01
2.801781525788096250e-01
2.801781525788096250e-01
2.801781525788096250e-01
2.801781525788096250e-01
2.801781525788096250e-01
2.792207605117775771e-01
2.792207605117775771e-01
