4.836284810962632008e+01
2.782704874682829654e+01
2.406194617017884596e+01
2.406194617017884596e+01
1.698452744416297477e+01
1.698452744416297477e+01
1.569742712901377146e+01
1.569742712901377146e+01
1.569742712901377146e+01
1.569742712901377146e+01
1.193570323264431821e+01
1.193570323264431821e+01
1.097290792797141989e+01
8.366563675098586117e+00
6.961144957956750368e+00
6.467884545692669462e+00
4.337891425936472700e+00
2.834201704856123882e+00
2.834201704856123882e+00
2.119919733969355402e+00
1.592901270629490273e+00
1.409543468247993703e+00
1.409543468247993703e+00
1.194564845972545974e+00
1.194564845972545974e+00
7.467792819040666163e-01
7.467792819040666163e-01
5.596635130959802806e-01
5.596635130959802806e-01
5.596635130959802806e-01
5.596635130959802806e-01
5.596635130959802806e-01
5.596635130959802806e-01
5.596635130959802806e-01
4.914581353959633359e-01
4.914581353959633359e-01
3.403352920640473345e-01
3.403352920640473345e-01
3.403352920640473345e-01
3.403352920640473345e-01
3.403352920640473345e-01
3.217159115730179875e-01
3.111920434697242333e-01
3.111920434697242333e-01
3.111920434697242333e-01
2.965230811697512348e-01
2.723604134314075997e-01
2.723604134314075997e-01
2.723604134314075997e-01
2.723604134314075997e-01
2.723604134314075997e-01
2.059114242301373354e-01
2.059114242301373354e-01
2.059114242301373354e-01
2.059114242301373354e-01
2.059114242301373354e-01
2.059114242301373354e-01
2.059114242301373354e-01
2.059114242301373354e-01
2.059114242301373354e-01
1.212853187915178543e-01
1.212853187915178543e-01
1.212853187915178543e-01
1.212853187915178543e-01
1.212853187915178543e-01
1.212853187915178543e-01
1.212853187915178543e-01
1.212853187915178543e-01
1.212853187915178543e-01
1.097198311467338094e-01
1.097198311467338094e-01
1.097198311467338094e-01
1.097198311467338094e-01
1.097198311467338094e-01
1.097198311467338094e-01
7.742101271207046942e-02
7.742101271207046942e-02
7.742101271207046942e-02
7.742101271207046942e-02
7.742101271207046942e-02
7.742101271207046942e-02
7.742101271207046942e-02
7.742101271207046942e-02
7.742101271207046942e-02
7.742101271207046942e-02
7.742101271207046942e-02
7.482942605991507734e-02
7.482942605991507734e-02
7.482942605991507734e-02
7.482942605991507734e-02
7.482942605991507734e-02
7.482942605991507734e-02
7.482942605991507734e-02
6.422724173860847041e-02
6.422724173860847041e-02
6.422724173860847041e-02
6.422724173860847041e-02
6.422724173860847041e-02
6.422724173860847041e-02
6.422724173860847041e-02
6.422724173860847041e-02
6.422724173860847041e-02
6.422724173860847041e-02
6.267067172403918696e-02
6.235357833963797725e-02
6.004505812668409215e-02
6.004505812668409215e-02
6.004505812668409215e-02
6.004505812668409215e-02
6.004505812668409215e-02
6.004505812668409215e-02
6.004505812668409215e-02
6.004505812668409215e-02
6.004505812668409215e-02
6.004505812668409215e-02
6.004505812668409215e-02
5.798643159454207330e-02
5.798643159454207330e-02
5.798643159454207330e-02
5.798643159454207330e-02
5.798643159454207330e-02
5.781759503853334259e-02
5.781759503853334259e-02
5.781759503853334259e-02
5.781759503853334259e-02
5.205097134059546299e-02
5.205097134059546299e-02
5.205097134059546299e-02
5.205097134059546299e-02
5.205097134059546299e-02
5.205097134059546299e-02
5.205097134059546299e-02
5.205097134059546299e-02
5.205097134059546299e-02
5.079087958088965987e-02
5.079087958088965987e-02
4.910599807548093193e-02
4.910599807548093193e-02
4.910599807548093193e-02
4.910599807548093193e-02
4.910599807548093193e-02
4.910599807548093193e-02
4.910599807548093193e-02
4.910599807548093193e-02
4.910599807548093193e-02
4.910599807548093193e-02
4.892268358728357053e-02
4.881648544367381271e-02
4.881165279189680906e-02
4.881165279189680906e-02
4.881165279189680906e-02
4.881165279189680906e-02
4.872487273243171491e-02
4.869446351404801282e-02
4.868754507611040838e-02
4.868607048484138722e-02
4.868607048484138722e-02
4.795291002500562394e-02
4.795291002500562394e-02
4.795291002500562394e-02
4.760742993936736139e-02
4.750562206907492369e-02
4.748988671438612863e-02
4.748698739300653143e-02
4.748651101923089674e-02
4.748641278968022267e-02
4.748641278968022267e-02
4.748641278968022267e-02
4.748638939452529822e-02
4.683052748448389424e-02
4.683052748448389424e-02
4.683052748448389424e-02
4.683052748448389424e-02
4.668653836345860314e-02
4.665287745259948105e-02
4.664878946733621440e-02
4.664842073462868027e-02
4.664823547045553881e-02
4.664822228487899153e-02
4.664822228487899153e-02
4.664822228487899153e-02
4.664821008996213741e-02
4.664821008996213741e-02
4.664821008996213741e-02
4.664821008996213741e-02
4.664821008996213741e-02
4.664821008996213741e-02
4.664821008996213741e-02
4.664819471159378783e-02
4.587607908328796003e-02
4.587607908328796003e-02
4.587607908328796003e-02
4.587607908328796003e-02
4.581282258392313511e-02
4.580685329269904710e-02
4.580651606470446946e-02
4.580651606470446946e-02
4.580651606470446946e-02
4.580651606470446946e-02
4.580651606470446946e-02
