1.225384083156966142e+01
1.225384083156966142e+01
1.151096021366956634e+01
8.287378728807269113e+00
8.287378728807269113e+00
8.287378728807269113e+00
8.179045289430160182e+00
8.179045289430160182e+00
8.179045289430160182e+00
5.982635195372514758e+00
5.982635195372514758e+00
5.982635195372514758e+00
5.311771541766592719e+00
4.802969956379257610e+00
4.802969956379257610e+00
4.563520336380632259e+00
4.302081732709424955e+00
4.302081732709424955e+00
3.774172155530838957e+00
3.774172155530838957e+00
3.774172155530838957e+00
3.774172155530838957e+00
3.774172155530838957e+00
3.774172155530838957e+00
3.774172155530838957e+00
3.774172155530838957e+00
3.774172155530838957e+00
3.462896567286764871e+00
3.165199455593465494e+00
3.109143990712407657e+00
2.871839328301833305e+00
2.871839328301833305e+00
2.832216349537860722e+00
2.708339221627160232e+00
2.708339221627160232e+00
2.708339221627160232e+00
2.708339221627160232e+00
2.623542867844732562e+00
2.623542867844732562e+00
2.442869607698739287e+00
2.442869607698739287e+00
2.442869607698739287e+00
2.442869607698739287e+00
2.442869607698739287e+00
2.442869607698739287e+00
2.258104919858199278e+00
2.221329619223023855e+00
2.217451920655548747e+00
1.948427508508864037e+00
1.933507746636333735e+00
1.933507746636333735e+00
1.933507746636333735e+00
1.933507746636333735e+00
1.933507746636333735e+00
1.643766561722802111e+00
1.508875104754764163e+00
1.508875104754764163e+00
1.508875104754764163e+00
1.508875104754764163e+00
1.508875104754764163e+00
1.506012612394057371e+00
1.506012612394057371e+00
1.506012612394057371e+00
1.405738037438487353e+00
1.331146579491738979e+00
1.331146579491738979e+00
1.331146579491738979e+00
1.331146579491738979e+00
1.331146579491738979e+00
1.290826283343147640e+00
1.290826283343147640e+00
1.273356577720057281e+00
1.273356577720057281e+00
1.273356577720057281e+00
1.254791785154726558e+00
9.769348608645362919e-01
9.769348608645362919e-01
9.769348608645362919e-01
7.826483015614618122e-01
6.276228262608223307e-01
5.244198439517042676e-01
5.244198439517042676e-01
4.419531158296050588e-01
4.251096180494624566e-01
3.052366370146453178e-01
3.052366370146453178e-01
3.052366370146453178e-01
3.052366370146453178e-01
3.052366370146453178e-01
3.052366370146453178e-01
3.052366370146453178e-01
3.052366370146453178e-01
2.241590102895487102e-01
2.183894703983233765e-01
2.183894703983233765e-01
2.183894703983233765e-01
2.183894703983233765e-01
2.183894703983233765e-01
2.183894703983233765e-01
1.953029334146274276e-01
1.953029334146274276e-01
1.953029334146274276e-01
1.953029334146274276e-01
1.893439213541236177e-01
1.870900746483717680e-01
1.870900746483717680e-01
1.870900746483717680e-01
1.769679791751266051e-01
1.746988667524998484e-01
1.746988667524998484e-01
1.746988667524998484e-01
1.746988667524998484e-01
1.746988667524998484e-01
1.633827424157844876e-01
1.633827424157844876e-01
1.633827424157844876e-01
1.633827424157844876e-01
1.633827424157844876e-01
1.633827424157844876e-01
1.185611231421086209e-01
1.185611231421086209e-01
1.185611231421086209e-01
1.185611231421086209e-01
1.185611231421086209e-01
1.185611231421086209e-01
1.185611231421086209e-01
1.185611231421086209e-01
1.185611231421086209e-01
1.185611231421086209e-01
1.185611231421086209e-01
1.185611231421086209e-01
1.185611231421086209e-01
1.185611231421086209e-01
1.185611231421086209e-01
1.185611231421086209e-01
1.185611231421086209e-01
1.185611231421086209e-01
1.127544467965454350e-01
1.127544467965454350e-01
1.101673372093863318e-01
1.101673372093863318e-01
1.101673372093863318e-01
1.101673372093863318e-01
1.097392460311585743e-01
9.840778167238573015e-02
9.840778167238573015e-02
9.840778167238573015e-02
9.840778167238573015e-02
9.840778167238573015e-02
9.840778167238573015e-02
9.840778167238573015e-02
9.595994653738909586e-02
9.009373563960298981e-02
9.003823357756826629e-02
9.003823357756826629e-02
8.493625340270315183e-02
8.493625340270315183e-02
8.423572074872957838e-02
8.047228397332752137e-02
8.047228397332752137e-02
8.047228397332752137e-02
8.047228397332752137e-02
8.047228397332752137e-02
8.047228397332752137e-02
8.047228397332752137e-02
8.047228397332752137e-02
7.929093283910930434e-02
7.929093283910930434e-02
7.929093283910930434e-02
7.883931275790762028e-02
7.883931275790762028e-02
7.428585552122804470e-02
7.428585552122804470e-02
7.428585552122804470e-02
7.428585552122804470e-02
7.279958576751729971e-02
7.206950358333655271e-02
7.201227875118479393e-02
7.200592282138190692e-02
7.200562192134508932e-02
7.200561150482102935e-02
7.200561150482102935e-02
7.200561150482102935e-02
7.200561150482102935e-02
7.200556963825074930e-02
7.146498250678150199e-02
7.137230489359287777e-02
7.131929141802458016e-02
7.123453640004438758e-02
7.122744666742318598e-02
7.120400120510367303e-02
7.117859017265813770e-02
7.108053342580605838e-02
7.078544353807163236e-02
7.078544353807163236e-02
7.072998924843230950e-02
6.693432206257296513e-02
6.633096313361412644e-02
6.633096313361412644e-02
6.593767438467913744e-02
