4.058029219078159144e+01
3.786255119205358710e+01
3.786255119205358710e+01
3.175817492433259659e+01
3.110463649787156371e+01
2.168878587154281945e+01
2.048876249459882004e+01
2.014610507599357092e+01
1.925825714145127776e+01
1.055497215417902623e+01
8.878536413581784359e+00
6.700889970139972007e+00
6.106445643869729878e+00
6.060069701925339558e+00
3.924271604570736205e+00
3.924271604570736205e+00
3.924271604570736205e+00
3.924271604570736205e+00
3.367761988541033702e+00
2.741099476512776079e+00
2.713168452526248053e+00
2.092453913985744762e+00
2.092453913985744762e+00
1.893812632629501724e+00
1.893812632629501724e+00
1.893812632629501724e+00
1.893812632629501724e+00
1.893812632629501724e+00
1.893812632629501724e+00
1.893812632629501724e+00
1.893812632629501724e+00
1.893812632629501724e+00
1.778301955608083684e+00
1.772428988342634515e+00
1.772428988342634515e+00
1.772428988342634515e+00
1.749737320995722545e+00
1.749737320995722545e+00
1.527285791329814790e+00
1.527285791329814790e+00
1.527285791329814790e+00
1.527285791329814790e+00
1.527285791329814790e+00
1.527285791329814790e+00
1.527285791329814790e+00
1.471567786734964134e+00
1.394020504622424328e+00
1.339704507930894017e+00
1.310960404222131670e+00
1.310960404222131670e+00
1.302306783622895647e+00
1.205969298684147706e+00
1.205969298684147706e+00
1.205969298684147706e+00
1.205969298684147706e+00
1.205969298684147706e+00
1.205969298684147706e+00
1.205969298684147706e+00
1.156033259566867200e+00
1.156033259566867200e+00
1.156033259566867200e+00
1.156033259566867200e+00
1.135701589308692583e+00
1.135701589308692583e+00
1.135701589308692583e+00
1.135701589308692583e+00
1.135701589308692583e+00
1.135701589308692583e+00
1.111399764430543780e+00
1.055486228186375275e+00
1.055486228186375275e+00
9.632867593166083431e-01
9.537172708456738146e-01
9.399052301511090501e-01
9.399052301511090501e-01
9.399052301511090501e-01
7.910291196775643963e-01
6.774276782476982284e-01
4.197934705468397421e-01
4.197934705468397421e-01
4.197934705468397421e-01
4.197934705468397421e-01
4.197934705468397421e-01
4.197934705468397421e-01
4.197934705468397421e-01
4.197934705468397421e-01
4.197934705468397421e-01
4.197934705468397421e-01
4.183452803817364618e-01
4.183452803817364618e-01
4.183452803817364618e-01
4.183452803817364618e-01
4.183452803817364618e-01
3.979612734391243523e-01
3.938593725851946004e-01
3.729411623420602617e-01
3.729411623420602617e-01
3.729411623420602617e-01
3.428358892960591819e-01
3.428358892960591819e-01
3.428358892960591819e-01
3.428358892960591819e-01
3.428358892960591819e-01
3.401468599222796096e-01
3.401468599222796096e-01
3.401468599222796096e-01
3.236910640031042119e-01
3.194117522685689936e-01
3.194117522685689936e-01
3.044025999397668714e-01
3.044025999397668714e-01
2.710455290891863322e-01
2.330723417643603690e-01
2.330723417643603690e-01
2.330723417643603690e-01
2.330723417643603690e-01
2.194124309301901110e-01
2.194124309301901110e-01
2.194124309301901110e-01
2.194124309301901110e-01
2.194124309301901110e-01
2.194124309301901110e-01
2.194124309301901110e-01
2.159511785011090923e-01
2.139525154626508441e-01
2.031319849851825343e-01
2.031319849851825343e-01
2.031319849851825343e-01
2.031319849851825343e-01
1.997983597853917603e-01
1.997983597853917603e-01
1.997983597853917603e-01
1.997983597853917603e-01
1.933094467522870341e-01
1.933094467522870341e-01
1.933094467522870341e-01
1.933094467522870341e-01
1.933094467522870341e-01
1.933094467522870341e-01
1.933094467522870341e-01
1.933094467522870341e-01
1.933094467522870341e-01
1.933094467522870341e-01
1.933094467522870341e-01
1.933094467522870341e-01
1.933094467522870341e-01
1.933094467522870341e-01
1.919916183739545368e-01
1.913608906573014135e-01
1.913608906573014135e-01
1.912995916579649791e-01
1.912995916579649791e-01
1.912995916579649791e-01
1.912995916579649791e-01
1.912957043770656118e-01
1.912957043770656118e-01
1.912887649984566230e-01
1.912887649984566230e-01
1.912887649984566230e-01
1.912884345701924560e-01
1.912883820861147888e-01
1.912883691372218309e-01
1.912883563386640895e-01
1.912883519601194238e-01
1.912883519601194238e-01
1.912883519601194238e-01
1.912883519601194238e-01
1.912632870154298281e-01
1.912422817541955256e-01
1.911739690812495895e-01
1.910889041565765611e-01
1.909871339996904727e-01
1.909474063802244770e-01
1.906661167038060656e-01
1.906661167038060656e-01
1.906618362847118386e-01
1.906618362847118386e-01
1.906559771001226644e-01
1.906551591542644253e-01
1.905753378484325578e-01
1.904976860437079256e-01
1.904117184719430478e-01
1.903223120671269919e-01
1.902379829080587115e-01
1.901924713382905363e-01
1.901700984624513924e-01
1.901654653417360064e-01
1.901562425102423515e-01
1.901438626528881015e-01
1.901339951070123990e-01
1.901332247917183194e-01
1.901332247917183194e-01
1.901227011537006406e-01
1.901195585620798767e-01
1.901140635773353738e-01
1.901130981102290285e-01
1.901115009436620262e-01
1.901111257848985547e-01
1.901109079796529933e-01
1.901101350760782127e-01
