1.752368968235766999e+01
1.752368968235766999e+01
8.642823731215029781e+00
8.642823731215029781e+00
8.642823731215029781e+00
8.642823731215029781e+00
8.642823731215029781e+00
8.642823731215029781e+00
7.388766472687356313e+00
1.174366571276124205e+00
1.174366571276124205e+00
1.174366571276124205e+00
1.174366571276124205e+00
1.048386324735899322e+00
7.425435613318517314e-01
7.425435613318517314e-01
6.096144158863571194e-01
6.096144158863571194e-01
6.096144158863571194e-01
5.438144714518277079e-01
5.087677840200871549e-01
5.087677840200871549e-01
5.087677840200871549e-01
5.087677840200871549e-01
5.087677840200871549e-01
5.087677840200871549e-01
5.087677840200871549e-01
4.681515006751085228e-01
4.681515006751085228e-01
4.247597644018153984e-01
4.247597644018153984e-01
4.247597644018153984e-01
4.247597644018153984e-01
4.247597644018153984e-01
4.247597644018153984e-01
4.247597644018153984e-01
4.247597644018153984e-01
4.247597644018153984e-01
3.989245483344029397e-01
3.775713873327591896e-01
3.682828359188579648e-01
2.984313941665839298e-01
2.984313941665839298e-01
2.984313941665839298e-01
2.402848450010692527e-01
2.402848450010692527e-01
2.402848450010692527e-01
2.402848450010692527e-01
2.402848450010692527e-01
2.245360963696956258e-01
1.823633712985146815e-01
1.823633712985146815e-01
1.823633712985146815e-01
1.823633712985146815e-01
1.823633712985146815e-01
1.823633712985146815e-01
1.823633712985146815e-01
1.823633712985146815e-01
1.669612304886224086e-01
1.669612304886224086e-01
1.669612304886224086e-01
1.669612304886224086e-01
1.669612304886224086e-01
1.669612304886224086e-01
1.669612304886224086e-01
1.669612304886224086e-01
1.669612304886224086e-01
1.669612304886224086e-01
1.669612304886224086e-01
1.669612304886224086e-01
1.669612304886224086e-01
1.669612304886224086e-01
1.633727854689533410e-01
1.633727854689533410e-01
1.506332366824484348e-01
1.506332366824484348e-01
1.506332366824484348e-01
1.437210861788629224e-01
1.437210861788629224e-01
1.437210861788629224e-01
1.437210861788629224e-01
1.259969022065182409e-01
1.095702188938377369e-01
1.095702188938377369e-01
1.095702188938377369e-01
1.095702188938377369e-01
9.430432599030164065e-02
9.430432599030164065e-02
9.430432599030164065e-02
9.430432599030164065e-02
9.430432599030164065e-02
9.430432599030164065e-02
9.430432599030164065e-02
9.430432599030164065e-02
9.430432599030164065e-02
9.430432599030164065e-02
9.430432599030164065e-02
9.430432599030164065e-02
8.645001308049822530e-02
8.645001308049822530e-02
7.477059612849482062e-02
7.477059612849482062e-02
7.477059612849482062e-02
7.477059612849482062e-02
6.668454833430972895e-02
6.668454833430972895e-02
6.668454833430972895e-02
6.668454833430972895e-02
6.668454833430972895e-02
6.668454833430972895e-02
6.668454833430972895e-02
6.668454833430972895e-02
6.668454833430972895e-02
6.668454833430972895e-02
6.668454833430972895e-02
6.668454833430972895e-02
6.668454833430972895e-02
6.668454833430972895e-02
6.668454833430972895e-02
6.668454833430972895e-02
6.668454833430972895e-02
6.668454833430972895e-02
6.668454833430972895e-02
6.668454833430972895e-02
6.472018292116946125e-02
6.472018292116946125e-02
6.472018292116946125e-02
6.472018292116946125e-02
6.472018292116946125e-02
6.472018292116946125e-02
6.472018292116946125e-02
6.472018292116946125e-02
6.449347695782264855e-02
6.296979763926666140e-02
6.296979763926666140e-02
6.092386686910435806e-02
6.092386686910435806e-02
6.092386686910435806e-02
6.092386686910435806e-02
6.092386686910435806e-02
6.092386686910435806e-02
6.092386686910435806e-02
6.092386686910435806e-02
6.092386686910435806e-02
6.092386686910435806e-02
6.092386686910435806e-02
6.092386686910435806e-02
6.092386686910435806e-02
6.092386686910435806e-02
6.092386686910435806e-02
6.092386686910435806e-02
6.092386686910435806e-02
6.092386686910435806e-02
6.092386686910435806e-02
6.092386686910435806e-02
6.092386686910435806e-02
6.092386686910435806e-02
6.092386686910435806e-02
6.092386686910435806e-02
6.092386686910435806e-02
6.092386686910435806e-02
6.087905482395322004e-02
6.087905482395322004e-02
6.087905482395322004e-02
6.087905482395322004e-02
6.085446145556818592e-02
6.084974710872207565e-02
6.084919794467313209e-02
6.084876357844308525e-02
6.084876357844308525e-02
6.084876357844308525e-02
6.084876357844308525e-02
6.084876357844308525e-02
6.028075317086976914e-02
6.024043213161731775e-02
6.024043213161731775e-02
6.024043213161731775e-02
6.024043213161731775e-02
6.016414251498345550e-02
6.015093081008508757e-02
6.014918601633545414e-02
6.014918601633545414e-02
6.014918601633545414e-02
6.014913499095312505e-02
6.014913499095312505e-02
6.014913499095312505e-02
6.014912531735881751e-02
6.014912531735881751e-02
6.014911917771718214e-02
6.014909936480519748e-02
6.014909936480519748e-02
6.014909936480519748e-02
6.014909936480519748e-02
6.014909936480519748e-02
6.014909936480519748e-02
6.014909936480519748e-02
6.014909936480519748e-02
6.014909374842319911e-02
6.014909374842319911e-02
6.014909374842319911e-02
