2.700261576771593042e+01
2.700261576771593042e+01
2.700261576771593042e+01
2.319280360011404696e+01
1.546335004442001093e+01
1.546335004442001093e+01
1.463179950393292117e+01
1.463179950393292117e+01
7.833388017773986078e+00
7.806619999953678501e+00
7.264249376096135080e+00
5.228943010624443666e+00
1.383308985392316393e+00
1.055132475600898845e+00
9.465575871222700055e-01
8.386396018945978525e-01
7.702570204024391520e-01
6.169064803752618564e-01
4.057047605580370586e-01
4.057047605580370586e-01
4.057047605580370586e-01
4.057047605580370586e-01
4.057047605580370586e-01
4.057047605580370586e-01
2.411443099034733528e-01
2.411443099034733528e-01
2.411443099034733528e-01
2.411443099034733528e-01
1.978549471773627111e-01
1.978549471773627111e-01
1.978549471773627111e-01
1.978549471773627111e-01
1.978549471773627111e-01
1.978549471773627111e-01
1.978549471773627111e-01
1.978549471773627111e-01
1.978549471773627111e-01
1.978549471773627111e-01
1.978549471773627111e-01
1.241166965411419493e-01
1.241166965411419493e-01
1.241166965411419493e-01
1.241166965411419493e-01
1.241166965411419493e-01
1.241166965411419493e-01
1.241166965411419493e-01
1.241166965411419493e-01
1.241166965411419493e-01
1.241166965411419493e-01
1.241166965411419493e-01
1.145420482752696756e-01
1.145420482752696756e-01
1.145420482752696756e-01
1.145420482752696756e-01
1.145420482752696756e-01
8.991167550914531958e-02
8.991167550914531958e-02
8.991167550914531958e-02
8.991167550914531958e-02
8.207762879868743533e-02
8.207762879868743533e-02
8.207762879868743533e-02
8.207762879868743533e-02
8.207762879868743533e-02
8.207762879868743533e-02
8.207762879868743533e-02
8.207762879868743533e-02
8.207762879868743533e-02
8.207762879868743533e-02
8.207762879868743533e-02
7.166871869987982702e-02
7.166871869987982702e-02
7.166871869987982702e-02
7.166871869987982702e-02
7.166871869987982702e-02
7.166871869987982702e-02
7.166871869987982702e-02
7.166871869987982702e-02
7.166871869987982702e-02
6.840397369094236568e-02
6.840397369094236568e-02
6.840397369094236568e-02
6.840397369094236568e-02
6.840397369094236568e-02
6.840397369094236568e-02
6.840397369094236568e-02
6.840397369094236568e-02
6.840397369094236568e-02
6.840397369094236568e-02
6.720889211481444192e-02
6.720889211481444192e-02
6.720889211481444192e-02
6.720889211481444192e-02
6.720889211481444192e-02
6.720889211481444192e-02
6.720889211481444192e-02
6.720889211481444192e-02
6.720889211481444192e-02
6.720889211481444192e-02
6.720889211481444192e-02
6.402052082302496505e-02
6.402052082302496505e-02
6.343887149632652933e-02
6.343887149632652933e-02
6.270401539686797088e-02
6.270401539686797088e-02
6.270000472391819291e-02
6.270000472391819291e-02
6.270000472391819291e-02
6.265295211440385925e-02
6.265295211440385925e-02
6.265295211440385925e-02
6.265295211440385925e-02
6.258022745095646877e-02
6.258022745095646877e-02
6.258022745095646877e-02
6.254905597535295736e-02
6.254106367223380425e-02
6.254106367223380425e-02
6.254106367223380425e-02
6.254106367223380425e-02
6.252790642850726555e-02
6.251334734629318546e-02
6.250861923535237785e-02
6.250702254406005631e-02
6.250637444617655747e-02
6.250619459461295713e-02
6.250611209156931025e-02
6.250607683864599362e-02
6.250607683864599362e-02
6.250607683864599362e-02
6.250606967168624573e-02
6.250606962709555348e-02
6.250601260609114918e-02
6.250601260609114918e-02
6.250600760413653478e-02
6.250600760413653478e-02
6.250600760413653478e-02
6.250600760413653478e-02
6.250600760413653478e-02
6.250600760413653478e-02
6.250600760413653478e-02
6.250600760413653478e-02
6.250600760413653478e-02
6.250600760413653478e-02
6.215211748006214953e-02
6.215211748006214953e-02
6.215211748006214953e-02
6.215211748006214953e-02
6.215211748006214953e-02
6.215211748006214953e-02
6.215211748006214953e-02
6.215211748006214953e-02
6.215211748006214953e-02
6.205461597964682247e-02
6.205461597964682247e-02
6.205461597964682247e-02
6.205461597964682247e-02
6.205461597964682247e-02
6.205461597964682247e-02
6.205461597964682247e-02
6.205461597964682247e-02
6.205461597964682247e-02
6.205461597964682247e-02
6.161558803996668859e-02
6.161558803996668859e-02
6.161558803996668859e-02
6.161558803996668859e-02
6.154823695188389038e-02
6.154823695188389038e-02
6.154823695188389038e-02
6.154823695188389038e-02
6.154823695188389038e-02
6.154823695188389038e-02
6.154823695188389038e-02
6.154823695188389038e-02
6.154823695188389038e-02
6.117495889456851799e-02
6.117495889456851799e-02
6.117495889456851799e-02
6.117495889456851799e-02
6.117495889456851799e-02
6.117495889456851799e-02
6.117495889456851799e-02
6.117495889456851799e-02
6.117495889456851799e-02
6.117495889456851799e-02
6.117495889456851799e-02
6.117495889456851799e-02
6.117495889456851799e-02
6.117495889456851799e-02
6.117495889456851799e-02
6.117495889456851799e-02
6.117495889456851799e-02
6.117495889456851799e-02
6.117495889456851799e-02
6.117495889456851799e-02
6.117495889456851799e-02
6.117495889456851799e-02
6.117495889456851799e-02
