4.371516528429891224e+01
4.123209734417746830e+01
2.749544842808522915e+01
1.391960741646105149e+01
1.391960741646105149e+01
1.391960741646105149e+01
1.079629725472071833e+01
8.533066237417450850e+00
6.377715423456570498e+00
4.762913921705751896e+00
4.762913921705751896e+00
4.762913921705751896e+00
3.993305353756385845e+00
3.993305353756385845e+00
3.385499874985884894e+00
3.383464220601723582e+00
2.796236540054891861e+00
2.796236540054891861e+00
1.711406072907275089e+00
1.420330132484385999e+00
1.269247325615975974e+00
1.101649410794427020e+00
1.017760865350075150e+00
1.003054417890808514e+00
8.042976407185535859e-01
8.042976407185535859e-01
8.042976407185535859e-01
8.042976407185535859e-01
6.823196960091886254e-01
6.823196960091886254e-01
5.849665472561437207e-01
4.493984279661373260e-01
3.796098615516879105e-01
3.796098615516879105e-01
3.796098615516879105e-01
3.796098615516879105e-01
3.597715464994191703e-01
3.597715464994191703e-01
3.597715464994191703e-01
3.597715464994191703e-01
3.597715464994191703e-01
3.597715464994191703e-01
3.597715464994191703e-01
3.597715464994191703e-01
3.597715464994191703e-01
3.597715464994191703e-01
3.597715464994191703e-01
3.597715464994191703e-01
3.597715464994191703e-01
3.334692263243566046e-01
3.334692263243566046e-01
3.334692263243566046e-01
3.334692263243566046e-01
3.334692263243566046e-01
2.923042201008696495e-01
2.923042201008696495e-01
2.923042201008696495e-01
2.923042201008696495e-01
2.818449254720239994e-01
2.818449254720239994e-01
2.818449254720239994e-01
2.818449254720239994e-01
2.755425030153256238e-01
2.755425030153256238e-01
2.576140286675895896e-01
2.576140286675895896e-01
2.442565397507903968e-01
2.442565397507903968e-01
2.442565397507903968e-01
2.442565397507903968e-01
2.442565397507903968e-01
2.442565397507903968e-01
2.442565397507903968e-01
2.335143458145579887e-01
2.335143458145579887e-01
2.335143458145579887e-01
2.335143458145579887e-01
2.242756752695822531e-01
2.242756752695822531e-01
2.242756752695822531e-01
2.242756752695822531e-01
2.242756752695822531e-01
2.242756752695822531e-01
2.242756752695822531e-01
2.242756752695822531e-01
2.242756752695822531e-01
2.242756752695822531e-01
2.242756752695822531e-01
2.242756752695822531e-01
2.242756752695822531e-01
2.242756752695822531e-01
2.242756752695822531e-01
2.242756752695822531e-01
2.233736428120660367e-01
2.176241552789805467e-01
2.133106300935724287e-01
2.133106300935724287e-01
2.095988683314057022e-01
2.089467208482423677e-01
2.089467208482423677e-01
2.088225736112662712e-01
2.088225736112662712e-01
2.086816305383621395e-01
2.086816305383621395e-01
2.038950168508835148e-01
2.013434049904781475e-01
2.007074685061519537e-01
2.005514171682494240e-01
2.005138993790681889e-01
1.989331052903667296e-01
1.979173029904068293e-01
1.979173029904068293e-01
1.979173029904068293e-01
1.979173029904068293e-01
1.979173029904068293e-01
1.944899871561913129e-01
1.927903091464749363e-01
1.927903091464749363e-01
1.927903091464749363e-01
1.880529040106848626e-01
1.880529040106848626e-01
1.850869671352448620e-01
1.850869671352448620e-01
1.850869671352448620e-01
1.841362264464745935e-01
1.841362264464745935e-01
1.841362264464745935e-01
1.825182914568355685e-01
1.780309476965701299e-01
1.702466505459318546e-01
1.702466505459318546e-01
1.688421704801927326e-01
1.688421704801927326e-01
1.645825077714167251e-01
1.645825077714167251e-01
1.643328461179685562e-01
1.638304254732634302e-01
1.606200423910977282e-01
1.606200423910977282e-01
1.538113690699773328e-01
1.538113690699773328e-01
1.531630346649530960e-01
1.531630346649530960e-01
1.520357609407059774e-01
1.520357609407059774e-01
1.475989638623633748e-01
1.435411310331831669e-01
1.425892837028240323e-01
1.385634897949110378e-01
1.385634897949110378e-01
1.373077398648770153e-01
1.332839996371960045e-01
1.289532811282207980e-01
1.223200546142974438e-01
1.210899785622626956e-01
1.199065251783264091e-01
1.180356855669911081e-01
1.180356855669911081e-01
1.180356855669911081e-01
1.180356855669911081e-01
1.161899514455183025e-01
1.150580917179256923e-01
1.149207013295317492e-01
1.148976682073017952e-01
1.148935839396416358e-01
1.019347085431733108e-01
1.006326738334267085e-01
9.753151240627461194e-02
9.752380957983959597e-02
9.623725999920257346e-02
9.364735222273125326e-02
9.364735222273125326e-02
9.297966316582109703e-02
9.076715556565655152e-02
8.312984030324020723e-02
8.312984030324020723e-02
8.057440432602863689e-02
8.057440432602863689e-02
7.697136102022940352e-02
7.671476849357390659e-02
7.669467616539553390e-02
7.669357150527324196e-02
7.669294150960896672e-02
7.669294150960896672e-02
7.669294150960896672e-02
7.669209911346597242e-02
7.665042893820185610e-02
7.665042893820185610e-02
7.650794780577668819e-02
7.649338351248362311e-02
7.649261361734345510e-02
7.649241316598906493e-02
7.649229994971848412e-02
7.649229699686836692e-02
7.649224656496825259e-02
7.466299308936945323e-02
7.466299308936945323e-02
7.465802948666382111e-02
7.465756672671196303e-02
7.465756672671196303e-02
