2.373118575263102059e+01
2.152552882744837959e+01
1.504688940151713972e+01
1.504688940151713972e+01
1.074942562036596705e+01
5.451468460374922387e+00
2.490383110123831401e+00
1.541552458841806139e+00
1.541552458841806139e+00
1.541552458841806139e+00
1.109584051312226594e+00
6.968355120085163446e-01
6.968355120085163446e-01
6.968355120085163446e-01
6.968355120085163446e-01
6.867019674251039207e-01
6.867019674251039207e-01
5.802518491978049253e-01
5.802518491978049253e-01
5.802518491978049253e-01
5.802518491978049253e-01
5.802518491978049253e-01
5.802518491978049253e-01
5.802518491978049253e-01
5.601602186546029705e-01
4.746828675516934770e-01
4.746828675516934770e-01
4.746828675516934770e-01
3.955837153670794248e-01
3.955837153670794248e-01
3.955837153670794248e-01
3.955837153670794248e-01
3.955837153670794248e-01
3.955837153670794248e-01
3.955837153670794248e-01
3.914984474614024990e-01
3.914984474614024990e-01
3.914984474614024990e-01
3.914984474614024990e-01
3.603732516524856266e-01
3.603732516524856266e-01
3.603732516524856266e-01
3.603732516524856266e-01
3.603732516524856266e-01
3.603732516524856266e-01
3.603732516524856266e-01
3.459351931002984104e-01
3.459351931002984104e-01
3.459351931002984104e-01
3.459351931002984104e-01
3.316560917771843586e-01
3.260798411408302733e-01
3.260798411408302733e-01
3.260798411408302733e-01
3.260798411408302733e-01
3.058817968069050819e-01
3.058817968069050819e-01
2.731806934804237308e-01
2.716414032536391132e-01
2.716414032536391132e-01
2.432485742261248918e-01
2.432485742261248918e-01
2.353617557757202161e-01
2.353617557757202161e-01
2.353617557757202161e-01
2.326751023513897176e-01
2.326751023513897176e-01
2.206840664817546482e-01
2.206840664817546482e-01
2.206840664817546482e-01
2.206840664817546482e-01
2.157314279211418884e-01
2.157314279211418884e-01
2.157314279211418884e-01
1.374014120233059133e-01
1.374014120233059133e-01
1.374014120233059133e-01
1.374014120233059133e-01
1.374014120233059133e-01
1.374014120233059133e-01
1.171175606022716448e-01
1.171175606022716448e-01
1.171175606022716448e-01
1.171175606022716448e-01
1.171175606022716448e-01
1.171175606022716448e-01
1.171175606022716448e-01
1.171175606022716448e-01
1.171175606022716448e-01
1.171175606022716448e-01
1.171175606022716448e-01
1.171175606022716448e-01
1.171175606022716448e-01
1.171175606022716448e-01
1.171175606022716448e-01
1.171175606022716448e-01
1.171175606022716448e-01
1.171175606022716448e-01
1.171175606022716448e-01
1.171175606022716448e-01
1.171175606022716448e-01
1.171175606022716448e-01
1.033352944727181227e-01
1.033352944727181227e-01
1.033352944727181227e-01
1.020770205549745152e-01
1.020770205549745152e-01
1.020770205549745152e-01
1.020770205549745152e-01
1.020770205549745152e-01
1.020770205549745152e-01
1.014378096522890599e-01
1.014378096522890599e-01
1.014378096522890599e-01
1.014378096522890599e-01
1.014378096522890599e-01
1.014378096522890599e-01
1.014378096522890599e-01
1.014378096522890599e-01
1.014378096522890599e-01
1.014378096522890599e-01
1.012989008020965392e-01
9.837264218886010436e-02
9.837264218886010436e-02
9.306731739193524477e-02
9.306731739193524477e-02
9.306731739193524477e-02
9.306731739193524477e-02
9.141947105294284670e-02
9.141947105294284670e-02
8.715050604945442925e-02
8.715050604945442925e-02
8.715050604945442925e-02
8.641926682906977963e-02
8.641926682906977963e-02
8.641926682906977963e-02
8.421178735976309060e-02
8.421178735976309060e-02
8.421178735976309060e-02
8.362712282275799880e-02
8.330582548373986762e-02
8.321179359315536428e-02
8.318502555789550335e-02
8.139895772653739370e-02
8.139895772653739370e-02
8.139895772653739370e-02
8.139895772653739370e-02
8.139895772653739370e-02
8.139895772653739370e-02
8.139895772653739370e-02
8.139895772653739370e-02
8.139895772653739370e-02
8.139895772653739370e-02
8.139895772653739370e-02
8.129531698302419618e-02
8.115573475816866000e-02
8.115573475816866000e-02
8.104014777729742769e-02
8.104014777729742769e-02
7.933169880918727879e-02
7.933169880918727879e-02
7.692793675437545331e-02
7.654276475780170952e-02
7.603537699705978370e-02
7.603537699705978370e-02
7.597684050110616039e-02
7.597684050110616039e-02
7.597684050110616039e-02
7.597684050110616039e-02
7.582993652565619969e-02
7.582993652565619969e-02
7.575589633369501918e-02
7.574719136684500420e-02
7.574719136684500420e-02
7.574719136684500420e-02
7.259339534808884054e-02
7.259339534808884054e-02
7.211789964000156483e-02
7.177207570442216411e-02
7.150588387674974844e-02
7.131326178791030923e-02
7.126486445994782704e-02
7.125072820023563291e-02
7.071035894783443687e-02
7.071035894783443687e-02
7.040354868167628122e-02
6.703064689306775792e-02
6.635363549470091327e-02
6.570439274970139854e-02
6.566584461077015766e-02
6.566343050010049753e-02
6.533618662386227183e-02
6.533618662386227183e-02
6.458743632353146358e-02
6.447840776711717681e-02
6.447840776711717681e-02
6.445217249042151098e-02
6.445021108984834435e-02
6.445021108984834435e-02
6.445021108984834435e-02
