4.701414052500395258e+01
3.090647859626805172e+01
2.004406437521056006e+01
2.004406437521056006e+01
1.769908351755115916e+01
1.414566580094662385e+01
1.414566580094662385e+01
5.958629666676461767e+00
2.041098252658860801e+00
2.041098252658860801e+00
2.041098252658860801e+00
1.388400918025072039e+00
1.388400918025072039e+00
8.677171762670058408e-01
8.677171762670058408e-01
8.164044501703668910e-01
6.903397388691108194e-01
6.903397388691108194e-01
6.903397388691108194e-01
6.147737591349171637e-01
4.398992136230319705e-01
3.913686370155476935e-01
3.913686370155476935e-01
3.913686370155476935e-01
3.913686370155476935e-01
3.913686370155476935e-01
3.913686370155476935e-01
3.913686370155476935e-01
3.913686370155476935e-01
3.913686370155476935e-01
3.913686370155476935e-01
3.913686370155476935e-01
3.913686370155476935e-01
3.913686370155476935e-01
2.800773714606200615e-01
2.800773714606200615e-01
2.800773714606200615e-01
2.800773714606200615e-01
2.800773714606200615e-01
2.800773714606200615e-01
2.800773714606200615e-01
2.800773714606200615e-01
2.800773714606200615e-01
2.800773714606200615e-01
2.588504775584427042e-01
2.588504775584427042e-01
2.588504775584427042e-01
2.588504775584427042e-01
2.588504775584427042e-01
2.588504775584427042e-01
2.208581734888154235e-01
2.208581734888154235e-01
2.208581734888154235e-01
1.946507295656266234e-01
1.946507295656266234e-01
1.825093758010267742e-01
1.825093758010267742e-01
1.825093758010267742e-01
1.825093758010267742e-01
1.657213298695249803e-01
1.657213298695249803e-01
1.657213298695249803e-01
1.605834682341706621e-01
1.605834682341706621e-01
1.605834682341706621e-01
1.605834682341706621e-01
1.605834682341706621e-01
1.605834682341706621e-01
1.605834682341706621e-01
1.605834682341706621e-01
1.605834682341706621e-01
1.605834682341706621e-01
1.605834682341706621e-01
1.605834682341706621e-01
1.605834682341706621e-01
1.605834682341706621e-01
1.605834682341706621e-01
1.274679982744054141e-01
1.274679982744054141e-01
1.274679982744054141e-01
1.274679982744054141e-01
1.274679982744054141e-01
1.274679982744054141e-01
1.274679982744054141e-01
1.168290995296898116e-01
1.168290995296898116e-01
1.168290995296898116e-01
1.168290995296898116e-01
1.156597461349745948e-01
1.156597461349745948e-01
1.155375025286975166e-01
1.155375025286975166e-01
1.155375025286975166e-01
1.155375025286975166e-01
1.119235673670631592e-01
1.119235673670631592e-01
1.119235673670631592e-01
1.049922715858062350e-01
1.049922715858062350e-01
1.049922715858062350e-01
1.049922715858062350e-01
1.049922715858062350e-01
1.049922715858062350e-01
9.978388215420519458e-02
9.978388215420519458e-02
9.978388215420519458e-02
9.978388215420519458e-02
9.978388215420519458e-02
9.746029280005058526e-02
9.746029280005058526e-02
9.746029280005058526e-02
9.746029280005058526e-02
9.746029280005058526e-02
9.746029280005058526e-02
9.746029280005058526e-02
9.746029280005058526e-02
9.746029280005058526e-02
9.746029280005058526e-02
9.698866508651635132e-02
9.698866508651635132e-02
9.698866508651635132e-02
9.627128109221066987e-02
9.567004463120214186e-02
9.551672010055331508e-02
9.546982114453225754e-02
9.545328549222609205e-02
9.544746158408072556e-02
9.544556404308768283e-02
9.544435146614245469e-02
9.544428847108039904e-02
9.544370876450372632e-02
9.544357352222128388e-02
9.544357352222128388e-02
9.544357352222128388e-02
9.544351222615343744e-02
9.231595752657743847e-02
9.126043063938930888e-02
9.096865497446422755e-02
9.088131243396831149e-02
9.085453707229620979e-02
9.084650099643364063e-02
8.969393404216367827e-02
8.934270366538124564e-02
8.926662115290340260e-02
8.924659902363318853e-02
8.924076317678547587e-02
8.923975935833147743e-02
8.891265293176173201e-02
8.846209230742627105e-02
8.536939179300527536e-02
8.502349341888934542e-02
8.479603455177849025e-02
8.413669160104912670e-02
8.375004144537676054e-02
8.360241129447293362e-02
8.354373136743323269e-02
8.351420190454766912e-02
8.315832094681627207e-02
8.311124088311758196e-02
8.310812937533829103e-02
8.308113513542343675e-02
8.308113513542343675e-02
8.306688407625559267e-02
8.304625950296877501e-02
8.304009902970231616e-02
8.302693365671742765e-02
8.301983625938209876e-02
8.301859445879902766e-02
8.300784845134161205e-02
8.295827432782981736e-02
8.291540726718113485e-02
8.291439422102747647e-02
8.288718208370084162e-02
8.285996267771769674e-02
8.285743619568879115e-02
8.285743619568879115e-02
8.285140073108807068e-02
8.285067766389184185e-02
8.285041207026089261e-02
8.285041207026089261e-02
8.285041207026089261e-02
8.284956642342256039e-02
8.284780602310698461e-02
8.284780602310698461e-02
8.284780602310698461e-02
8.284666292223391570e-02
8.284666292223391570e-02
8.284666292223391570e-02
8.284666292223391570e-02
8.284666292223391570e-02
8.284666292223391570e-02
8.284666292223391570e-02
8.284666177563924927e-02
8.279589617813137847e-02
8.275906862073272030e-02
8.275741955103332881e-02
8.165981788952275666e-02
8.165981788952275666e-02
8.037857726428389304e-02
8.036769135470270276e-02
