9.245268669996299593e+01
8.171989308603491509e+01
7.174339801296065389e+01
6.400123565996194941e+01
6.400123565996194941e+01
2.668805897502422297e+01
1.240391710658789037e+01
7.491881003947874262e+00
5.077438011464089129e+00
4.325173428786154517e+00
3.989285279988961097e+00
2.483407104649710817e+00
2.483407104649710817e+00
2.483407104649710817e+00
2.483407104649710817e+00
2.280513336859723683e+00
2.280513336859723683e+00
2.280513336859723683e+00
2.280513336859723683e+00
2.280513336859723683e+00
2.280513336859723683e+00
2.259668203362697803e+00
2.259668203362697803e+00
2.259668203362697803e+00
2.227993806852730074e+00
2.037697488766648579e+00
2.037697488766648579e+00
2.037697488766648579e+00
2.037697488766648579e+00
2.037697488766648579e+00
2.037697488766648579e+00
2.037697488766648579e+00
2.037697488766648579e+00
2.037697488766648579e+00
2.017182336075714844e+00
1.930498001856348456e+00
1.930498001856348456e+00
1.930498001856348456e+00
1.930498001856348456e+00
1.930498001856348456e+00
1.930498001856348456e+00
1.930498001856348456e+00
1.883352495152844863e+00
1.883352495152844863e+00
1.883352495152844863e+00
1.764799170084856872e+00
1.764799170084856872e+00
1.764799170084856872e+00
1.742279921769983808e+00
1.742279921769983808e+00
1.742279921769983808e+00
1.742279921769983808e+00
1.742279921769983808e+00
1.742279921769983808e+00
1.742279921769983808e+00
1.742279921769983808e+00
1.742279921769983808e+00
1.742279921769983808e+00
1.706776925980242998e+00
1.706776925980242998e+00
1.706776925980242998e+00
1.706776925980242998e+00
1.706776925980242998e+00
1.706776925980242998e+00
1.706776925980242998e+00
1.706776925980242998e+00
1.706776925980242998e+00
1.706776925980242998e+00
1.706776925980242998e+00
1.706776925980242998e+00
1.702936594025032946e+00
1.702936594025032946e+00
1.677148461774911059e+00
1.677148461774911059e+00
1.677148461774911059e+00
1.677148461774911059e+00
1.677148461774911059e+00
1.677148461774911059e+00
1.677148461774911059e+00
1.677148461774911059e+00
1.677148461774911059e+00
1.677148461774911059e+00
1.677148461774911059e+00
1.677148461774911059e+00
1.677148461774911059e+00
1.677148461774911059e+00
1.677148461774911059e+00
1.675291224893511011e+00
1.675291224893511011e+00
1.675291224893511011e+00
1.675291224893511011e+00
1.675291224893511011e+00
1.675291224893511011e+00
1.674730742802176042e+00
1.667988841993258697e+00
1.663891147359607636e+00
1.663891147359607636e+00
1.652540580864689579e+00
1.652540580864689579e+00
1.652540580864689579e+00
1.652540580864689579e+00
1.626045066407104667e+00
1.612185306133639084e+00
1.612185306133639084e+00
1.612185306133639084e+00
1.612185306133639084e+00
1.612185306133639084e+00
1.607855701855049002e+00
1.607855701855049002e+00
1.587959653147963834e+00
1.587959653147963834e+00
1.587959653147963834e+00
1.568559708590738788e+00
1.564903009639201592e+00
1.564903009639201592e+00
1.564903009639201592e+00
1.555706788296441712e+00
1.550568000025702942e+00
1.550568000025702942e+00
1.550568000025702942e+00
1.550568000025702942e+00
1.537445010304045123e+00
1.522690425030785111e+00
1.522690425030785111e+00
1.522690425030785111e+00
1.508544521972007724e+00
1.508544521972007724e+00
1.485598050189943509e+00
1.485598050189943509e+00
1.482646209636889090e+00
1.473866776421853153e+00
1.457604850178633171e+00
1.455663229005113246e+00
1.455339867837280865e+00
1.455259873147932037e+00
1.455222588856740273e+00
1.448817354341425112e+00
1.448817354341425112e+00
1.446773547199788457e+00
1.446773547199788457e+00
1.444411963943757815e+00
1.440769827069727116e+00
1.433857330598842905e+00
1.433857330598842905e+00
1.433857330598842905e+00
1.433857330598842905e+00
1.419767799167399813e+00
1.398107728035114850e+00
1.389905157947472381e+00
1.368903219281424999e+00
1.363394215626303252e+00
1.360645854692280166e+00
1.359905605170951937e+00
1.348402253539393802e+00
1.348402253539393802e+00
1.344937546882830848e+00
1.338420055482000270e+00
1.338420055482000270e+00
1.330337551330954327e+00
1.329373324110640464e+00
1.328713802882874884e+00
1.328695010033849710e+00
1.323276032925836621e+00
1.296303219252862737e+00
1.291582508677637797e+00
1.290797345234756088e+00
1.276837943374916629e+00
1.276586163747493341e+00
1.276586163747493341e+00
1.255251733704646488e+00
1.250678604178018460e+00
1.233825438020107912e+00
1.224329490851838953e+00
1.210901948464671918e+00
1.206380110817341311e+00
1.190151085635968276e+00
1.187900325779116084e+00
1.182735279952270346e+00
1.177221675288498970e+00
1.174842793373439109e+00
1.159899655776653660e+00
1.146382093123820889e+00
1.129422754084022706e+00
1.120856826529280870e+00
1.109896559450978648e+00
1.102410644477826107e+00
1.091870088230270319e+00
1.091870088230270319e+00
1.091870088230270319e+00
1.091085077445369533e+00
1.075602758756670552e+00
1.074905549172255004e+00
1.074328251618923202e+00
1.072420326098921350e+00
1.067525940321147004e+00
1.064187298515719471e+00
1.052432067790214809e+00
1.050118395236014024e+00
1.050071963766834537e+00
1.048830954632833379e+00
