6.751214106174678875e+01
6.751214106174678875e+01
5.103044593640740345e+01
2.365126215669350884e+01
2.365126215669350884e+01
2.365126215669350884e+01
1.334820766046085971e+01
8.743835317460026957e+00
4.531799763833252115e+00
4.531799763833252115e+00
4.531799763833252115e+00
2.268162169974210496e+00
2.268162169974210496e+00
1.297561730361649790e+00
5.239670572542787230e-01
5.239670572542787230e-01
5.239670572542787230e-01
5.239670572542787230e-01
5.239670572542787230e-01
5.239670572542787230e-01
5.239670572542787230e-01
5.239670572542787230e-01
5.073380934351650051e-01
5.073380934351650051e-01
5.073380934351650051e-01
4.767192313424392092e-01
4.189769016518009037e-01
4.189769016518009037e-01
4.189769016518009037e-01
4.189769016518009037e-01
4.189769016518009037e-01
4.189769016518009037e-01
3.927085746033966984e-01
3.927085746033966984e-01
3.875841843511725893e-01
3.875841843511725893e-01
3.501257819577169306e-01
3.501257819577169306e-01
3.501257819577169306e-01
3.014593537338693396e-01
3.014593537338693396e-01
2.591190247736001595e-01
2.591190247736001595e-01
2.564999848728405918e-01
2.462945321612551308e-01
2.462945321612551308e-01
2.012630196658930781e-01
1.622157424101040579e-01
1.622157424101040579e-01
1.622157424101040579e-01
1.622157424101040579e-01
1.622157424101040579e-01
1.622157424101040579e-01
1.622157424101040579e-01
1.521533171209204505e-01
1.521533171209204505e-01
1.521533171209204505e-01
1.521533171209204505e-01
1.521533171209204505e-01
1.481995098079391671e-01
1.481995098079391671e-01
1.481995098079391671e-01
1.481995098079391671e-01
1.481995098079391671e-01
1.481995098079391671e-01
1.452901034265520197e-01
1.376504763293109335e-01
1.376504763293109335e-01
1.376504763293109335e-01
1.376504763293109335e-01
1.376504763293109335e-01
1.376504763293109335e-01
1.376504763293109335e-01
1.376504763293109335e-01
1.376504763293109335e-01
1.376504763293109335e-01
1.376504763293109335e-01
1.376504763293109335e-01
1.376504763293109335e-01
1.245505284031508259e-01
1.245505284031508259e-01
1.245505284031508259e-01
1.245505284031508259e-01
1.245505284031508259e-01
1.245505284031508259e-01
1.245505284031508259e-01
1.229114197097494476e-01
1.229114197097494476e-01
1.120828990008297249e-01
1.120828990008297249e-01
1.120828990008297249e-01
1.120828990008297249e-01
1.120828990008297249e-01
1.120828990008297249e-01
1.120828990008297249e-01
1.120828990008297249e-01
1.120828990008297249e-01
1.120828990008297249e-01
1.120828990008297249e-01
1.120828990008297249e-01
1.120828990008297249e-01
1.048251120262915226e-01
1.048251120262915226e-01
1.048251120262915226e-01
1.048251120262915226e-01
1.048251120262915226e-01
1.048251120262915226e-01
1.048251120262915226e-01
1.038405419203514840e-01
1.015656210971992851e-01
9.900647470643064718e-02
9.804196744062064484e-02
9.767953479507285319e-02
9.753888817973864478e-02
9.748200576939443363e-02
9.745853013276416232e-02
9.744863698337785651e-02
9.744453052680172866e-02
9.744260911689944793e-02
9.744208011540356207e-02
9.744187043641222568e-02
9.725769334972185487e-02
9.725769334972185487e-02
9.642319428445239593e-02
9.642319428445239593e-02
8.793911404860939307e-02
8.793911404860939307e-02
8.793911404860939307e-02
8.793911404860939307e-02
8.793911404860939307e-02
8.793911404860939307e-02
8.793911404860939307e-02
8.793911404860939307e-02
8.793911404860939307e-02
8.793911404860939307e-02
8.793911404860939307e-02
8.793911404860939307e-02
8.793911404860939307e-02
8.793911404860939307e-02
8.793911404860939307e-02
8.793911404860939307e-02
8.793911404860939307e-02
8.793911404860939307e-02
8.793911404860939307e-02
8.793911404860939307e-02
8.793911404860939307e-02
8.793911404860939307e-02
8.793911404860939307e-02
8.764660890779535363e-02
8.764660890779535363e-02
8.687486237458141858e-02
8.687486237458141858e-02
8.687486237458141858e-02
8.567600220686891199e-02
8.567600220686891199e-02
8.567600220686891199e-02
8.567600220686891199e-02
8.567600220686891199e-02
8.567600220686891199e-02
8.567600220686891199e-02
8.562237981664476416e-02
8.561184114373616982e-02
8.561019093127571200e-02
8.560975781985592781e-02
8.560974648177520352e-02
8.441907586321426016e-02
8.305593685162357409e-02
8.278037807958622818e-02
8.273875338703300109e-02
8.273238332328651523e-02
8.273129006984034084e-02
8.273119015638746854e-02
8.273119015638746854e-02
8.273117267381353834e-02
8.013750696475242796e-02
8.013020437165026266e-02
8.013020437165026266e-02
7.996586436229702333e-02
7.996586436229702333e-02
7.996586436229702333e-02
7.996586436229702333e-02
7.993343278895043147e-02
7.993343278895043147e-02
7.993205239038504717e-02
7.993205239038504717e-02
7.993189626438301776e-02
7.993189626438301776e-02
7.993189626438301776e-02
7.993189626438301776e-02
7.993169290911121549e-02
7.993169290911121549e-02
7.993169290911121549e-02
7.993169290911121549e-02
7.993169290911121549e-02
7.993169290911121549e-02
7.993169290911121549e-02
7.742888964020964992e-02
7.737453470106568643e-02
7.737401578110858491e-02
7.737401471192263680e-02
