4.169290751951456997e+01
4.169290751951456997e+01
2.426595751013512370e+01
1.188822173718233977e+01
1.081769444024373072e+01
1.046789207269730504e+01
7.252344994967731218e+00
7.252344994967731218e+00
7.252344994967731218e+00
7.252344994967731218e+00
6.120332391419546880e+00
4.088487771201401166e+00
3.806477970407266653e+00
2.997719959387071142e+00
2.030468665886445034e+00
1.904640082644501797e+00
1.396162268740111845e+00
1.396162268740111845e+00
1.275061437797756270e+00
1.275061437797756270e+00
1.275061437797756270e+00
1.275061437797756270e+00
1.171738525420064292e+00
1.108400635036570492e+00
9.382670939519429654e-01
9.156449052239472586e-01
9.156449052239472586e-01
9.156449052239472586e-01
8.862791593194193629e-01
8.862791593194193629e-01
8.505067369933948518e-01
8.505067369933948518e-01
8.011930375329174847e-01
8.011930375329174847e-01
6.774787276625093835e-01
6.774787276625093835e-01
6.774787276625093835e-01
6.313742430532623962e-01
6.313742430532623962e-01
6.313742430532623962e-01
6.313742430532623962e-01
6.121882043175286281e-01
6.121882043175286281e-01
6.121882043175286281e-01
6.121882043175286281e-01
6.121882043175286281e-01
6.121882043175286281e-01
6.112601150714669362e-01
5.686332763995789463e-01
5.686332763995789463e-01
5.238394110206242571e-01
5.238394110206242571e-01
5.238394110206242571e-01
5.238394110206242571e-01
5.238394110206242571e-01
5.238394110206242571e-01
4.840392944833731836e-01
4.840392944833731836e-01
4.840392944833731836e-01
4.840392944833731836e-01
4.840392944833731836e-01
4.834194158245400663e-01
4.789907963141364355e-01
4.062477765523204165e-01
3.010901253782900522e-01
3.007461725126848728e-01
2.745562553412216888e-01
2.721545631147888611e-01
2.721545631147888611e-01
2.721545631147888611e-01
2.384744123709647834e-01
2.384744123709647834e-01
2.384744123709647834e-01
2.384744123709647834e-01
2.384744123709647834e-01
2.384744123709647834e-01
2.384744123709647834e-01
2.300000036141532367e-01
2.300000036141532367e-01
2.300000036141532367e-01
1.980935947081261250e-01
1.980935947081261250e-01
1.980935947081261250e-01
1.980935947081261250e-01
1.980935947081261250e-01
1.980935947081261250e-01
1.980935947081261250e-01
1.980935947081261250e-01
1.980935947081261250e-01
1.980935947081261250e-01
1.980935947081261250e-01
1.980935947081261250e-01
1.980935947081261250e-01
1.980935947081261250e-01
1.871951856371381617e-01
1.397769602376887632e-01
1.397769602376887632e-01
1.397769602376887632e-01
1.397769602376887632e-01
1.397769602376887632e-01
1.384012452482207001e-01
1.296088205774616198e-01
1.279957339889798429e-01
1.279957339889798429e-01
1.149043933568976300e-01
1.149043933568976300e-01
1.149043933568976300e-01
1.149043933568976300e-01
1.121085896327817244e-01
1.121085896327817244e-01
1.121085896327817244e-01
1.121085896327817244e-01
1.121085896327817244e-01
1.121085896327817244e-01
1.121085896327817244e-01
1.091061937961973483e-01
1.091061937961973483e-01
1.091061937961973483e-01
1.091061937961973483e-01
1.091061937961973483e-01
1.091061937961973483e-01
1.049738235006916348e-01
9.882689501955800593e-02
9.666339606242463356e-02
9.443548075983726475e-02
9.443548075983726475e-02
9.442031305517678552e-02
8.977479855332057279e-02
8.977479855332057279e-02
8.977479855332057279e-02
8.977479855332057279e-02
8.621793896972350379e-02
8.621793896972350379e-02
8.415216809165852740e-02
8.415216809165852740e-02
8.206241505457159691e-02
8.206241505457159691e-02
8.206241505457159691e-02
7.837082067033551702e-02
7.590384430869759336e-02
7.400246931485954249e-02
7.400246931485954249e-02
7.361300027920657241e-02
7.361300027920657241e-02
7.361300027920657241e-02
7.360936992176511651e-02
6.623552874009677738e-02
6.623552874009677738e-02
6.623552874009677738e-02
6.230611929153187512e-02
6.230611929153187512e-02
6.208938968830259725e-02
6.208938968830259725e-02
6.208938968830259725e-02
6.204399932013314467e-02
6.204399932013314467e-02
6.180857612557387470e-02
6.180857612557387470e-02
6.180857612557387470e-02
6.180857612557387470e-02
6.180857612557387470e-02
6.089916220198776653e-02
6.089916220198776653e-02
6.089916220198776653e-02
6.089916220198776653e-02
6.089916220198776653e-02
6.081904210369188518e-02
5.988879470160082819e-02
5.945518997350085488e-02
5.881572217057046831e-02
5.881572217057046831e-02
5.881572217057046831e-02
5.881572217057046831e-02
5.857822769964112636e-02
5.854946048149063664e-02
5.854547946784791762e-02
5.854543813506486727e-02
5.854532479208904988e-02
5.854444829921651161e-02
5.854444829921651161e-02
5.854444829921651161e-02
5.854444829921651161e-02
5.854444829921651161e-02
5.854444829921651161e-02
5.854444829921651161e-02
5.854444829921651161e-02
5.854444829921651161e-02
5.854444829921651161e-02
5.854444829921651161e-02
5.854444829921651161e-02
5.854444829921651161e-02
5.854444829921651161e-02
5.854444829921651161e-02
5.803091264991969839e-02
5.775242529088228660e-02
5.674001160648838721e-02
5.674001160648838721e-02
5.666118331697457544e-02
5.663759290741293695e-02
5.661517494433104120e-02
