5.511369472261012703e+01
5.224288720931838981e+01
2.533522045932438971e+01
2.533522045932438971e+01
2.302303471984976824e+01
9.946485185826192676e+00
9.946485185826192676e+00
9.436018968640372151e+00
9.436018968640372151e+00
6.731500903743937059e+00
3.493512335095834587e+00
3.493512335095834587e+00
2.724265179880574816e+00
2.062912518671369710e+00
2.062912518671369710e+00
1.854691091110533430e+00
1.854691091110533430e+00
1.698134072404217321e+00
1.698134072404217321e+00
1.698134072404217321e+00
1.698134072404217321e+00
1.678783733050737803e+00
1.539509986763903715e+00
1.368886826806166468e+00
1.161551876676921502e+00
1.161551876676921502e+00
1.161551876676921502e+00
1.114398152103138973e+00
1.114398152103138973e+00
1.060769517775004944e+00
1.060769517775004944e+00
1.060769517775004944e+00
1.060769517775004944e+00
1.060769517775004944e+00
1.038135301828909896e+00
1.038135301828909896e+00
1.038135301828909896e+00
1.038135301828909896e+00
1.038135301828909896e+00
1.038135301828909896e+00
1.038135301828909896e+00
1.038135301828909896e+00
1.038135301828909896e+00
1.038135301828909896e+00
1.028245832192314024e+00
1.028245832192314024e+00
1.028245832192314024e+00
1.028245832192314024e+00
1.028245832192314024e+00
1.028245832192314024e+00
1.028245832192314024e+00
1.028245832192314024e+00
1.028245832192314024e+00
1.007409210416663425e+00
1.007409210416663425e+00
1.007409210416663425e+00
1.007409210416663425e+00
1.007409210416663425e+00
9.965314614178529817e-01
9.965314614178529817e-01
9.965314614178529817e-01
9.928779961932943099e-01
9.928779961932943099e-01
9.928779961932943099e-01
9.928779961932943099e-01
9.928779961932943099e-01
9.928779961932943099e-01
9.928779961932943099e-01
9.928779961932943099e-01
9.792982961808166520e-01
9.792982961808166520e-01
9.660200536425598283e-01
9.660200536425598283e-01
9.660200536425598283e-01
9.660200536425598283e-01
9.461539823558337003e-01
9.461539823558337003e-01
9.461539823558337003e-01
9.461539823558337003e-01
9.461539823558337003e-01
9.461539823558337003e-01
9.461539823558337003e-01
9.461539823558337003e-01
9.461539823558337003e-01
9.461539823558337003e-01
9.461539823558337003e-01
9.461539823558337003e-01
9.461539823558337003e-01
9.432058599729571391e-01
9.432058599729571391e-01
9.432058599729571391e-01
9.417681709055529815e-01
9.417681709055529815e-01
9.417681709055529815e-01
9.417681709055529815e-01
9.417681709055529815e-01
9.342057727272714551e-01
9.261946619655861968e-01
9.261946619655861968e-01
9.261946619655861968e-01
9.261946619655861968e-01
9.261946619655861968e-01
9.261946619655861968e-01
9.261946619655861968e-01
9.261946619655861968e-01
9.261946619655861968e-01
9.261946619655861968e-01
9.261946619655861968e-01
9.243747831394276693e-01
9.243747831394276693e-01
9.243747831394276693e-01
9.243747831394276693e-01
9.243747831394276693e-01
9.243747831394276693e-01
9.243747831394276693e-01
9.243747831394276693e-01
9.243747831394276693e-01
9.193523674841407312e-01
9.193523674841407312e-01
9.136603741478798169e-01
9.136603741478798169e-01
9.136603741478798169e-01
9.136603741478798169e-01
9.136603741478798169e-01
9.136603741478798169e-01
9.101855047576852265e-01
9.101855047576852265e-01
9.101855047576852265e-01
9.101855047576852265e-01
9.101855047576852265e-01
9.101855047576852265e-01
9.037369079606066835e-01
9.037369079606066835e-01
9.037369079606066835e-01
9.037369079606066835e-01
9.037369079606066835e-01
9.037369079606066835e-01
9.009523542710771160e-01
9.009523542710771160e-01
8.974873225237967045e-01
8.932509297246892244e-01
8.932509297246892244e-01
8.932509297246892244e-01
8.932509297246892244e-01
8.932509297246892244e-01
8.932509297246892244e-01
8.932509297246892244e-01
8.932509297246892244e-01
8.932509297246892244e-01
8.932005851776092520e-01
8.932005851776092520e-01
8.913793992886527295e-01
8.913793992886527295e-01
8.913793992886527295e-01
8.913793992886527295e-01
8.913793992886527295e-01
8.913793992886527295e-01
8.722781640938691572e-01
8.722781640938691572e-01
8.722781640938691572e-01
8.717514398396356556e-01
8.717514398396356556e-01
8.629779020603621786e-01
8.613158220438965618e-01
8.613158220438965618e-01
8.613158220438965618e-01
8.609397859454274160e-01
8.608970437054113134e-01
8.608963752114567880e-01
8.608963752114567880e-01
8.491202658251750801e-01
8.491202658251750801e-01
8.491202658251750801e-01
8.491202658251750801e-01
8.444677960032077602e-01
8.444599674013736346e-01
8.443791434504688276e-01
8.439951347150163041e-01
8.439951347150163041e-01
8.439951347150163041e-01
8.439951347150163041e-01
8.419178250280499043e-01
8.419178250280499043e-01
8.411386158797962143e-01
8.411386158797962143e-01
8.409477475213537057e-01
8.409477475213537057e-01
8.398942027185709591e-01
8.329180165689655801e-01
8.315321688536099209e-01
8.315321688536099209e-01
7.990970013271528893e-01
7.895261621280106334e-01
7.562350203575309848e-01
7.556313973186515875e-01
7.516591714033629135e-01
7.400752313044751673e-01
7.400069384507554915e-01
7.363002225486370289e-01
7.335463292890481712e-01
