2.668485557977461298e+01
1.253866100033829056e+01
9.978340977050192961e+00
8.887706845915010589e+00
3.805658211395861912e+00
3.805658211395861912e+00
3.805658211395861912e+00
2.641103632137968393e+00
2.641103632137968393e+00
2.641103632137968393e+00
2.061471233992470342e+00
1.468354238178383842e+00
1.110500885675912652e+00
1.110500885675912652e+00
1.110500885675912652e+00
1.110500885675912652e+00
1.110500885675912652e+00
1.004508855257398414e+00
9.921543868675650746e-01
9.921543868675650746e-01
9.921543868675650746e-01
7.438177047722247526e-01
7.438177047722247526e-01
7.438177047722247526e-01
7.438177047722247526e-01
5.861105273622838618e-01
5.462902925533515974e-01
4.381942646567417166e-01
4.381942646567417166e-01
4.381942646567417166e-01
3.821861963555038821e-01
3.821861963555038821e-01
3.821861963555038821e-01
3.821861963555038821e-01
3.821563483771927006e-01
3.821563483771927006e-01
3.759739038424175783e-01
3.759739038424175783e-01
3.759739038424175783e-01
3.759739038424175783e-01
3.759739038424175783e-01
3.224123367352564329e-01
3.224123367352564329e-01
3.224123367352564329e-01
2.953117425281427955e-01
2.953117425281427955e-01
2.953117425281427955e-01
2.953117425281427955e-01
1.394155375950711651e-01
1.394155375950711651e-01
1.394155375950711651e-01
1.394155375950711651e-01
1.394155375950711651e-01
1.394155375950711651e-01
1.394155375950711651e-01
1.394155375950711651e-01
1.394155375950711651e-01
1.394155375950711651e-01
1.394155375950711651e-01
1.394155375950711651e-01
1.394155375950711651e-01
1.394155375950711651e-01
1.394155375950711651e-01
1.394155375950711651e-01
1.318096777343363557e-01
1.318096777343363557e-01
1.318096777343363557e-01
1.318096777343363557e-01
1.264258925654191956e-01
1.264258925654191956e-01
1.112689473966378267e-01
1.112689473966378267e-01
1.112689473966378267e-01
1.112689473966378267e-01
1.112689473966378267e-01
1.112689473966378267e-01
1.112689473966378267e-01
1.112689473966378267e-01
1.112689473966378267e-01
1.112689473966378267e-01
1.112689473966378267e-01
1.112689473966378267e-01
1.112689473966378267e-01
1.112689473966378267e-01
1.030413448534513582e-01
1.030413448534513582e-01
1.030413448534513582e-01
1.030413448534513582e-01
1.030413448534513582e-01
1.030413448534513582e-01
1.030413448534513582e-01
1.030413448534513582e-01
1.030413448534513582e-01
9.746315880813578858e-02
9.746315880813578858e-02
9.746315880813578858e-02
9.655524644194966866e-02
9.464210985827012368e-02
9.464210985827012368e-02
9.464210985827012368e-02
9.464210985827012368e-02
9.464210985827012368e-02
9.464210985827012368e-02
9.464210985827012368e-02
9.464210985827012368e-02
9.464210985827012368e-02
9.464210985827012368e-02
9.464210985827012368e-02
9.464210985827012368e-02
9.464210985827012368e-02
9.464210985827012368e-02
9.464210985827012368e-02
9.464210985827012368e-02
9.464210985827012368e-02
9.464210985827012368e-02
9.464210985827012368e-02
9.464210985827012368e-02
9.464210985827012368e-02
9.299039003043672869e-02
9.299039003043672869e-02
9.256194826672886622e-02
9.256194826672886622e-02
9.256194826672886622e-02
9.227142028846721522e-02
9.227142028846721522e-02
9.212269860700970925e-02
9.212269860700970925e-02
9.212269860700970925e-02
9.212269860700970925e-02
9.212269860700970925e-02
9.212269860700970925e-02
9.212269860700970925e-02
9.212269860700970925e-02
9.212269860700970925e-02
9.212269860700970925e-02
9.210641519873571936e-02
9.210641519873571936e-02
9.210641519873571936e-02
9.210641519873571936e-02
9.209272987266994837e-02
9.209272987266994837e-02
9.209272987266994837e-02
9.209272987266994837e-02
9.156043463197441334e-02
9.017435377235161198e-02
9.017435377235161198e-02
8.904349826495935871e-02
8.313636784324389406e-02
8.187811254157259522e-02
8.039993350469110123e-02
7.955457694894790821e-02
7.955457694894790821e-02
7.955457694894790821e-02
7.937756206144684634e-02
7.930586924371724189e-02
7.929910182041433053e-02
7.929850960813861205e-02
7.924388378871249916e-02
7.924388378871249916e-02
7.911678244110498248e-02
7.909017351313327171e-02
7.908879406520219479e-02
7.908872115145576531e-02
7.908869172371972567e-02
7.908018603796246326e-02
7.907756268062414440e-02
7.907057997994927645e-02
7.906885387695911094e-02
7.906859424901843680e-02
7.906515907990159520e-02
7.906432080404512952e-02
7.906277482787657518e-02
7.906214012941657765e-02
7.906201578873235658e-02
7.906129160939091849e-02
7.906102935487976935e-02
7.906041276446741650e-02
7.906014969175180485e-02
7.906003147341462978e-02
7.905996308248328108e-02
7.905992875928956332e-02
7.905992875928956332e-02
7.905991731381420418e-02
7.905983655410853128e-02
7.905983655410853128e-02
7.905980048286230522e-02
7.905977683200091088e-02
7.905974038505475532e-02
7.905974038505475532e-02
7.905974038505475532e-02
7.905974038505475532e-02
7.905974038505475532e-02
7.905974038505475532e-02
7.905974038505475532e-02
7.905971901423812509e-02
7.905971901423812509e-02
7.905971901423812509e-02
7.905971901423812509e-02
7.905971901423812509e-02
7.905971901423812509e-02
