4.272822560632397426e+01
3.424644311176536604e+01
3.359461712292335278e+01
3.118537878783598671e+01
2.012256993019189011e+01
9.041122634387754431e+00
9.041122634387754431e+00
6.750962458998499116e+00
6.750962458998499116e+00
4.847839129973870342e+00
2.685536342119854147e+00
2.015739145758744133e+00
2.015739145758744133e+00
1.573129939660134369e+00
1.056876401872244076e+00
1.056876401872244076e+00
7.429036455823203600e-01
7.429036455823203600e-01
7.192219929554448665e-01
7.192219929554448665e-01
5.006454897621879230e-01
5.006454897621879230e-01
4.460250632100999368e-01
4.460250632100999368e-01
4.460250632100999368e-01
4.267369451499619104e-01
4.267369451499619104e-01
3.466683786067218387e-01
3.466683786067218387e-01
3.140589724526941517e-01
3.140589724526941517e-01
3.140589724526941517e-01
2.822721760292305482e-01
2.822721760292305482e-01
2.822721760292305482e-01
2.649010662009158579e-01
2.649010662009158579e-01
2.649010662009158579e-01
2.649010662009158579e-01
2.649010662009158579e-01
2.649010662009158579e-01
2.649010662009158579e-01
2.649010662009158579e-01
2.434793744540161009e-01
2.434793744540161009e-01
2.160366696934329367e-01
1.501819350108452578e-01
1.501819350108452578e-01
1.501819350108452578e-01
1.501819350108452578e-01
1.501819350108452578e-01
1.501819350108452578e-01
1.501819350108452578e-01
1.501819350108452578e-01
1.501819350108452578e-01
1.501819350108452578e-01
1.401604739172186420e-01
1.401604739172186420e-01
1.401604739172186420e-01
1.401604739172186420e-01
1.401604739172186420e-01
1.401604739172186420e-01
1.401604739172186420e-01
1.401604739172186420e-01
1.154688214047944611e-01
1.154688214047944611e-01
1.154688214047944611e-01
1.154688214047944611e-01
1.154688214047944611e-01
1.141367646832545935e-01
1.141367646832545935e-01
1.141367646832545935e-01
1.141367646832545935e-01
1.141367646832545935e-01
1.141367646832545935e-01
1.141367646832545935e-01
1.141367646832545935e-01
1.141367646832545935e-01
1.141367646832545935e-01
1.070682204881439337e-01
1.070682204881439337e-01
1.070682204881439337e-01
1.070682204881439337e-01
1.070682204881439337e-01
1.070682204881439337e-01
1.000464202100978528e-01
1.000464202100978528e-01
1.000464202100978528e-01
1.000464202100978528e-01
1.000464202100978528e-01
1.000464202100978528e-01
1.000464202100978528e-01
1.000464202100978528e-01
1.000464202100978528e-01
1.000464202100978528e-01
9.988007892171379964e-02
9.827474938469829557e-02
9.827474938469829557e-02
9.827474938469829557e-02
9.827474938469829557e-02
9.827474938469829557e-02
9.827474938469829557e-02
9.827474938469829557e-02
9.827474938469829557e-02
9.827474938469829557e-02
9.827474938469829557e-02
9.827474938469829557e-02
9.827474938469829557e-02
9.827474938469829557e-02
9.101163190143528314e-02
9.101163190143528314e-02
9.101163190143528314e-02
8.968237511580308408e-02
8.968237511580308408e-02
8.727418876884197874e-02
8.727418876884197874e-02
8.727418876884197874e-02
8.727418876884197874e-02
8.727418876884197874e-02
8.727418876884197874e-02
8.727418876884197874e-02
8.727418876884197874e-02
8.727418876884197874e-02
8.727418876884197874e-02
8.727418876884197874e-02
8.727418876884197874e-02
8.727418876884197874e-02
8.684033647724234695e-02
8.684033647724234695e-02
8.315619530934688364e-02
8.315619530934688364e-02
8.315619530934688364e-02
8.315619530934688364e-02
8.315619530934688364e-02
8.315619530934688364e-02
8.315619530934688364e-02
8.315619530934688364e-02
8.315619530934688364e-02
8.315619530934688364e-02
8.315619530934688364e-02
8.315619530934688364e-02
8.315619530934688364e-02
8.315619530934688364e-02
8.266525651444205092e-02
8.235942589918231194e-02
8.235942589918231194e-02
8.215277860401598575e-02
8.209027650630279505e-02
8.208437187370414001e-02
8.208299047889021371e-02
8.208270338756600004e-02
8.208262593608815771e-02
8.208259431422523789e-02
8.208225195155191556e-02
8.208225195155191556e-02
8.208225195155191556e-02
8.208225195155191556e-02
8.208224457863438905e-02
8.208224457863438905e-02
8.208224457863438905e-02
8.208224457863438905e-02
8.208224457863438905e-02
8.208224336833355728e-02
8.208224336833355728e-02
8.208224336833355728e-02
8.208224308937672742e-02
8.208224308937672742e-02
8.208224308937672742e-02
8.208224308937672742e-02
8.208224308937672742e-02
8.208224308937672742e-02
8.208224308937672742e-02
8.208224308937672742e-02
8.208224308937672742e-02
8.208224308937672742e-02
8.208224308937672742e-02
8.208224308937672742e-02
8.208224308937672742e-02
8.208224308937672742e-02
8.208224308937672742e-02
8.208224308937672742e-02
8.208224308937672742e-02
8.208224308937672742e-02
8.208224308937672742e-02
8.208224308937672742e-02
8.196116858474927769e-02
8.188126579474233613e-02
8.187415594562008625e-02
7.678697563818853711e-02
7.668668141277877603e-02
7.668464228544860650e-02
7.668464228544860650e-02
7.668446624981270499e-02
7.668418398345638876e-02
7.668418398345638876e-02
7.668418398345638876e-02
7.668418398345638876e-02
7.668418398345638876e-02
7.668418398345638876e-02
7.668418398345638876e-02
