4.027461975590554744e+01
4.027461975590554744e+01
3.628241563307831541e+01
3.628241563307831541e+01
3.628241563307831541e+01
1.553265642550191927e+01
1.351987534761233078e+01
1.351987534761233078e+01
1.351987534761233078e+01
1.351987534761233078e+01
1.351987534761233078e+01
1.351987534761233078e+01
1.115801959062854465e+01
1.112096049140635756e+01
9.092506568396723665e+00
7.497733560031178968e+00
7.477742585373963635e+00
6.253090891290099762e+00
6.253090891290099762e+00
5.596793420725893142e+00
4.701986178162028018e+00
4.488996283202943971e+00
4.015075629830209714e+00
3.849129102039425376e+00
3.849129102039425376e+00
3.849129102039425376e+00
3.849129102039425376e+00
3.605445766489764559e+00
3.422467024949678027e+00
2.785934274298957902e+00
2.199098153542499823e+00
2.024543766984597148e+00
1.950010413780540297e+00
1.950010413780540297e+00
1.950010413780540297e+00
1.950010413780540297e+00
1.904354924147622530e+00
1.904354924147622530e+00
1.822321425449260790e+00
1.822321425449260790e+00
1.822321425449260790e+00
1.684484416388658978e+00
1.426593139823912670e+00
1.084982762858989425e+00
1.073488033431740263e+00
1.020014492112517157e+00
1.020014492112517157e+00
1.020014492112517157e+00
9.151517080726492281e-01
9.076219819196033045e-01
8.982063304536463955e-01
8.955647460912330438e-01
8.671607302594823707e-01
8.671607302594823707e-01
8.671607302594823707e-01
8.671607302594823707e-01
8.671607302594823707e-01
8.671607302594823707e-01
8.671607302594823707e-01
8.671607302594823707e-01
8.547967350437351008e-01
8.428394299199304385e-01
8.428394299199304385e-01
8.428394299199304385e-01
8.428394299199304385e-01
8.428394299199304385e-01
8.428394299199304385e-01
8.428394299199304385e-01
8.428394299199304385e-01
8.428394299199304385e-01
8.428394299199304385e-01
8.428394299199304385e-01
8.428394299199304385e-01
8.428394299199304385e-01
8.370079072233107542e-01
8.370079072233107542e-01
8.370079072233107542e-01
8.370079072233107542e-01
8.370079072233107542e-01
8.370079072233107542e-01
8.370079072233107542e-01
8.370079072233107542e-01
8.370079072233107542e-01
8.370079072233107542e-01
8.349420725354410600e-01
8.349420725354410600e-01
8.349420725354410600e-01
8.349420725354410600e-01
8.349420725354410600e-01
8.349420725354410600e-01
8.349420725354410600e-01
8.349420725354410600e-01
8.349420725354410600e-01
8.349420725354410600e-01
8.288433010626968800e-01
8.203823717923475201e-01
8.203823717923475201e-01
7.926163406785248222e-01
7.926163406785248222e-01
7.926163406785248222e-01
7.926163406785248222e-01
7.926163406785248222e-01
7.875641709119414191e-01
7.875641709119414191e-01
7.825135736921393637e-01
7.825135736921393637e-01
7.653388349318002160e-01
7.647451133784467503e-01
7.647451133784467503e-01
7.647451133784467503e-01
7.647451133784467503e-01
7.647451133784467503e-01
7.575786972508713468e-01
7.575786972508713468e-01
7.575786972508713468e-01
7.497567480647147065e-01
7.314168212976233097e-01
7.314168212976233097e-01
7.314168212976233097e-01
7.314168212976233097e-01
7.314168212976233097e-01
7.263464959251024755e-01
7.256246672601702752e-01
7.256246672601702752e-01
7.256246672601702752e-01
7.256246672601702752e-01
7.226840520313759786e-01
7.213035336659280317e-01
7.208614163514416306e-01
7.200281408716596721e-01
7.198187095413892678e-01
7.191762797585934397e-01
7.191762797585934397e-01
7.124550962215453476e-01
7.124550962215453476e-01
7.072950069674840412e-01
7.052581637690961136e-01
7.010641581054251059e-01
6.964089233934998013e-01
6.714159503364564019e-01
6.596162726700552925e-01
6.574474874155454840e-01
6.572205272299410650e-01
6.572052317578269687e-01
6.572017864124954922e-01
6.372001846908477152e-01
6.372001846908477152e-01
6.354695805734104086e-01
6.337988872231399284e-01
6.330032043983199186e-01
6.247032188309679102e-01
6.247032188309679102e-01
6.247032188309679102e-01
6.171917900057348749e-01
6.171917900057348749e-01
6.171917900057348749e-01
6.114371973143362116e-01
6.114371973143362116e-01
6.114371973143362116e-01
6.114371973143362116e-01
6.114371973143362116e-01
6.114371973143362116e-01
6.089382125529235745e-01
6.069750798232235178e-01
6.066527733564999192e-01
6.065940108029221900e-01
6.065841422977993336e-01
6.065808736200384299e-01
6.065803566561370763e-01
6.065803566561370763e-01
6.056687327027008294e-01
5.977318835546431286e-01
5.970430643659153658e-01
5.970430643659153658e-01
5.968374892941497034e-01
5.968374892941497034e-01
5.942533127345923649e-01
5.942533127345923649e-01
5.806622224141788635e-01
5.771293017035082906e-01
5.768967754144614934e-01
5.740063623103689450e-01
5.545647619966853625e-01
5.506245947640030503e-01
5.506245947640030503e-01
5.464989624113217870e-01
5.390521390244829014e-01
5.318033206681287428e-01
5.313978332300101082e-01
5.088108191692441995e-01
5.088108191692441995e-01
5.010374672972220944e-01
5.008872534040262892e-01
4.999165569857189073e-01
4.949901386036207329e-01
4.832197607449195131e-01
4.832197607449195131e-01
4.810944930492892513e-01
4.770885341098879406e-01
4.770660600441964383e-01
