9.759268396031448844e+01
5.796782163090346529e+01
3.906348716429077683e+01
3.565429553186018552e+01
2.625085535654928748e+01
5.090810796372993607e+00
2.380858617987733350e+00
2.380858617987733350e+00
2.380858617987733350e+00
2.380858617987733350e+00
2.380858617987733350e+00
2.380858617987733350e+00
2.380858617987733350e+00
2.380858617987733350e+00
1.616365803040729077e+00
1.616365803040729077e+00
1.616365803040729077e+00
1.362560476693442935e+00
1.362560476693442935e+00
1.260356512074558344e+00
1.260356512074558344e+00
1.093189182221511402e+00
8.745927099188600673e-01
8.745927099188600673e-01
8.745927099188600673e-01
8.745927099188600673e-01
8.501354670431926497e-01
8.501354670431926497e-01
8.270815041061119199e-01
8.270815041061119199e-01
7.402799233514254507e-01
6.330066018021062169e-01
6.107311585589636493e-01
4.034115603691143526e-01
4.034115603691143526e-01
4.034115603691143526e-01
3.656257101700136070e-01
3.656257101700136070e-01
3.387628363489085248e-01
3.387628363489085248e-01
3.387628363489085248e-01
3.387628363489085248e-01
3.387628363489085248e-01
2.699489501102966815e-01
2.699489501102966815e-01
2.699489501102966815e-01
2.699489501102966815e-01
2.699489501102966815e-01
2.468147336703990502e-01
2.446146372736786312e-01
2.446146372736786312e-01
2.199080355768970874e-01
2.199080355768970874e-01
2.199080355768970874e-01
2.199080355768970874e-01
1.175268764828661938e-01
1.175268764828661938e-01
1.175268764828661938e-01
1.175268764828661938e-01
1.175268764828661938e-01
1.175268764828661938e-01
1.175268764828661938e-01
1.175268764828661938e-01
1.175268764828661938e-01
1.175268764828661938e-01
1.175268764828661938e-01
1.175268764828661938e-01
1.175268764828661938e-01
1.175268764828661938e-01
1.175268764828661938e-01
1.175268764828661938e-01
1.175268764828661938e-01
1.104948953673734191e-01
1.104948953673734191e-01
1.104948953673734191e-01
1.104948953673734191e-01
1.104948953673734191e-01
1.104948953673734191e-01
1.104948953673734191e-01
1.104948953673734191e-01
1.097219477866410303e-01
1.082761434810834006e-01
1.082761434810834006e-01
1.082761434810834006e-01
1.082761434810834006e-01
1.082761434810834006e-01
1.082761434810834006e-01
1.082761434810834006e-01
1.082761434810834006e-01
1.082761434810834006e-01
1.082761434810834006e-01
1.082761434810834006e-01
1.082761434810834006e-01
1.082761434810834006e-01
1.082761434810834006e-01
1.052168124284751649e-01
1.052168124284751649e-01
1.052168124284751649e-01
1.052168124284751649e-01
1.052168124284751649e-01
1.052168124284751649e-01
1.052168124284751649e-01
1.052168124284751649e-01
1.052168124284751649e-01
1.052168124284751649e-01
1.052168124284751649e-01
1.052168124284751649e-01
1.052168124284751649e-01
1.052168124284751649e-01
1.052168124284751649e-01
1.052168124284751649e-01
1.052168124284751649e-01
1.052168124284751649e-01
1.052168124284751649e-01
1.052168124284751649e-01
1.052168124284751649e-01
1.050701578181674617e-01
1.048139732979099792e-01
1.038073241524100909e-01
1.038015749293519224e-01
1.038015749293519224e-01
1.031233151111797253e-01
1.031233151111797253e-01
1.030848236004575369e-01
1.030848236004575369e-01
1.030848236004575369e-01
1.030209044999325363e-01
1.029787180742545855e-01
1.029661866367520551e-01
1.029619030772539190e-01
1.029605429519073467e-01
1.029605429519073467e-01
1.029605429519073467e-01
1.029604750444861605e-01
1.029604750444861605e-01
1.029604750444861605e-01
1.029601602044610542e-01
1.029601602044610542e-01
1.029600675977299373e-01
1.029600675977299373e-01
1.029600675977299373e-01
1.029600675977299373e-01
1.029600675977299373e-01
1.029600675977299373e-01
1.029600675977299373e-01
1.029600675977299373e-01
1.029600675977299373e-01
1.029600238132097056e-01
1.029600238132097056e-01
1.029600238132097056e-01
1.029600238132097056e-01
1.029600238132097056e-01
1.029600238132097056e-01
1.029599837653568939e-01
1.029599837653568939e-01
1.029599837653568939e-01
1.029599837653568939e-01
1.029599837653568939e-01
1.029599837653568939e-01
1.029599837653568939e-01
1.029599837653568939e-01
1.029599837653568939e-01
1.029599837653568939e-01
1.029599837653568939e-01
1.029599837653568939e-01
1.029599837653568939e-01
1.029599837653568939e-01
1.029599837653568939e-01
1.029599837653568939e-01
1.028099279995423609e-01
1.027487702823986077e-01
1.027487702823986077e-01
1.018115079965432879e-01
1.003095732506662507e-01
1.003095732506662507e-01
1.003095732506662507e-01
1.003095732506662507e-01
1.003095732506662507e-01
1.003095732506662507e-01
1.003095732506662507e-01
9.987631266689767084e-02
9.987631266689767084e-02
9.987631266689767084e-02
9.987631266689767084e-02
9.987631266689767084e-02
9.982120833700143525e-02
9.981572994365364715e-02
9.981541123394441217e-02
9.981541123394441217e-02
9.981541123394441217e-02
9.981536761097531407e-02
9.981533161401233423e-02
9.981532166733309008e-02
9.981532166733309008e-02
9.981532166733309008e-02
9.981532166733309008e-02
9.981532166733309008e-02
9.981532166733309008e-02
9.981532020192926402e-02
9.981532020192926402e-02
