-6.346307938667906434e+00
-4.021367592637023591e+00
-4.926436593276499742e+00
-6.412297829363700963e+00
-3.170809297918116165e+00
-1.306997128446321654e-01
-4.000000000000000000e+00
-1.911014250323337604e+00
-1.970067067766313240e+00
-6.420914431196472982e+00
-3.540285188617382950e+00
-8.000000000000000000e+00
-3.480866930562188433e+00
-3.968173481425234517e-01
-3.390792913908087680e+00
-3.101404166172713417e+00
-6.045888742367753338e-02
-6.489388219883320374e+00
-3.121620472390184364e+00
-1.603423995815450365e+00
-7.122522973755859077e+00
-4.346124542693530657e+00
-8.097758526661831269e+00
-3.227442942293409001e+00
3.156919859182747423e-01
-5.870542837628054400e+00
-3.918763906080654724e+00
-4.929157142776088740e+00
-5.000000000000000000e+00
-5.631293667736848363e+00
-5.000000000000000000e+00
-1.779150585289661080e-01
-6.401800173736600819e+00
-2.653263059374598498e+00
-1.348015312597193205e+00
-4.723930071910209527e+00
-1.058982769627587472e-01
2.000000000000000000e+00
-6.471552529194263492e+00
-1.000000000000000000e+00
8.256448794714262851e-01
-6.577048415847262852e+00
-1.528990332477600855e+00
-2.000000000000000000e+00
6.089225018340902462e-01
-3.657464687315090224e+00
-5.898407387444708050e+00
-4.333783277251101573e+00
-9.608436278405173558e-01
-6.711609656330069562e+00
-3.188955496376413290e+00
6.823081738073190350e-02
-7.304165411587277390e+00
-1.867704824911433414e+00
2.000000000000000000e+00
-5.000000000000000000e+00
-1.850035482584549085e+00
3.136851975733225689e-02
-6.919855006854006341e+00
-3.476726322867191854e+00
-2.000000000000000000e+00
-4.000000000000000000e+00
-2.566880681378724383e+00
-7.881484487741629685e+00
-3.036520445421326819e+00
-6.781898629273375612e+00
-5.435693110711079523e-01
-6.322032030413330617e+00
-4.000000000000000000e+00
-4.618327425505778017e+00
-2.180257637859084774e+00
-6.056471438168201438e+00
-1.051910905856034528e+00
-6.851910715084502002e+00
-9.121977085739205737e-01
-5.377109339830559165e+00
-3.189540987407210038e-01
-4.974088590727538950e+00
-1.141888962592061407e+00
-4.459948416681974059e+00
2.787536009528290837e-01
-3.415565646374620457e+00
-2.112338670922702999e+00
-4.140614192509620928e+00
-2.616621384135004558e+00
-3.639166608019146487e+00
-5.000000000000000000e+00
-3.244465317790234948e+00
-4.156677908944718780e+00
-5.690196149515636570e+00
-3.646168500477826591e+00
-5.542786993277983854e+00
-4.690808672725307105e+00
-4.575835924452927195e+00
-4.254775374774955488e+00
8.946466092186898811e-01
-3.804716666365582700e+00
-3.911652719036539771e+00
1.276142206115199462e+00
-3.141891940369621938e+00
-2.746791509581170576e+00
1.730985145752700571e+00
-5.262443225504378930e+00
-5.000000000000000000e+00
1.737511238197032570e+00
