-6.769455302166494270e+00
-1.000000000000000000e+00
-5.801150118584778248e+00
-4.717556180086163842e+00
-2.389273852867273895e+00
8.502380631894090879e-01
-5.356181039968564761e+00
-2.969444365782912154e+00
1.685549971109228329e+00
-5.000622222760492619e+00
-2.573038734116002146e+00
-5.929603152706833136e+00
-1.764676622662885830e+00
0.000000000000000000e+00
-3.910055543067712414e+00
-9.838744068974311086e-01
-2.028948843317030182e+00
-6.746745374294967235e+00
-2.139003347170608915e+00
-2.000000000000000000e+00
-6.597543929453845379e+00
-1.402921836743779016e+00
-9.484115621626880710e+00
-2.818059034645774563e+00
-8.802755819909783286e-01
-6.738213450342089850e+00
-3.617111045778758527e+00
-3.910285648466889974e+00
-4.861393194076138791e+00
-6.177890854928892672e+00
-1.503703267315981362e+00
9.813616274582234178e-01
-5.789542777733435841e+00
-4.345282035751966809e+00
-1.333275108568609424e+00
-5.145677102938765124e+00
-3.307361075003691475e+00
1.051529830887222156e-01
-4.055661498347102878e+00
-2.439573240526045073e+00
8.778658192211414857e-01
-9.522878745280337398e+00
-4.006229941777623260e+00
-9.573183087954393322e-01
-1.858540744359908903e+00
-3.009530367968816567e+00
-7.355333490993833934e+00
-3.226862285475116998e+00
-1.895275681625469277e-01
-8.405415476102433558e+00
-4.346932148892507897e+00
8.985712443126917526e-01
-6.196445281111918391e+00
-3.996422817691767992e+00
-8.649840955388105046e-01
-8.127216298682084172e+00
-2.324702985443673153e+00
4.893415569361392325e-01
-5.000000000000000000e+00
-1.420583716189440349e+00
-2.000000000000000000e+00
-4.000000000000000000e+00
-2.078383117304500871e+00
-5.411924198516279816e+00
-1.022893718656944895e+00
-8.000000000000000000e+00
-2.721237034704373059e+00
-8.000000000000000000e+00
-2.645010787746319370e+00
-6.828963985589592944e+00
-1.426799266907866548e-03
-4.000000000000000000e+00
-7.335988701203716156e-01
-5.841864754438693907e+00
-1.162517014441852181e+00
-7.158897398036594417e+00
3.126168209300277112e-02
-6.202808613022209983e+00
-2.380275973052305982e+00
-6.271298984607744487e+00
-2.897340287962874683e+00
-1.806919297545752423e+00
-4.914599905073981034e+00
-4.613608732303142723e+00
-2.852613077062815083e+00
-5.690196149515636570e+00
-3.509080196746945823e+00
-3.698674507978537918e+00
-2.112431782866624363e+00
-3.766219557710467569e+00
-1.952747955993835438e+00
-5.690196149515636570e+00
-3.022272016357820501e+00
-4.530469249250855590e+00
-2.307331428940730067e+00
3.000000000000000000e+00
-4.416934056215950477e+00
-3.268893952036889150e+00
3.967504615339702001e-01
-3.483979359948255361e+00
-3.562959096725268893e+00
-1.000000000000000000e+00
-5.226608917426969647e+00
-2.639144893832181982e+00
1.451159534764395964e+00
