-7.126638041968317516e+00
-3.675775511855611466e+00
-4.548917173991648966e+00
-5.863222788108878980e+00
-1.000000000000000000e+00
6.166607089264644070e-01
-6.315685922739493918e+00
-1.610921513186836851e+00
6.391662178241188652e-01
-7.697767115314044339e+00
-2.677693488333505289e+00
-4.921207215076699448e+00
-4.185859807749755745e+00
0.000000000000000000e+00
-2.052147530984342882e+00
-1.268327275272203236e+00
-2.064507502865081754e-03
-6.932433024113231035e+00
-3.109638665585031436e+00
-1.925515321042323147e-01
-8.938947860688385205e+00
-1.000000000000000000e+00
-8.031298298804708580e+00
-2.056261669785529822e+00
-7.776066648130833814e-01
-6.841620429657291780e+00
-4.190773676027946593e+00
-3.167446611823913294e+00
-1.877761341908892545e+00
-7.046457425378511275e+00
-5.000000000000000000e+00
-3.326767017058694653e-02
-6.439067902215937167e+00
-3.253458602590367121e+00
-3.000000000000000000e+00
-5.482014844968727374e+00
-1.456460595663321422e+00
-5.815774030051846788e-01
-4.000000000000000000e+00
-5.000000000000000000e+00
7.386230150291476226e-01
-9.522878745280337398e+00
-4.227075766567907067e+00
-2.000000000000000000e+00
1.095548344023031112e-01
-4.032701906280220960e+00
-5.000549215775964562e+00
-3.339524820213791045e+00
-2.051605716970863191e-01
-5.000000000000000000e+00
-1.000000000000000000e+00
9.911864501671394656e-01
-6.062664822084125937e+00
-2.264393389925210442e+00
2.000000000000000000e+00
-7.466792935861597869e+00
-4.197379818861504575e+00
-1.861725117255899065e+00
-9.000000000000000000e+00
-1.761047564562340018e+00
1.219663921799026274e-01
-4.156352581781719735e+00
-1.958868159713274881e+00
-7.881930790066619785e+00
-1.513878692885593846e+00
-7.968702515729962244e+00
-1.862649872017100305e+00
-4.486024547046682187e+00
-2.379099407994828219e+00
-4.016018832764985724e+00
0.000000000000000000e+00
-6.288878073163527205e+00
-2.060099792777446481e+00
-7.264908769780553222e+00
0.000000000000000000e+00
-7.105358517331755941e+00
-1.869647900360284165e+00
-7.009717476078989762e+00
-2.615412612052593122e+00
-6.072461163863507316e+00
-1.066612800182918486e+00
-5.690196149515636570e+00
-4.253888984223413772e+00
-4.293896520813538231e+00
-3.907355088581768943e+00
-5.564081991841261399e+00
-1.840880576555744108e+00
-3.415938902852396097e+00
-3.924387973672208929e+00
-3.601161942908176705e+00
-2.143672908782104702e+00
-4.953542727013888758e+00
-3.645034052961669158e+00
-5.546400143591969645e+00
-2.730095884872139056e+00
1.076519648313243316e+00
-2.544068022635552317e+00
-3.470269629170403380e+00
1.612688865548729256e+00
-3.045855960706814525e+00
-3.200115779652806580e+00
1.756452973374535986e+00
-5.292444655787122976e+00
-3.520040276334818863e+00
1.767552164592346875e+00
