-4.397940008672037493e+00
-5.000000000000000000e+00
-5.478274664110356795e+00
-6.615822718847368833e+00
-2.693435949481165714e+00
7.178582819853722707e-01
-5.717508916810561281e+00
-5.000000000000000000e+00
-3.889558607699503678e-01
-6.998761999967383574e+00
-1.827754855018620450e+00
-6.689866109383254766e+00
-1.286070673915054918e+00
0.000000000000000000e+00
-1.700316854657629717e+00
-2.174105195811199209e+00
-1.003846567945040347e+00
-8.301029995663981254e+00
-3.397728104247896841e+00
2.000000000000000000e+00
-7.507297089521386191e+00
-1.000000000000000000e+00
-7.373301858624240701e+00
-4.984646392191073971e+00
2.000000000000000000e+00
-7.698970004336018746e+00
-3.181556492466691477e+00
-3.777742730879598998e+00
-3.803899509499010012e+00
-7.141525692119128799e+00
-1.000000000000000000e+00
4.031549528705092450e-02
-5.784816405424293428e+00
-1.000000000000000000e+00
-2.269781264447134905e+00
-4.635452119327981180e+00
-2.753630573352295219e+00
-6.820780629154979957e-01
-8.000000000000000000e+00
-5.000000000000000000e+00
6.832933487290389074e-01
-9.522878745280337398e+00
-2.342933870817252462e+00
-6.600468144617305244e-01
1.726143765403680419e-01
-3.516299356743119553e+00
-6.240587725180900769e+00
-3.530115672398006499e+00
1.028119383715024426e+00
-7.449935606364095797e+00
-3.993683572490440703e+00
-9.590595616861095074e-01
-5.000000000000000000e+00
-3.479676732913653758e+00
2.000000000000000000e+00
-6.913526863392561950e+00
-5.000000000000000000e+00
1.264815427522061331e+00
-7.111576613245670586e+00
-3.277124634576861428e+00
-1.121780453196897342e+00
-4.513501181787228589e+00
-1.337011778995873312e+00
-5.904975780526681817e+00
-1.459324932542404474e+00
-6.479789354226411113e+00
-1.813547438240998178e+00
-4.000000000000000000e+00
-3.130217539963045859e+00
-5.291177039845122998e+00
-7.755198598985479745e-03
-7.366971425728797485e+00
-8.886491220464981522e-01
-4.000000000000000000e+00
-3.290109336984245569e+00
-8.000000000000000000e+00
-3.958607314841775082e+00
-7.059461125089422140e+00
-1.991324232208091072e+00
-5.397948882131925252e+00
-3.691443844092121118e+00
-1.690196149515636570e+00
-4.313397093694026019e+00
-1.690196149515636570e+00
-1.509824166215712360e+00
-1.690196149515636570e+00
-1.272570235436969233e+00
-4.611866134662172101e+00
-1.000000000000000000e+00
-4.259025127146605527e+00
-1.000000000000000000e+00
-4.139954811087939390e+00
-2.912526968552485052e+00
-5.200874474626686172e+00
-3.751880849326792777e+00
1.117230745185203045e+00
-2.544068022635552317e+00
-2.538066785459613950e+00
8.206613587564846046e-01
-5.092475321900043816e+00
-3.260466453640534557e+00
8.765073362045294747e-01
-2.544068022635552317e+00
-5.000000000000000000e+00
1.382928633806853380e+00
