-6.676906948459732760e+00
-2.579845825563290784e+00
-6.199396818409057097e+00
-5.996610272335268554e+00
-3.521840545546440104e+00
-1.279995053576020725e+00
-5.054440108523388098e+00
-3.251740693403468274e+00
1.999693677631790401e+00
-8.000000000000000000e+00
-2.955503949932516861e+00
-5.190303601860329685e+00
-2.162887891133395080e+00
-1.729384618573961641e+00
-4.000000000000000000e+00
-3.971682012505814541e+00
-7.617871921883611064e-01
-6.668745551474768440e+00
-1.325400814834849506e+00
8.589553195527880325e-01
-6.271550849185600462e+00
-3.843490297245206300e+00
-1.030102999566398125e+01
-2.085525702243056223e+00
1.052539021332256769e-01
-6.012708011565502275e+00
-3.020851717780411061e+00
-4.432721947470443347e+00
-4.650629662900000127e+00
-5.499552274309087885e+00
-1.196187384056424552e+00
-2.926056899039162773e-01
-5.783683450206167365e+00
-1.026737238086792292e+00
-1.389387396618767534e+00
-5.767683523332945761e+00
-3.269624551004936652e+00
1.235236686282694951e-01
-5.369856169561298742e+00
-2.844590716799279217e+00
9.682479233757591564e-01
-8.857979805390804984e+00
-2.066636068912121260e+00
-1.155399597008180068e+00
-1.889198017413711517e+00
-4.419694906973870019e+00
-6.763499434524651299e+00
-2.092010258394747968e+00
-3.538596269120328763e-01
-8.466545321639257438e+00
-2.146880232936517086e+00
-3.692179490832113720e-01
-5.848046820652223587e+00
-3.723138206772414804e+00
-4.666291633290233776e-01
-5.871847896225048657e+00
-1.000000000000000000e+00
3.344093369300048524e-01
-6.414077818456818569e+00
-2.231918169059634138e+00
2.991272942160497772e-01
-4.839077621604455537e+00
-3.045641851989100979e-01
-6.727609096430742674e+00
7.918124604762488694e-02
-4.031249841580273774e+00
-2.071066867558357227e+00
-6.076233070712473427e+00
-2.523338755339293193e+00
-5.091152617248065226e+00
-3.185701864069598876e+00
-7.058530454623056727e+00
3.239922627314140158e-01
-4.001058860884008972e+00
-4.000000000000000000e+00
-7.432792140119600433e+00
-3.024175956889270100e+00
-6.473816855006531590e+00
-1.650507681560490880e+00
-5.234851043373186741e+00
-3.712766586473023267e+00
-2.578198730223361324e+00
-1.016282046749098278e+00
-3.415921776691440925e+00
-2.547719346896305748e+00
-3.407409212708941482e+00
-1.168389292605550356e+00
-4.009798186184474922e+00
-3.427597471225511061e+00
-3.857648669079284609e+00
-1.129047468658850972e+00
-4.308936521830689870e+00
-1.614979841498757507e+00
-4.417414987525411618e+00
-2.385314963992824833e+00
-9.803559960168728438e-01
-3.016268262681749412e+00
-2.176610460171867434e+00
1.869141245257119666e+00
-2.544068022635552317e+00
-2.408082109357605027e+00
1.812215564045984717e+00
-3.649832927804511851e+00
-3.670509328975606778e+00
3.056165803471522779e-01
