-6.562362238782346147e+00
-3.255480487962876257e+00
-3.000000000000000000e+00
-7.899847999758882189e+00
-1.858404678879401972e+00
-8.715669591484372924e-01
-4.133592776528197454e+00
-3.646559023166511704e+00
-1.598046153615193754e+00
-4.000000000000000000e+00
-3.410228373081118924e+00
-7.361704084242255419e+00
-1.947871993383588629e+00
-9.475727563574500856e-01
-3.667078667397742464e+00
-2.789248334890299663e+00
-3.279826260713306407e+00
-4.469232341089717231e+00
-1.652468254416585847e+00
2.000000000000000000e+00
-6.518607552517022619e+00
-1.843163646937822753e+00
-1.030102999566398125e+01
-3.140879143521704275e+00
9.508009590439200354e-01
-3.698970004336018746e+00
-1.000000000000000000e+00
-3.154901959985743076e+00
-4.180753524644367225e+00
-5.000000000000000000e+00
-5.000000000000000000e+00
2.000000000000000000e+00
-4.054077682959325912e+00
-3.498933798367652059e+00
1.000000000000000000e+00
-6.340829290333587664e+00
0.000000000000000000e+00
1.997201950920583613e+00
-8.000000000000000000e+00
-2.929015723345449018e+00
2.000000000000000000e+00
-7.005895316946648244e+00
-3.636866731191784829e+00
7.269332696172331465e-01
-2.073787064083528531e+00
-5.000000000000000000e+00
-5.019482636606522163e+00
-4.096253614769405083e+00
-3.193290367668156771e-01
-5.209684180228935091e+00
-4.450382647700947381e+00
1.849102119922562126e-01
-8.671342275428283841e+00
-2.006911542159885542e+00
-1.974935299229564123e+00
-9.000000000000000000e+00
-1.003156708417734411e+00
2.000000000000000000e+00
-6.606926896737078891e+00
-1.000000000000000000e+00
-2.000000000000000000e+00
-7.489765567742815655e+00
-2.093088474824820633e+00
-8.000000000000000000e+00
-2.277408929223998069e+00
-5.152227551819207108e+00
-1.106295210791634516e-02
-8.000000000000000000e+00
-2.291926105482072984e+00
-8.000000000000000000e+00
-4.000000000000000000e+00
-4.000000000000000000e+00
6.989700043360187465e-01
-8.000000000000000000e+00
-3.998219539633801833e+00
-5.452592707197820410e+00
-2.742016803747580500e+00
-4.846264937426492558e+00
-3.926931741833591394e-01
-5.134455151890286118e+00
-3.721246399047171138e+00
-5.690196149515636570e+00
-3.243805620227730113e+00
-1.690196149515636570e+00
-5.000000000000000000e+00
-5.247190886622542294e+00
-2.943392781781920764e+00
-3.798593106904339489e+00
-2.826347741748587605e+00
-3.315512914181671711e+00
-3.801248792814750033e+00
-3.423413939994944588e+00
-1.000616875710799603e+00
-5.129873184475005843e+00
-1.000000000000000000e+00
2.181388409846199306e+00
-2.544068022635552317e+00
-1.377315964683734073e+00
1.493050797021424181e+00
-5.405301266963173035e+00
-2.275904811437604369e+00
2.610923277756675542e+00
-3.823804935573262842e+00
-4.243561165085995235e+00
-5.411069488289251828e-01
