-7.192773529011598832e+00
-4.922490261033487080e+00
-4.526939829313976205e+00
-6.596206790991860913e+00
-1.147170090266364628e+00
-1.772849547732922471e+00
-4.000000000000000000e+00
-1.000000000000000000e+00
-9.956235117031765336e-01
-7.681511830549499820e+00
-3.220790447103958787e+00
-6.278677267541407758e+00
-1.004195440399908712e+00
-6.185706730656730455e-06
-3.472673493547099088e+00
-5.037401823255733824e-01
-1.607770287763005790e+00
-5.529041465462065652e+00
-5.000000000000000000e+00
2.000000000000000000e+00
-9.301029995663981254e+00
-1.592720175343553146e+00
-8.304566379921155317e+00
-2.966462705988670567e+00
1.540055167221053012e-01
-5.779693714855135056e+00
-5.000000000000000000e+00
-4.891501575830602633e+00
-1.898568529107986791e+00
-9.000000000000000000e+00
-3.543452375282261091e+00
3.916164697992945420e-01
-5.510302378822474978e+00
-3.212815699193957819e+00
3.718230627307267944e-01
-8.000000000000000000e+00
-2.025748232490519829e+00
-1.987391639452890546e+00
-6.432250276510536047e+00
-5.000000000000000000e+00
-8.219372685198997885e-01
-6.488964170461034797e+00
-3.316451677198644532e+00
-2.000000000000000000e+00
-2.315636216405006387e+00
-3.805516421975179586e+00
-6.320057874551778809e+00
-4.460544469077769136e+00
2.000000000000000000e+00
-5.544346026858362642e+00
-2.850036265787740053e+00
2.000000000000000000e+00
-9.000000000000000000e+00
-4.245017047778830488e+00
-2.000000000000000000e+00
-9.000000000000000000e+00
-3.495905503683163662e+00
1.433562986596677913e+00
-6.587867616865896281e+00
-3.876730043990004759e+00
2.000000000000000000e+00
-5.827045472584099883e+00
8.126726606945644527e-01
-6.602948992896314095e+00
-3.920818753952374891e+00
-4.000000000000000000e+00
-4.000000000000000000e+00
-7.978002625142992521e+00
-2.701124226035186204e+00
-8.000000000000000000e+00
0.000000000000000000e+00
-4.000000000000000000e+00
4.618436799964540374e-01
-6.924063434371623416e+00
-3.429111571404939607e+00
-8.000000000000000000e+00
-1.245321110420250621e+00
-4.000000000000000000e+00
-3.892964766244437769e-01
-7.903100956903798213e+00
-1.626836695674874544e+00
-5.690196149515636570e+00
-4.860561454724341424e+00
-1.690196149515636570e+00
-2.382218810615096327e+00
-3.933641464424146861e+00
-5.000000000000000000e+00
-1.690196149515636570e+00
-2.393007514372326838e+00
-3.868858607156939300e+00
-3.380993172450453166e+00
-2.893184705829248138e+00
-2.693604383937986402e+00
-3.341256698286202642e+00
-2.366906129896857003e+00
1.508683759600173868e+00
-2.544068022635552317e+00
-1.716622149235117689e+00
2.119388543411838022e+00
-4.926727025208598398e+00
-1.000000000000000000e+00
-3.752437959301165808e-03
-6.544068022635552317e+00
-5.000000000000000000e+00
2.721071723927684261e+00
