-6.338623314102571626e+00
-2.544266651558211745e+00
-6.784914823357122593e+00
-7.466205157460636954e+00
-4.464293984259183112e+00
4.756600546814381686e-03
-5.098561072362948643e+00
-3.917004697491444087e+00
2.000000000000000000e+00
-7.455184453783758158e+00
-1.000000000000000000e+00
-6.472065137851691574e+00
-2.398261365481679785e+00
-5.629188918878567094e-01
-4.000000000000000000e+00
-1.476582116204612216e+00
-2.098858477288132907e+00
-6.874379273065835960e+00
-2.236619752442820186e+00
4.555759616977689275e-01
-8.093646929132754408e+00
-1.428412035689436976e+00
-1.030096731223224005e+01
-4.736075262685468523e+00
9.255079781106704262e-01
-4.278781188380348155e+00
-2.481592292970414171e+00
-5.385069598197384622e+00
-2.576887254823216455e+00
-5.000000000000000000e+00
-1.655712748957750113e+00
-1.269893377609550011e-01
-5.894098409919134696e+00
-1.665036586862451706e+00
-1.907403710168726008e+00
-5.465584218200258526e+00
-3.496521223334507766e-01
-4.640526896650767896e-01
-4.967893781318181823e+00
-1.218689652390613887e+00
4.773319237395221015e-01
-9.301952014408792380e+00
-2.525344341858623221e+00
-7.383218214387608780e-02
-7.461859195191077321e-01
-4.434426366273709341e+00
-6.252850985861467592e+00
-3.411656153077715192e+00
-7.790110165599919423e-01
-5.844817320908614278e+00
-2.163990482748713529e+00
-2.000000000000000000e+00
-5.006722721368691786e+00
-3.584754847176691683e+00
-1.032248567022954422e+00
-8.035949092749415712e+00
-3.988132841785719140e+00
1.866797578426183213e+00
-6.852162043425432003e+00
-2.043321138029025263e+00
4.455327782792170566e-02
-7.297896785198996206e+00
-6.759718810604118389e-01
-6.293897756583885617e+00
-2.322833980450929925e+00
-5.876937006177987755e+00
-3.988214304931498422e+00
-5.050844886159355340e+00
-3.155810314171219044e+00
-6.619500976706512496e+00
0.000000000000000000e+00
-4.000000000000000000e+00
-1.588511071490647852e+00
-4.000000000000000000e+00
-2.004950507932815373e+00
-4.000000000000000000e+00
-2.914023409007674648e+00
-5.353945252404848532e+00
-1.379312138163945323e-01
-6.533504392383989057e+00
-1.718804470555510333e+00
-5.690196149515636570e+00
-5.000000000000000000e+00
-5.680677838109065902e+00
-1.832598168956766305e+00
-4.508165289904328965e+00
-5.000000000000000000e+00
-3.861371857168669042e+00
-4.533105248976118773e+00
-4.395261654356821701e+00
-1.168168794503515961e+00
-5.675302686574672073e+00
-1.000000000000000000e+00
-6.081990610665068075e+00
-3.084750919428558280e+00
5.562182538336234439e-01
-2.548310675328920638e+00
-4.333446233885513088e+00
1.393017972716508596e-02
-4.259421402379038213e+00
-2.467665226394401223e+00
4.981112252439303667e-01
-6.333700577009886423e+00
-4.111056666461572640e+00
-1.000000000000000000e+00
