-7.929132624968154630e+00
-2.875926049748133817e+00
-4.404315511863874377e+00
-6.287287242750241312e+00
-4.998576337856711405e+00
1.648000609092335589e+00
-5.299173310501513967e+00
-4.302040243654976948e+00
4.608229658654907079e-01
-8.000000000000000000e+00
-3.968106435570553980e+00
-4.673113659216919125e+00
-2.356513171216134683e+00
-2.132355884369758758e-01
-1.940186075360067930e+00
-1.081968327980664668e+00
-1.640196646262241931e+00
-4.978688659346893530e+00
-2.142036524855653212e+00
-7.218616325325077909e-01
-7.732031673541274408e+00
-4.570546214968816301e+00
-7.909848021606086022e+00
-2.311645228059746149e+00
-2.660781118975149018e-01
-7.521941931094580092e+00
-2.702475573188264590e+00
-3.987705437626817062e+00
-3.189524866731518138e+00
-7.470625912542560698e+00
-3.739914080434328270e+00
-4.407767603685581181e-01
-7.049737076524982271e+00
-4.210906140708623902e+00
6.619757615135474227e-01
-4.956009272416536326e+00
0.000000000000000000e+00
1.579985990177315558e-01
-5.705287286997653418e+00
-3.366039576831036939e+00
5.736009699537047979e-01
-7.218262474886103064e+00
-2.485875458881012356e+00
-1.593933291191912405e+00
-9.023410857182969647e-01
-4.929370056475922190e+00
-6.623136301871574538e+00
-2.284815122772841711e+00
1.134198320132133730e+00
-7.595270817042297118e+00
-4.999457735727970586e+00
-1.018147945314076486e+00
-7.231194989064363199e+00
-2.775474894098957979e+00
-1.211039989447866061e+00
-7.039148288673611198e+00
-2.627818642420371553e+00
3.922189750054783097e-01
-8.518024481889833410e+00
-2.202294892558390060e+00
6.293374756084835209e-01
-6.327505672982687734e+00
-1.320485301674469425e-01
-7.216335713122862039e+00
-3.764083706973570198e+00
-4.000000000000000000e+00
-4.000000000000000000e+00
-6.683492801192342014e+00
-1.163810189391445871e+00
-6.445408130793230050e+00
-1.294826265742867522e+00
-5.984765916848448164e+00
-1.232775505387655901e+00
-6.102884315702439721e+00
-3.451232091864633866e-01
-4.000000000000000000e+00
-6.546502372651898938e-01
-6.617621091197087857e+00
-4.000000000000000000e+00
-5.692812821124960898e+00
2.787536009528290837e-01
-1.831332561184818575e+00
-2.419409782527222053e+00
-4.351912106322727070e+00
-1.218710271136421719e+00
-4.393020631345365246e+00
-3.733593089437594159e+00
-3.967200436541107322e+00
-4.234803144015101495e+00
-1.766418743251569223e+00
-4.317724978431650484e+00
-4.981840818357087031e+00
-4.548743918304015921e+00
-5.146700444436433486e+00
-4.765875639332771030e+00
3.000000000000000000e+00
-4.721126796533441805e+00
-3.675816988079399827e+00
2.522796371766502066e+00
-4.778098061395553486e+00
-1.000000000000000000e+00
1.333477087159631091e+00
-3.222951078809221048e+00
-2.038538351629713752e+00
1.634014382093103013e+00
