-8.002837935378382284e+00
-1.000000000000000000e+00
-6.978448929435640657e+00
-5.065668937414716133e+00
-2.420003515314785858e+00
8.907985400818216326e-02
-8.000000000000000000e+00
-4.479971029815370542e+00
2.800007177326518937e-01
-4.986689563660406499e+00
-1.000000000000000000e+00
-8.000000000000000000e+00
-2.287078273946768103e+00
0.000000000000000000e+00
-3.921476341826077849e+00
-2.534129668686947223e+00
-1.802394580483968278e+00
-6.208260339752396995e+00
-1.447198256370519909e+00
-1.382934530068234136e-01
-9.301029995663981254e+00
-2.855883975677594666e+00
-7.636793313126752025e+00
-1.000000000000000000e+00
-2.000000000000000000e+00
-5.855448668142525293e+00
-2.362930234639914140e+00
-3.154901959985743076e+00
-5.000000000000000000e+00
-5.859097835057640147e+00
-1.815927439335539795e+00
2.000000000000000000e+00
-7.698970004336018746e+00
-5.000000000000000000e+00
-1.270202325960618994e+00
-7.303081882678065462e+00
-2.314131375179441896e+00
-1.321550957964771067e+00
-8.000000000000000000e+00
-1.000000000000000000e+00
1.307441382112885186e+00
-5.522878745280337398e+00
-2.078481566641525280e+00
1.083364867660500108e+00
5.822192980784077765e-01
-2.763195458894704526e+00
-7.824119837030474756e+00
-3.038351728740308122e+00
-2.000000000000000000e+00
-6.169413612365186594e+00
-3.870947375697278314e+00
9.575963651784415165e-02
-5.000000000000000000e+00
-3.037602841620339778e+00
-6.783148783616521627e-01
-9.000000000000000000e+00
-4.999935755275627614e+00
-2.000000000000000000e+00
-9.000000000000000000e+00
-2.275960490793189184e+00
-1.803244502019429429e+00
-7.249624130019158841e+00
-2.016227778098908185e+00
-6.639422125805761077e+00
-2.171911087684132546e+00
-6.201286657259747592e+00
-1.327923138000203007e+00
-4.446630206339635905e+00
-6.852834837721746286e-01
-5.724996540855780580e+00
0.000000000000000000e+00
-4.579924287016099882e+00
-1.912239346059435574e+00
-8.000000000000000000e+00
-1.702381504676770074e+00
-7.187199536561368340e+00
-2.527844544942036364e+00
-5.483929119515084771e+00
-4.000000000000000000e+00
-4.307064784082704989e+00
-1.861040712543525766e+00
-4.161343359528047792e+00
-2.171054463340462259e+00
-2.253472766160896423e+00
-1.000000000000000000e+00
-5.690196149515636570e+00
-2.881198295645451157e+00
-3.893568182989423754e+00
-1.165891780043700976e+00
-4.045305642984811101e+00
-1.321616402016555725e+00
-3.941151660629959697e+00
-3.310978314773993958e+00
-4.824998508334092051e+00
-1.022734285110984409e+00
-1.000000000000000000e+00
-4.809488241710736744e+00
-2.776375432889524042e+00
1.361281044182401256e+00
-6.544068022635552317e+00
-3.114844430276482612e+00
1.194366451186946509e+00
-2.544068022635552317e+00
-3.095233450665394237e+00
1.436973874138228524e+00
