-6.004628231133326999e+00
-2.125451342443999359e+00
-3.974506449561953314e+00
-4.675804434040573554e+00
-3.370942885119665000e+00
-2.000000000000000000e+00
-7.040068897630774813e+00
-3.037017113431644155e+00
2.290277703547522470e-01
-5.538268111106105174e+00
-2.635453089108562352e+00
-5.341091473629453468e+00
-3.028048325174397704e+00
-1.094406439350414706e+00
-4.000000000000000000e+00
-9.835570727506928179e-01
-2.662504160758119909e+00
-5.139923287861557277e+00
-5.000000000000000000e+00
1.825625299484017638e+00
-7.260201565254088329e+00
-2.826165260200228513e+00
-8.695644192987506571e+00
-2.535396637467834946e+00
-9.783347612956229122e-01
-4.364815546256204826e+00
-1.486225741048684768e+00
-3.154901959985743076e+00
-2.695066636655083059e+00
-8.017350592098864581e+00
-2.800148816836417698e+00
2.000000000000000000e+00
-7.698970004336018746e+00
-5.000000000000000000e+00
-3.000000000000000000e+00
-6.239222142097047730e+00
0.000000000000000000e+00
2.000000000000000000e+00
-6.884442611636962361e+00
-3.420850920959797481e+00
-1.996446587272663775e+00
-6.470209982778829527e+00
-2.848283684234719004e+00
9.064132809100557964e-01
-6.697812576870043610e-01
-4.163660942758880879e+00
-5.786705410065802191e+00
-2.131595891085320549e+00
-4.806107725169787015e-01
-5.000000000000000000e+00
-1.154428598467099221e+00
-3.841652360350301665e-01
-7.766677295525706626e+00
-5.000000000000000000e+00
-4.243173786803843273e-01
-5.892730157607110719e+00
-2.253338412282986258e+00
-8.478594117683120324e-01
-5.749506680668407199e+00
-3.441832580765040728e+00
-1.327998360426019708e+00
-5.621353206782417899e+00
-3.180456064458131227e+00
-4.000000000000000000e+00
-3.264884816697136927e+00
-6.420511082296569860e+00
-2.846884139182292994e+00
-5.880276411475467313e+00
-2.339391985962935294e+00
-5.327025323874724272e+00
-1.679929696491121449e+00
-4.009129954327055323e+00
-1.081898132499405474e+00
-5.403959652043967665e+00
-8.906810512364657928e-01
-4.688451463832001842e+00
-2.883054256493490897e+00
-5.117913781906350046e+00
-1.018892389088957122e-02
-4.000000000000000000e+00
-2.259475717202550360e+00
-4.075541458190521382e+00
-2.263906012224774500e+00
-3.435514708055513733e+00
-3.628970418245475837e+00
-3.147501604766772765e+00
-3.744447265063054253e+00
-5.690196149515636570e+00
-3.368109254313500056e+00
-5.690196149515636570e+00
-2.698332777065422849e+00
-1.813431162706555355e+00
-3.916643268761444308e+00
-3.564967302893876422e+00
-3.154866659463746004e+00
1.646378903653161752e+00
-5.981900201286466157e+00
-3.950724197753070488e+00
5.206589026289303312e-01
-6.048631220242319806e+00
-2.312380264109433092e+00
6.812993241512480536e-01
-3.164359071116077615e+00
-1.719595661413407139e+00
4.853991341307089535e-01
