-5.336101214100905210e+00
-1.979374012033691566e+00
-6.984504258019087253e+00
-4.000000000000000000e+00
-3.849381341246258970e+00
3.777690849746015989e-01
-6.823655056502791361e+00
-1.000663315996052294e+00
5.560332293154336414e-01
-4.512503327179506307e+00
-3.219317932615687106e+00
-5.584531538234221770e+00
-1.420339591369805365e+00
0.000000000000000000e+00
-3.850695162235431290e+00
-1.337422919029404911e+00
-2.184346183960288457e+00
-6.630558356516998764e+00
-1.392442887033579657e+00
5.658485292234661790e-01
-6.107618181508842170e+00
-1.849621004135989732e+00
-9.220546447237918386e+00
-4.687915669997425816e+00
2.627454909816986373e-01
-4.874803407539877398e+00
-4.990906053110202301e+00
-4.358143772893585677e+00
-3.137678235496350165e+00
-7.245393755060316465e+00
-1.000000000000000000e+00
-1.867338234271940900e+00
-4.340813958960910490e+00
-2.792234463477053286e+00
-1.010341851837291527e+00
-4.000000000000000000e+00
-5.401234863841076761e-01
2.345629489479030549e-01
-4.000000000000000000e+00
-2.049561825122656167e+00
4.155472760047963510e-01
-5.701588047853314301e+00
-5.000000000000000000e+00
1.161913232302996674e-01
-2.661865468346338304e+00
-3.996455870654400666e+00
-7.413444678228343854e+00
-2.636660444831377070e+00
-1.851970380987815190e+00
-5.862715200396343640e+00
-2.216153199563505982e+00
-2.000000000000000000e+00
-6.956622649025647753e+00
-3.251783878029744557e+00
-1.516323856670106496e+00
-5.741301630910089493e+00
-5.000000000000000000e+00
1.740339062563117434e+00
-6.959184648491219427e+00
-3.128971046581362270e+00
2.402670398140094310e-01
-5.306337647034969685e+00
-3.615982910093704650e-01
-5.889964313589367784e+00
-1.591313903990454248e+00
-4.885938546299187557e+00
-1.486097920495292213e+00
-6.164532486073547979e+00
-2.224242521995431598e+00
-5.681951484799881769e+00
-3.999758194872884420e+00
-5.937891623225895366e+00
-1.894150407649482393e+00
-5.233142846998586784e+00
-1.087817783647079817e-01
-5.815678504863007525e+00
-2.230106972311171276e+00
-4.375144567210756286e+00
-2.683597608517258037e-01
-6.465534521485692743e+00
1.826698760475011785e-01
-4.269001219535051739e+00
-4.805400297627459238e+00
-4.794707417633359725e+00
-4.057969845962577260e+00
-3.599841638302655245e+00
-3.805827575180914302e+00
-3.194681880315388689e+00
-2.750564098099657073e+00
-4.955077383284894665e+00
-1.272165715322530755e+00
-4.267986185323485948e+00
-1.000000000000000000e+00
-3.052635117805902354e+00
-2.218734135067972790e+00
4.836380369016891057e-01
-4.460778382627442085e+00
-1.000000000000000000e+00
7.141885317986541581e-01
-6.544068022635552317e+00
-3.496265910453034920e+00
1.991332190312387285e+00
-6.544068022635552317e+00
-4.208692963484725880e+00
-1.000000000000000000e+00
