1.286755569503332275e+01
1.286755569503332275e+01
1.286755569503332275e+01
1.082956200321730833e+01
7.899960415592614638e+00
7.899960415592614638e+00
5.750735316473402747e+00
5.750735316473402747e+00
5.750735316473402747e+00
5.750735316473402747e+00
5.643216558863596077e+00
4.803887179977416544e+00
4.803887179977416544e+00
4.803887179977416544e+00
4.803887179977416544e+00
4.803887179977416544e+00
4.433447548565932372e+00
3.651075251492294171e+00
3.561309809255583936e+00
3.561309809255583936e+00
3.561309809255583936e+00
3.180974475490616626e+00
3.180974475490616626e+00
2.696977957067256071e+00
2.402657478787738832e+00
2.402657478787738832e+00
2.402657478787738832e+00
2.272995586192363859e+00
2.257862079707884995e+00
2.257862079707884995e+00
2.257862079707884995e+00
2.257862079707884995e+00
2.257862079707884995e+00
2.257862079707884995e+00
2.257862079707884995e+00
2.257862079707884995e+00
2.257862079707884995e+00
2.257862079707884995e+00
2.257862079707884995e+00
2.257862079707884995e+00
2.199167165868631812e+00
2.199167165868631812e+00
2.199167165868631812e+00
2.199167165868631812e+00
2.199167165868631812e+00
2.092490082155358699e+00
2.023996806902277346e+00
2.023996806902277346e+00
2.023996806902277346e+00
1.990716434698808657e+00
1.936085159165090941e+00
1.936085159165090941e+00
1.877521792311340976e+00
1.877521792311340976e+00
1.825446856302583853e+00
1.747963636854288128e+00
1.747963636854288128e+00
1.747963636854288128e+00
1.747963636854288128e+00
1.747963636854288128e+00
1.702453967497718157e+00
1.702453967497718157e+00
1.702453967497718157e+00
1.702453967497718157e+00
1.614306980002061742e+00
1.587938804544872573e+00
1.587938804544872573e+00
1.587938804544872573e+00
1.587938804544872573e+00
1.581242873349572253e+00
1.581242873349572253e+00
1.581242873349572253e+00
1.581242873349572253e+00
1.581242873349572253e+00
1.581242873349572253e+00
1.579116972874120561e+00
1.579116972874120561e+00
1.579116972874120561e+00
1.557478023825312974e+00
1.557478023825312974e+00
1.557478023825312974e+00
1.557478023825312974e+00
1.557478023825312974e+00
1.557478023825312974e+00
1.538690267476866769e+00
1.538690267476866769e+00
1.401382834673891686e+00
1.401382834673891686e+00
1.401382834673891686e+00
1.401382834673891686e+00
1.401382834673891686e+00
1.389589507289504144e+00
1.389589507289504144e+00
1.376431887773549079e+00
1.333224586778136933e+00
1.327006300354319102e+00
1.223770758360792410e+00
1.223770758360792410e+00
1.223770758360792410e+00
1.223770758360792410e+00
1.223770758360792410e+00
1.223770758360792410e+00
1.223770758360792410e+00
1.170007012192268547e+00
1.170007012192268547e+00
1.170007012192268547e+00
1.170007012192268547e+00
1.170007012192268547e+00
1.170007012192268547e+00
1.170007012192268547e+00
1.170007012192268547e+00
1.170007012192268547e+00
1.152861387511503244e+00
1.152861387511503244e+00
1.133235428841867565e+00
1.133235428841867565e+00
1.133235428841867565e+00
1.133235428841867565e+00
1.133235428841867565e+00
1.127552719881844689e+00
1.068955079966442234e+00
1.068955079966442234e+00
9.792712879019558336e-01
9.626319326240329044e-01
8.117592473588446378e-01
7.422700465047314955e-01
7.046236354128168067e-01
6.823300391694665512e-01
6.823084066658517965e-01
6.823084066658517965e-01
6.823084066658517965e-01
6.823084066658517965e-01
6.348501109813826648e-01
6.185408253741964124e-01
5.950661960074252743e-01
5.522848172890668650e-01
4.929644112317984050e-01
4.929644112317984050e-01
4.773156731307046652e-01
4.736287245135032964e-01
4.662789313308356443e-01
4.662789313308356443e-01
4.541664732153645745e-01
4.541664732153645745e-01
4.541664732153645745e-01
4.502126625027140783e-01
4.502126625027140783e-01
4.502126625027140783e-01
4.404789269138723040e-01
4.239446617306122933e-01
4.239446617306122933e-01
4.131506625840158375e-01
4.095071629280764292e-01
4.095071629280764292e-01
3.904439296829166350e-01
3.856693183766436439e-01
3.848758074744721425e-01
3.817039975895455406e-01
3.764126052642334797e-01
3.764126052642334797e-01
3.640719434714986269e-01
3.521223978640244390e-01
3.319204849490517972e-01
3.143825373994949546e-01
3.035089896452692337e-01
3.035089896452692337e-01
2.980553523655003478e-01
2.866083243275429071e-01
2.855668563418071182e-01
2.710483719148280568e-01
2.710483719148280568e-01
2.329914638733094900e-01
2.291580032957317159e-01
2.251317981093677867e-01
2.195374739479707404e-01
2.110022654367593176e-01
2.104382410857092434e-01
2.071957924730304934e-01
2.018947970001254699e-01
1.875738668390987962e-01
1.875366553820565219e-01
1.875292392519398166e-01
1.850078276258431687e-01
1.841549062847208096e-01
1.826221881443634287e-01
1.814301607314244003e-01
1.758012232166609179e-01
1.722868751556075051e-01
1.684447879880157095e-01
1.677837768239821281e-01
1.668217190616687606e-01
1.659001901270345525e-01
1.654397934190840747e-01
1.638790285674652514e-01
1.630342857176119709e-01
1.624335266316331294e-01
1.623626724858447667e-01
1.618364545326600734e-01
1.617426005958627344e-01
1.614692765137391017e-01
