1.777813635907601792e+02
1.236450784779984104e+02
5.432613794344361224e+01
3.970127243659422334e+01
3.412921043952372457e+01
2.503577033631957249e+01
2.243666958198224037e+01
1.590227175195007803e+01
7.855577746721653654e+00
5.655750201733550142e+00
5.655750201733550142e+00
5.655750201733550142e+00
5.431182889195683927e+00
4.815418791967102763e+00
4.333659221389566163e+00
4.333659221389566163e+00
4.149954451456861371e+00
4.149954451456861371e+00
4.123254989812501492e+00
3.937755110219051780e+00
3.937755110219051780e+00
3.937755110219051780e+00
3.937755110219051780e+00
3.937755110219051780e+00
3.937755110219051780e+00
3.937755110219051780e+00
3.937755110219051780e+00
3.937755110219051780e+00
3.937755110219051780e+00
3.922317647995615886e+00
3.922317647995615886e+00
3.922317647995615886e+00
3.922317647995615886e+00
3.721447401401562161e+00
3.721447401401562161e+00
3.721447401401562161e+00
3.721447401401562161e+00
3.721447401401562161e+00
3.721447401401562161e+00
3.721447401401562161e+00
3.721447401401562161e+00
3.721447401401562161e+00
3.655135286392773075e+00
3.655135286392773075e+00
3.641471378012365978e+00
3.541611173876821894e+00
3.541611173876821894e+00
3.541611173876821894e+00
3.541611173876821894e+00
3.541611173876821894e+00
3.541611173876821894e+00
3.378353206794602048e+00
3.378353206794602048e+00
3.378353206794602048e+00
3.378353206794602048e+00
3.378353206794602048e+00
3.378353206794602048e+00
3.378353206794602048e+00
3.378353206794602048e+00
3.349386567660247227e+00
3.349386567660247227e+00
3.349386567660247227e+00
3.339443183679339455e+00
3.289264585838083566e+00
3.289264585838083566e+00
3.289264585838083566e+00
3.289264585838083566e+00
3.283580530056786628e+00
3.283580530056786628e+00
3.283580530056786628e+00
3.283580530056786628e+00
3.283580530056786628e+00
3.283580530056786628e+00
3.283580530056786628e+00
3.283580530056786628e+00
3.224245085716978210e+00
3.224245085716978210e+00
3.224245085716978210e+00
3.224245085716978210e+00
3.224245085716978210e+00
3.224245085716978210e+00
3.224245085716978210e+00
3.211469522392570664e+00
3.211469522392570664e+00
3.194247719171770417e+00
3.194247719171770417e+00
3.194247719171770417e+00
3.194247719171770417e+00
3.194247719171770417e+00
3.194247719171770417e+00
3.189051484537968051e+00
3.189051484537968051e+00
3.189051484537968051e+00
3.189051484537968051e+00
3.189051484537968051e+00
3.189051484537968051e+00
3.167451022266040361e+00
3.164190274783696744e+00
3.163545460663947484e+00
3.163289896724205796e+00
3.163166413748713435e+00
3.163166413748713435e+00
3.152980626957028853e+00
3.148768143844317358e+00
3.148449097457642232e+00
3.148449097457642232e+00
3.123679814085952522e+00
3.115769162978045514e+00
3.106955455211290129e+00
3.105021288818298419e+00
3.104547930846875303e+00
3.104547930846875303e+00
3.104547930846875303e+00
3.103151696294972339e+00
3.100692525409925793e+00
3.099705055549743626e+00
3.099325473485940563e+00
3.099180168767932564e+00
3.099121409406977889e+00
3.099097786793912235e+00
3.099088018558762148e+00
3.099084554902589161e+00
3.067238823365840972e+00
3.067238823365840972e+00
3.060999301294114794e+00
3.060999301294114794e+00
3.060999301294114794e+00
3.060999301294114794e+00
3.060999301294114794e+00
3.060999301294114794e+00
3.060452042784150617e+00
3.059541897168858604e+00
3.059541897168858604e+00
3.046827500435727920e+00
3.046827500435727920e+00
3.046827500435727920e+00
3.045762890250103716e+00
3.019792303208069129e+00
3.008829208119680132e+00
3.004824508348392431e+00
2.995521193021804862e+00
2.992707324561652449e+00
2.992051267752279919e+00
2.991885607214009646e+00
2.991532036524096050e+00
2.991532036524096050e+00
2.991532036524096050e+00
2.991532036524096050e+00
2.991532036524096050e+00
2.991532036524096050e+00
2.984318893503224324e+00
2.984318893503224324e+00
2.982484875434051386e+00
2.982484875434051386e+00
2.981719355015979733e+00
2.979845963474818671e+00
2.978208378837241987e+00
2.976961661713828811e+00
2.975297611870314718e+00
2.970927244465288553e+00
2.964698986056050867e+00
2.964357954962486552e+00
2.964357954962486552e+00
2.964357954962486552e+00
2.964357954962486552e+00
2.963562337752537523e+00
2.962457062559023857e+00
2.962112232638551390e+00
2.962112232638551390e+00
2.962044064979735936e+00
2.961994122736855140e+00
2.961981562051299033e+00
2.954225432431272225e+00
2.953288796282723894e+00
2.949475950546044611e+00
2.945108817052963346e+00
2.937697956504526253e+00
2.934594666222135828e+00
2.933098267978205165e+00
2.909973032014866234e+00
2.905925672326798548e+00
2.895661805181439341e+00
2.888150672741677472e+00
2.871474695156324586e+00
2.871474695156324586e+00
2.870247612160866879e+00
2.857164894785230835e+00
2.857164894785230835e+00
2.855938458108179034e+00
2.855938458108179034e+00
2.855795895963894715e+00
2.855793022671309522e+00
2.850863018130190607e+00
2.848128276060072572e+00
2.845656788711258045e+00
2.845656788711258045e+00
2.837609816118521699e+00
2.837483173078372278e+00
2.834074534894322817e+00
2.833763179015770461e+00
