1.584691675734032223e+01
1.584691675734032223e+01
1.122231625420592316e+01
7.138220184368348598e+00
6.390835088076759263e+00
6.390835088076759263e+00
4.659118737340798511e+00
1.317213031678183599e+00
1.317213031678183599e+00
1.317213031678183599e+00
4.813967505045219086e-01
4.813967505045219086e-01
4.813967505045219086e-01
4.813967505045219086e-01
4.813967505045219086e-01
4.813967505045219086e-01
4.813967505045219086e-01
4.813967505045219086e-01
4.813967505045219086e-01
3.983786557963709951e-01
3.983786557963709951e-01
3.504718773156205169e-01
3.504718773156205169e-01
3.504718773156205169e-01
3.504718773156205169e-01
3.504718773156205169e-01
3.504718773156205169e-01
3.504718773156205169e-01
2.331622490723511965e-01
2.331622490723511965e-01
2.331622490723511965e-01
2.331622490723511965e-01
2.331622490723511965e-01
2.331622490723511965e-01
2.331622490723511965e-01
2.331622490723511965e-01
2.258473256902693016e-01
2.258473256902693016e-01
2.258473256902693016e-01
2.258473256902693016e-01
2.258473256902693016e-01
2.258473256902693016e-01
2.258473256902693016e-01
2.258473256902693016e-01
2.258473256902693016e-01
2.258473256902693016e-01
2.258473256902693016e-01
2.258473256902693016e-01
2.258473256902693016e-01
2.258473256902693016e-01
2.258473256902693016e-01
2.258473256902693016e-01
2.258473256902693016e-01
2.258473256902693016e-01
2.258473256902693016e-01
2.258473256902693016e-01
2.258473256902693016e-01
2.258473256902693016e-01
2.019553935941874323e-01
2.019553935941874323e-01
2.019553935941874323e-01
1.897434927493409362e-01
1.897434927493409362e-01
1.897434927493409362e-01
1.897434927493409362e-01
1.897434927493409362e-01
1.897434927493409362e-01
1.897434927493409362e-01
1.897434927493409362e-01
1.897434927493409362e-01
1.897434927493409362e-01
1.799307147291652198e-01
1.799307147291652198e-01
1.799307147291652198e-01
1.799307147291652198e-01
1.799307147291652198e-01
1.660791802797054739e-01
1.660791802797054739e-01
1.660791802797054739e-01
1.660791802797054739e-01
1.660791802797054739e-01
1.660791802797054739e-01
1.547536659745502030e-01
1.547536659745502030e-01
1.547536659745502030e-01
1.546584168009068894e-01
1.546584168009068894e-01
1.504160458030829872e-01
1.504160458030829872e-01
1.504160458030829872e-01
1.504160458030829872e-01
1.504160458030829872e-01
1.504160458030829872e-01
1.504160458030829872e-01
1.483987675522784599e-01
1.483987675522784599e-01
1.483987675522784599e-01
1.483987675522784599e-01
1.483987675522784599e-01
1.483987675522784599e-01
1.483987675522784599e-01
1.483987675522784599e-01
1.478487034171925840e-01
1.478487034171925840e-01
1.478487034171925840e-01
1.465519049914859873e-01
1.465519049914859873e-01
1.465519049914859873e-01
1.463700021283367847e-01
1.463700021283367847e-01
1.461241906340019214e-01
1.461241906340019214e-01
1.461241906340019214e-01
1.461156615365741540e-01
1.461156615365741540e-01
1.461156615365741540e-01
1.460226310463033639e-01
1.459974694336576562e-01
1.459974694336576562e-01
1.459290124408240963e-01
1.459000650004667610e-01
1.458893518721100790e-01
1.458851841448878528e-01
1.458837727916764415e-01
1.458831508426425561e-01
1.458828890838223258e-01
1.458828268584916044e-01
1.458826658074350024e-01
1.458826658074350024e-01
1.458826658074350024e-01
1.458826658074350024e-01
1.458825639392709039e-01
1.458825639392709039e-01
1.458825444377385983e-01
1.458825364186780438e-01
1.458824906359915685e-01
1.458824906359915685e-01
1.458824906359915685e-01
1.458824798849880089e-01
1.458824798849880089e-01
1.458824798849880089e-01
1.458824798849880089e-01
1.458824798849880089e-01
1.458824798849880089e-01
1.458824798849880089e-01
1.458824798849880089e-01
1.454888697759679494e-01
1.454888697759679494e-01
1.453103189856335131e-01
1.451274130769220350e-01
1.448746760387247534e-01
1.443510070935334622e-01
1.442097405822576339e-01
1.441785796202816883e-01
1.441711422013579047e-01
1.441695285407545990e-01
1.441146648123396434e-01
1.440450851387343467e-01
1.440206416141323331e-01
1.416195385278667951e-01
1.408116670636851142e-01
1.384253813772563790e-01
1.349386599896033878e-01
1.335208747098644011e-01
1.327947553836294758e-01
1.304090699293848077e-01
1.273170716645824763e-01
1.261202884644447852e-01
1.254992792314554018e-01
1.250213850337333898e-01
1.249177650841828829e-01
1.249059758125708047e-01
1.248352579234903170e-01
1.245411009472114500e-01
1.238113196432914787e-01
1.237266271952287833e-01
1.234803686634429742e-01
1.231004332402928503e-01
1.229129666639828117e-01
1.228085182648219753e-01
1.198026725920541824e-01
1.188447874293153961e-01
1.185574808806432456e-01
1.185322193400212554e-01
1.182520416645978512e-01
1.182289011317834149e-01
1.182275817197135509e-01
1.182269591965597194e-01
1.156164465554171128e-01
1.135299363853366633e-01
1.135299363853366633e-01
1.127696284782570418e-01
1.077508896650376802e-01
1.077508896650376802e-01
1.077508896650376802e-01
1.077508896650376802e-01
1.065537625341448635e-01
1.065389734210307471e-01
1.065386508380838232e-01
1.065386508380838232e-01
