9.354435645136973676e+01
5.711894369437487740e+01
4.905342029578059737e+01
4.905342029578059737e+01
1.730134436056674829e+01
7.260119317761468238e+00
7.260119317761468238e+00
7.260119317761468238e+00
7.260119317761468238e+00
7.260119317761468238e+00
5.300267775183677976e+00
3.634745257805672036e+00
2.398402181132376576e+00
2.398402181132376576e+00
2.226272894052465645e+00
2.226272894052465645e+00
1.770806351874993911e+00
1.770806351874993911e+00
1.770806351874993911e+00
1.770806351874993911e+00
1.770806351874993911e+00
1.770806351874993911e+00
1.770806351874993911e+00
1.770806351874993911e+00
1.770806351874993911e+00
1.770806351874993911e+00
1.770806351874993911e+00
1.770806351874993911e+00
1.770806351874993911e+00
1.672254037381921243e+00
1.672254037381921243e+00
1.672254037381921243e+00
1.672254037381921243e+00
1.672254037381921243e+00
1.063674555718629566e+00
1.063674555718629566e+00
9.148549939687471433e-01
9.148549939687471433e-01
7.714356717656283280e-01
7.714356717656283280e-01
7.714356717656283280e-01
7.714356717656283280e-01
7.714356717656283280e-01
7.714356717656283280e-01
7.714356717656283280e-01
7.714356717656283280e-01
7.714356717656283280e-01
7.714356717656283280e-01
7.714356717656283280e-01
6.626075491907823523e-01
3.182396673413566135e-01
3.182396673413566135e-01
3.182396673413566135e-01
3.182396673413566135e-01
3.182396673413566135e-01
3.182396673413566135e-01
3.182396673413566135e-01
3.182396673413566135e-01
3.182396673413566135e-01
3.182396673413566135e-01
3.182396673413566135e-01
3.182396673413566135e-01
3.182396673413566135e-01
3.182396673413566135e-01
3.182396673413566135e-01
3.182396673413566135e-01
3.182396673413566135e-01
3.182396673413566135e-01
3.182396673413566135e-01
3.182396673413566135e-01
3.182396673413566135e-01
3.182396673413566135e-01
3.182396673413566135e-01
3.182396673413566135e-01
3.182396673413566135e-01
3.182396673413566135e-01
3.182396673413566135e-01
3.182396673413566135e-01
3.182396673413566135e-01
3.182396673413566135e-01
3.182396673413566135e-01
3.182396673413566135e-01
3.182396673413566135e-01
1.975799482379304028e-01
1.975799482379304028e-01
1.975799482379304028e-01
1.975799482379304028e-01
1.975799482379304028e-01
1.975799482379304028e-01
1.975799482379304028e-01
1.975799482379304028e-01
1.975799482379304028e-01
1.975799482379304028e-01
1.614548973230054418e-01
1.614548973230054418e-01
1.575451273730499868e-01
1.575451273730499868e-01
1.541385301504994421e-01
1.541385301504994421e-01
1.541385301504994421e-01
1.541385301504994421e-01
1.541385301504994421e-01
1.541385301504994421e-01
1.541385301504994421e-01
1.541385301504994421e-01
1.541385301504994421e-01
1.541385301504994421e-01
1.541385301504994421e-01
1.541385301504994421e-01
1.541385301504994421e-01
1.541385301504994421e-01
1.541385301504994421e-01
1.541385301504994421e-01
1.541385301504994421e-01
1.541385301504994421e-01
1.531816199933447309e-01
1.531816199933447309e-01
1.531816199933447309e-01
1.531816199933447309e-01
1.503897569093299580e-01
1.497477847716980892e-01
1.497477847716980892e-01
1.495426080543554859e-01
1.495426080543554859e-01
1.495426080543554859e-01
1.495426080543554859e-01
1.494406201602470063e-01
1.493084412225675617e-01
1.492716055791493135e-01
1.492605028807900414e-01
1.492564933294425189e-01
1.492551914418997483e-01
1.492549399240767072e-01
1.492546797420553628e-01
1.492546797420553628e-01
1.492546797420553628e-01
1.492546797420553628e-01
1.492546797420553628e-01
1.492546797420553628e-01
1.492546797420553628e-01
1.492546548523675243e-01
1.492545848752036830e-01
1.492545848752036830e-01
1.492545848752036830e-01
1.492544381585031443e-01
1.492543743015309898e-01
1.492543743015309898e-01
1.492535387657080714e-01
1.492535387657080714e-01
1.492535387657080714e-01
1.492535387657080714e-01
1.492535387657080714e-01
1.492535387657080714e-01
1.492535387657080714e-01
1.492535387657080714e-01
1.492535387657080714e-01
1.492535387657080714e-01
1.492535387657080714e-01
1.492535387657080714e-01
1.492535387657080714e-01
1.492535387657080714e-01
1.492535387657080714e-01
1.492535387657080714e-01
1.492535387657080714e-01
1.492535387657080714e-01
1.492535387657080714e-01
1.492535387657080714e-01
1.492535387657080714e-01
1.492535387657080714e-01
1.492535387657080714e-01
1.492535387657080714e-01
1.492535387657080714e-01
1.492535387657080714e-01
1.492535387657080714e-01
1.492535387657080714e-01
1.492535387657080714e-01
1.410220412024155989e-01
1.410220412024155989e-01
1.410220412024155989e-01
1.410220412024155989e-01
1.410220412024155989e-01
1.321395089161772618e-01
1.321395089161772618e-01
1.243534858500227880e-01
1.243534858500227880e-01
1.059738058567742669e-01
1.059738058567742669e-01
1.040768476707156776e-01
1.040079542035302756e-01
1.040079542035302756e-01
1.040079542035302756e-01
1.039791029179925608e-01
1.039767954533060840e-01
1.039766041444353667e-01
1.039765393141525440e-01
1.039765393141525440e-01
1.039763931060579127e-01
1.039763931060579127e-01
1.039763931060579127e-01
1.039763931060579127e-01
