2.702809879637899826e+02
2.044986497222991488e+02
9.893640992583151217e+01
3.380747536480867410e+01
3.380747536480867410e+01
3.060251519560758027e+01
1.094788364122292812e+01
6.612356524434454208e+00
6.612356524434454208e+00
6.612356524434454208e+00
6.612356524434454208e+00
2.879267145471085865e+00
2.879267145471085865e+00
2.879267145471085865e+00
2.879267145471085865e+00
2.879267145471085865e+00
2.731534083719577399e+00
2.639113394751331665e+00
2.525275389147265681e+00
6.374705039866291889e-01
6.374705039866291889e-01
6.374705039866291889e-01
6.374705039866291889e-01
6.374705039866291889e-01
5.101016196768916044e-01
5.101016196768916044e-01
5.101016196768916044e-01
5.101016196768916044e-01
5.101016196768916044e-01
5.101016196768916044e-01
5.101016196768916044e-01
5.101016196768916044e-01
5.101016196768916044e-01
5.101016196768916044e-01
5.101016196768916044e-01
5.101016196768916044e-01
5.101016196768916044e-01
5.101016196768916044e-01
5.101016196768916044e-01
5.101016196768916044e-01
5.101016196768916044e-01
5.101016196768916044e-01
5.101016196768916044e-01
5.101016196768916044e-01
4.501698247851302348e-01
4.501698247851302348e-01
4.501698247851302348e-01
4.501698247851302348e-01
4.501698247851302348e-01
4.501698247851302348e-01
4.501698247851302348e-01
4.501698247851302348e-01
4.501698247851302348e-01
4.501698247851302348e-01
4.501698247851302348e-01
3.939573200644698181e-01
3.939573200644698181e-01
3.939573200644698181e-01
3.939573200644698181e-01
3.939573200644698181e-01
3.232374573532756923e-01
3.232374573532756923e-01
3.232374573532756923e-01
3.232374573532756923e-01
3.232374573532756923e-01
3.232374573532756923e-01
3.232374573532756923e-01
3.232374573532756923e-01
3.232374573532756923e-01
3.232374573532756923e-01
3.232374573532756923e-01
3.232374573532756923e-01
3.232374573532756923e-01
3.232374573532756923e-01
3.232374573532756923e-01
3.232374573532756923e-01
3.232374573532756923e-01
2.992431313468412735e-01
2.564057793262958240e-01
2.564057793262958240e-01
2.564057793262958240e-01
2.564057793262958240e-01
2.564057793262958240e-01
2.564057793262958240e-01
2.564057793262958240e-01
2.564057793262958240e-01
2.564057793262958240e-01
2.564057793262958240e-01
2.564057793262958240e-01
2.564057793262958240e-01
2.564057793262958240e-01
2.564057793262958240e-01
2.564057793262958240e-01
2.564057793262958240e-01
2.564057793262958240e-01
2.564057793262958240e-01
2.564057793262958240e-01
2.564057793262958240e-01
2.564057793262958240e-01
2.564057793262958240e-01
2.564057793262958240e-01
2.564057793262958240e-01
2.564057793262958240e-01
2.564057793262958240e-01
2.564057793262958240e-01
2.564057793262958240e-01
2.564057793262958240e-01
2.564057793262958240e-01
2.564057793262958240e-01
2.564057793262958240e-01
2.564057793262958240e-01
2.564057793262958240e-01
2.564057793262958240e-01
2.564057793262958240e-01
2.564057793262958240e-01
2.564057793262958240e-01
2.564057793262958240e-01
2.564057793262958240e-01
2.564057793262958240e-01
2.564057793262958240e-01
2.564057793262958240e-01
2.564057793262958240e-01
2.564057793262958240e-01
2.564057793262958240e-01
2.371240196500981057e-01
2.371240196500981057e-01
2.371240196500981057e-01
2.371240196500981057e-01
2.371240196500981057e-01
2.371240196500981057e-01
2.371240196500981057e-01
2.371240196500981057e-01
2.371240196500981057e-01
2.371240196500981057e-01
2.371240196500981057e-01
2.371240196500981057e-01
2.371240196500981057e-01
2.371240196500981057e-01
2.371240196500981057e-01
2.371240196500981057e-01
2.371240196500981057e-01
2.371240196500981057e-01
2.371240196500981057e-01
2.371240196500981057e-01
2.371240196500981057e-01
2.371240196500981057e-01
2.307481971522941377e-01
2.307481971522941377e-01
2.307481971522941377e-01
2.303879645030928736e-01
2.303879645030928736e-01
2.293921283592732785e-01
2.293921283592732785e-01
2.293921283592732785e-01
2.293921283592732785e-01
2.293921283592732785e-01
2.288312632890850962e-01
2.276651585917532084e-01
2.276651585917532084e-01
2.274404926456318754e-01
2.274404926456318754e-01
2.274404926456318754e-01
2.274404926456318754e-01
2.274404926456318754e-01
2.274404926456318754e-01
2.273793414312381966e-01
2.256114406491844249e-01
2.252428383849343074e-01
2.251769410980902497e-01
2.251699328235340358e-01
2.251687132122721646e-01
2.251685949955629651e-01
2.251685814232534388e-01
2.251685672758169665e-01
2.251685562787474892e-01
2.251685562787474892e-01
2.251685562787474892e-01
2.251685562787474892e-01
2.251685517644892442e-01
2.251685517644892442e-01
2.251685517644892442e-01
2.251685216604162598e-01
2.251685216604162598e-01
2.251685216604162598e-01
2.251685216604162598e-01
2.251685216604162598e-01
2.251685216604162598e-01
2.251685216604162598e-01
2.220635090785189336e-01
2.162880229864478920e-01
2.162468805108803405e-01
2.162468805108803405e-01
2.162468805108803405e-01
2.162468805108803405e-01
2.162468805108803405e-01
2.154293972757449771e-01
2.154293972757449771e-01
2.154293972757449771e-01
2.154293972757449771e-01
2.154293972757449771e-01
