5.165685032383919406e+01
4.237099729403539783e+01
4.237099729403539783e+01
4.237099729403539783e+01
1.227078676276033598e+01
1.227078676276033598e+01
5.463534310260447668e+00
5.463534310260447668e+00
5.463534310260447668e+00
5.016057299090347144e+00
4.843659016435259090e+00
4.013586028695794283e+00
4.013586028695794283e+00
3.967990716437292509e+00
3.967990716437292509e+00
2.573545996072418962e+00
2.573545996072418962e+00
1.695775386763353820e+00
1.695775386763353820e+00
1.695775386763353820e+00
1.695775386763353820e+00
1.695775386763353820e+00
1.695775386763353820e+00
1.695775386763353820e+00
1.695775386763353820e+00
1.695775386763353820e+00
1.695775386763353820e+00
1.695775386763353820e+00
1.695775386763353820e+00
1.695775386763353820e+00
1.695775386763353820e+00
1.695775386763353820e+00
1.695775386763353820e+00
1.695775386763353820e+00
1.695775386763353820e+00
1.695775386763353820e+00
1.668088081872271200e+00
1.668088081872271200e+00
1.668088081872271200e+00
1.668088081872271200e+00
1.668088081872271200e+00
1.668088081872271200e+00
1.668088081872271200e+00
1.668088081872271200e+00
1.668088081872271200e+00
1.668088081872271200e+00
1.668088081872271200e+00
1.668088081872271200e+00
1.668088081872271200e+00
1.648584164990181344e+00
1.648584164990181344e+00
1.648584164990181344e+00
1.580455914772786130e+00
1.573276274561648869e+00
1.573276274561648869e+00
1.492243940287146131e+00
1.492243940287146131e+00
1.492243940287146131e+00
1.492243940287146131e+00
1.492243940287146131e+00
1.492243940287146131e+00
1.492243940287146131e+00
1.492243940287146131e+00
1.492243940287146131e+00
1.492243940287146131e+00
1.492243940287146131e+00
1.492243940287146131e+00
1.492243940287146131e+00
1.492243940287146131e+00
1.492243940287146131e+00
1.492243940287146131e+00
1.492243940287146131e+00
1.492243940287146131e+00
1.492243940287146131e+00
1.492243940287146131e+00
1.492243940287146131e+00
1.492243940287146131e+00
1.492243940287146131e+00
1.492243940287146131e+00
1.492243940287146131e+00
1.492243940287146131e+00
1.492243940287146131e+00
1.492243940287146131e+00
1.492243940287146131e+00
1.492243940287146131e+00
1.456282260809976803e+00
1.456282260809976803e+00
1.456282260809976803e+00
1.448781964813235845e+00
1.448781964813235845e+00
1.440117925754826445e+00
1.440117925754826445e+00
1.440117925754826445e+00
1.440117925754826445e+00
1.440117925754826445e+00
1.440117925754826445e+00
1.438350927028158477e+00
1.428530103511000515e+00
1.424520247932439254e+00
1.423090897090364848e+00
1.422785288082083266e+00
1.422442716762970294e+00
1.422442716762970294e+00
1.422440870526942014e+00
1.422440870526942014e+00
1.422440870526942014e+00
1.422316234720086392e+00
1.422271806442918063e+00
1.422271806442918063e+00
1.422271806442918063e+00
1.422117788764811985e+00
1.384408440461623035e+00
1.384408440461623035e+00
1.384408440461623035e+00
1.384408440461623035e+00
1.384408440461623035e+00
1.384408440461623035e+00
1.384408440461623035e+00
1.384408440461623035e+00
1.384408440461623035e+00
1.384408440461623035e+00
1.359648015893243356e+00
1.344620059734245920e+00
1.318175213410317514e+00
1.309140463874758575e+00
1.306901681656381653e+00
1.306260785880773767e+00
1.306055998321429268e+00
1.305983422204895161e+00
1.305955604609854603e+00
1.305946269837051421e+00
1.305944662410745138e+00
1.305942328468726821e+00
1.305942328468726821e+00
1.305942328468726821e+00
1.242604464484482252e+00
1.214970398140119645e+00
1.207172859274195265e+00
1.204903085974235566e+00
1.204204539668712215e+00
1.203983756389495952e+00
1.203922038414299012e+00
1.203899791795518093e+00
1.203899791795518093e+00
1.203896272652008603e+00
1.203896272652008603e+00
1.203896272652008603e+00
1.191980428976804340e+00
1.191136152690582595e+00
1.191136152690582595e+00
1.191136152690582595e+00
1.184407069380247091e+00
1.184407069380247091e+00
1.184407069380247091e+00
1.182213991066340508e+00
1.147791983556720297e+00
1.096085815724888501e+00
1.090243311891799127e+00
1.090243311891799127e+00
1.073727464470742188e+00
1.073727464470742188e+00
1.072419865145334494e+00
1.072419865145334494e+00
1.072081542834317780e+00
1.072081542834317780e+00
1.068334103729118745e+00
1.047944819381712467e+00
1.032867261930757952e+00
1.010266676602941782e+00
1.005479288241994507e+00
1.004988940771748940e+00
1.000852415488509894e+00
1.000637876391693659e+00
9.971187572853008607e-01
9.926593827359817546e-01
9.819707770558820936e-01
9.758595650054288084e-01
9.758595650054288084e-01
9.741139239091842761e-01
9.707814469759450393e-01
9.694787359026485474e-01
9.661825553810168277e-01
9.653713141972058986e-01
9.650687907500474783e-01
9.403407081716133042e-01
9.385335496558168122e-01
9.288150696675282481e-01
9.231177358233432217e-01
9.217101003715800767e-01
9.203500539981306350e-01
8.824543562276991882e-01
8.795080956369207836e-01
8.666482313149491690e-01
8.644601691756231832e-01
8.606438743198097097e-01
8.513874454944168058e-01
8.513874454944168058e-01
8.211203594068124945e-01
8.182806146120216173e-01
8.102943673547340353e-01
