5.342414371514401950e+01
4.427765606321146663e+01
1.888781052948785089e+01
1.593765830255913230e+01
1.593765830255913230e+01
3.845606497619943553e+00
3.845606497619943553e+00
3.845606497619943553e+00
3.845606497619943553e+00
3.845606497619943553e+00
2.467336803265975931e+00
2.467336803265975931e+00
2.467336803265975931e+00
2.467336803265975931e+00
2.467336803265975931e+00
2.425826763644849393e+00
2.425826763644849393e+00
2.425826763644849393e+00
2.425826763644849393e+00
2.425826763644849393e+00
2.425826763644849393e+00
2.425826763644849393e+00
2.425826763644849393e+00
2.037731668938709717e+00
2.037731668938709717e+00
2.037731668938709717e+00
2.037731668938709717e+00
2.037731668938709717e+00
1.819137651277096923e+00
1.819137651277096923e+00
1.819137651277096923e+00
1.819137651277096923e+00
1.819137651277096923e+00
1.819137651277096923e+00
1.819137651277096923e+00
1.819137651277096923e+00
1.819137651277096923e+00
1.819137651277096923e+00
1.819137651277096923e+00
1.819137651277096923e+00
1.404026745266826470e+00
1.404026745266826470e+00
1.138032417145943720e+00
1.098185419353573389e+00
1.098185419353573389e+00
1.098185419353573389e+00
1.098185419353573389e+00
1.098185419353573389e+00
1.098185419353573389e+00
1.098185419353573389e+00
1.098185419353573389e+00
1.098185419353573389e+00
1.098185419353573389e+00
1.098185419353573389e+00
8.996301604436486299e-01
8.996301604436486299e-01
8.996301604436486299e-01
8.996301604436486299e-01
8.996301604436486299e-01
8.996301604436486299e-01
8.996301604436486299e-01
8.996301604436486299e-01
8.996301604436486299e-01
8.996301604436486299e-01
8.996301604436486299e-01
8.996301604436486299e-01
8.996301604436486299e-01
8.996301604436486299e-01
8.996301604436486299e-01
8.996301604436486299e-01
8.996301604436486299e-01
8.996301604436486299e-01
8.996301604436486299e-01
8.996301604436486299e-01
8.996301604436486299e-01
8.996301604436486299e-01
6.420884926797854053e-01
6.420884926797854053e-01
6.420884926797854053e-01
6.420884926797854053e-01
6.420884926797854053e-01
6.420884926797854053e-01
6.420884926797854053e-01
6.420884926797854053e-01
6.420884926797854053e-01
4.160537463801015634e-01
4.160537463801015634e-01
4.160537463801015634e-01
4.160537463801015634e-01
4.160537463801015634e-01
4.160537463801015634e-01
4.160537463801015634e-01
4.160537463801015634e-01
4.160537463801015634e-01
4.160537463801015634e-01
3.957062242523319839e-01
3.957062242523319839e-01
3.957062242523319839e-01
3.957062242523319839e-01
3.355780670805879051e-01
3.355780670805879051e-01
3.355780670805879051e-01
3.355780670805879051e-01
3.355780670805879051e-01
3.355780670805879051e-01
3.015841103267026257e-01
3.015841103267026257e-01
3.015841103267026257e-01
3.015841103267026257e-01
3.015841103267026257e-01
3.015841103267026257e-01
3.015841103267026257e-01
3.015841103267026257e-01
3.015841103267026257e-01
3.015841103267026257e-01
3.015841103267026257e-01
2.570604830338101832e-01
2.570604830338101832e-01
2.570604830338101832e-01
2.570604830338101832e-01
2.570604830338101832e-01
2.570604830338101832e-01
2.570604830338101832e-01
2.570604830338101832e-01
2.570604830338101832e-01
2.570604830338101832e-01
2.564080449398934425e-01
2.564080449398934425e-01
2.564080449398934425e-01
2.535967514504258724e-01
2.535967514504258724e-01
2.535967514504258724e-01
2.535967514504258724e-01
2.535967514504258724e-01
2.534264338150110096e-01
2.534264338150110096e-01
2.534264338150110096e-01
2.534264338150110096e-01
2.534107095256917797e-01
2.534107095256917797e-01
2.534107095256917797e-01
2.533235568192153120e-01
2.532937664928436305e-01
2.517061429623738134e-01
2.517061429623738134e-01
2.517061429623738134e-01
2.378771011744062192e-01
2.079007629740314833e-01
2.079007629740314833e-01
2.079007629740314833e-01
2.079007629740314833e-01
2.079007629740314833e-01
2.079007629740314833e-01
2.079007629740314833e-01
2.079007629740314833e-01
2.079007629740314833e-01
2.079007629740314833e-01
2.079007629740314833e-01
2.079007629740314833e-01
2.022191785218047655e-01
2.022191785218047655e-01
2.022191785218047655e-01
1.952334340741149199e-01
1.938910261779158428e-01
1.936294141985918094e-01
1.935813288409080346e-01
1.935734357629148583e-01
1.935727795636422444e-01
1.935724551563254014e-01
1.935724551563254014e-01
1.935724551563254014e-01
1.927020663184126070e-01
1.918634421965281778e-01
1.918634421965281778e-01
1.911398792360725907e-01
1.907551323692180945e-01
1.907162989830793187e-01
1.907083591470527528e-01
1.907063894582910479e-01
1.907054795398203384e-01
1.907054795398203384e-01
1.907054795398203384e-01
1.907054795398203384e-01
1.907054795398203384e-01
1.907041807701855274e-01
1.907041807701855274e-01
1.551269675571765871e-01
1.537211001474022842e-01
1.537119809034132034e-01
1.537119809034132034e-01
1.468799358515002484e-01
1.468799358515002484e-01
1.468799358515002484e-01
1.448323184349587511e-01
1.323531926837147876e-01
1.321011471575558871e-01
1.321011471575558871e-01
1.319898334565132725e-01
1.319877849474821174e-01
1.319877724825314624e-01
