2.441862531489147386e+03
7.658441159720806581e+02
7.075888376665085389e+01
4.663744874846585020e+01
3.359083109758953611e+01
2.076145685696564769e+01
1.196790518250500490e+01
1.019860923804519004e+01
1.916977231772203139e+00
1.916977231772203139e+00
1.576477787690076626e+00
1.576477787690076626e+00
1.148002426282353161e+00
1.148002426282353161e+00
1.148002426282353161e+00
1.148002426282353161e+00
1.148002426282353161e+00
1.148002426282353161e+00
1.148002426282353161e+00
1.148002426282353161e+00
1.148002426282353161e+00
1.148002426282353161e+00
1.148002426282353161e+00
1.148002426282353161e+00
9.541835201087689455e-01
9.541835201087689455e-01
9.541835201087689455e-01
9.541835201087689455e-01
9.541835201087689455e-01
9.541835201087689455e-01
9.541835201087689455e-01
9.541835201087689455e-01
9.541835201087689455e-01
9.541835201087689455e-01
9.541835201087689455e-01
9.513260437343024067e-01
8.203655131088293251e-01
8.203655131088293251e-01
8.203655131088293251e-01
8.203655131088293251e-01
8.203655131088293251e-01
8.203655131088293251e-01
8.203655131088293251e-01
8.203655131088293251e-01
8.203655131088293251e-01
8.203655131088293251e-01
8.203655131088293251e-01
8.203655131088293251e-01
8.203655131088293251e-01
8.203655131088293251e-01
8.203655131088293251e-01
8.203655131088293251e-01
8.203655131088293251e-01
8.203655131088293251e-01
8.203655131088293251e-01
8.203655131088293251e-01
8.203655131088293251e-01
8.203655131088293251e-01
8.203655131088293251e-01
8.029300536743403383e-01
8.029300536743403383e-01
8.029300536743403383e-01
8.029300536743403383e-01
8.029300536743403383e-01
8.029300536743403383e-01
8.029300536743403383e-01
8.029300536743403383e-01
8.029300536743403383e-01
7.464229661071440924e-01
7.464229661071440924e-01
7.464229661071440924e-01
7.464229661071440924e-01
7.464229661071440924e-01
7.464229661071440924e-01
7.464229661071440924e-01
7.464229661071440924e-01
7.253991550668040800e-01
7.253991550668040800e-01
7.253991550668040800e-01
7.253991550668040800e-01
7.253991550668040800e-01
7.253991550668040800e-01
7.253991550668040800e-01
6.961750079216181275e-01
6.961750079216181275e-01
6.961750079216181275e-01
6.961750079216181275e-01
6.961750079216181275e-01
6.961750079216181275e-01
6.961750079216181275e-01
6.961750079216181275e-01
6.961750079216181275e-01
6.961750079216181275e-01
6.961750079216181275e-01
6.961750079216181275e-01
6.961750079216181275e-01
6.961750079216181275e-01
6.961750079216181275e-01
6.961750079216181275e-01
6.961750079216181275e-01
6.961750079216181275e-01
6.961750079216181275e-01
6.961750079216181275e-01
6.961750079216181275e-01
6.961750079216181275e-01
6.961750079216181275e-01
6.961750079216181275e-01
6.959815249180293373e-01
6.959815249180293373e-01
6.959815249180293373e-01
6.921025119965289463e-01
6.918146026259703874e-01
6.918146026259703874e-01
6.918146026259703874e-01
6.918146026259703874e-01
6.915119018752847735e-01
6.911361234213990734e-01
6.909450405163293230e-01
6.908835743435962629e-01
6.908587555600836927e-01
6.908469167966161395e-01
6.908409979407388324e-01
6.908409979407388324e-01
6.908409979407388324e-01
6.908339298279422280e-01
6.908303281240846250e-01
6.908293185138273396e-01
6.908276925351586328e-01
6.908262947866302683e-01
6.787258119762512587e-01
6.508181371620821443e-01
6.396336865125614723e-01
6.396336865125614723e-01
6.396336865125614723e-01
6.395812365036881442e-01
6.395812365036881442e-01
6.395812365036881442e-01
6.376359932781562323e-01
6.363623555674481347e-01
6.339469576773074655e-01
6.337213739752576291e-01
6.337213739752576291e-01
6.329287046348730517e-01
6.328861659917734972e-01
6.328721172852049826e-01
6.273863971280948526e-01
6.256341714918977059e-01
6.245729206781266418e-01
6.232185681810498146e-01
6.227461601149707482e-01
6.212452315207191988e-01
6.186617840896775355e-01
6.183126292340488384e-01
6.147569256364786572e-01
6.147569256364786572e-01
6.147569256364786572e-01
6.147569256364786572e-01
6.143379693462961422e-01
6.143379693462961422e-01
6.142198397028253432e-01
6.141603415752340256e-01
6.141603415752340256e-01
6.141603415752340256e-01
6.141603415752340256e-01
6.141603415752340256e-01
6.094341742219094860e-01
6.050787780396391646e-01
6.013515191524690939e-01
5.984530402753710510e-01
5.984530402753710510e-01
5.941830130377649954e-01
5.941830130377649954e-01
5.939998875848764293e-01
5.939998875848764293e-01
5.938994030095056109e-01
5.938741987342096573e-01
5.938721847646007967e-01
5.935873517026066803e-01
5.935873517026066803e-01
5.881080859463755361e-01
5.878868629705198412e-01
5.878868629705198412e-01
5.878754621924350277e-01
5.878660358943079700e-01
5.878652664574397502e-01
5.878650613070290909e-01
5.821342286922320808e-01
5.802331726581048121e-01
5.802026882634410132e-01
5.802022004839920699e-01
5.802021908205199363e-01
5.802020770697893237e-01
5.802020770697893237e-01
5.802020770697893237e-01
5.802020770697893237e-01
5.802020700065740888e-01
5.802020512454990619e-01
5.802020512454990619e-01
5.802020512454990619e-01
5.802020512454990619e-01
