5.937242096039234696e+01
5.750121598454854421e+01
3.589080791497632816e+01
3.589080791497632816e+01
3.589080791497632816e+01
2.147786016406102405e+01
9.541512206075870139e+00
7.337413758749335102e+00
4.194723099781398901e+00
3.012224104242411826e+00
3.012224104242411826e+00
1.602534641631661039e+00
1.602534641631661039e+00
1.602534641631661039e+00
1.602534641631661039e+00
1.602534641631661039e+00
1.602534641631661039e+00
1.602534641631661039e+00
1.602534641631661039e+00
1.425309017704372128e+00
1.425309017704372128e+00
1.425309017704372128e+00
1.249122586792757561e+00
1.249122586792757561e+00
1.078853076740817762e+00
1.078853076740817762e+00
1.078853076740817762e+00
1.078853076740817762e+00
1.078853076740817762e+00
1.078853076740817762e+00
1.078853076740817762e+00
1.078853076740817762e+00
1.078853076740817762e+00
1.078853076740817762e+00
1.078853076740817762e+00
1.078853076740817762e+00
1.078853076740817762e+00
1.078853076740817762e+00
1.078853076740817762e+00
1.078853076740817762e+00
1.078853076740817762e+00
1.078853076740817762e+00
1.078853076740817762e+00
1.078853076740817762e+00
1.078853076740817762e+00
1.078853076740817762e+00
1.078853076740817762e+00
9.533787371306061686e-01
9.533787371306061686e-01
7.021778100418324398e-01
7.021778100418324398e-01
7.021778100418324398e-01
7.021778100418324398e-01
7.021778100418324398e-01
7.021778100418324398e-01
7.021778100418324398e-01
7.021778100418324398e-01
7.021778100418324398e-01
5.912450573677332510e-01
5.912450573677332510e-01
5.912450573677332510e-01
5.912450573677332510e-01
5.912450573677332510e-01
5.912450573677332510e-01
5.912450573677332510e-01
5.912450573677332510e-01
5.912450573677332510e-01
5.912450573677332510e-01
5.912450573677332510e-01
5.912450573677332510e-01
5.912450573677332510e-01
5.912450573677332510e-01
5.912450573677332510e-01
5.289548301241886463e-01
5.289548301241886463e-01
5.289548301241886463e-01
5.289548301241886463e-01
5.289548301241886463e-01
5.289548301241886463e-01
5.289548301241886463e-01
5.289548301241886463e-01
4.559276968393919383e-01
4.559276968393919383e-01
4.559276968393919383e-01
4.559276968393919383e-01
4.559276968393919383e-01
4.132815363439114043e-01
4.132815363439114043e-01
4.132815363439114043e-01
4.132815363439114043e-01
4.132815363439114043e-01
4.068708791390051038e-01
4.068708791390051038e-01
4.068708791390051038e-01
4.068708791390051038e-01
3.617598702603015415e-01
3.617598702603015415e-01
3.617598702603015415e-01
3.617598702603015415e-01
3.617598702603015415e-01
3.617598702603015415e-01
3.617598702603015415e-01
3.617598702603015415e-01
3.617598702603015415e-01
3.617598702603015415e-01
3.617598702603015415e-01
3.617598702603015415e-01
3.617598702603015415e-01
3.617598702603015415e-01
3.617598702603015415e-01
3.617598702603015415e-01
3.617598702603015415e-01
3.617598702603015415e-01
3.617598702603015415e-01
3.617598702603015415e-01
3.617598702603015415e-01
3.617598702603015415e-01
3.617598702603015415e-01
3.617598702603015415e-01
3.617598702603015415e-01
3.519881325921472293e-01
3.519881325921472293e-01
3.519881325921472293e-01
3.519881325921472293e-01
3.519881325921472293e-01
3.519881325921472293e-01
3.519881325921472293e-01
3.491847013814793343e-01
3.476584322875030386e-01
3.471167581810281622e-01
3.469262234993750194e-01
3.468598290373906545e-01
3.468363701211111816e-01
3.468281487871520685e-01
3.468259083189775827e-01
3.468246010845317806e-01
2.960529432177271270e-01
2.960529432177271270e-01
2.891004998096375345e-01
2.891004998096375345e-01
2.867392675288795156e-01
2.806041351608927203e-01
2.806041351608927203e-01
2.804709736368376505e-01
2.804709736368376505e-01
2.804709736368376505e-01
2.804709736368376505e-01
2.801129440403888893e-01
2.801129440403888893e-01
2.801129440403888893e-01
2.801129440403888893e-01
2.801129440403888893e-01
2.801129440403888893e-01
2.801129440403888893e-01
2.800147276102565863e-01
2.799810017627288872e-01
2.489283388145557274e-01
2.487157866803257344e-01
2.368647129186134959e-01
2.368647129186134959e-01
2.230848782146346021e-01
1.931360541773030903e-01
1.931360541773030903e-01
1.788317887968522146e-01
1.788317887968522146e-01
1.433725861448522099e-01
1.433725861448522099e-01
1.433725861448522099e-01
1.433725861448522099e-01
1.424671219551291723e-01
1.424671219551291723e-01
1.424671219551291723e-01
1.424671219551291723e-01
1.424671219551291723e-01
1.416664729640549070e-01
1.414518885269055726e-01
1.414518885269055726e-01
1.414303915932000055e-01
1.411961596823965714e-01
1.411961596823965714e-01
1.411961596823965714e-01
1.411961596823965714e-01
1.411961596823965714e-01
1.411961596823965714e-01
1.379207071460160638e-01
1.376852788595071819e-01
1.376852788595071819e-01
1.376852788595071819e-01
1.376852788595071819e-01
1.372034139719974510e-01
1.372034139719974510e-01
1.356299358028372204e-01
1.355802951173739612e-01
1.355775441819435101e-01
1.355772629248750138e-01
1.355772629248750138e-01
1.355772629248750138e-01
1.355772629248750138e-01
1.355772629248750138e-01
1.355772629248750138e-01
