8.597368763328381647e+01
8.597368763328381647e+01
6.736551481352910287e+01
6.736551481352910287e+01
5.061256932413750320e+01
3.121195432634533162e+01
3.010768491630317101e+01
1.875988633655747151e+01
1.875988633655747151e+01
1.875988633655747151e+01
1.238726838812871378e+01
1.028766637727515132e+01
5.094017384505178825e+00
5.094017384505178825e+00
5.094017384505178825e+00
5.094017384505178825e+00
2.496542011968456265e+00
2.155549957294956798e+00
2.155549957294956798e+00
2.155549957294956798e+00
2.155549957294956798e+00
2.155549957294956798e+00
2.155549957294956798e+00
2.155549957294956798e+00
2.155549957294956798e+00
2.155549957294956798e+00
2.155549957294956798e+00
2.155549957294956798e+00
2.155549957294956798e+00
2.155549957294956798e+00
2.137097274821369020e+00
2.137097274821369020e+00
2.137097274821369020e+00
2.137097274821369020e+00
2.137097274821369020e+00
2.137097274821369020e+00
2.137097274821369020e+00
2.137097274821369020e+00
2.137097274821369020e+00
2.137097274821369020e+00
2.137097274821369020e+00
1.976713610880500793e+00
1.846542306895573082e+00
1.846542306895573082e+00
1.846542306895573082e+00
1.846542306895573082e+00
1.846542306895573082e+00
1.846542306895573082e+00
1.846542306895573082e+00
1.846542306895573082e+00
1.846542306895573082e+00
1.846542306895573082e+00
1.846542306895573082e+00
1.846542306895573082e+00
1.846542306895573082e+00
1.846542306895573082e+00
1.846542306895573082e+00
1.846542306895573082e+00
1.846542306895573082e+00
1.846542306895573082e+00
1.846542306895573082e+00
1.846542306895573082e+00
1.846542306895573082e+00
1.846542306895573082e+00
1.846542306895573082e+00
1.819505906555911157e+00
1.819505906555911157e+00
1.819505906555911157e+00
1.725072967466007023e+00
1.725072967466007023e+00
1.725072967466007023e+00
1.725072967466007023e+00
1.725072967466007023e+00
1.725072967466007023e+00
1.725072967466007023e+00
1.725072967466007023e+00
1.725072967466007023e+00
1.725072967466007023e+00
1.622400580174152784e+00
1.622400580174152784e+00
1.622400580174152784e+00
1.622400580174152784e+00
1.622400580174152784e+00
1.622400580174152784e+00
1.622400580174152784e+00
1.622400580174152784e+00
1.622400580174152784e+00
1.621857859694116666e+00
1.507920681709124855e+00
1.502485717191726744e+00
1.502485717191726744e+00
1.497467347859148701e+00
1.497467347859148701e+00
1.497467347859148701e+00
1.488576699804137426e+00
1.483746415278311526e+00
1.473700069369500598e+00
1.467980582148800339e+00
1.459812073349036954e+00
1.459812073349036954e+00
1.459812073349036954e+00
1.414910787478005361e+00
1.414910787478005361e+00
1.414910787478005361e+00
1.414910787478005361e+00
1.414910787478005361e+00
1.414910787478005361e+00
1.414910787478005361e+00
1.414910787478005361e+00
1.414910787478005361e+00
1.414910787478005361e+00
1.414910787478005361e+00
1.414910787478005361e+00
1.391786475018256031e+00
1.391786475018256031e+00
1.391786475018256031e+00
1.391786475018256031e+00
1.391786475018256031e+00
1.391786475018256031e+00
1.391786475018256031e+00
1.391786475018256031e+00
1.391786475018256031e+00
1.391786475018256031e+00
1.391786475018256031e+00
1.391786475018256031e+00
1.391786475018256031e+00
1.391757526663807365e+00
1.391757526663807365e+00
1.391757526663807365e+00
1.389644009149789916e+00
1.389644009149789916e+00
1.383211641856978424e+00
1.383211641856978424e+00
1.381396953658790672e+00
1.381396953658790672e+00
1.378453189967756121e+00
1.378453189967756121e+00
1.363009538749921479e+00
1.363009538749921479e+00
1.363009538749921479e+00
1.363009538749921479e+00
1.363009538749921479e+00
1.363009538749921479e+00
1.363009538749921479e+00
1.363009538749921479e+00
1.363009538749921479e+00
1.363009538749921479e+00
1.363009538749921479e+00
1.363009538749921479e+00
1.327436689172735829e+00
1.322492815954782408e+00
1.322492815954782408e+00
1.322492815954782408e+00
1.318076914987670101e+00
1.315968380774845903e+00
1.315474153656559952e+00
1.315361233636574312e+00
1.315333187804308190e+00
1.315245386209884959e+00
1.315245386209884959e+00
1.315245386209884959e+00
1.314232539471157146e+00
1.314232539471157146e+00
1.314232539471157146e+00
1.314232539471157146e+00
1.314232539471157146e+00
1.314232539471157146e+00
1.314220500022273086e+00
1.314220500022273086e+00
1.313429124368045375e+00
1.313429124368045375e+00
1.303481055331928706e+00
1.303481055331928706e+00
1.302022979135376568e+00
1.302022979135376568e+00
1.302022979135376568e+00
1.302022979135376568e+00
1.301665438725273516e+00
1.301665438725273516e+00
1.301665438725273516e+00
1.301665438725273516e+00
1.301665438725273516e+00
1.301665438725273516e+00
1.301665438725273516e+00
1.301665438725273516e+00
1.300859561703786360e+00
1.300710386113470118e+00
1.300710386113470118e+00
1.300710386113470118e+00
1.300689298883066058e+00
1.300634442967816939e+00
1.280271082470084698e+00
1.276525628071276230e+00
1.276390311057847615e+00
1.276390311057847615e+00
1.276390311057847615e+00
1.275541807889860380e+00
1.275541807889860380e+00
1.274516363209239334e+00
1.271345866625651411e+00
