1.600065508931330172e+01
1.387002438648633529e+01
1.387002438648633529e+01
1.387002438648633529e+01
9.071661530862826339e+00
8.952026405201971571e+00
8.952026405201971571e+00
7.496312910423190701e+00
4.451864407002671165e+00
3.148640766144592984e+00
3.148640766144592984e+00
3.148640766144592984e+00
2.908891204062744595e+00
2.908891204062744595e+00
2.908891204062744595e+00
2.908891204062744595e+00
2.469228471667856972e+00
2.469228471667856972e+00
2.469228471667856972e+00
2.469228471667856972e+00
2.469228471667856972e+00
2.469228471667856972e+00
2.469228471667856972e+00
2.469228471667856972e+00
2.213869389541874622e+00
2.044430837555592628e+00
2.044430837555592628e+00
1.808543475733971118e+00
1.808543475733971118e+00
1.621721098103934056e+00
1.331796975552373086e+00
1.331796975552373086e+00
1.331796975552373086e+00
1.331796975552373086e+00
1.331796975552373086e+00
1.331796975552373086e+00
1.331796975552373086e+00
1.331796975552373086e+00
1.331796975552373086e+00
1.331796975552373086e+00
1.331796975552373086e+00
1.331796975552373086e+00
1.331796975552373086e+00
1.331796975552373086e+00
1.331796975552373086e+00
1.221081499789237412e+00
1.221081499789237412e+00
1.221081499789237412e+00
1.221081499789237412e+00
1.221081499789237412e+00
1.221081499789237412e+00
1.221081499789237412e+00
1.221081499789237412e+00
1.221081499789237412e+00
1.085528563482986097e+00
1.085528563482986097e+00
1.085528563482986097e+00
1.085528563482986097e+00
1.085528563482986097e+00
1.066191796898240174e+00
1.066191796898240174e+00
1.066191796898240174e+00
1.066191796898240174e+00
1.020345327194944085e+00
1.020345327194944085e+00
1.020345327194944085e+00
1.020345327194944085e+00
1.020345327194944085e+00
1.020345327194944085e+00
1.020345327194944085e+00
1.011344353802163587e+00
1.011344353802163587e+00
1.011344353802163587e+00
1.011344353802163587e+00
1.011344353802163587e+00
1.011344353802163587e+00
1.011344353802163587e+00
1.011344353802163587e+00
9.933459553113724860e-01
9.933459553113724860e-01
9.933459553113724860e-01
9.933459553113724860e-01
9.933459553113724860e-01
9.933459553113724860e-01
9.933459553113724860e-01
9.933459553113724860e-01
9.933459553113724860e-01
9.933459553113724860e-01
9.933459553113724860e-01
9.933459553113724860e-01
9.909608646372534135e-01
9.810664209060552254e-01
9.810664209060552254e-01
9.810664209060552254e-01
9.810664209060552254e-01
9.810664209060552254e-01
9.810664209060552254e-01
9.810664209060552254e-01
9.810664209060552254e-01
9.810664209060552254e-01
9.810664209060552254e-01
9.798146598734158719e-01
9.798146598734158719e-01
9.798146598734158719e-01
9.798146598734158719e-01
9.798146598734158719e-01
9.378114625185589581e-01
9.378114625185589581e-01
9.378114625185589581e-01
9.378114625185589581e-01
9.378114625185589581e-01
9.378114625185589581e-01
9.378114625185589581e-01
9.378114625185589581e-01
9.378114625185589581e-01
9.378114625185589581e-01
9.378114625185589581e-01
9.378114625185589581e-01
9.371604337290592168e-01
9.278114911908504903e-01
9.278114911908504903e-01
9.278114911908504903e-01
9.278114911908504903e-01
9.278114911908504903e-01
9.278114911908504903e-01
9.278114911908504903e-01
9.278114911908504903e-01
9.278114911908504903e-01
9.278114911908504903e-01
9.278114911908504903e-01
9.273638561504241595e-01
9.187751172894351726e-01
9.187751172894351726e-01
9.093118467092646817e-01
9.093118467092646817e-01
9.093118467092646817e-01
9.093118467092646817e-01
8.887053968345639543e-01
8.816447458676054394e-01
8.797408578434677828e-01
8.791980508604765321e-01
8.790373499469529284e-01
8.789936590843799857e-01
8.789782331763734691e-01
8.761986491046419578e-01
8.688705918292416452e-01
8.688705918292416452e-01
8.578520854346807223e-01
8.578520854346807223e-01
8.523088258239174264e-01
8.523088258239174264e-01
8.523088258239174264e-01
8.523088258239174264e-01
8.523088258239174264e-01
8.522908155938729857e-01
8.522908155938729857e-01
8.493092527336909558e-01
8.493092527336909558e-01
8.493092527336909558e-01
8.493092527336909558e-01
8.493092527336909558e-01
8.493092527336909558e-01
8.493092527336909558e-01
8.472089060245402425e-01
8.472089060245402425e-01
8.472089060245402425e-01
8.268999328716130082e-01
8.268999328716130082e-01
8.268999328716130082e-01
8.244690507172078853e-01
8.244690507172078853e-01
8.244690507172078853e-01
8.244690507172078853e-01
8.244690507172078853e-01
8.244690507172078853e-01
8.244690507172078853e-01
8.244690507172078853e-01
8.244690507172078853e-01
8.207061452114756683e-01
8.196734761335167097e-01
8.195823694277093452e-01
8.195719210314640346e-01
8.195710704256228274e-01
8.195709908381503261e-01
8.195709908381503261e-01
8.195709908381503261e-01
8.195709908381503261e-01
8.195709908381503261e-01
8.195709908381503261e-01
8.195709859522389840e-01
8.195709859522389840e-01
8.195709859522389840e-01
8.195709844961289736e-01
8.195709840431004700e-01
8.195709840431004700e-01
8.195709822482629692e-01
8.195709822482629692e-01
8.195709822482629692e-01
8.195709822482629692e-01
8.195709805932545056e-01
