4.302436309254321856e+01
3.160802929411638473e+01
2.524046963724508785e+01
1.427530161123841879e+01
1.427530161123841879e+01
1.427530161123841879e+01
5.355700950161248031e+00
5.349485092415878995e+00
5.349485092415878995e+00
4.989114022931751435e+00
3.511640050929398349e+00
3.511640050929398349e+00
3.221306693651778019e+00
3.221306693651778019e+00
3.221306693651778019e+00
3.221306693651778019e+00
2.949293856787409851e+00
2.838481280507744398e+00
2.838481280507744398e+00
2.599562181204150058e+00
2.599562181204150058e+00
2.538084743593186143e+00
2.379236999032320110e+00
2.379236999032320110e+00
2.379236999032320110e+00
2.379236999032320110e+00
2.379236999032320110e+00
2.379236999032320110e+00
2.379236999032320110e+00
2.239644632941009128e+00
2.239644632941009128e+00
2.239644632941009128e+00
2.239644632941009128e+00
2.239644632941009128e+00
2.239644632941009128e+00
2.239644632941009128e+00
2.239644632941009128e+00
2.239644632941009128e+00
2.239644632941009128e+00
2.239644632941009128e+00
2.239644632941009128e+00
2.239644632941009128e+00
2.151112451331529840e+00
2.151112451331529840e+00
2.151112451331529840e+00
2.151112451331529840e+00
2.114046587218476159e+00
2.114046587218476159e+00
2.114046587218476159e+00
2.114046587218476159e+00
2.114046587218476159e+00
2.114046587218476159e+00
2.114046587218476159e+00
2.114046587218476159e+00
2.114046587218476159e+00
2.114046587218476159e+00
2.097986425164855451e+00
2.097986425164855451e+00
2.097986425164855451e+00
2.097986425164855451e+00
2.092826781984689966e+00
2.092826781984689966e+00
2.092826781984689966e+00
2.020493578152660064e+00
2.020493578152660064e+00
2.020493578152660064e+00
2.020493578152660064e+00
1.982232928897299962e+00
1.962740928660698048e+00
1.962740928660698048e+00
1.962740928660698048e+00
1.962740928660698048e+00
1.962740928660698048e+00
1.962740928660698048e+00
1.919666055944428962e+00
1.919666055944428962e+00
1.919666055944428962e+00
1.919666055944428962e+00
1.919666055944428962e+00
1.919666055944428962e+00
1.919666055944428962e+00
1.919666055944428962e+00
1.919666055944428962e+00
1.919666055944428962e+00
1.919666055944428962e+00
1.914017459065557869e+00
1.914017459065557869e+00
1.914017459065557869e+00
1.914017459065557869e+00
1.914017459065557869e+00
1.914017459065557869e+00
1.914017459065557869e+00
1.914017459065557869e+00
1.875233698020790873e+00
1.875233698020790873e+00
1.865491282622226299e+00
1.859166465960191195e+00
1.859166465960191195e+00
1.859166465960191195e+00
1.856591521076175422e+00
1.856591521076175422e+00
1.854926197213681904e+00
1.854926197213681904e+00
1.854926197213681904e+00
1.854461047421352982e+00
1.854461047421352982e+00
1.854461047421352982e+00
1.853159473099883048e+00
1.852440767677409061e+00
1.852142146667743239e+00
1.852013352782130529e+00
1.852013352782130529e+00
1.852013352782130529e+00
1.852013352782130529e+00
1.852013352782130529e+00
1.849315056816691394e+00
1.843283101675017077e+00
1.843283101675017077e+00
1.834760506265594948e+00
1.834760506265594948e+00
1.831646893568829482e+00
1.831646893568829482e+00
1.831646893568829482e+00
1.829369592350239770e+00
1.829369592350239770e+00
1.829369592350239770e+00
1.829369592350239770e+00
1.829369592350239770e+00
1.826681797974905042e+00
1.808862104958605110e+00
1.808862104958605110e+00
1.808862104958605110e+00
1.794971424864254761e+00
1.794971424864254761e+00
1.794971424864254761e+00
1.794707542534696776e+00
1.788030218896317969e+00
1.788030218896317969e+00
1.784484958634768414e+00
1.783745206291290852e+00
1.783735047453346212e+00
1.783735047453346212e+00
1.783735047453346212e+00
1.783532132901787692e+00
1.783339785163754687e+00
1.781357925925993291e+00
1.779038346744623134e+00
1.779038346744623134e+00
1.779038346744623134e+00
1.779038346744623134e+00
1.779038346744623134e+00
1.779038346744623134e+00
1.778864564717618446e+00
1.778790222349162065e+00
1.778773591175775159e+00
1.777308065915930380e+00
1.766070930119021165e+00
1.766070930119021165e+00
1.766070930119021165e+00
1.766070930119021165e+00
1.766070930119021165e+00
1.764372506893755244e+00
1.764372506893755244e+00
1.764372506893755244e+00
1.760231521242437092e+00
1.760231521242437092e+00
1.760231521242437092e+00
1.760231521242437092e+00
1.759985644799226812e+00
1.757858201330740000e+00
1.756490167053996077e+00
1.755109155161268308e+00
1.752822329837935955e+00
1.751653523244008914e+00
1.750528520223897821e+00
1.749694298287812977e+00
1.749400725691941938e+00
1.749400725691941938e+00
1.749398842894219319e+00
1.749398842894219319e+00
1.749196758617996394e+00
1.749196710463064131e+00
1.749196710463064131e+00
1.743043351147713915e+00
1.743043351147713915e+00
1.742628272066748973e+00
1.742628272066748973e+00
1.742484543279473330e+00
1.742475379215165709e+00
1.742475379215165709e+00
1.740759639928266100e+00
1.740684301096786069e+00
1.740684301096786069e+00
1.737606964321601666e+00
1.732258723206787199e+00
1.732258723206787199e+00
1.732258723206787199e+00
1.732258723206787199e+00
1.732155831509685218e+00
1.732151777980755369e+00
