-5.168487968793578524e+00
-1.038545366021610183e+00
-6.069632050084292629e+00
-4.538366206763660315e+00
-3.393618106184185912e+00
2.000000000000000000e+00
-5.684579211935290921e+00
-1.600415359821691474e+00
-1.127430829271045321e+00
-4.684974451005105678e+00
-2.424374816709147229e+00
-5.318500547724778649e+00
-3.854420990355907684e+00
-1.106846270480111638e+00
-4.000000000000000000e+00
-3.741647775322237468e+00
-2.006892187946548667e+00
-8.109840948176413988e+00
-3.739501606898637309e+00
-1.168208172827708724e+00
-5.301029995663981254e+00
-4.787123273859767991e+00
-9.723964991463219576e+00
-4.483436089185199869e+00
3.512294315608101569e-01
-6.262598196784731286e+00
-3.837154342040938637e+00
-5.148191135989458544e+00
-2.790286097682188160e+00
-6.704149517932664004e+00
-2.029695284554799972e+00
1.550589710253987619e+00
-5.192045838797874957e+00
-1.000000000000000000e+00
-8.245028457024379254e-01
-5.583708422160968965e+00
-1.572414467596644494e+00
1.415978459432564174e-01
-6.339095343337460164e+00
-3.989981811688302571e+00
-8.614973891292702080e-01
-7.401678551851637700e+00
-4.193934338441864362e+00
1.998170274544563751e+00
-4.659780147474716916e-01
-2.097229989155838137e+00
-5.945725866110777247e+00
-2.300288008806393059e+00
-2.067511391159539136e-01
-7.209730693188673989e+00
-3.517457250277040703e+00
1.943925105720406998e+00
-5.008596006795662525e+00
-2.761570111109754144e+00
-6.378343065770369913e-01
-5.600625832079393795e+00
-1.949905627779572326e+00
2.000000000000000000e+00
-5.866480802352995738e+00
-2.850366500423657801e+00
-3.099530174862570320e-01
-8.000000000000000000e+00
-1.027194275633487530e+00
-6.284498836488406681e+00
-1.465195423096939287e+00
-6.768185734575594914e+00
-2.368842729716849060e+00
-7.152851358451349562e+00
-9.041294204577579041e-01
-4.884964429599067515e+00
-1.132138920641019286e+00
-5.310069649686589344e+00
-1.391798823348694647e+00
-4.000000000000000000e+00
-1.278025320631103190e+00
-8.000000000000000000e+00
-3.958607314841775082e+00
-7.195218357718546898e+00
-1.985059171784070431e+00
-5.511259381900771359e+00
-1.618150071521277544e+00
-3.733848521677554544e+00
-3.813563832225189909e+00
-4.962327535274181578e+00
-1.938052734021785239e+00
-2.616973275179796055e+00
-3.509333178671139031e+00
-3.338442215905517596e+00
-3.067971334132780115e+00
-3.802314419408796997e+00
-1.192484180867585009e+00
-3.199489500624497662e+00
-3.128912361211414694e+00
-5.688027305225022090e+00
-2.821193159032079123e+00
7.225993450014451813e-01
-4.600336930362600718e+00
-3.731968470435338858e+00
-1.575685379011878273e-01
-6.544068022635552317e+00
-2.589749707818979729e+00
6.284986913874709424e-01
-2.979989565578260446e+00
-2.085516506865364050e+00
1.271679630206947298e+00
