-5.832077297956612227e+00
-4.558064180453475167e+00
-7.000000000000000000e+00
-7.252084850681476347e+00
-2.338933078924362086e+00
5.747885177263558631e-01
-7.114303978843345533e+00
-2.136872517009340111e+00
-5.320136330350445641e-01
-4.873818336979504728e+00
-3.056683083686908553e+00
-6.156822871516435924e+00
-2.469462470017378841e+00
-5.564097333430435555e-01
-4.000000000000000000e+00
-1.955371379601634763e+00
-1.584035808226410103e+00
-5.997165368823552889e+00
-3.221548440481427189e+00
-1.131623019327985119e-01
-7.923023872781751464e+00
-4.457497302556025609e+00
-9.272865477535525258e+00
-2.642060151297712434e+00
-8.698096551985602387e-01
-5.938268681354720968e+00
-3.871366349375909621e+00
-4.583274792068821490e+00
-2.899419098156363006e+00
-6.311711577867419543e+00
-2.997293002436505205e+00
-1.027540255380321677e+00
-5.334972835640395594e+00
-3.578959290788851000e+00
-2.296457573979735489e+00
-5.766862898583561936e+00
-1.854199393037604393e+00
-1.446549566580866086e+00
-4.736994788887293417e+00
-2.793168286983158666e+00
1.633400344002889026e+00
-7.298835981336591061e+00
-2.144907892728233456e+00
5.251563923374368281e-01
-3.599405596193839818e-01
-2.817090495003298223e+00
-5.767540548906120002e+00
-2.966303875708529603e+00
5.995400009259835850e-01
-6.135998511563802715e+00
-1.957127020012143115e+00
7.072532901890826729e-01
-8.460768114239641591e+00
-3.650144262663101991e+00
-5.822073453115416131e-01
-6.726468127250789131e+00
-2.338694355736067099e+00
7.263405970372788234e-02
-5.259103927580153659e+00
-2.945934059592987264e+00
-6.758761821768815015e-01
-5.642531621033878508e+00
-1.763294679212797700e+00
-5.965371578710972678e+00
-3.444171909419858402e+00
-6.931785166406455367e+00
-1.403814442324724521e+00
-5.258302825500360989e+00
-8.641084664003745308e-01
-5.605418289498423690e+00
-1.349114318150058889e+00
-4.850519202625420689e+00
-6.915046185169241300e-01
-4.954801990546653379e+00
-1.675578828766350448e+00
-4.000000000000000000e+00
-2.602368570585772645e+00
-5.171234912301181375e+00
-2.270180142250522337e+00
-6.017995407950606612e+00
-1.677656729692746040e+00
-2.888796929275362579e+00
-3.767852934097516204e+00
-3.729226458224035756e+00
-2.910136127065864553e+00
-3.605073176510016353e+00
-2.722795197664577671e+00
-3.426826939723098597e+00
-4.143529006448843255e+00
-5.690196149515636570e+00
-1.000000000000000000e+00
-2.452147184603108876e+00
-4.077278068094779329e+00
-3.870743599705212645e+00
-4.103849591803613528e+00
9.982767560550338537e-01
-2.780404374190057482e+00
-2.739442889673624482e+00
-5.078323242270535443e-02
-3.245419578152024975e+00
-4.963479287537132301e+00
-9.645188928157749642e-01
-5.118363186998785785e+00
-1.687039290992585316e+00
1.360396740897716006e+00
