-4.828146806441012018e+00
-1.000000000000000000e+00
-4.249811043187596837e+00
-6.836667132550506842e+00
-2.606036685079161863e+00
-2.603567612907328743e-01
-5.342986907604500679e+00
-3.244101119458239868e+00
-2.000000000000000000e+00
-8.000000000000000000e+00
-3.122252477900990364e+00
-7.076382019106643106e+00
-1.949817568272465884e+00
-8.285273081318094146e-01
-4.000000000000000000e+00
0.000000000000000000e+00
-1.703514830113321610e+00
-6.328620106848655169e+00
-1.000000000000000000e+00
6.287122844630406160e-01
-8.353917157372269031e+00
-2.123628180046170044e+00
-9.001037067771756384e+00
-2.512660173152768017e+00
2.000000000000000000e+00
-4.564529361215335257e+00
-3.510504067552584484e+00
-5.100885530930823641e+00
-4.457038147466367839e+00
-5.353124940405034060e+00
-3.315915214158561053e+00
8.590379704567049912e-02
-5.641701133296377790e+00
-5.000000000000000000e+00
-3.000000000000000000e+00
-6.258445846560792170e+00
-3.187317855926455223e+00
-2.613339754285677885e-01
-8.000000000000000000e+00
-5.000000000000000000e+00
-1.562457273401924862e+00
-5.522878745280337398e+00
-5.000000000000000000e+00
5.737998152733258389e-02
-1.681716798203424013e+00
-4.303920655618543201e+00
-9.000000000000000000e+00
-3.005084754435412009e+00
-2.000000000000000000e+00
-8.327356903407899580e+00
-2.693118338431051750e+00
-6.701300386032500722e-02
-6.500559338749532401e+00
-1.353729801760835905e+00
2.589657566564592672e-01
-7.964617380417871928e+00
-3.869854770682531697e+00
-9.298318132994923824e-01
-8.410965886485316290e+00
-3.798040857158313077e+00
-1.293212146617563008e+00
-6.369956167581912965e+00
5.479088993023838172e-02
-5.976955913139239129e+00
7.918124604762488694e-02
-8.000000000000000000e+00
-3.632387131151948001e+00
-4.000000000000000000e+00
-1.196306636115375355e+00
-4.000000000000000000e+00
-2.471566357747486675e-01
-6.865727833719022399e+00
-1.867825436530236916e+00
-7.852581144985412820e+00
-1.984587891233822732e-01
-6.864632022132663991e+00
-8.557513256806258406e-01
-4.000000000000000000e+00
-4.000000000000000000e+00
-6.846858897135471800e+00
-6.776973343636603087e-01
-5.690196149515636570e+00
-4.196289603191226902e+00
-2.435485925807111318e+00
-1.000000000000000000e+00
-5.690196149515636570e+00
-4.504137518184703204e+00
-3.013736266865836733e+00
-2.529681195320835130e+00
-4.856928919949842438e+00
-3.353377162648371712e+00
-5.643603047026157782e+00
-3.704906426247531304e+00
-2.544068022635552317e+00
-1.157547969078479122e+00
1.969411929412119289e+00
-4.628725557656848011e+00
-1.475687016482237990e+00
1.002872450299958917e-01
-2.852545725521065556e+00
-5.000000000000000000e+00
-9.664796513184739091e-01
-5.230790254834960962e+00
-5.000000000000000000e+00
9.201059696800173437e-01
