-6.073160800412133575e+00
-3.051786069326491102e+00
-5.674750214621640865e+00
-7.803115084309482974e+00
-4.567727006326698813e+00
-3.720479055376049726e-02
-4.279819499411211758e+00
-3.075773270484366773e+00
4.102528628918509224e-01
-6.362144796058454510e+00
-2.243470929973395478e+00
-5.927395009818367200e+00
-1.133378233244948685e+00
-6.704960056036173288e-01
-4.000000000000000000e+00
-2.382948693471803381e+00
-1.005379249204043424e+00
-8.168857360618709151e+00
-3.926226279203127500e+00
-2.692462614209679694e-01
-8.652137202458197507e+00
-3.539704491480809789e+00
-8.079101080062621065e+00
-5.000000000000000000e+00
-8.104956480610882308e-02
-7.125715239100917309e+00
-2.794447967949059919e+00
-5.789286519861012614e+00
-3.555521645529416297e+00
-9.000000000000000000e+00
-2.263423040707873035e+00
-8.509835740081505007e-01
-6.258779521098527532e+00
-3.201240928945522146e+00
-1.368084291004861397e+00
-4.784605051655820951e+00
-1.205971475916001623e+00
-1.120374800126100912e+00
-6.699142453558522448e+00
-3.947216571471557689e+00
-1.302324090888909769e+00
-8.572894416528091810e+00
-4.529674844653964527e+00
7.233895872690149220e-01
-9.398728919372359991e-01
-3.857369762567647520e+00
-8.999925568739376658e+00
-3.132750740830874570e+00
4.309239780781803364e-01
-7.674409244882782311e+00
-3.987730540770089149e+00
5.089226450011661296e-01
-5.000000000000000000e+00
-4.754911845892695332e+00
9.593222312718107103e-01
-6.006394087634771672e+00
-3.756745216546814703e+00
2.355597045632885911e-01
-7.655501494394483686e+00
-3.470339274779285166e+00
-6.564178982739288237e-01
-5.839745508443338728e+00
-4.351056217942720350e-01
-7.084315263010498853e+00
-1.926175670728141220e+00
-7.530795144132196306e+00
-2.689605762143961964e+00
-6.742786552960594371e+00
-2.105620493103176560e+00
-5.632178827485827988e+00
-9.030718864832385506e-01
-4.765323332799763278e+00
-1.346873879342241231e+00
-5.849002390406450758e+00
-4.000000000000000000e+00
-6.132114955811044155e+00
-9.535202865955929585e-01
-7.506169272779980695e+00
-3.244397651640318792e+00
-6.333672799627396266e+00
2.242218125270306339e-01
-2.069728240109359962e+00
-2.431042835168293781e+00
-3.994151027405397070e+00
-1.543971241165766672e+00
-2.572469364701021277e+00
-4.374249136471481947e+00
-4.439718672613063966e+00
-4.151445952683697094e+00
-4.730804981601052006e+00
-3.849140913780884077e+00
-4.369703211740523230e+00
-3.996881383875899196e+00
-5.912397090599196048e+00
-1.820094054052295407e+00
8.408627217085087868e-02
-3.357411380967851855e+00
-1.888090495808829150e+00
2.994845649065484672e+00
-6.472265868686400303e+00
-2.148529044608152194e+00
1.705010867627386517e+00
-2.544068022635552317e+00
-1.604809897138202546e+00
1.836750651647335530e+00
