-6.524693998338000789e+00
-1.712575513342146971e+00
-5.445906371965579140e+00
-6.287133804960728156e+00
-1.000000000000000000e+00
1.272103370848113535e+00
-5.339984513808878397e+00
-4.036726535367882285e+00
1.204956388608335427e+00
-4.503406100546605728e+00
-2.356535480180501185e+00
-5.184672237753800594e+00
-1.000000000000000000e+00
0.000000000000000000e+00
-4.448786809535357767e-01
0.000000000000000000e+00
-9.009646329522723596e-01
-7.869433170321647353e+00
-3.498849709604066494e+00
1.352689940660927181e+00
-9.301029995663981254e+00
-2.929255623245725193e+00
-6.373538059806955758e+00
-1.612125501015021722e+00
1.999683660868554869e+00
-7.698970004336018746e+00
-3.295676950344466949e+00
-3.154901959985743076e+00
-4.277409895017478370e+00
-6.077811117902967908e+00
-4.065940468150892606e+00
-1.431440916608233804e+00
-6.590419315529151945e+00
-1.179650205020311926e+00
-1.092052926591220441e+00
-6.132664124621724611e+00
-8.745684113294350803e-01
-3.474892953431209519e-01
-8.000000000000000000e+00
-3.571094359182472200e+00
5.150869982185807272e-01
-6.543553796404974143e+00
-2.665140811526960807e+00
2.000000000000000000e+00
6.765757753260179808e-01
-2.089803393748815630e+00
-5.621347119147245053e+00
-4.073101564108424277e+00
-1.242737250288707296e+00
-5.775229393151972701e+00
-4.912793463305730413e+00
7.652375869071558201e-01
-5.002088620469718805e+00
-1.737162856944515443e+00
-1.238566862887906739e+00
-8.152222130345588624e+00
-2.305606244303169738e+00
-1.580932406375203048e+00
-5.841290760035297680e+00
-2.627034759395150409e+00
-1.373761478714454309e+00
-6.080094090802717233e+00
-2.169750522303832252e+00
-5.198954742334919388e+00
-3.920818753952374891e+00
-4.000000000000000000e+00
-1.677187051250689787e-01
-4.000000000000000000e+00
-1.754859054309599653e+00
-8.000000000000000000e+00
-6.662095579673039947e-02
-4.573111126970125895e+00
-3.008051233818544556e+00
-6.431387163755216463e+00
-3.897986928045536370e+00
-7.522509245769177788e+00
-3.958607314841775082e+00
-5.960544215177611349e+00
-3.343876307420537763e+00
-5.578716785011572199e+00
-1.738464764772571947e+00
-5.690196149515636570e+00
-4.773524572373869290e+00
-2.877542074386297610e+00
-3.589387405145733290e+00
-2.258326119661734133e+00
-1.359411558150895205e+00
-4.613047671398945226e+00
-4.388023087241023745e+00
-4.938483455019955670e+00
-3.552984242362820400e+00
-3.185326770252586037e+00
-1.000000000000000000e+00
-5.021738929591842648e+00
-1.300141809522888936e+00
-1.000000000000000000e+00
-2.544068022635552317e+00
-4.039450942919332377e+00
5.373907673081399494e-01
-3.230181399780921225e+00
-1.551133398458236501e+00
2.491439039998464722e+00
-6.544068022635552317e+00
-4.452230268542187730e+00
3.195924907774515544e-01
