-5.356014688709763938e+00
-2.523016338484203924e+00
-5.942651674446897125e+00
-6.325623057650099135e+00
-3.417418846131132781e+00
4.466608767413670078e-01
-5.631702157619352000e+00
-4.065174639549453239e+00
-1.766348846118872273e-01
-5.989860628187352098e+00
-2.098326150942694479e+00
-6.064247988684956958e+00
-5.000000000000000000e+00
-1.122800394796172746e-01
-2.289841245400209946e+00
-1.048185814050787368e+00
-3.328262588174535797e+00
-5.463828540799686273e+00
-1.237684389678269659e+00
-1.998995283869240858e+00
-9.301029995663981254e+00
-2.833212788127171589e+00
-7.198478162690967963e+00
-2.756690722395385595e+00
8.754002533954249321e-01
-7.590997957570993826e+00
-3.910164243952975571e+00
-3.278606378162505219e+00
-1.268304801567122109e+00
-6.001696919130296237e+00
-3.167758150759041325e+00
-8.870954601828109354e-01
-5.204395661489964020e+00
-1.963587753803780700e+00
-2.508216123911258588e+00
-5.205869006282056510e+00
-1.645512605017459773e+00
1.515102872803682499e-01
-6.379600694526270210e+00
-1.899185629398797648e+00
-8.597320827631041440e-02
-6.935938770658320429e+00
-2.781198777672943212e+00
-9.956747439504679553e-01
-1.051716358564115161e+00
-1.821758716655005106e+00
-7.306221302441525900e+00
-2.453979932002160247e+00
1.375831370943098320e-01
-6.929596753664397646e+00
-2.578334626828558740e+00
5.682245072963673094e-01
-6.468960928568586510e+00
-3.677106112447907194e+00
3.522628880297149490e-01
-7.432602028358736845e+00
-3.059654709407714002e+00
7.962404715387411125e-02
-6.794159726889537509e+00
-2.664093006474761438e+00
2.349431168045271467e-01
-5.147705423818774051e+00
-1.621409229984830613e+00
-5.324390405408328419e+00
-3.319145610205286090e+00
-7.491756712085163805e+00
-3.757294751547110678e+00
-6.548474768771836985e+00
-4.000000000000000000e+00
-6.485570669735482241e+00
-1.216784737400856020e+00
-5.322148856696037988e+00
-2.353495744162511283e+00
-4.817626259449450110e+00
-2.219166079668643654e+00
-5.163172539141853257e+00
-3.614027230320471240e+00
-5.196150446723906136e+00
-2.229933664931742943e+00
-5.683366547235685573e+00
-1.758395528141118325e+00
-3.642479777711406186e+00
-2.871286565098320143e+00
-3.858584934667918631e+00
-3.148139985045503852e+00
-3.536412967303315114e+00
-3.919599784612705751e+00
-3.407294891237577339e+00
-1.765931377106350064e+00
-2.596824112484100056e+00
-3.130760889753622322e+00
-3.705908193488961277e+00
-4.792381007160215312e+00
-4.832138630717992100e+00
-2.062790608368477052e+00
1.603936214179956021e+00
-5.874327976333478141e+00
-2.619498419813072410e+00
4.096442728198652627e-01
-2.910171341481836205e+00
-5.000000000000000000e+00
7.557140448169320790e-02
-4.196075441675328754e+00
-2.795638158878817059e+00
2.210911530856430662e+00
