-4.397940008672037493e+00
-1.626142050558221364e+00
-4.243015686096748951e+00
-5.595319266102076305e+00
-5.000000000000000000e+00
-2.000000000000000000e+00
-6.522144545471930677e+00
-1.000000000000000000e+00
2.000000000000000000e+00
-4.620744308592236393e+00
-1.461826563970996196e+00
-5.320571938639595544e+00
-5.000000000000000000e+00
0.000000000000000000e+00
-1.364882978972593142e+00
-3.140207772063339370e-02
-8.220085253342340748e-01
-8.301029995663981254e+00
-5.000000000000000000e+00
-2.000000000000000000e+00
-6.937098308473085950e+00
-4.626699361336477523e+00
-6.330968466385767712e+00
-3.967329060345813119e+00
1.012326443534995457e+00
-7.268169340418906721e+00
-3.263872543134458848e+00
-3.154901959985743076e+00
-5.000000000000000000e+00
-5.000000000000000000e+00
-1.000000000000000000e+00
-2.000000000000000000e+00
-7.235303784615760847e+00
-2.037273693615380576e+00
-3.000000000000000000e+00
-4.000000000000000000e+00
0.000000000000000000e+00
-2.000000000000000000e+00
-8.000000000000000000e+00
-1.764832195350688027e+00
2.000000000000000000e+00
-8.444851471936280163e+00
-5.000000000000000000e+00
-5.796091356816258644e-01
-2.997510243524540652e+00
-4.668515238983505178e+00
-5.714995474564126710e+00
-4.018486330933546569e+00
-1.191028975643094290e+00
-7.139110667276145072e+00
-1.760647977225001215e+00
2.000000000000000000e+00
-9.000000000000000000e+00
-2.777708943578130807e+00
2.000000000000000000e+00
-5.000000000000000000e+00
-3.254974161442899305e+00
-2.000000000000000000e+00
-6.618894123124112738e+00
-2.769781224782049467e+00
2.000000000000000000e+00
-4.413824331719344407e+00
-6.615771289593963544e-01
-5.711454119160070064e+00
-1.096629893613354723e+00
-6.102936388425593606e+00
0.000000000000000000e+00
-4.000000000000000000e+00
-8.561505455276757770e-01
-5.151802314318212339e+00
-3.086243909066008761e+00
-5.900911253680401813e+00
-3.570807937930111087e-01
-6.898694753099086086e+00
0.000000000000000000e+00
-4.643268287761599389e+00
4.139268515822491779e-02
-4.000000000000000000e+00
-1.009706013160939442e+00
-7.481565732155568860e+00
2.787536009528290837e-01
-5.690196149515636570e+00
-1.000000000000000000e+00
-3.238925477425131483e+00
-3.185430741131217491e+00
-1.690196149515636570e+00
-5.000000000000000000e+00
-5.690196149515636570e+00
-1.333349966403200026e+00
-4.897433327324676178e+00
-5.000000000000000000e+00
-3.465025421406250139e+00
-2.840323636595546652e+00
-2.544068022635552317e+00
-3.338398797940223428e+00
-1.000000000000000000e+00
-2.789915172403251375e+00
-3.998613808493646005e+00
-4.389081865038681474e-01
-3.371883476687569381e+00
-1.000000000000000000e+00
-1.000000000000000000e+00
-5.970090976744297784e+00
-3.602869495903727959e+00
-3.847945762235513989e-01
