-5.529369985124508169e+00
-1.832263657928152600e+00
-3.857846531682628477e+00
-7.844610889446058444e+00
-2.419364843289666833e+00
1.671399891055208808e+00
-6.248314132617931449e+00
-3.776439768918276041e+00
-5.139132832051280797e-01
-7.254479841442614152e+00
-3.107687608393896461e+00
-4.027796931985907491e+00
-3.319574908258289714e+00
-1.357286715253460980e-04
-2.544704433791039833e+00
-2.430819279757224560e+00
-1.135296331862159090e-07
-5.362776886778081398e+00
-2.018008159940722912e+00
2.787394859124197044e-01
-8.647044870814863060e+00
-3.751962672940208687e+00
-8.652911799646165747e+00
-3.234628372606367375e+00
1.526868018223805246e+00
-4.647109862208810505e+00
-1.652697559893673063e+00
-3.606013977865565323e+00
-2.587768127720680766e+00
-5.000000000000000000e+00
-4.521703685495699787e+00
1.561372049577633758e+00
-6.541782087182663297e+00
-2.323699877857593243e+00
-3.000000000000000000e+00
-5.895392865052339282e+00
-1.316961870176166283e+00
-1.155996828242345398e+00
-8.000000000000000000e+00
-3.991440913467596996e+00
-4.482858760804682152e-01
-5.522878745280337398e+00
-2.018424716541315611e+00
1.736228470432903848e+00
-1.598944234770458106e+00
-4.245238804421536116e+00
-7.043789005296994254e+00
-2.438673019683982979e+00
-9.133473465633565880e-01
-7.094274903825584566e+00
-2.233129116295832439e+00
1.354667447126722379e+00
-7.322373836770756483e+00
-4.478522632875676202e+00
-5.263222262433413512e-01
-8.032306354246127711e+00
-2.564911345423298794e+00
-2.000000000000000000e+00
-8.678318251196710520e+00
-3.151339315825745224e+00
6.325394901865011299e-01
-8.000000000000000000e+00
-1.162282914231820508e+00
-5.984794757012420696e+00
-2.416459690941389571e+00
-8.000000000000000000e+00
-6.432110416179626089e-01
-4.151009093307645337e+00
-6.674986256799979589e-01
-6.815985926862723865e+00
-2.866676642322914415e+00
-6.309656824360359018e+00
-9.123558906664588353e-01
-4.939232729212700512e+00
-4.648799247767294029e-01
-7.048073477235044848e+00
-2.171182774122366599e+00
-8.000000000000000000e+00
-2.629285484187830590e+00
-5.620539453181081058e+00
2.787536009528290837e-01
-4.260840907170639902e+00
-3.174080101817753796e+00
-2.322356019663187610e+00
-1.000000000000000000e+00
-4.549498996105238113e+00
-4.868102399450154216e+00
-5.690196149515636570e+00
-1.457283417318873120e+00
-4.469242290767172499e+00
-2.741174147165131636e+00
-4.292203281321375741e+00
-1.000000000000000000e+00
-5.202973153288818153e+00
-1.914950347136978648e+00
-6.060965590799884950e-01
-4.020405782072402623e+00
-2.031496493456996344e+00
3.000000000000000000e+00
-3.874735826658178617e+00
-1.089306069355636231e+00
1.858749819834182082e+00
-6.249826646213011649e+00
-4.067037747240719980e+00
6.408244863191983054e-01
