2.093279120554287601e+03
2.924472028093242102e+02
1.995458275974620790e+02
1.261766367022878796e+02
4.087943818209677715e+01
4.087943818209677715e+01
4.087943818209677715e+01
4.087943818209677715e+01
4.087943818209677715e+01
3.422128834233758710e+01
3.422128834233758710e+01
3.422128834233758710e+01
3.422128834233758710e+01
2.567445556733341405e+01
1.148496197511967409e+01
7.190166071390464708e+00
4.536596143417201077e+00
4.536596143417201077e+00
3.008524341981162475e+00
2.954099592985232725e+00
2.503893183936745093e+00
1.790614992712641795e+00
1.790614992712641795e+00
1.790614992712641795e+00
1.505513691401431098e+00
1.273406499755027177e+00
1.206622900945351073e+00
1.206622900945351073e+00
1.206622900945351073e+00
1.206622900945351073e+00
1.206622900945351073e+00
1.206622900945351073e+00
1.206622900945351073e+00
1.206622900945351073e+00
1.206622900945351073e+00
1.206622900945351073e+00
1.206622900945351073e+00
1.135367845017075217e+00
1.030404679851869787e+00
1.004939277879638437e+00
1.004939277879638437e+00
8.789870957638430404e-01
8.789870957638430404e-01
8.789870957638430404e-01
8.789870957638430404e-01
8.789870957638430404e-01
8.789870957638430404e-01
7.848802688987411846e-01
7.703956145142079048e-01
7.703956145142079048e-01
5.771335326369505525e-01
5.771335326369505525e-01
5.771335326369505525e-01
5.771335326369505525e-01
5.771335326369505525e-01
5.771335326369505525e-01
5.771335326369505525e-01
5.771335326369505525e-01
5.771335326369505525e-01
5.771335326369505525e-01
5.771335326369505525e-01
5.771335326369505525e-01
5.771335326369505525e-01
5.771335326369505525e-01
5.771335326369505525e-01
5.771335326369505525e-01
5.771335326369505525e-01
5.771335326369505525e-01
5.771335326369505525e-01
5.771335326369505525e-01
5.771335326369505525e-01
5.771335326369505525e-01
5.771335326369505525e-01
5.177544018172880458e-01
5.177544018172880458e-01
5.047965513619785405e-01
5.047965513619785405e-01
5.047965513619785405e-01
5.047965513619785405e-01
5.031405781720410531e-01
5.031405781720410531e-01
5.029593665222069632e-01
5.029593665222069632e-01
5.029593665222069632e-01
5.029593665222069632e-01
5.000788041583645871e-01
5.000788041583645871e-01
5.000788041583645871e-01
4.817174413434521241e-01
4.701724482561304708e-01
4.701724482561304708e-01
4.701724482561304708e-01
4.612235784620092316e-01
4.612235784620092316e-01
4.612235784620092316e-01
4.612235784620092316e-01
4.612235784620092316e-01
4.612235784620092316e-01
4.612235784620092316e-01
4.612235784620092316e-01
4.612235784620092316e-01
4.315054951254868043e-01
4.315054951254868043e-01
4.315054951254868043e-01
4.315054951254868043e-01
4.249276959870140757e-01
4.203846851456049527e-01
4.186538358829713924e-01
4.167224027604975456e-01
4.166503705111757050e-01
4.166503705111757050e-01
4.164229524142307182e-01
4.164229524142307182e-01
4.163910569730687738e-01
4.163910569730687738e-01
4.163910569730687738e-01
4.163433828159991967e-01
4.163433828159991967e-01
4.140659532739091042e-01
4.105945119829733092e-01
4.105945119829733092e-01
4.085159094947390934e-01
3.943985909206786933e-01
3.936735851335895209e-01
3.936735851335895209e-01
3.936735851335895209e-01
3.846303869986137935e-01
3.840359364667866870e-01
3.757076434600047365e-01
3.752923892328843825e-01
3.752923892328843825e-01
3.752923892328843825e-01
3.740716597687149814e-01
3.720878058469689331e-01
3.713495395199107874e-01
3.692329353821552362e-01
3.689796444892013971e-01
3.689651470528814148e-01
3.689651470528814148e-01
3.673388285551990040e-01
3.673388285551990040e-01
3.672734120370073629e-01
3.672734120370073629e-01
3.672734120370073629e-01
3.672734120370073629e-01
3.653562001306921436e-01
3.650090801094407755e-01
3.641639884317685039e-01
3.633202240101651714e-01
3.633202240101651714e-01
3.625690768752942161e-01
3.625690768752942161e-01
3.621604166836963068e-01
3.621604166836963068e-01
3.353130627106702399e-01
3.229130287362069751e-01
3.200385335873697779e-01
3.194072865997130695e-01
3.192801769441791504e-01
2.960353839177530255e-01
2.855637319389601747e-01
2.852582462786190654e-01
2.850563747680404658e-01
2.850034439182907442e-01
2.849930724979376495e-01
2.849910754667628332e-01
2.849907937202954544e-01
2.849907937202954544e-01
2.849907082731821251e-01
2.842110193385485317e-01
2.807414378440438729e-01
2.742426552549566132e-01
2.739130082569762870e-01
2.731762522498418222e-01
2.730839804774589652e-01
2.724527487626668965e-01
2.718370983070277358e-01
2.701565431290415820e-01
2.701565431290415820e-01
2.701565431290415820e-01
2.701565431290415820e-01
2.701565431290415820e-01
2.701565431290415820e-01
2.701565431290415820e-01
2.701565431290415820e-01
2.696878113944187194e-01
2.696802226274107595e-01
2.696802226274107595e-01
2.696781664214793484e-01
2.696777898454296718e-01
2.696777267428149272e-01
2.672480576636176441e-01
2.672480576636176441e-01
2.672480576636176441e-01
2.672429528412526012e-01
2.672429528412526012e-01
2.670453146962468161e-01
2.670387014351692789e-01
2.670385409998484172e-01
2.670385409998484172e-01
