1.653866345364281005e+04
1.337415288611939286e+04
1.141580318644422005e+04
9.837553083221531779e+03
7.349060195464674507e+03
1.085089676226929669e+03
1.928376189226968336e+02
7.988756479881975281e+01
7.988756479881975281e+01
4.820484034447400035e+01
3.362810647316005941e+01
3.194026604554792570e+01
2.085965269749925710e+01
2.085965269749925710e+01
1.540461775567607461e+01
1.358815352678607979e+01
3.277250965249239201e+00
3.277250965249239201e+00
3.241687763854285365e+00
3.241687763854285365e+00
2.838438204935096909e+00
2.838438204935096909e+00
2.555736159544920838e+00
2.555736159544920838e+00
2.232297218384986515e+00
2.232297218384986515e+00
2.232297218384986515e+00
2.232297218384986515e+00
1.905836131616914120e+00
1.696108158446132386e+00
1.696108158446132386e+00
1.696108158446132386e+00
1.696108158446132386e+00
1.696108158446132386e+00
1.696108158446132386e+00
1.696108158446132386e+00
1.514590937570397866e+00
1.472682416213614509e+00
1.472682416213614509e+00
1.442188912075614837e+00
1.442188912075614837e+00
1.274123625079851330e+00
1.274123625079851330e+00
1.241837175508440527e+00
1.241837175508440527e+00
1.241837175508440527e+00
1.147866200773990597e+00
1.031506508173182235e+00
1.031506508173182235e+00
1.031506508173182235e+00
9.090026231096592912e-01
8.636808078770351615e-01
8.157722934566197237e-01
8.157722934566197237e-01
8.157722934566197237e-01
8.157722934566197237e-01
8.149302088455527837e-01
8.149302088455527837e-01
7.929548201267520025e-01
7.929548201267520025e-01
7.929548201267520025e-01
7.929548201267520025e-01
7.929548201267520025e-01
7.929548201267520025e-01
7.929548201267520025e-01
7.929548201267520025e-01
7.088987785556610799e-01
7.088987785556610799e-01
6.605421841602908684e-01
6.605421841602908684e-01
6.249372238343747776e-01
6.119105897216868817e-01
5.651572176002348513e-01
5.062345534933277991e-01
4.625531830534521660e-01
4.625531830534521660e-01
4.625531830534521660e-01
4.625531830534521660e-01
4.625531830534521660e-01
4.625531830534521660e-01
4.625531830534521660e-01
4.484003615951430710e-01
4.484003615951430710e-01
4.484003615951430710e-01
3.647528755340928575e-01
3.647528755340928575e-01
3.647528755340928575e-01
3.647528755340928575e-01
3.647528755340928575e-01
3.647528755340928575e-01
3.647528755340928575e-01
3.647528755340928575e-01
3.647528755340928575e-01
3.595084911251701931e-01
3.595084911251701931e-01
3.595084911251701931e-01
3.595084911251701931e-01
3.595084911251701931e-01
3.595084911251701931e-01
3.568472026828132804e-01
3.568472026828132804e-01
3.568472026828132804e-01
3.568472026828132804e-01
3.568472026828132804e-01
3.568472026828132804e-01
3.568472026828132804e-01
3.481173574095668966e-01
3.422436124558002057e-01
3.397026239786847812e-01
3.385754643506905248e-01
3.380782049526690480e-01
3.061011943839281324e-01
3.061011943839281324e-01
3.061011943839281324e-01
2.993500175772506600e-01
2.993500175772506600e-01
2.993500175772506600e-01
2.993500175772506600e-01
2.993500175772506600e-01
2.993500175772506600e-01
2.993500175772506600e-01
2.993500175772506600e-01
2.993500175772506600e-01
2.993500175772506600e-01
2.944224654823869303e-01
2.944224654823869303e-01
2.936797356696073114e-01
2.936797356696073114e-01
2.936797356696073114e-01
2.936797356696073114e-01
2.928318019631888092e-01
2.928318019631888092e-01
2.928318019631888092e-01
2.924039540388488345e-01
2.914130284048876973e-01
2.910969892725702723e-01
2.909981421511971256e-01
2.909659632714847177e-01
2.875825222471601883e-01
2.875825222471601883e-01
2.868969247390854016e-01
2.787189901896478528e-01
2.630393841829457013e-01
2.565805231629733618e-01
2.565805231629733618e-01
2.565805231629733618e-01
2.525225624568581684e-01
2.525225624568581684e-01
2.525225624568581684e-01
2.508647566210899238e-01
2.375920393151612353e-01
2.345360026846181334e-01
2.338774060268742350e-01
2.337227889944077930e-01
2.333456836388695110e-01
2.325485897275388625e-01
2.196810149087884967e-01
2.196810149087884967e-01
2.196810149087884967e-01
2.149790602496869929e-01
2.149790602496869929e-01
2.135469265065362832e-01
2.135469265065362832e-01
2.135469265065362832e-01
2.127924860095765369e-01
2.116852335818066588e-01
2.105985387668955211e-01
2.085478118830372540e-01
1.950400551166991958e-01
1.599529648702350260e-01
1.599529648702350260e-01
1.599529648702350260e-01
1.586490251485684622e-01
1.586490251485684622e-01
1.551590823459989277e-01
1.548924344188947200e-01
1.548710144614986184e-01
1.536948099672350299e-01
1.536948099672350299e-01
1.536948099672350299e-01
1.536948099672350299e-01
1.536948099672350299e-01
1.536948099672350299e-01
1.487371102238984888e-01
1.483014428511225391e-01
1.482689725114623713e-01
1.482667169881435321e-01
1.482667169881435321e-01
1.410695425869640807e-01
1.407226816719065465e-01
1.407117947510928835e-01
1.407111875024275316e-01
1.407111875024275316e-01
1.407111875024275316e-01
1.407111875024275316e-01
1.335381716700330124e-01
1.331631743819559066e-01
1.331587435691804489e-01
1.331586437460626493e-01
1.331583956287789583e-01
