8.472645604457132151e+01
7.363524356246220748e+01
7.363524356246220748e+01
7.363524356246220748e+01
7.363524356246220748e+01
6.793468192605729428e+01
4.444437476782069041e+01
2.889076772123933523e+01
2.025506993176831116e+01
1.774634548721992289e+01
9.516815918874423019e+00
6.023237880869666938e+00
5.826479203314618438e+00
5.826479203314618438e+00
5.471037640514087919e+00
5.024366858629210952e+00
5.024366858629210952e+00
5.024366858629210952e+00
4.632095173733874027e+00
4.446914402267118760e+00
4.446914402267118760e+00
4.446914402267118760e+00
4.446914402267118760e+00
4.446914402267118760e+00
4.446914402267118760e+00
4.446914402267118760e+00
4.351873395697469782e+00
4.351873395697469782e+00
4.351873395697469782e+00
4.351873395697469782e+00
4.351873395697469782e+00
4.351873395697469782e+00
4.066859170930051448e+00
4.066859170930051448e+00
3.910297541094895024e+00
3.910297541094895024e+00
3.910297541094895024e+00
3.910297541094895024e+00
3.910297541094895024e+00
3.910297541094895024e+00
3.910297541094895024e+00
3.910297541094895024e+00
3.910297541094895024e+00
3.765106895903302053e+00
3.765106895903302053e+00
3.763041308275859365e+00
3.763041308275859365e+00
3.763041308275859365e+00
3.763041308275859365e+00
3.763041308275859365e+00
3.763041308275859365e+00
3.644888127212451590e+00
3.644888127212451590e+00
3.644888127212451590e+00
3.644888127212451590e+00
3.577173924070000233e+00
3.577173924070000233e+00
3.553363372469532599e+00
3.553363372469532599e+00
3.553363372469532599e+00
3.443001372074063759e+00
3.443001372074063759e+00
3.443001372074063759e+00
3.443001372074063759e+00
3.410835623836086405e+00
3.242900536381498000e+00
3.242900536381498000e+00
3.142106811540188893e+00
3.142106811540188893e+00
3.142106811540188893e+00
3.142106811540188893e+00
3.142106811540188893e+00
3.142106811540188893e+00
3.142106811540188893e+00
3.142106811540188893e+00
3.142106811540188893e+00
3.142106811540188893e+00
3.131512945886411714e+00
3.050072215357758409e+00
3.009377936281617316e+00
3.009377936281617316e+00
3.009377936281617316e+00
2.998838159270655446e+00
2.918283081467813567e+00
2.918283081467813567e+00
2.828802644407289790e+00
2.828802644407289790e+00
2.769448300807319630e+00
2.751575495609061228e+00
2.747964641841838418e+00
2.747937237812373645e+00
2.710823992487015666e+00
2.671138919514449928e+00
2.662216792558340650e+00
2.662216792558340650e+00
2.654068288615554216e+00
2.652874131792499313e+00
2.652874131792499313e+00
2.652520128267924715e+00
2.652520128267924715e+00
2.593061405004465136e+00
2.584971392196899309e+00
2.526284533113046127e+00
2.526256475264763601e+00
2.510729242080095069e+00
2.505317512613854269e+00
2.505317512613854269e+00
2.465253042762745928e+00
2.449319594034620629e+00
2.355608665790872802e+00
2.260070194283527734e+00
2.208982426071025351e+00
2.168156089118739693e+00
2.152642069458621688e+00
2.021331672175329608e+00
1.974116007047453936e+00
1.919481430014279066e+00
1.873783384784966533e+00
1.825997879375457877e+00
1.809510329612960211e+00
1.771987755479198512e+00
1.738931740101981038e+00
1.708624893653893029e+00
1.688667637516947595e+00
1.661722090980325861e+00
1.654040827661819701e+00
1.646095209370288970e+00
1.640424863667083510e+00
1.636064504621361104e+00
1.628163652791094096e+00
1.623563012210384349e+00
1.622035705011815487e+00
1.618364263322426666e+00
1.604597537098827242e+00
1.599763811344151687e+00
1.585882945450208137e+00
1.569952742226227826e+00
1.566952266712225317e+00
1.559192404332880866e+00
1.545162967004702903e+00
1.530320523326194060e+00
1.525261694784126876e+00
1.513280419587240910e+00
1.503173413669047331e+00
1.499163749684147451e+00
1.495083109062022686e+00
1.492649988216317336e+00
1.490273234417458514e+00
1.485196169623922202e+00
1.481202619274788468e+00
1.475257510691970531e+00
1.471130676112343716e+00
1.468172767077859486e+00
1.466196421797179239e+00
1.465022365496371659e+00
1.464340341575754323e+00
1.463698199654912546e+00
1.463135706444887330e+00
1.462900507006577033e+00
1.462767489603102433e+00
1.462717589622209768e+00
1.462635692148535949e+00
1.462523984682543521e+00
1.462403207657356097e+00
1.462356260315972989e+00
1.462315914760023094e+00
1.462268829003891435e+00
1.462192789640092583e+00
1.462179986584879021e+00
1.462149697294997885e+00
1.462109011560705385e+00
1.462088300929893281e+00
1.462060622154654155e+00
1.462045557804458440e+00
1.462027817021990916e+00
1.462009566080971990e+00
1.462008653728434915e+00
1.462005197731494066e+00
1.461996607816320459e+00
1.461996607816320459e+00
1.461996209432097515e+00
1.461996209432097515e+00
1.461995946086180664e+00
1.461976307637532724e+00
1.461968752060178733e+00
1.461963935032913220e+00
1.461955312834650522e+00
1.461953614040697680e+00
1.461952356882481707e+00
1.461926623340626952e+00
1.461919049490737255e+00
1.461918374144770549e+00
1.461918374144770549e+00
1.461910997052468852e+00
1.461878425139564008e+00
1.461873292645463174e+00
1.461836717149856968e+00
1.461818451375233252e+00
1.461815255724277396e+00
1.461809261362779333e+00
