2.179635063398762213e+03
3.283348588622091597e+02
8.006865961152058730e+01
5.746690862065130290e+01
5.746690862065130290e+01
5.746690862065130290e+01
5.746690862065130290e+01
5.746690862065130290e+01
4.057768099417863539e+01
2.719449599784491411e+01
1.928159367964926219e+01
1.928159367964926219e+01
1.879215257360725744e+01
1.584425249167108518e+01
1.211353753175947645e+01
1.000702308256934359e+01
8.068682242605433430e+00
6.686530947262497193e+00
6.392678967404494372e+00
5.763192683176546538e+00
4.110380691648717999e+00
4.110380691648717999e+00
4.110380691648717999e+00
4.110380691648717999e+00
4.004059851789359747e+00
4.004059851789359747e+00
3.151101268332561212e+00
3.151101268332561212e+00
3.151101268332561212e+00
3.014141625304298522e+00
3.014141625304298522e+00
2.895487953071106624e+00
2.716383642362402373e+00
2.716383642362402373e+00
2.716383642362402373e+00
2.716383642362402373e+00
2.716383642362402373e+00
2.716383642362402373e+00
2.355569695201831237e+00
2.355569695201831237e+00
2.326637023648075342e+00
2.326637023648075342e+00
2.326637023648075342e+00
2.326637023648075342e+00
2.326637023648075342e+00
2.007912763984565974e+00
1.954611343079539765e+00
1.954611343079539765e+00
1.954611343079539765e+00
1.954611343079539765e+00
1.954611343079539765e+00
1.954611343079539765e+00
1.917685210859726430e+00
1.917685210859726430e+00
1.917685210859726430e+00
1.734479444333911990e+00
1.734479444333911990e+00
1.546284728791395224e+00
1.508365415602631376e+00
1.508365415602631376e+00
1.442140437381590479e+00
1.388343635122762709e+00
1.308071429488837811e+00
1.245630834770315332e+00
1.225498068493646731e+00
1.225498068493646731e+00
1.225498068493646731e+00
1.225498068493646731e+00
1.225498068493646731e+00
1.225498068493646731e+00
1.209833447206263957e+00
1.192896831236877730e+00
1.192896831236877730e+00
1.192896831236877730e+00
1.164233774668789856e+00
1.164233774668789856e+00
1.164233774668789856e+00
1.157117953065576632e+00
1.157117953065576632e+00
1.157117953065576632e+00
1.157117953065576632e+00
1.146247872980689753e+00
1.144165144650924670e+00
1.144165144650924670e+00
1.118048898559523607e+00
1.118048898559523607e+00
1.118048898559523607e+00
1.078870427120395714e+00
1.078870427120395714e+00
1.078870427120395714e+00
1.078870427120395714e+00
1.078870427120395714e+00
1.078870427120395714e+00
1.078870427120395714e+00
1.072414924760015431e+00
1.028885370674563537e+00
8.605876771173948114e-01
8.407024283161455003e-01
8.196177887392617212e-01
7.963846731620622954e-01
7.963846731620622954e-01
5.916830097189212934e-01
5.797000610331878301e-01
4.930306062146960766e-01
4.501445352426092783e-01
4.321208745890449121e-01
3.745956898559610893e-01
3.248094125336185578e-01
3.176255542740538673e-01
3.176255542740538673e-01
2.579439025251380468e-01
2.572182877294676984e-01
2.322658292320002871e-01
2.266753725220368165e-01
2.257055172126872511e-01
2.235407357863146149e-01
2.048714987787783881e-01
2.048714987787783881e-01
2.017784073891303875e-01
2.017784073891303875e-01
2.017784073891303875e-01
2.017784073891303875e-01
1.984844021144067938e-01
1.478250320708748289e-01
1.447429335763341096e-01
1.447429335763341096e-01
1.447429335763341096e-01
1.447429335763341096e-01
1.403175457663633496e-01
1.403175457663633496e-01
1.401992093615856971e-01
1.386623090541186931e-01
1.375485536199648473e-01
1.372006769153844008e-01
1.365338770509943456e-01
1.354074057963121636e-01
1.354074057963121636e-01
1.354074057963121636e-01
1.354074057963121636e-01
1.334611855289579985e-01
1.324091196190235187e-01
1.324091196190235187e-01
1.324091196190235187e-01
1.324091196190235187e-01
1.324091196190235187e-01
1.324091196190235187e-01
1.324091196190235187e-01
1.324091196190235187e-01
1.321695050306799513e-01
1.321695050306799513e-01
1.320662790020601385e-01
1.320662790020601385e-01
1.320662790020601385e-01
1.320662790020601385e-01
1.320662790020601385e-01
1.313815864274407719e-01
1.313815864274407719e-01
1.313815864274407719e-01
1.312488747129578193e-01
1.312415643089621664e-01
1.312415643089621664e-01
1.296859503723231111e-01
1.259514110142872512e-01
1.257214173809096669e-01
1.253639532064343975e-01
1.253382893949262500e-01
1.253351542390970519e-01
1.253346118842301737e-01
1.253345799560029727e-01
1.253344165619638684e-01
1.253344165619638684e-01
1.253343379755067766e-01
1.243293927769697216e-01
1.225123251402426838e-01
1.213606881538898674e-01
1.213606881538898674e-01
1.208109798204184682e-01
1.208109798204184682e-01
1.206620698176375517e-01
1.206393877728231534e-01
1.206371713700794546e-01
1.206370294658339892e-01
1.206369277752877556e-01
1.206369277752877556e-01
1.206369188652685609e-01
1.204717810688544222e-01
1.204688121867387718e-01
1.204412753281881299e-01
1.204393530873060780e-01
1.204392528489987013e-01
1.204392528489987013e-01
1.204119207054741708e-01
1.204104394189241534e-01
1.204103932937728438e-01
1.204103932937728438e-01
1.204103703141010395e-01
1.204103703141010395e-01
1.204103703141010395e-01
1.204103703141010395e-01
1.204103703141010395e-01
