1.663362210819869631e+02
1.663362210819869631e+02
1.644613889262582802e+02
1.198390933111309948e+02
1.198390933111309948e+02
9.875124849938099203e+01
6.240615592342125240e+01
6.240615592342125240e+01
6.005503730958520237e+01
5.486199023680413234e+01
5.486199023680413234e+01
5.312800615591313402e+01
4.794226142115490319e+01
4.594107345051221358e+01
4.329764045167773645e+01
4.228561517759582955e+01
4.129287375251961123e+01
4.129287375251961123e+01
4.129287375251961123e+01
4.096461874953129012e+01
4.096461874953129012e+01
4.096461874953129012e+01
4.096461874953129012e+01
4.044234191036750303e+01
4.044234191036750303e+01
4.044234191036750303e+01
4.044234191036750303e+01
4.044234191036750303e+01
4.044234191036750303e+01
4.044234191036750303e+01
4.044234191036750303e+01
4.026210092692954134e+01
4.016601700144720155e+01
4.016601700144720155e+01
4.016601700144720155e+01
3.991622805586386136e+01
3.991622805586386136e+01
3.991622805586386136e+01
3.973923728234480990e+01
3.973923728234480990e+01
3.973923728234480990e+01
3.973923728234480990e+01
3.973923728234480990e+01
3.973923728234480990e+01
3.973923728234480990e+01
3.973923728234480990e+01
3.973923728234480990e+01
3.970151387264117915e+01
3.970151387264117915e+01
3.970151387264117915e+01
3.963683070294332111e+01
3.963683070294332111e+01
3.963306675715120519e+01
3.963306675715120519e+01
3.963306675715120519e+01
3.963306675715120519e+01
3.963306675715120519e+01
3.963306675715120519e+01
3.963306675715120519e+01
3.962799562993775027e+01
3.946071671203860376e+01
3.935193887460417272e+01
3.935193887460417272e+01
3.935193887460417272e+01
3.935193887460417272e+01
3.935193887460417272e+01
3.935193887460417272e+01
3.935193887460417272e+01
3.935193887460417272e+01
3.935193887460417272e+01
3.935193887460417272e+01
3.935193887460417272e+01
3.935193887460417272e+01
3.935193887460417272e+01
3.935193887460417272e+01
3.935193887460417272e+01
3.935193887460417272e+01
3.935193887460417272e+01
3.935193887460417272e+01
3.935193887460417272e+01
3.935193887460417272e+01
3.935193887460417272e+01
3.935193887460417272e+01
3.935193887460417272e+01
3.934942600017879499e+01
3.934942600017879499e+01
3.927433364991276932e+01
3.927433364991276932e+01
3.920436686903400414e+01
3.920436686903400414e+01
3.918037674573356099e+01
3.915910049805744109e+01
3.914775088687868987e+01
3.914151744743892891e+01
3.913985070020446244e+01
3.913778518840591403e+01
3.909108548219948176e+01
3.909108548219948176e+01
3.909108548219948176e+01
3.909108548219948176e+01
3.909108548219948176e+01
3.894717251516789958e+01
3.887010381453993091e+01
3.885904838168583808e+01
3.885904838168583808e+01
3.857418325213448185e+01
3.843647343538381733e+01
3.835542030270628544e+01
3.808867733813308121e+01
3.792086440555463867e+01
3.792086440555463867e+01
3.747374227438847782e+01
3.703492496774264708e+01
3.694569802604156905e+01
3.668560082049308591e+01
3.606704029153914348e+01
3.550134081583314583e+01
3.410602107991326193e+01
3.147839601190510805e+01
2.989679557007742261e+01
2.679190517812513761e+01
2.531941429347202543e+01
2.460471793214062330e+01
2.355427690658051176e+01
2.346729101097317738e+01
2.331823378329209362e+01
2.327399407977888046e+01
2.301065486149850869e+01
2.275194944635255823e+01
2.242661404218919330e+01
2.205171585045747307e+01
2.190709895938477914e+01
2.181367439832266442e+01
2.149325026464696364e+01
2.112532567141906270e+01
2.079320300949208544e+01
2.059784746939371658e+01
2.045033061159940502e+01
2.032605417357433808e+01
2.017092585008337124e+01
2.009944092831794649e+01
1.999700381365492774e+01
1.993137619939101413e+01
1.989273823301178723e+01
1.984446140524515201e+01
1.980126225143926888e+01
1.976241209866100590e+01
1.970956543891731982e+01
1.951522031299955628e+01
1.940438653891137477e+01
1.937014190949417625e+01
1.934623191171017709e+01
1.933701154833492808e+01
1.933675178027755237e+01
1.928400012547748332e+01
1.924831754897909875e+01
1.917717915018160113e+01
1.911929076177565889e+01
1.908752929002702814e+01
1.904986260512979612e+01
1.902714026812206072e+01
1.900753937553121986e+01
1.897020642733559015e+01
1.895307856326753893e+01
1.894456394994903903e+01
1.893576203593116247e+01
1.892669234787335242e+01
1.892138493350416084e+01
1.892138493350416084e+01
1.891800657341103431e+01
1.891094533220806184e+01
1.889702429422892749e+01
1.887109898199623004e+01
1.885284676586177000e+01
1.884924798123393330e+01
1.884338690976985475e+01
1.884137247376599333e+01
1.884137247376599333e+01
1.882906144132830306e+01
1.877144288265170502e+01
1.874286070912645030e+01
1.871558811461721916e+01
1.869993293648422394e+01
1.869580449109309583e+01
1.869580449109309583e+01
1.869580449109309583e+01
1.869451085844202964e+01
1.869451085844202964e+01
1.869451085844202964e+01
1.869043943874064340e+01
1.868878784982842944e+01
1.868878784982842944e+01
1.868867534737820790e+01
1.868867534737820790e+01
1.868867479819100197e+01
1.868867414826804563e+01
1.868867414826804563e+01
1.868867251156455467e+01
1.868866779940648470e+01
1.868866779940648470e+01
