2.289206710380190088e+02
2.289206710380190088e+02
2.238950643982541351e+02
1.181924076529099779e+02
5.686094322153676472e+01
4.493779276550061752e+01
3.494820190026911177e+01
3.481626816614252817e+01
2.631452742564325575e+01
2.631452742564325575e+01
2.568529775314703656e+01
2.382707561866563495e+01
1.949524312920088676e+01
1.376514948790925885e+01
8.718926492632865788e+00
4.319422549163053127e+00
4.319422549163053127e+00
3.639656186824338668e+00
3.639656186824338668e+00
3.545433669932898546e+00
3.501073635012830199e+00
3.418922005296153976e+00
3.418922005296153976e+00
3.418922005296153976e+00
3.418922005296153976e+00
3.418922005296153976e+00
3.418922005296153976e+00
3.418922005296153976e+00
3.418922005296153976e+00
3.418922005296153976e+00
3.371961239350263817e+00
3.371961239350263817e+00
3.371961239350263817e+00
3.371961239350263817e+00
3.371961239350263817e+00
3.371961239350263817e+00
3.371961239350263817e+00
3.371961239350263817e+00
3.371961239350263817e+00
3.371961239350263817e+00
3.371961239350263817e+00
3.371961239350263817e+00
3.371961239350263817e+00
3.371961239350263817e+00
3.371961239350263817e+00
3.371961239350263817e+00
3.371961239350263817e+00
3.107351187216681687e+00
3.107351187216681687e+00
3.107351187216681687e+00
3.107351187216681687e+00
3.107351187216681687e+00
3.107351187216681687e+00
3.107351187216681687e+00
3.107351187216681687e+00
3.107351187216681687e+00
3.107351187216681687e+00
3.107351187216681687e+00
3.107351187216681687e+00
3.107351187216681687e+00
3.107351187216681687e+00
3.107351187216681687e+00
3.107351187216681687e+00
3.107351187216681687e+00
3.107351187216681687e+00
3.107351187216681687e+00
3.107351187216681687e+00
3.068894730165489193e+00
3.068317882556273801e+00
3.068317882556273801e+00
3.068317882556273801e+00
3.045524928127268716e+00
3.045524928127268716e+00
3.045524928127268716e+00
2.976073256458033889e+00
2.976073256458033889e+00
2.976073256458033889e+00
2.976073256458033889e+00
2.976073256458033889e+00
2.976073256458033889e+00
2.844077840806061186e+00
2.827681416582370044e+00
2.827681416582370044e+00
2.827681416582370044e+00
2.827681416582370044e+00
2.827681416582370044e+00
2.827681416582370044e+00
2.820142750324208691e+00
2.820142750324208691e+00
2.820142750324208691e+00
2.820142750324208691e+00
2.800691681395914401e+00
2.800691681395914401e+00
2.800691681395914401e+00
2.797445390172328850e+00
2.797445390172328850e+00
2.783887063839908027e+00
2.773167157005255845e+00
2.728319591922724996e+00
2.712906581627536617e+00
2.712906581627536617e+00
2.700628023778560483e+00
2.683452065778114015e+00
2.683452065778114015e+00
2.677790774874249546e+00
2.677790774874249546e+00
2.677790774874249546e+00
2.673590174349024462e+00
2.673500111027163229e+00
2.673500111027163229e+00
2.667296624891911883e+00
2.664225632574117597e+00
2.662932941381998653e+00
2.662377648392367124e+00
2.646581009340367885e+00
2.636239936354222380e+00
2.636239936354222380e+00
2.632774319886701964e+00
2.632774319886701964e+00
2.632774319886701964e+00
2.632774319886701964e+00
2.632774319886701964e+00
2.632774319886701964e+00
2.632508161896658816e+00
2.631512791776526861e+00
2.601494723075524984e+00
2.601494723075524984e+00
2.601494723075524984e+00
2.596662092838852409e+00
2.591770587951893745e+00
2.583175104351647988e+00
2.579740963264790743e+00
2.579740963264790743e+00
2.576673114127701503e+00
2.575791849181228166e+00
2.574763010607878044e+00
2.574763010607878044e+00
2.573659379469641628e+00
2.563047506579206214e+00
2.557575837958388831e+00
2.536959590287438004e+00
2.514600242888007209e+00
2.504240076096567069e+00
2.491245248226230835e+00
2.488693450150642139e+00
2.482099215916091062e+00
2.479768176073249286e+00
2.476775495075739464e+00
2.470666839944782200e+00
2.464345814278871227e+00
2.461221596504035602e+00
2.456450156613309233e+00
2.454444437282854441e+00
2.453339872513279563e+00
2.452500014240799775e+00
2.451660698450311315e+00
2.450529194569295299e+00
2.450341207291918622e+00
2.450303949185359542e+00
2.450296199365053607e+00
2.450293692178294958e+00
2.448228416054286427e+00
2.448228416054286427e+00
2.448228416054286427e+00
2.448228416054286427e+00
2.448228416054286427e+00
2.448228416054286427e+00
2.448228416054286427e+00
2.439155499665271343e+00
2.436438766225783148e+00
2.436060022164053152e+00
2.436005313937827488e+00
2.435997251509608219e+00
2.435995262135013384e+00
2.435995262135013384e+00
2.435995262135013384e+00
2.435994884607024957e+00
2.429875719561443770e+00
2.428542914171173628e+00
2.428401001753879296e+00
2.406277290469646779e+00
2.399725635186168660e+00
2.397261956313549547e+00
2.369987628576528671e+00
2.369987628576528671e+00
2.360480661285651927e+00
2.357944780117651185e+00
2.355126276716311917e+00
2.347965675860766321e+00
2.340842571852134846e+00
2.323431623647334021e+00
2.313193825761570288e+00
2.312843416655088635e+00
2.311185332441362483e+00
2.305669384618963313e+00
2.300246990999980756e+00
2.299899721451263535e+00
2.299892823201986403e+00
2.294427034421672396e+00
2.281007322299267059e+00
