1.493051018034300910e+02
1.493051018034300910e+02
1.323720443870745100e+02
1.034011833972611214e+02
1.034011833972611214e+02
8.518188271728317318e+01
6.904780707857383959e+01
5.239473361652375161e+01
4.838329314787579705e+01
4.472522317042421491e+01
4.186627075907258444e+01
4.163238186618612957e+01
4.064339204793692062e+01
4.064339204793692062e+01
3.807849185080414856e+01
3.721567746975497215e+01
3.438164555082970253e+01
3.305987156327787346e+01
3.305987156327787346e+01
2.986540663250336536e+01
2.791250386112307424e+01
1.980661814794462927e+01
1.008646198290474416e+01
8.347467509646069317e+00
7.234479754397430185e+00
4.232760417886835214e+00
4.232760417886835214e+00
4.232760417886835214e+00
4.232760417886835214e+00
3.758585996045515465e+00
3.527734514508406694e+00
3.527734514508406694e+00
2.705740041139444330e+00
2.705740041139444330e+00
2.369484910305732051e+00
2.144529318240778526e+00
1.968253696429882904e+00
1.968253696429882904e+00
1.968253696429882904e+00
1.886022045211453779e+00
1.886022045211453779e+00
1.587832748626883506e+00
1.587832748626883506e+00
1.507321732903092570e+00
1.507321732903092570e+00
1.507321732903092570e+00
1.507321732903092570e+00
1.507321732903092570e+00
1.428574392650974412e+00
1.126404655653357345e+00
1.126404655653357345e+00
1.126404655653357345e+00
1.101082702967628446e+00
8.437605660035516486e-01
8.437605660035516486e-01
7.400669304392417658e-01
7.400669304392417658e-01
6.905319652752918147e-01
6.905319652752918147e-01
6.905319652752918147e-01
6.888102208705556562e-01
6.880048907087272791e-01
6.880048907087272791e-01
6.412303352999360051e-01
6.412303352999360051e-01
6.412303352999360051e-01
6.412303352999360051e-01
6.412303352999360051e-01
6.412303352999360051e-01
6.412303352999360051e-01
5.956203660227841201e-01
5.956203660227841201e-01
5.956203660227841201e-01
5.956203660227841201e-01
5.956203660227841201e-01
5.956203660227841201e-01
4.832859505640443309e-01
4.649470950194232177e-01
4.649470950194232177e-01
4.649470950194232177e-01
4.649470950194232177e-01
4.649470950194232177e-01
4.649470950194232177e-01
4.649470950194232177e-01
4.649470950194232177e-01
4.649470950194232177e-01
4.649470950194232177e-01
4.649470950194232177e-01
4.649470950194232177e-01
4.649470950194232177e-01
4.605060221833374712e-01
3.952833613988949724e-01
3.952833613988949724e-01
3.952833613988949724e-01
3.952833613988949724e-01
3.952833613988949724e-01
3.952833613988949724e-01
3.952833613988949724e-01
3.468848603929096663e-01
3.468848603929096663e-01
3.468848603929096663e-01
3.416605807550570084e-01
3.416605807550570084e-01
3.416605807550570084e-01
3.416605807550570084e-01
3.416605807550570084e-01
3.416605807550570084e-01
3.416605807550570084e-01
3.416605807550570084e-01
3.342904949459447606e-01
3.342904949459447606e-01
3.195921637974299956e-01
3.168571255936338815e-01
3.168571255936338815e-01
3.166105459439414460e-01
3.166105459439414460e-01
3.011921166737639988e-01
3.011921166737639988e-01
3.011921166737639988e-01
3.011921166737639988e-01
3.011921166737639988e-01
3.011921166737639988e-01
3.011921166737639988e-01
3.011921166737639988e-01
3.011921166737639988e-01
3.011921166737639988e-01
2.987742902280996482e-01
2.963751424040976801e-01
2.963751424040976801e-01
2.908362898463680013e-01
2.908362898463680013e-01
2.908362898463680013e-01
2.908362898463680013e-01
2.884977897206085773e-01
2.767819560707219795e-01
2.630042434548437447e-01
2.630042434548437447e-01
2.630042434548437447e-01
2.630042434548437447e-01
2.630042434548437447e-01
2.630042434548437447e-01
2.630042434548437447e-01
2.630042434548437447e-01
2.630042434548437447e-01
2.630042434548437447e-01
2.592729993880916739e-01
2.592729993880916739e-01
2.592729993880916739e-01
2.592729993880916739e-01
2.592729993880916739e-01
2.319006275591588562e-01
2.319006275591588562e-01
2.319006275591588562e-01
2.302076632485688945e-01
2.105572311200911151e-01
2.074786431122382369e-01
2.068687854993415121e-01
2.067390460739897406e-01
2.067111425397221147e-01
2.067052852410866115e-01
2.067040663827144908e-01
2.067038783023626980e-01
2.067038783023626980e-01
2.067038353539292217e-01
2.067038353539292217e-01
2.067038353539292217e-01
2.067038353539292217e-01
2.067038353539292217e-01
2.067038353539292217e-01
2.067038353539292217e-01
2.067038353539292217e-01
2.067038353539292217e-01
2.067037983508678567e-01
1.908559655961081514e-01
1.908559655961081514e-01
1.908559655961081514e-01
1.908559655961081514e-01
1.908559655961081514e-01
1.908559655961081514e-01
1.908559655961081514e-01
1.908559655961081514e-01
1.908559655961081514e-01
1.908559655961081514e-01
1.908559655961081514e-01
1.908559655961081514e-01
1.908559655961081514e-01
1.908559655961081514e-01
1.908559655961081514e-01
1.908559655961081514e-01
1.908559655961081514e-01
1.908559655961081514e-01
1.908559655961081514e-01
1.908559655961081514e-01
1.908559655961081514e-01
1.908559655961081514e-01
1.908559655961081514e-01
1.899021222252902930e-01
1.899021222252902930e-01
1.898342607926468417e-01
1.898329621079513085e-01
