7.984299264814930552e+01
7.984299264814930552e+01
7.676204878502971951e+01
5.925451815060957017e+01
2.088494036928234365e+01
1.325379580789221556e+01
1.325379580789221556e+01
1.938009158318761749e+00
1.938009158318761749e+00
5.596206222389650264e-01
5.596206222389650264e-01
5.596206222389650264e-01
5.596206222389650264e-01
5.596206222389650264e-01
5.596206222389650264e-01
5.596206222389650264e-01
4.308377833577541338e-01
4.308377833577541338e-01
4.308377833577541338e-01
4.308377833577541338e-01
4.308377833577541338e-01
4.308377833577541338e-01
4.308377833577541338e-01
4.308377833577541338e-01
4.308377833577541338e-01
4.308377833577541338e-01
4.308377833577541338e-01
4.308377833577541338e-01
4.308377833577541338e-01
4.308377833577541338e-01
4.308377833577541338e-01
4.308377833577541338e-01
4.308377833577541338e-01
4.308377833577541338e-01
4.200368741959157326e-01
4.200368741959157326e-01
4.200368741959157326e-01
4.188608496194986541e-01
4.188608496194986541e-01
3.797452713931496748e-01
3.381695928922165417e-01
3.343341537207479841e-01
3.343341537207479841e-01
3.343341537207479841e-01
3.343341537207479841e-01
3.343341537207479841e-01
3.343341537207479841e-01
3.343341537207479841e-01
3.343341537207479841e-01
3.343341537207479841e-01
3.343341537207479841e-01
3.343341537207479841e-01
3.343341537207479841e-01
3.343341537207479841e-01
3.162578095829788882e-01
3.162578095829788882e-01
2.484315854256252676e-01
2.484315854256252676e-01
2.484315854256252676e-01
2.484315854256252676e-01
2.480298238382945830e-01
2.480298238382945830e-01
2.480298238382945830e-01
2.480298238382945830e-01
2.449487744642902809e-01
2.449487744642902809e-01
2.449487744642902809e-01
2.449487744642902809e-01
2.449487744642902809e-01
2.449487744642902809e-01
2.449487744642902809e-01
2.449487744642902809e-01
2.449487744642902809e-01
2.449487744642902809e-01
2.449487744642902809e-01
2.449487744642902809e-01
2.340241309491264132e-01
2.328821027591845283e-01
2.328821027591845283e-01
2.328821027591845283e-01
2.328821027591845283e-01
2.328821027591845283e-01
2.267533595252688716e-01
2.025165972528978342e-01
2.025165972528978342e-01
2.025165972528978342e-01
2.025165972528978342e-01
2.025165972528978342e-01
2.025165972528978342e-01
2.003471163962867174e-01
2.003471163962867174e-01
2.003471163962867174e-01
2.003471163962867174e-01
2.003471163962867174e-01
1.971012424955130016e-01
1.971012424955130016e-01
1.971012424955130016e-01
1.845693385601073766e-01
1.744279050436617351e-01
1.744279050436617351e-01
1.744279050436617351e-01
1.744279050436617351e-01
1.744279050436617351e-01
1.744279050436617351e-01
1.744279050436617351e-01
1.744279050436617351e-01
1.744279050436617351e-01
1.744279050436617351e-01
1.744279050436617351e-01
1.389383112998935910e-01
1.321597933738851705e-01
1.321597933738851705e-01
1.321597933738851705e-01
1.321597933738851705e-01
1.321597933738851705e-01
1.321597933738851705e-01
1.285747910168678065e-01
1.285747910168678065e-01
1.150598332138085544e-01
1.150598332138085544e-01
1.150598332138085544e-01
1.150598332138085544e-01
1.119127172888210037e-01
1.119127172888210037e-01
1.119127172888210037e-01
1.119127172888210037e-01
1.119127172888210037e-01
1.119127172888210037e-01
1.119127172888210037e-01
1.119127172888210037e-01
1.119127172888210037e-01
1.103738110098029662e-01
1.103738110098029662e-01
1.078820232821471048e-01
1.066567633796697001e-01
1.062642369386156832e-01
1.061372914951200785e-01
1.060973190090304524e-01
1.060844248476890544e-01
1.060802952849115161e-01
1.060784912741477015e-01
1.060778713784439886e-01
1.060778713784439886e-01
1.060775460420165517e-01
1.060775460420165517e-01
1.060775460420165517e-01
1.060775187985086021e-01
1.060775187985086021e-01
1.060775187985086021e-01
1.060775187985086021e-01
1.060775187985086021e-01
1.060775187985086021e-01
1.060775187985086021e-01
1.060775187985086021e-01
1.060775187985086021e-01
1.060775187985086021e-01
1.060775187985086021e-01
1.060775187985086021e-01
1.060775187985086021e-01
1.060775187985086021e-01
1.060775187985086021e-01
1.060775187985086021e-01
1.060775187985086021e-01
1.060775187985086021e-01
1.060775187985086021e-01
1.060775187985086021e-01
1.060775187985086021e-01
1.060775187985086021e-01
1.060775187985086021e-01
1.060775187985086021e-01
1.060775187985086021e-01
1.060775187985086021e-01
1.060775187985086021e-01
1.060775187985086021e-01
1.060775187985086021e-01
1.060775187985086021e-01
1.060775187985086021e-01
1.060775187985086021e-01
1.060775187985086021e-01
1.005231047544649925e-01
1.001272297723956317e-01
1.001003685219582634e-01
9.751801834082757248e-02
9.725570806124145262e-02
9.723581642463460795e-02
9.723388903437613084e-02
9.723369086046396159e-02
9.723369086046396159e-02
9.722531655059250821e-02
9.707281157343020106e-02
9.706416824650512809e-02
9.706392203148414555e-02
9.706373815816871087e-02
9.696946635318560992e-02
9.694028352437634999e-02
9.693694339149752648e-02
9.693640760497324038e-02
9.693640760497324038e-02
9.693639291030520244e-02
9.693635225494857954e-02
