5.544087063471834398e+01
4.785478256305545841e+01
4.658381230186668631e+01
4.552716563780982995e+01
4.438790123306126389e+01
4.387123042347688084e+01
3.665912543612360253e+01
2.806097918971543592e+01
2.806097918971543592e+01
2.242880846747327084e+01
2.242880846747327084e+01
1.667107069105168549e+01
1.112866449375882638e+01
1.112866449375882638e+01
9.835080550110244957e+00
6.050015528514594898e+00
6.021096303614441148e+00
4.881139223860126997e+00
4.881139223860126997e+00
4.622148095683888513e+00
4.622148095683888513e+00
4.622148095683888513e+00
4.622148095683888513e+00
4.622148095683888513e+00
4.622148095683888513e+00
4.434724714848770510e+00
3.611844410410951056e+00
3.159098784532549331e+00
3.159098784532549331e+00
2.747560478193825872e+00
2.747560478193825872e+00
2.428677582255389211e+00
2.428677582255389211e+00
2.428677582255389211e+00
2.428677582255389211e+00
2.428677582255389211e+00
2.428677582255389211e+00
2.428677582255389211e+00
2.428677582255389211e+00
2.428677582255389211e+00
2.428677582255389211e+00
2.428677582255389211e+00
2.428677582255389211e+00
2.428677582255389211e+00
2.428677582255389211e+00
2.428677582255389211e+00
2.428677582255389211e+00
2.423215380298571198e+00
2.423215380298571198e+00
2.382974072490611217e+00
2.382974072490611217e+00
2.382974072490611217e+00
2.368323993318676379e+00
2.347373030422747142e+00
2.342782743985510674e+00
2.342782743985510674e+00
2.337935244891539810e+00
2.337935244891539810e+00
2.337935244891539810e+00
2.337935244891539810e+00
2.301923911921873955e+00
2.301923911921873955e+00
2.261283814017299942e+00
2.261283814017299942e+00
2.261283814017299942e+00
2.185565791054448148e+00
2.185565791054448148e+00
2.122160768003597209e+00
2.122160768003597209e+00
2.122160768003597209e+00
2.122160768003597209e+00
2.122160768003597209e+00
2.122160768003597209e+00
2.122160768003597209e+00
2.122160768003597209e+00
2.122160768003597209e+00
2.122160768003597209e+00
2.122160768003597209e+00
2.112245233016119439e+00
2.112245233016119439e+00
2.112245233016119439e+00
2.112245233016119439e+00
2.084657017129496470e+00
2.084657017129496470e+00
2.077198033628672835e+00
2.077198033628672835e+00
2.077198033628672835e+00
2.075227254801133903e+00
2.075227254801133903e+00
2.075227254801133903e+00
2.075227254801133903e+00
2.075227254801133903e+00
2.075227254801133903e+00
2.075227254801133903e+00
2.074001742000676440e+00
2.074001742000676440e+00
2.074001742000676440e+00
2.074001742000676440e+00
2.072301139718031315e+00
2.072301139718031315e+00
2.059773079814203101e+00
2.059773079814203101e+00
2.059773079814203101e+00
2.059773079814203101e+00
2.059773079814203101e+00
2.028507897281927708e+00
2.019577349409393374e+00
2.017547162181172471e+00
2.017547162181172471e+00
2.016161159053576402e+00
2.016161159053576402e+00
2.010837209441464601e+00
2.010837209441464601e+00
2.010837209441464601e+00
2.006151965341220311e+00
1.997877127383887341e+00
1.993908144215667644e+00
1.993908144215667644e+00
1.993908144215667644e+00
1.975451302663078890e+00
1.975451302663078890e+00
1.970575879307645106e+00
1.970575879307645106e+00
1.970575879307645106e+00
1.970575879307645106e+00
1.970575879307645106e+00
1.950111693989046380e+00
1.950111693989046380e+00
1.950111693989046380e+00
1.942606846673000209e+00
1.941219271883151132e+00
1.941005150578423155e+00
1.940963689843851148e+00
1.940953342933478876e+00
1.919905262473659668e+00
1.919905262473659668e+00
1.919167175006740722e+00
1.908426456485499134e+00
1.903800290659474870e+00
1.903097400430934893e+00
1.903097400430934893e+00
1.887869627548104168e+00
1.887869627548104168e+00
1.877156175588236664e+00
1.871675480975912631e+00
1.871003714884637903e+00
1.870874952452238560e+00
1.870845090065363925e+00
1.869474666866830947e+00
1.869474666866830947e+00
1.863845267935172911e+00
1.859415320717829889e+00
1.854106836630515565e+00
1.838369279842143822e+00
1.830823554731682012e+00
1.829928849518676737e+00
1.829928849518676737e+00
1.829928849518676737e+00
1.829928849518676737e+00
1.829434308129786579e+00
1.828202391578175989e+00
1.826877402041078957e+00
1.826511950049462651e+00
1.826321187754997855e+00
1.826321187754997855e+00
1.817420682645300323e+00
1.797623350731204273e+00
1.781970444491826511e+00
1.781970444491826511e+00
1.781970444491826511e+00
1.781970444491826511e+00
1.781970444491826511e+00
1.769356311365002377e+00
1.769356311365002377e+00
1.769356311365002377e+00
1.769356311365002377e+00
1.769356311365002377e+00
1.769356311365002377e+00
1.763742931246702561e+00
1.762540846823664964e+00
1.762040660341827270e+00
1.761601029472674274e+00
1.761601029472674274e+00
1.761601029472674274e+00
1.761601029472674274e+00
1.761601029472674274e+00
1.761593284066525378e+00
1.761593284066525378e+00
1.759490909232722666e+00
1.759490909232722666e+00
1.758256839720578224e+00
1.757720284939450206e+00
1.757713428296571623e+00
1.757713428296571623e+00
1.739813808657701522e+00
1.739813808657701522e+00
1.739813808657701522e+00
1.739813808657701522e+00
1.738246063887005421e+00
1.738246063887005421e+00
