3.039396105924782887e+02
4.609018835363894340e+01
4.609018835363894340e+01
4.609018835363894340e+01
4.609018835363894340e+01
4.609018835363894340e+01
4.609018835363894340e+01
4.609018835363894340e+01
3.638602528208303966e+01
2.930534297561723633e+01
2.614766290924648473e+01
2.001394244037587811e+01
1.608159380972465158e+01
7.548187871062454590e+00
3.689426303821711883e+00
3.689426303821711883e+00
2.497107937669503563e+00
2.497107937669503563e+00
2.497107937669503563e+00
2.497107937669503563e+00
2.189439799255385566e+00
2.189439799255385566e+00
1.831345490710209800e+00
1.831345490710209800e+00
1.831345490710209800e+00
1.427764329052364722e+00
9.216393299200760225e-01
9.216393299200760225e-01
9.216393299200760225e-01
7.599086503569846274e-01
5.689302395356283792e-01
5.689302395356283792e-01
5.689302395356283792e-01
5.689302395356283792e-01
5.689302395356283792e-01
5.689302395356283792e-01
5.689302395356283792e-01
5.689302395356283792e-01
5.689302395356283792e-01
5.689302395356283792e-01
5.689302395356283792e-01
5.689302395356283792e-01
5.689302395356283792e-01
5.689302395356283792e-01
5.689302395356283792e-01
5.689302395356283792e-01
5.689302395356283792e-01
5.689302395356283792e-01
5.689302395356283792e-01
5.689302395356283792e-01
5.545138903001896047e-01
5.201651510343401341e-01
5.201651510343401341e-01
5.201651510343401341e-01
5.201651510343401341e-01
5.201651510343401341e-01
5.201651510343401341e-01
5.201651510343401341e-01
5.201651510343401341e-01
5.201651510343401341e-01
5.201651510343401341e-01
5.201651510343401341e-01
5.201651510343401341e-01
5.201651510343401341e-01
4.527658888964132822e-01
4.527658888964132822e-01
4.527658888964132822e-01
4.527658888964132822e-01
4.527658888964132822e-01
4.527658888964132822e-01
4.527658888964132822e-01
4.527658888964132822e-01
4.498805898282736693e-01
4.498805898282736693e-01
4.498805898282736693e-01
4.498805898282736693e-01
4.498805898282736693e-01
4.498805898282736693e-01
4.498805898282736693e-01
4.341362057177490796e-01
4.176737322313989753e-01
4.176737322313989753e-01
4.176737322313989753e-01
4.176737322313989753e-01
4.176737322313989753e-01
4.090020818539434333e-01
4.066095110576898319e-01
4.065063465950904953e-01
3.372510231101567557e-01
3.372510231101567557e-01
3.372510231101567557e-01
3.372510231101567557e-01
3.372510231101567557e-01
3.372510231101567557e-01
3.372510231101567557e-01
3.372510231101567557e-01
3.372510231101567557e-01
3.328347747061173867e-01
3.264255181960645791e-01
3.264255181960645791e-01
3.264255181960645791e-01
3.048228328964618372e-01
2.876807461672647448e-01
2.876807461672647448e-01
2.762279209288808768e-01
2.734770278586405867e-01
2.734770278586405867e-01
2.734770278586405867e-01
2.734770278586405867e-01
2.734770278586405867e-01
2.734770278586405867e-01
2.734770278586405867e-01
2.734770278586405867e-01
2.734770278586405867e-01
2.734770278586405867e-01
2.734770278586405867e-01
2.734770278586405867e-01
2.734770278586405867e-01
2.734770278586405867e-01
2.734770278586405867e-01
2.734770278586405867e-01
2.734770278586405867e-01
2.729724869061149195e-01
2.727123137701075173e-01
2.727123137701075173e-01
2.727123137701075173e-01
2.591917914825076497e-01
2.591917914825076497e-01
2.560475110470474824e-01
2.560475110470474824e-01
2.560475110470474824e-01
2.560475110470474824e-01
2.560475110470474824e-01
2.560475110470474824e-01
2.560475110470474824e-01
2.560475110470474824e-01
2.485962427784096929e-01
2.474616367607837264e-01
2.472548821304756395e-01
2.472037852774889855e-01
2.471894242770672767e-01
2.471852010521502219e-01
2.471839630746102967e-01
2.471836157501335340e-01
2.471835290871663982e-01
2.471834991218255229e-01
2.471834832258176240e-01
2.471834655165932593e-01
2.471834655165932593e-01
2.378211126563019862e-01
2.378211126563019862e-01
2.360386661391185303e-01
2.360386661391185303e-01
2.360386661391185303e-01
2.360386661391185303e-01
2.360386661391185303e-01
2.318810427232293470e-01
2.298055647819182701e-01
2.298055647819182701e-01
2.298055647819182701e-01
2.248659070891866341e-01
2.235358004491184714e-01
2.233105753563932594e-01
2.232688818320479607e-01
2.232611825500983860e-01
2.232600897431683551e-01
2.157473503693203565e-01
2.157473503693203565e-01
2.157473503693203565e-01
2.130739763317792690e-01
2.050024772666523554e-01
2.050024772666523554e-01
2.050024772666523554e-01
2.047999940116277673e-01
2.046758495650764231e-01
2.046590038862834138e-01
2.046573118053078011e-01
2.046570711459370084e-01
2.046570711459370084e-01
2.046570711459370084e-01
1.904548891650005848e-01
1.869260265077241634e-01
1.791815648925864091e-01
1.780824303051141699e-01
1.779930412868882261e-01
1.779861107481911786e-01
1.773596704046087880e-01
1.772869898180187975e-01
1.772801372794779728e-01
1.772386987849868534e-01
1.770941063348005495e-01
1.767022063554308520e-01
1.766949518457774926e-01
1.766946764917946000e-01
1.765587771748300394e-01
1.764843605348331290e-01
1.764458277739817949e-01
1.764152462171581504e-01
1.761897820172478035e-01
1.759725797525154845e-01
