-6.665988852351486749e+00
-4.232095321033005675e+00
-4.878857490756987936e+00
-5.839942239481771047e+00
-3.462254333699465114e+00
-4.670915307802541161e-01
-6.097145036003214891e+00
-2.658841209860792976e+00
-1.731974154022350332e+00
-5.261437444915544326e+00
-1.000000000000000000e+00
-4.766379688025168981e+00
-3.782665394211269572e+00
0.000000000000000000e+00
-3.393030363322077747e+00
-1.948302815220829931e+00
-4.000000000000000000e+00
-4.801946105792472608e+00
-3.421064923339203201e+00
-2.999337801249900987e-02
-9.301029995663981254e+00
-2.788773978984435686e+00
-7.836246676866233329e+00
-4.709977854699481270e+00
1.666227123302215452e+00
-5.672447992451161269e+00
-3.581631297135925873e+00
-7.154901959985743076e+00
-3.965175171947282085e+00
-6.623312874196436439e+00
-2.438589443952613678e+00
3.176040379999491847e-01
-7.698970004336018746e+00
-3.217260015584434640e+00
5.387822734576542399e-02
-5.288009862390663507e+00
-2.206940032176669675e+00
-9.302106551770971121e-01
-5.911029296908238528e+00
-2.574217736807261847e+00
6.489651299407390717e-01
-7.662596603251888183e+00
-2.359613850029290472e+00
1.299432150567591870e+00
4.670867521207398010e-01
-2.856040710786093673e+00
-8.513917473144381631e+00
-2.246597404745294124e+00
1.457366410837259707e+00
-5.000000000000000000e+00
-4.302729826670933733e+00
-4.225989293150025916e-01
-6.697712007518415334e+00
-3.675131690352164249e+00
2.322564509345250716e-01
-7.448681248236172614e+00
-4.360937035594708355e+00
5.397050469185261656e-01
-6.360691229891203058e+00
-2.914825581930669873e+00
-1.064651675148400978e+00
-4.000000000000000000e+00
-6.191022821538831877e-01
-5.366445795137835262e+00
-1.075661573401986759e+00
-6.472749846102830773e+00
0.000000000000000000e+00
-4.709241336852115545e+00
-1.300364843718090579e+00
-5.802931831935008056e+00
-6.487519976254314535e-01
-4.582614590044839176e+00
-2.475762675174876026e+00
-7.623624803339516198e+00
-1.794909623075299443e+00
-7.157486484724024933e+00
-6.012421909323192315e-01
-4.773171318061449675e+00
-2.707444913378843410e+00
-7.055833326618138557e+00
-1.970054039401500479e+00
-3.048120772546556445e+00
-3.907066528200449085e+00
-4.482847260913832343e+00
-4.999793882671166756e+00
-4.707244798837598942e+00
-4.289716363215721806e+00
-4.131862522873268162e+00
-2.084339691336847711e+00
-2.899828273420063329e+00
-3.886049972534037611e+00
-5.035703709125571415e+00
-2.339894299728749516e+00
-3.441201014106390232e+00
-2.267300799134904565e+00
2.531149638170744343e-01
-4.955586130121328203e+00
-3.384775630522662837e+00
1.842957875733795658e+00
-2.544068022635552317e+00
-3.604706310530259028e+00
1.830408723043485952e-01
-3.581001923269353515e+00
-3.970511336214743725e+00
1.593570978560860274e+00
