-5.612433578430453096e+00
-2.265373124527191973e+00
-5.445969920294594147e+00
-6.730896919169390813e+00
-3.212422017322161150e+00
-6.592814523757111189e-01
-5.234336782741308092e+00
-2.028116849032499669e+00
-7.717214169842205873e-01
-5.353153796597772462e+00
-1.778329774877405622e+00
-7.244235462070894194e+00
-2.965485638947434666e+00
0.000000000000000000e+00
-2.368836634861174240e+00
-2.894808396377743787e+00
-2.110491724900859456e+00
-7.718392916206602727e+00
-2.009458210123240107e+00
4.267957153388828861e-01
-5.695062666770444260e+00
-3.679674247485992034e+00
-7.010001794032714173e+00
-2.117442123615867366e+00
1.911105754127796263e+00
-6.319489684062759238e+00
-3.755217644475369099e+00
-3.770013159902088518e+00
-4.202483947290994948e+00
-7.244408855938265113e+00
-3.462358540933506035e+00
-1.624777213593885106e-01
-5.781700569498995357e+00
-2.985376717940073643e+00
6.687461580233696745e-01
-6.659419647219087857e+00
-1.092776104609803900e+00
4.274276916957644445e-01
-7.242415040127666792e+00
-2.746985898009387306e+00
-5.723618628556194077e-01
-7.805255851290384683e+00
-2.854197863533676216e+00
-1.305080221213053837e-01
8.600257140229834729e-02
-2.321423744748743800e+00
-7.176689240088508726e+00
-3.929449762459937823e+00
-7.198392179451397199e-01
-7.231545824957337665e+00
-2.547262362691683268e+00
-1.466758764235364332e+00
-7.478683787299900132e+00
-2.228383053731057384e+00
-1.370308946245895276e+00
-5.957993227823788374e+00
-3.208799820927489943e+00
-1.027567472578362784e+00
-5.000028102929036322e+00
-3.052337744847618772e+00
-6.646613756622874458e-01
-5.364497424425184846e+00
-1.925586506054538960e+00
-4.346282969679116981e+00
-2.716357561405148946e+00
-5.750412168529048351e+00
-3.154898959806762715e+00
-6.060687395861237725e+00
-2.982106855794409483e+00
-6.745692490035486877e+00
-3.786897801720512824e+00
-5.333831027846496653e+00
-4.690048097471319899e-01
-4.236313174361657552e+00
-2.188888160543911887e+00
-7.800400186625837229e+00
-7.042374896975270859e-01
-5.733269453680746253e+00
-2.023151465678488137e+00
-6.034029838312259919e+00
-3.715141666261807973e+00
-3.726481534060944067e+00
-3.534593032587493688e+00
-3.377516520731671079e+00
-1.006010187735973060e+00
-3.999086892524003289e+00
-2.094661390170598381e+00
-5.690196149515636570e+00
-3.966614431319391176e+00
-5.683155197672240533e+00
-2.854751134726293493e+00
-2.991848804925051120e+00
-4.530035409934308532e+00
-4.672230937937646544e+00
-4.385260907348680348e+00
1.050018828390922199e+00
-5.304623337013571138e+00
-4.673641877858112359e+00
9.215672950006346120e-01
-5.232713976730811289e+00
-2.475439676431686831e+00
4.819370632409342714e-01
-3.064816390451276629e+00
-3.376026122841760291e+00
7.222347856466614369e-01
