-4.838205000331506689e+00
-1.555935474801289464e+00
-6.076467573775498288e+00
-7.111773019561005604e+00
-4.086234351368274176e+00
6.818438759132842975e-02
-4.656534245216630730e+00
-3.129083403624647985e+00
-1.286402619776244038e-01
-6.071396542289421383e+00
-3.386123260475180086e+00
-6.991795133955141850e+00
-3.042967400990564730e+00
-6.374770705766025225e-01
-3.837342672903857554e+00
-2.145325274177189545e+00
-2.607427917462649347e+00
-7.695721150422276224e+00
-3.611355732813410935e+00
3.093449287274604442e-01
-7.680345842048889260e+00
-3.908900402540377961e+00
-6.301518363369771336e+00
-2.983938985187140069e+00
-6.719705326142942914e-01
-4.121419603502237905e+00
-1.454156526582772946e+00
-6.176807892932690613e+00
-4.968050683505843779e+00
-5.792144093286998974e+00
-3.888443648992129908e+00
8.514890024343685360e-01
-7.112448242679618282e+00
-3.499481814550152059e+00
-2.492859582636957949e+00
-5.534917681376743559e+00
-4.000000000000000000e+00
-2.384463671868745360e-01
-4.893377306136224014e+00
-2.568572327581610359e+00
-4.920635909386728013e-01
-9.522878745280337398e+00
-1.394283018414393061e+00
-1.282153524427222413e+00
-1.103457960449742092e+00
-2.235270642021123244e+00
-6.022234273617206313e+00
-2.508481997306065914e+00
1.215498324130423885e-01
-8.744799754738238562e+00
-1.710381922286083656e+00
-1.278646675454274129e-01
-7.499913374478026640e+00
-2.844304131217070264e+00
8.922001176385853383e-02
-5.000000000000000000e+00
-3.748619898229953673e+00
1.581384694226029453e+00
-6.504078170083744226e+00
-3.126067266225696084e+00
-6.428519194018135208e-01
-7.634647692901913807e+00
-1.267385156238333366e+00
-6.587925992862515123e+00
-3.920818753952374891e+00
-4.000000000000000000e+00
-4.000000000000000000e+00
-7.345155968357746090e+00
0.000000000000000000e+00
-4.520061313446981366e+00
-1.936757568236589400e+00
-7.612600303086386688e+00
-9.751748890870347575e-01
-6.446322128948293262e+00
-4.000000000000000000e+00
-5.709943755572193247e+00
-3.047925894124541291e+00
-4.058951475514538387e+00
-2.398983655661563574e+00
-5.571376685015367869e+00
-1.583013948498076973e+00
-1.705192703837320245e+00
-3.860259250510634566e+00
-4.035432745704781610e+00
-4.206090932365852630e+00
-2.384118249563959679e+00
-2.114242489426370053e+00
-4.050139210363975728e+00
-3.047608839764808231e+00
-4.144090248703190760e+00
-2.623143353490695606e+00
-2.642533384994913970e+00
-1.940788658558503466e+00
-4.616089746926513193e+00
-3.075303356716896364e+00
2.673944740887647331e+00
-2.544068022635552317e+00
-2.279851346176649418e+00
1.643382280389250827e+00
-2.844117739490244823e+00
-3.141422389409255889e+00
1.212622237562697602e+00
-5.700556521826874778e+00
-2.728783070994415638e+00
2.600408168311782120e+00
