-7.014166743210292765e+00
-4.936086006237122348e+00
-4.905997133064480487e+00
-6.116723966194085982e+00
-2.013384445102639031e+00
5.369513862421010364e-01
-6.428898379684787834e+00
-4.266135794047867691e+00
1.064205172999275639e+00
-7.235251516268441208e+00
-3.911735217125302810e+00
-5.560173648899294996e+00
-2.900726767056571731e+00
-1.376125083569627872e-01
-2.043581765999392008e+00
-1.318110492005896806e+00
-1.836569750255626632e+00
-6.783431716875231388e+00
-2.812939435024210511e+00
6.081044840485873015e-01
-7.566560245076797919e+00
-1.285486786195527698e+00
-8.507734114001337389e+00
-2.050486147131919346e+00
-2.000000000000000000e+00
-5.792235471427544802e+00
-2.377725023910612023e+00
-4.309837133520058927e+00
-4.164477552906297397e+00
-6.516953649949348559e+00
-3.805815296396355407e+00
-2.234025092097295939e-01
-4.610800300968000087e+00
-3.678451925525215938e+00
-1.989024027765650571e+00
-4.370511270370406542e+00
-1.702661037702108082e+00
-4.670027376609156011e-01
-4.984520802482698798e+00
-3.445256062502157768e+00
-3.668727758256054017e-01
-6.873445947628642472e+00
-1.771263464146094480e+00
-6.846026964676656945e-01
-8.122054413992643163e-01
-2.754926650862338455e+00
-7.209780646561179118e+00
-3.190829330933475205e+00
-1.080679206850585460e-02
-7.373199307224305166e+00
-3.927188665262708600e+00
-4.302549178973973931e-01
-7.130098405055590227e+00
-2.665547893470620266e+00
-1.286392749775558730e+00
-6.694927919392623217e+00
-2.283932448214043731e+00
-1.406973918353232877e-01
-7.416799962129735135e+00
-2.388981479675023945e+00
-1.949382028265939981e+00
-6.059391482455735556e+00
-7.077543255710512238e-01
-5.321296634989652219e+00
-2.345878731322355026e+00
-6.402316111384500630e+00
-1.108722957284002053e+00
-5.401152813446221224e+00
-2.941583485846380519e+00
-6.571187226705696993e+00
-1.083124053944629184e+00
-5.861651904836907789e+00
-1.483157640126499199e+00
-4.536685871111226120e+00
-2.139062028103126067e+00
-4.000000000000000000e+00
-1.407057683506222956e+00
-5.720524006584317256e+00
-2.690059770223489188e+00
-5.821272650371173363e+00
-1.639719799595600103e+00
-3.329262608456293737e+00
-1.848841626404101657e+00
-1.844085858307162873e+00
-2.761009029865987063e+00
-2.668912679873951976e+00
-1.000000000000000000e+00
-3.401871756192793139e+00
-3.873734584987547525e+00
-3.669862118756989311e+00
-2.144651760980515576e+00
-2.958989987809246269e+00
-2.377121984511924246e+00
-4.947554207287526040e+00
-3.207381586301981891e+00
6.764442291395709184e-01
-4.568055487339873544e+00
-3.456364458718840904e+00
1.097118365527529837e+00
-2.544068022635552317e+00
-3.613582198582766303e+00
5.291101923890871861e-01
-3.993217652055342626e+00
-3.778865037753577738e+00
2.825702308537537455e+00
