-6.574854014862636653e+00
-3.473258945104628737e+00
-4.443426592962028465e+00
-7.190946776436510923e+00
-5.000000000000000000e+00
-2.000000000000000000e+00
-4.676128029958556809e+00
-3.188576028912502025e+00
-2.000000000000000000e+00
-5.624494398344242363e+00
-3.065401599822362044e+00
-6.341141949003210598e+00
-4.360471536469024301e+00
-2.042587890811447537e-01
-4.000000000000000000e+00
0.000000000000000000e+00
-2.269439706051932237e+00
-8.279843769850060653e+00
-3.609751345617223883e+00
2.765500005589677790e-01
-6.769914823304048035e+00
-3.610513211025259128e+00
-9.737352433905110516e+00
-2.578405571712763855e+00
-2.000000000000000000e+00
-6.169555918744407563e+00
-3.977922466652428657e+00
-7.154901959985743076e+00
-1.778651882051531796e+00
-5.722461173507192633e+00
-1.937001957029984789e+00
1.416211874476250299e-01
-7.673186768589128626e+00
-1.775736588366151558e+00
1.000000000000000000e+00
-6.233070109922108415e+00
-4.000000000000000000e+00
-2.250161672987121553e-01
-4.447596553431052868e+00
-1.000000000000000000e+00
-2.740904330295449581e-02
-8.671408701892977078e+00
-4.303116619959962641e+00
-3.390413355400049844e-01
-2.979264154088390626e+00
-4.704761634244678525e+00
-9.000000000000000000e+00
-2.304963542456783809e+00
2.000000000000000000e+00
-6.608809129464688681e+00
-2.485996543443435680e+00
8.202434586079240808e-02
-9.000000000000000000e+00
-2.294033665129662225e+00
1.434301911309832311e+00
-6.381823812813832042e+00
-2.991169418086701004e+00
1.270504779879012558e+00
-5.382106019793623908e+00
-1.818756216763348421e+00
4.877099953601886084e-01
-4.000000000000000000e+00
-2.661661060770649012e+00
-6.048509355253711917e+00
7.918124604762488694e-02
-6.708277156097964600e+00
-3.564637824600302984e-01
-5.983534455192709878e+00
-3.038096502716551850e+00
-4.135863425685914585e+00
-1.278285607136496527e+00
-4.794734639926357289e+00
-2.132776063951197898e+00
-8.000000000000000000e+00
-1.130350113181019189e+00
-5.997913230625409930e+00
-3.946443920619324697e+00
-6.664978708649940131e+00
-7.578638980802654412e-01
-7.441466430600764070e+00
-1.474987051160616236e+00
-4.863066978767495385e+00
-4.599858990680107063e+00
-3.499545574553832861e+00
-1.472600406804206896e+00
-3.833383281119737251e+00
-1.000000000000000000e+00
-5.414621372547550493e+00
-1.011086331585534293e+00
-4.195144413045750476e+00
-3.594003546071157018e+00
-5.268259289207033902e+00
-2.798015389218112325e+00
-2.544068022635552317e+00
-1.267584528910105313e+00
1.738294134701588112e+00
-6.536275072381045881e+00
-4.948294054445857348e+00
5.479260900822577884e-01
-4.784917197795074628e+00
-1.894531417545257446e+00
3.000000000000000000e+00
-2.544068022635552317e+00
-1.733476308312398961e+00
1.381936318307289246e+00
