-4.633855447168077291e+00
-4.215026510960570683e+00
-4.592827132974066195e+00
-7.267877961428466094e+00
-3.043166458470985436e+00
2.000000000000000000e+00
-6.721735617415808051e+00
-3.703359633796750039e+00
1.508986655780407915e+00
-6.038106497652390381e+00
-3.861535475672865037e+00
-6.993246620345804132e+00
-2.209844341821622038e+00
0.000000000000000000e+00
-2.892174647616237326e+00
-2.809084853908013990e+00
-3.971016654083786346e+00
-7.324811740118056136e+00
-5.000000000000000000e+00
8.223684803241743113e-02
-6.834967393113095646e+00
-5.000000000000000000e+00
-6.679545086470835003e+00
-3.888206357963732707e+00
1.037842081210563316e+00
-4.890290229689587598e+00
-3.858128280917455744e+00
-4.587526532024774895e+00
-4.934813932527940317e+00
-6.317436797398330306e+00
-2.748032539522407003e+00
-5.128952635424995909e-01
-5.915784176065035815e+00
-1.825487239662422434e+00
1.000000000000000000e+00
-6.033676598515699041e+00
0.000000000000000000e+00
2.000000000000000000e+00
-7.280826010679012583e+00
-3.990845496527370084e+00
2.301629454620249954e-02
-5.945978681088120332e+00
-1.000000000000000000e+00
2.000000000000000000e+00
4.396286439991049511e-01
-2.341578509303944511e+00
-5.000000000000000000e+00
-5.000000000000000000e+00
1.225782653256385579e+00
-6.952646570741348953e+00
-3.732801752913909699e+00
-1.414922106235186439e+00
-9.000000000000000000e+00
-4.085432280610866940e+00
-1.225943393476180754e+00
-5.002924954688599435e+00
-3.304392965992013043e+00
-7.225137322586768773e-01
-6.839468883383563735e+00
-4.998203098363490859e+00
-2.670039195235884288e-01
-4.500845310651490294e+00
-4.190887964695815260e-01
-6.718600929163239144e+00
-1.809765597225965417e+00
-4.251528643768259563e+00
-4.000000000000000000e+00
-5.182670802643237984e+00
-3.254806361616345178e+00
-4.000000000000000000e+00
-1.578672480349957441e-01
-7.481128112284522125e+00
-1.824439517179220260e+00
-4.729433720801892171e+00
-1.729693829209114853e+00
-5.266070603970237407e+00
-1.055863279261060494e+00
-4.000000000000000000e+00
-4.000000000000000000e+00
-4.015043770819048952e+00
-1.996876959100215121e+00
-5.629875384604681621e+00
-2.979830946870781538e+00
-3.330425214632809272e+00
-4.876085948134143422e+00
-4.770150171074818424e+00
-2.792765118916954670e+00
-4.132672432015522368e+00
-2.569282778285056690e+00
-1.690196149515636570e+00
-2.032997499909226846e+00
-2.312393703663462308e+00
-4.348988423672748738e+00
-6.451935105109632751e+00
-4.271257410454446735e+00
1.400989294791894713e+00
-2.544068022635552317e+00
-3.562236352520043337e+00
-2.765424275401628940e-01
-5.493111049812847035e+00
-2.991029582360276162e+00
1.018895751673564609e+00
-2.866348209906463218e+00
-4.222093704674338532e+00
8.047665290443669628e-01
