-6.831194793344628202e+00
-3.505699870988949307e+00
-5.064412217736061095e+00
-5.943063206491450146e+00
-2.554201964662634161e+00
1.443812459819605598e+00
-5.995505214966454055e+00
-1.192993432715971913e+00
-1.242208181543725365e+00
-6.802757685947393718e+00
-3.867393329247838629e+00
-6.008309778738021301e+00
-4.015548662847209016e+00
-5.586809240313473923e-01
-2.011788629916742455e+00
-2.789083190450348138e+00
-1.254196239014323755e+00
-7.377234246501052084e+00
-2.575416594311360274e+00
-1.463152284789622781e+00
-8.213903817702364663e+00
-3.164572276047296739e+00
-7.472728065508413842e+00
-4.454190011572724650e+00
-2.530848041844592222e-01
-6.894449238295950799e+00
-2.607207844753857806e+00
-3.685604274274147496e+00
-4.756683063501808917e+00
-7.358579713566190783e+00
-2.586887622388448715e+00
-2.024587610634504820e-01
-7.128749331265368916e+00
-3.719345668909471936e+00
-7.284120798128641550e-01
-6.027105114986770928e+00
-2.519181478307439992e+00
-3.991102629489035603e-01
-7.061192988853782104e+00
-2.904317352210391334e+00
1.485222704887875667e+00
-6.579668151857121394e+00
-3.197160851733439557e+00
7.634946945294680543e-01
-1.888794968072601055e+00
-3.473884620721965799e+00
-7.078545673686359230e+00
-2.944957879983165050e+00
-6.162738675831581636e-01
-7.466094424480160363e+00
-4.283612409618166694e+00
3.974154840898626029e-01
-6.695266896411918189e+00
-4.316600982673310050e+00
1.441407651740221674e+00
-8.873294213365264582e+00
-2.238007535370217127e+00
1.014939386864659232e+00
-7.500906974188038312e+00
-3.578772780514376084e+00
-1.483790090740304768e+00
-4.593433920106086532e+00
4.014573829603992894e-01
-7.077482356331050717e+00
-1.663493616384198015e+00
-5.913592894634154717e+00
-3.050732515485673702e+00
-6.934372925603801363e+00
-1.331848318306915857e+00
-5.876876683025849424e+00
-2.829546962842066637e+00
-5.963312883718167257e+00
-3.294949810022666625e+00
-7.490201736248206288e+00
-2.457487472428778297e+00
-6.648359000044735012e+00
-2.931490474216494668e+00
-5.553667518619199939e+00
-1.177203437883057813e+00
-4.901221716409651208e+00
-1.500567404895860824e+00
-2.540375675532024591e+00
-2.929332477814124758e+00
-4.461428870509121403e+00
-3.809929948090448715e+00
-4.692340272557578906e+00
-3.459200876003456937e+00
-4.650383147588867949e+00
-2.820137050636084997e+00
-2.607182628248188028e+00
-5.000000000000000000e+00
-2.351385504295424145e+00
-3.484128415228392672e+00
-3.188313562135086876e+00
-3.106926463802569760e+00
-7.086943665958300720e-02
-6.544068022635552317e+00
-4.009004306964592423e+00
1.650910877421538192e+00
-3.278703010292883135e+00
-2.280786354697207141e+00
-4.241237743915303726e-01
-4.870993897132904316e+00
-3.552625212302390700e+00
4.472220184720082092e-01
