-5.698553354553414607e+00
-1.796531871048765661e+00
-3.199578291528088592e+00
-6.384187517747263563e+00
-2.581056738081807911e+00
4.504051195538856245e-01
-6.783352900900994520e+00
-1.000000000000000000e+00
-1.009768308623443467e+00
-4.670800128618729730e+00
-3.474555690265649588e+00
-5.424418318044081921e+00
-3.155074028977876477e+00
-3.088987750633620522e-01
-3.307766442672035456e+00
-1.929077927044465790e+00
0.000000000000000000e+00
-6.648812494940359308e+00
-4.324742545511607084e+00
1.247327239605469318e+00
-6.586020211132393776e+00
-3.460861702830634989e+00
-6.622596602492411222e+00
-2.633875290327707841e+00
1.229183045487573400e+00
-5.660784936166758818e+00
-3.342992161907610171e+00
-3.154901959985743076e+00
-2.405129206542246934e+00
-8.918904788074634382e+00
-5.000000000000000000e+00
9.375398378629680174e-01
-6.874423165371118749e+00
-1.564196741502195565e+00
8.389099684378963084e-02
-6.545186332753288205e+00
-1.426553249011603075e+00
-4.296788220576475692e-01
-6.807093405762159932e+00
-4.090934583233758914e+00
-1.565534142647855509e+00
-5.522878745280337398e+00
-2.302183736697082317e+00
2.861462050345292552e-01
6.968067730207221366e-01
-4.119214126667769094e+00
-5.917589119030612466e+00
-3.300601610078422787e+00
4.882748445148919481e-01
-7.506151006422136618e+00
-5.000000000000000000e+00
1.073852182341903605e+00
-8.450139855782529352e+00
-2.584743372500925229e+00
1.379292866678740737e+00
-5.000000000000000000e+00
-3.923708329937099837e+00
5.986475549702120480e-01
-8.396780287973815149e+00
-1.000000000000000000e+00
-2.347347148809306727e-01
-6.409351166430266922e+00
-3.855939240944385449e-01
-4.395971674407449292e+00
-2.727680312783276051e+00
-7.224397786633623753e+00
-3.357957724063916682e+00
-5.967577206426079250e+00
-9.127207348981878354e-01
-4.464716592078491253e+00
-2.183509238740512615e+00
-6.138342892061726452e+00
-1.996587034515331149e+00
-4.105356614369007673e+00
-5.089192585192275908e-01
-5.226232543651969209e+00
3.396949704237199608e-02
-4.804795306480297512e+00
-1.888632704502546611e+00
-7.367244299855918221e+00
-2.865800159570683903e+00
-3.061084997603360058e+00
-1.787929954655871123e+00
-5.215156682995968573e+00
-3.831795310734203319e+00
-2.703890166541832230e+00
-4.548529812759338320e+00
-3.672340538392317999e+00
-2.807969602706597012e+00
-2.280339374549559484e+00
-3.477127746527413521e+00
-4.137297184137984196e+00
-2.007814080092056752e+00
-5.305695774189717717e+00
-2.692222592747381071e+00
1.875585867916581773e+00
-3.582259573669553276e+00
-2.526666798391385083e+00
3.000000000000000000e+00
-4.311271769519538388e+00
-1.256680903173803099e+00
2.722544229550410311e+00
-5.034118026505293386e+00
-1.955555784351492576e+00
2.824687080857814170e+00
