-4.759854011922333150e+00
-3.438838183382878277e+00
-6.576542939908579299e+00
-6.580997787688513512e+00
-3.392978830877448004e+00
-2.000000000000000000e+00
-4.609244192774391458e+00
-3.369061748289905456e+00
2.000000000000000000e+00
-5.316428818107178600e+00
-3.725484023686234103e+00
-7.176134267819909596e+00
-1.846838196465778514e+00
-1.160752319491447304e+00
-3.367231080772478347e+00
-7.195508763440375821e-01
-2.767505141794472490e+00
-5.728931275759802766e+00
-4.168635681952504335e+00
8.478981502553516458e-01
-6.258480088964241794e+00
-1.638262841914970291e+00
-7.897769735238212796e+00
-2.977004679102809970e+00
1.484110480512603525e+00
-4.657626476919975111e+00
-2.551321220360257769e+00
-3.487623779883274988e+00
-4.967761079182221984e+00
-8.180669532049135384e+00
-2.843568103513054002e+00
7.923732115648244312e-01
-6.331877913552809822e+00
-2.550612743567780338e+00
-9.765167601674785702e-01
-5.967518308864805832e+00
-1.706087084093505402e+00
-4.059295432655358749e-01
-5.675656575580009466e+00
-2.369950367612766673e+00
-1.714496620733795718e+00
-9.522878745280337398e+00
-2.605733558799868010e+00
-1.013342705891571160e+00
-6.482504247515239459e-01
-4.179431865849538852e+00
-7.356687860882642482e+00
-2.385944862020263457e+00
1.523308587236770761e-01
-7.181166646539042908e+00
-1.440226052239699017e+00
1.161279427412705567e-01
-7.043544210461600841e+00
-1.427293957883106534e+00
7.884711935262445071e-01
-6.587152955970637436e+00
-3.460937196844835917e+00
2.000000000000000000e+00
-6.810862741261379583e+00
-2.616753650840250689e+00
1.696447805781174378e-01
-6.267242860557196593e+00
-2.127880457582997487e+00
-5.527102451233299796e+00
-1.774774461768417355e+00
-6.675302688663133921e+00
-2.003782803651600553e+00
-5.157073867877677742e+00
-1.875710248289019555e+00
-5.011824562267230831e+00
-3.239456047077223566e+00
-6.264024911600055034e+00
-3.905323253646401094e-01
-4.010586076989089754e+00
-1.083052992839467432e+00
-5.675787654624429912e+00
-2.018297641183051994e+00
-6.003717720484165632e+00
-1.975914961244639168e+00
-8.000000000000000000e+00
-2.574705995270996972e+00
-3.799993952413257325e+00
-3.023914447424008944e+00
-2.732899588446055628e+00
-3.278928757673987615e+00
-4.846424063709690699e+00
-2.255463080060473136e+00
-5.492676007568623398e+00
-3.930416540714538165e+00
-4.676915132162094757e+00
-2.058849119039024789e+00
-3.854391234806712419e+00
-3.972173627525176443e+00
-6.098695290744076125e+00
-2.334146944247851074e+00
2.080933300202593372e+00
-5.211968385089721600e+00
-2.105758958980300299e+00
1.655716382732034031e+00
-3.095497760580003810e+00
-3.807960437726261915e+00
-2.348645298895533223e-02
-4.659243833996293382e+00
-2.417616177191682869e+00
2.491918965936477992e+00
