-6.529834158541621747e+00
-2.152421671190334340e+00
-5.344468108569023990e+00
-4.974379465053068827e+00
-3.124147847259414856e+00
1.335130451096194992e+00
-6.902009644277419476e+00
-1.720092790494014867e+00
-1.365174847602467878e+00
-6.491750578207936329e+00
-2.649479546296568788e+00
-7.139981825132778681e+00
-1.473417114325890065e+00
-7.724000149250354053e-01
-2.078863275029164903e+00
-8.727331411698230346e-01
-1.134444035249718485e+00
-6.587490826815313838e+00
-4.264293919629921881e+00
9.010252393666786652e-01
-7.593235729275888524e+00
-3.871999469463566879e+00
-8.072688151800759826e+00
-3.993327362330298058e+00
1.632320666956344368e+00
-6.689048437694741445e+00
-2.070422329800650996e+00
-3.154901959985743076e+00
-3.618822385371859962e+00
-7.138908499773436667e+00
-3.075169989433657047e+00
-4.657702958238714719e-01
-4.897706076165010636e+00
-1.699232357808600824e+00
2.466836413171818732e-01
-5.589985175756555513e+00
-1.706349146014686902e+00
-6.406345833465610928e-01
-4.725336920105806193e+00
-2.188931407540041452e+00
-1.184408418820021902e+00
-6.846797777208275093e+00
-3.375187869958333753e+00
-6.291130104978357451e-01
-1.071876439313529827e+00
-3.468801583599183669e+00
-6.627936250573095656e+00
-1.477079694656422415e+00
-1.066092889065761495e+00
-7.450859293372247727e+00
-1.145628726334431136e+00
-1.979324461524859968e+00
-8.321516938931205587e+00
-3.273629765197201724e+00
4.242620381645484384e-01
-6.313210613961024009e+00
-2.947575008415691311e+00
8.750657938744808018e-01
-7.594810386644780031e+00
-2.836882319094661931e+00
-4.848014436987745923e-01
-5.251849876174001786e+00
-2.331642165113173792e+00
-6.860575580778054849e+00
-1.958428224681211027e+00
-6.244725736216024004e+00
-3.021482510107308464e-02
-6.302306863904544088e+00
-2.788730114140776983e+00
-6.925478746937650421e+00
-6.164036664054706183e-01
-6.313678281973630568e+00
-3.301029995663981254e+00
-4.747082669638829522e+00
-1.652025766647597260e+00
-4.726701696140620079e+00
-1.558017753461069743e+00
-5.768804625180826484e+00
-3.485849546364341300e-01
-4.573912457744005344e+00
-8.748809456225189463e-01
-4.935371219893013972e+00
-1.000000000000000000e+00
-5.690196149515636570e+00
-3.388078926360655441e+00
-4.900228891017584409e+00
-2.359339716481339000e+00
-3.936826895293912720e+00
-1.711869511479320538e+00
-4.601063130639666987e+00
-1.000000000000000000e+00
-3.279114022257756833e+00
-3.047880466505744401e+00
-3.976830461079555956e+00
-2.283571556493782406e+00
1.978251324321885773e+00
-3.046725471344077452e+00
-3.019885779488578503e+00
1.829335537028199621e+00
-4.677396022778693485e+00
-3.823161276867895086e+00
2.608049936270609437e-01
-5.112017341420154182e+00
-3.144409840654215138e+00
5.610006708085064631e-01
