-6.213450836735759708e+00
-1.611330896754313624e+00
-6.051907291158240554e+00
-5.473184083216233731e+00
-2.094296627314298664e+00
1.658272436931017113e+00
-5.925239154470893332e+00
-1.899026196974446856e+00
-2.424463439994198610e-01
-7.573538728321264735e+00
-3.605453308363715692e+00
-6.733190344038994191e+00
-3.140093101697113198e+00
-6.259232267063398192e-01
-4.000000000000000000e+00
-3.560269023792351106e+00
-3.998124183183329627e+00
-6.400189678130610460e+00
-1.831884603881559048e+00
-8.677927389762601917e-01
-7.692717055414687977e+00
-3.320013643999114805e+00
-8.689958745488683078e+00
-2.736124126218626440e+00
1.598074916298728221e+00
-5.275597709195509744e+00
-2.673079443576829028e+00
-4.064421571796002830e+00
-3.231950447112258651e+00
-6.046692040687478453e+00
-3.357337093574524811e+00
-1.180609163904272174e+00
-6.896053059332868607e+00
-4.242346435365861979e+00
-2.420197044657463437e+00
-6.261784016000551567e+00
-2.993471649498132159e+00
-8.050925452756240164e-01
-6.587736690470289425e+00
-3.598257420904740211e+00
1.092928744112930284e+00
-7.672383374805591849e+00
-2.695305459859794084e+00
-9.071173033947277364e-01
-1.087472884457890476e+00
-2.733277537783735500e+00
-5.000000000000000000e+00
-2.430529790735297180e+00
-2.000000000000000000e+00
-7.071510627624409295e+00
-3.697155168273254855e+00
-1.177187772874460192e+00
-7.042038595693423275e+00
-2.641178060267946659e+00
2.000000000000000000e+00
-6.947153274744822582e+00
-3.354047509164794771e+00
-4.227795033522099288e-01
-6.345276452447171422e+00
-2.898944271386644456e+00
-4.841914163044002684e-01
-6.816678964243083172e+00
-1.270554876797031385e+00
-6.769916111952609228e+00
-3.385383839935256489e+00
-6.616688772507894001e+00
-7.957584688460520583e-01
-6.245154987208264785e+00
-2.485585676550076784e+00
-4.049801637822108447e+00
-2.686325642325581686e+00
-5.289723710785727562e+00
8.734927982764431609e-02
-4.970961923750058631e+00
-2.330241218002004899e+00
-6.554441790597051565e+00
-9.388221519762831591e-01
-6.260052561054425979e+00
-8.877695195864656608e-01
-5.954298823990037626e+00
-5.647123653809288379e-01
-3.729510092988439496e+00
-2.797740541392052194e+00
-3.408809352363046496e+00
-2.549093291745061496e+00
-4.577377820834766631e+00
-2.581066041264538757e+00
-2.779353922677683109e+00
-4.154649781302407696e+00
-2.155295491136874464e+00
-2.708692994942089705e+00
-5.690196149515636570e+00
-3.589801878264720525e+00
-3.506415674531877080e+00
-2.890454180967414022e+00
1.788151640697918543e+00
-2.544068022635552317e+00
-3.662510992336155180e+00
1.820912605440631049e+00
-4.459465234521810650e+00
-1.000000000000000000e+00
2.120421209790421813e+00
-5.176530848571661458e+00
-2.410961462702449154e+00
1.620527147488149078e+00
