-4.615974166334846807e+00
-3.394127552546907900e+00
-7.000000000000000000e+00
-5.159508463325681582e+00
-2.588760528184583798e+00
9.127645596577297349e-01
-5.508109280918194628e+00
-1.507332244389736120e+00
-1.313246943625392849e+00
-6.960875593402913175e+00
-2.107054236375331957e+00
-5.245968445989217521e+00
-1.920111199578550476e+00
-4.678375688484347483e-01
-2.925830751731439694e+00
-9.987894837880193499e-01
-6.634793133895794393e-01
-4.301029995663981254e+00
-2.584834111995209849e+00
-8.442622341095712413e-01
-8.591979982185767639e+00
-4.170625950014029470e+00
-8.761212071582749061e+00
-3.000930115411612142e+00
-6.309454407709981227e-01
-6.430305551048698831e+00
-3.020159706191815285e+00
-4.412450029306201671e+00
-4.000129455929166689e+00
-6.471650021634093086e+00
-2.325372722243965296e+00
-1.557657793017948933e+00
-5.593289361436518448e+00
-3.902778555544320405e+00
-6.496853509909338298e-01
-4.391985730517087738e+00
-1.544540383313931731e+00
-1.917768443398390477e-01
-6.100427549017787499e+00
-2.529229904988725242e+00
1.734781489590034198e+00
-6.413760984047591762e+00
-3.716561954119742772e+00
-2.794939034867101602e-01
-6.069028872454542700e-01
-2.692519641218789062e+00
-5.749658242279043208e+00
-2.685931663900773536e+00
-1.836608318008776664e-01
-7.504874452304592936e+00
-4.375288527877065015e+00
8.498964824454812161e-01
-7.260757142065590308e+00
-1.854874540830932395e+00
-1.584265847085284173e+00
-7.097785448687274013e+00
-2.451035317414356651e+00
4.052697842800869199e-01
-5.000000000000000000e+00
-3.830938262035514352e+00
1.462527685204371153e+00
-5.115963357312280024e+00
-7.917082594865925138e-01
-5.992285747602576151e+00
-3.643306983565246071e+00
-6.626199649059373975e+00
-3.335666329808747221e+00
-6.585386476760387353e+00
-3.408690222375851953e+00
-4.663242827361821163e+00
-1.476257299199727369e+00
-4.000000000000000000e+00
-2.261926085517901086e+00
-7.349212611813038976e+00
-7.509575536317509847e-01
-6.497841722641447326e+00
-1.783200377725960628e+00
-7.004657220317348276e+00
-1.679407259974759370e+00
-7.886616632941926497e+00
-5.695373063643515144e-01
-3.639292744889897069e+00
-2.512740348760909015e+00
-3.980441404784098580e+00
-2.988523767027067901e+00
-4.331174546055756913e+00
-4.344840002055176953e+00
-4.230263681655051400e+00
-3.517800877288589589e+00
-5.170288682154199122e+00
-3.930445837372973816e+00
-2.168249543323414130e+00
-2.844606271549065202e+00
-3.975264472089893530e+00
-2.968324085394898226e+00
1.968595210115990923e-01
-5.159131926125811063e+00
-4.095013878006676045e+00
2.729605745942585981e-01
-5.699020535424172529e+00
-2.914341013588815699e+00
1.840719694832110953e+00
-3.166687494097109035e+00
-3.502549353558682466e+00
2.085418671486370390e-01
