-5.536153283203410602e+00
-2.282347252593954767e+00
-4.341280821118147060e+00
-8.000000000000000000e+00
-2.370898554961984761e+00
1.823781781200282115e+00
-5.470201791379960987e+00
-3.556165334688637714e+00
5.207507893321444703e-01
-6.278010364247903929e+00
-2.711079743177255974e+00
-6.089785168393969883e+00
-2.200318215462103044e+00
0.000000000000000000e+00
-1.619827442956410790e+00
-1.829396526874967011e+00
-1.420045963599443350e+00
-6.060341731351887695e+00
-2.862628619215195513e+00
-2.046329042454061997e-01
-6.720014710427232529e+00
-1.026646253460061553e+00
-7.728945663609138705e+00
-4.326830245111330520e+00
1.061773685455741079e-01
-6.825586517525223051e+00
-1.656537344089461294e+00
-4.026892214645298118e+00
-4.030188547430090473e+00
-8.833471377167192884e+00
-1.731884682522184526e+00
9.877571675156822384e-02
-6.808695784970216991e+00
-3.776164778000730582e+00
-6.237845789585196865e-01
-5.270601661452231745e+00
-2.103085864999471699e+00
2.560762409922318628e-01
-5.383291637232506588e+00
-1.953685468241151524e+00
1.179999719293570948e+00
-8.269948432698386753e+00
-3.151316617514845486e+00
-1.515941764671605851e-01
3.655514777260456816e-01
-2.791024505168718139e+00
-6.413275596947912049e+00
-2.383749528774005810e+00
1.481522059305949934e+00
-5.887504668883530634e+00
-2.443755073010194234e+00
1.456194077885969884e+00
-6.629187492199372755e+00
-3.358957115665947679e+00
-7.320165325881303753e-01
-7.128466774306823517e+00
-1.961567155437898613e+00
1.369922012548665802e-01
-9.000000000000000000e+00
-1.681294160773020296e+00
-1.658064834055207992e+00
-5.654315582366626458e+00
7.252645336399401454e-01
-5.491101441157480778e+00
-2.819999741353700351e-01
-4.155185538161680903e+00
-3.296543472109988659e+00
-6.846565617594698949e+00
-1.297504025053084931e+00
-5.378307302098727760e+00
-1.502548846339042621e+00
-5.982123973597297528e+00
-1.266996689332457127e+00
-7.706563159499772553e+00
-2.479289289990246115e+00
-6.716095985117377154e+00
-1.070229087701274340e+00
-5.623628881369537424e+00
-1.210604591026576582e+00
-6.282783506243029059e+00
-2.171000360228972692e+00
-4.823837389808280918e+00
-2.895870942942807780e+00
-2.331129388038786665e+00
-3.706306453284791136e+00
-2.398758287950366164e+00
-3.463505812309025433e+00
-4.681983803160379765e+00
-4.962465662652684628e+00
-5.019508181140705183e+00
-2.640219506954140094e+00
-2.858659514901700671e+00
-2.760209504564933525e+00
-4.428934091607972690e+00
-3.384953981522593747e+00
8.277878989025339029e-01
-4.232541584907025367e+00
-3.461885087674373640e+00
1.364753651496191100e+00
-6.544068022635552317e+00
-4.972902721576133445e+00
3.000000000000000000e+00
-6.544068022635552317e+00
-2.451976122671461589e+00
1.528679028702841336e+00
