-6.321673956832420949e+00
-3.143784133881815546e+00
-6.261268885814156526e+00
-6.188506640867633912e+00
-1.886968027734021058e+00
1.990916063118461032e+00
-5.784960162772848413e+00
-1.000000000000000000e+00
1.202056844851018491e+00
-6.009759569605640728e+00
-1.000000000000000000e+00
-7.565977052453197516e+00
-4.128421845292717940e+00
0.000000000000000000e+00
-3.419688940862593896e+00
-4.000000000000000000e+00
-2.103337252056116213e+00
-4.301029995663981254e+00
-2.605838650921735500e+00
1.649182037995832628e+00
-8.850176851553326784e+00
-5.000000000000000000e+00
-1.030102999566398125e+01
-3.804779488591579995e+00
-8.185066783648150546e-01
-6.560330034660231568e+00
-3.818354088823218806e+00
-4.459069947584084481e+00
-4.615628890452926569e+00
-6.143423556799167073e+00
-4.338938225377819258e+00
2.523962849389295715e-01
-6.197086582856387693e+00
-2.845489876282694564e+00
-2.397970929047973598e+00
-5.711635020250203532e+00
-1.612414217798323390e+00
1.138440759779257405e+00
-5.203860452228553868e+00
-1.523524475218015040e+00
-2.000000000000000000e+00
-8.084675213311212971e+00
-2.617568676332945543e+00
-4.932505942068636517e-02
-5.742140305621706853e-01
-4.993170591220141397e+00
-6.918411523064136759e+00
-2.861746810596981661e+00
1.998420414855700544e+00
-7.967963740068774392e+00
-1.690040049457240956e+00
-3.147812140089755739e-01
-8.998925662213656196e+00
-4.202646276448559703e+00
-6.196015745528709040e-01
-8.596180318839740764e+00
-3.913303545480379952e+00
1.729173441762634766e-01
-5.000000000000000000e+00
-1.869558435129501373e+00
2.000000000000000000e+00
-4.000000000000000000e+00
-2.446112124656783848e+00
-7.930465633232618217e+00
-8.500782067737358005e-01
-7.707578753784426695e+00
-9.834253575250830881e-01
-8.000000000000000000e+00
-1.701489464433664667e+00
-5.406337463425455070e+00
-2.208200322054529874e+00
-8.000000000000000000e+00
-1.897605736679095489e+00
-4.000000000000000000e+00
-1.713153907969974687e+00
-5.733211737112466011e+00
-1.724040176849974015e+00
-6.322596114433586934e+00
-2.212192782390835166e+00
-7.200564930088130033e+00
-1.694513548953373139e+00
-3.537350434798936405e+00
-5.000000000000000000e+00
-5.466249235301151366e+00
-4.063943781338786643e+00
-3.332015034308472234e+00
-4.506999375048922118e+00
-5.330290763872226556e+00
-4.928429456846754597e+00
-2.819993636904700285e+00
-3.458223885120907060e+00
-5.066734450841465787e+00
-3.315071150274599088e+00
-6.225262468265708726e+00
-2.354220761255750194e+00
2.251014979324690746e+00
-2.544068022635552317e+00
-4.062094325591175448e+00
1.556885145389797637e-02
-3.283980609465178890e+00
-4.433866244904362652e+00
1.357418092545869648e+00
-4.409575577762312015e+00
-3.677869862819194591e+00
1.199523944714413259e+00
