-7.023170166716751872e+00
-3.465511840643332953e+00
-4.127245004600232470e+00
-6.892423575936491353e+00
-1.855177940541478554e+00
9.854162702811107843e-01
-6.710905156363933699e+00
-2.330342107729710843e+00
-8.725313180877746211e-01
-7.986210247990353395e+00
-2.286661808182081312e+00
-6.510398292775781748e+00
-2.460789901935850565e+00
0.000000000000000000e+00
-3.505081696201102215e+00
-7.686708412042884131e-01
-3.168895360859385057e+00
-8.247257535445452703e+00
-2.495255817157083111e+00
-2.340768217680289087e-01
-8.125066800202478845e+00
-5.000000000000000000e+00
-1.030102999566398125e+01
-1.401857400672043674e+00
-1.503839264981365886e+00
-4.201368613710899425e+00
-3.652603229084877778e+00
-4.368475746371349722e+00
-2.163879106303615352e+00
-6.852297861327884654e+00
-2.663853684997038673e+00
-1.398704352969995179e+00
-6.063921197256110673e+00
-3.258737438409964327e+00
7.606365055171508960e-01
-5.672103151319281444e+00
-1.124688391512858932e+00
-7.897317986287054614e-01
-5.421418108448633255e+00
-3.345151916831285099e+00
-1.338715736333032646e+00
-7.460298464047927958e+00
-3.298600579645460495e+00
2.377159142255790836e-01
-8.496378993434108295e-01
-5.000000000000000000e+00
-5.000000000000000000e+00
-4.770909274950890122e+00
-1.046069847432574973e-01
-7.357234238787133229e+00
-2.123602571623793622e+00
8.444259987768019116e-01
-7.982966751280571316e+00
-3.817451790079443796e+00
1.420626521984360568e+00
-6.528418776262228107e+00
-2.854495954738621055e+00
-1.016173076196830394e+00
-7.514021169672895795e+00
-2.925059087500310628e+00
1.999198700375077076e+00
-7.301748828044731354e+00
2.368515643677239213e-01
-4.023255953389729633e+00
7.918124604762488694e-02
-6.956694728310006681e+00
-1.824607654256323874e+00
-4.347466599435001022e+00
-4.000000000000000000e+00
-5.713064348610931376e+00
-1.135863314417779213e+00
-5.539474584583309102e+00
-1.059760864525144619e+00
-8.000000000000000000e+00
-1.733607752545307967e+00
-6.126674828656192950e+00
-1.371129111885043050e+00
-5.085200145267048555e+00
-2.102375883332642470e+00
-6.649845618922753943e+00
-1.660830675153256719e-01
-4.869548698709883716e+00
-3.756984046593863980e+00
-4.968276741792144513e+00
-3.625119205868978067e+00
-4.061352215962592105e+00
-3.895423136384501106e+00
-3.415094432161992266e+00
-2.813569682949335515e+00
-5.120498317922061560e+00
-2.526345195348649320e+00
-3.309016457730709071e+00
-2.449243401990328639e+00
-6.544068022635552317e+00
-1.479760858008107416e+00
1.353373197544892603e+00
-2.544068022635552317e+00
-1.901708939134586274e+00
1.085656370275210669e+00
-2.990879821310894915e+00
-3.832926016921293755e+00
5.778510182064628964e-01
-4.773598067170088832e+00
-2.669398617781923999e+00
2.393197171434063630e+00
