-6.908905836689586799e+00
-2.525765407311714839e+00
-3.919730747640730151e+00
-6.609977255833060283e+00
-3.806725033758805221e+00
6.420015541134872494e-01
-6.735153629697729016e+00
-3.693558157738739745e+00
1.059006315823146416e+00
-6.994090149515338695e+00
-3.523045429912246451e+00
-7.209533277730200140e+00
-3.247559358878591151e+00
-8.280342647360705577e-01
-3.579774803713772879e+00
-1.201800817545790601e+00
-2.878658180877801342e+00
-5.747186672952572017e+00
-3.091309354301838397e+00
5.046012703055184900e-01
-8.651247392212054521e+00
-2.982320811575673414e+00
-8.844367772654445403e+00
-3.857435243876163433e+00
-1.642444852069940842e+00
-6.441779211915179992e+00
-2.803212786183614913e+00
-5.915790674371259605e+00
-4.800068488908942221e+00
-7.942184264446849440e+00
-3.950269274856315072e+00
6.583532611583891025e-01
-5.892557943663200071e+00
-2.958834566231053120e+00
-1.728706897944056520e+00
-4.933610744394391290e+00
-1.094376162205729308e+00
3.302869890305477063e-01
-5.250507027654781389e+00
-2.686924587359216243e+00
1.023542306219976245e-01
-6.841577772063542007e+00
-2.266108375794544827e+00
3.305254707048302376e-01
-1.109317968350915340e+00
-2.703602654431128460e+00
-5.900264329701595756e+00
-1.553845496881236965e+00
1.066376195707514851e+00
-5.886078027757464248e+00
-1.886931141057568206e+00
-3.821867407116050774e-01
-5.665609513021645505e+00
-2.468236637558946622e+00
9.916958204476661320e-01
-5.724519113112185309e+00
-2.822838234964253790e+00
-1.125854233991816722e+00
-8.939056458310650655e+00
-4.501385153448858034e+00
4.139521358625808944e-01
-7.253573148071695620e+00
1.374690048483006299e-01
-4.428183481831180046e+00
-2.739517961694946102e+00
-7.049124993772704073e+00
-1.469304038350400354e+00
-5.188455733329464081e+00
-1.605359331069394990e+00
-5.201619634368498168e+00
-3.410179029878432466e+00
-5.430841238967624385e+00
-1.938163823752425241e+00
-5.696705133396275933e+00
-8.173334817358348658e-01
-4.629348419282352189e+00
-1.102016048062903320e+00
-4.616020985385818953e+00
-1.257280065629538646e+00
-4.974942767576822078e+00
-2.358665177794503354e-01
-4.530595770929158661e+00
-1.641629259098247529e+00
-1.823769582696037173e+00
-4.696075446655876284e+00
-2.452670538661635202e+00
-1.708305823860561956e+00
-3.404629118798617959e+00
-1.424798499554788211e+00
-3.197054608718056912e+00
-2.219554144316015609e+00
-3.496202899018851173e+00
-2.425534840960596128e+00
-4.685641203294490076e+00
-1.916177117739550573e+00
1.187388241034417424e+00
-5.509371267403176731e+00
-3.331494326610453971e+00
7.679812180977851899e-01
-3.357724764848535770e+00
-3.551324526053173170e+00
-5.315596407091294218e-01
-5.011274004619028943e+00
-3.670893615402053278e+00
2.082287972531174702e+00
