-6.587413686862130469e+00
-4.119510745093259096e+00
-5.967376487360930959e+00
-4.801555693334490726e+00
-1.077925617314365647e+00
-1.041219727379541604e+00
-6.172508284128926270e+00
-2.994294211937506223e+00
1.166053621410068963e+00
-6.736513743202296567e+00
-1.000000000000000000e+00
-5.264157968566586909e+00
-2.654470264163063309e+00
-6.017376969131342790e-01
-2.464209354794167695e+00
-1.203769470146142329e+00
-4.532019499882810054e-01
-5.001965658467303122e+00
-3.293981560746233939e+00
4.171810105323920936e-01
-8.050536844854093488e+00
-3.785677835415814041e+00
-9.593653198232038548e+00
-1.712832190283032130e+00
-1.373389422319647168e-01
-7.698970004336018746e+00
-1.833081811908405356e+00
-3.154901959985743076e+00
-4.763943157492784408e+00
-6.276068634873675833e+00
-2.800787730898119499e+00
4.738748943253396906e-01
-6.710684768734311412e+00
-3.218580315654517410e+00
-1.649447245446012733e+00
-6.252647603743120008e+00
-2.776627282931238838e+00
2.000000000000000000e+00
-7.704549386386659648e+00
-4.229339186089337232e+00
-3.458210360934202421e-01
-6.310410781205550101e+00
-3.995521965759178507e+00
-5.022390295850197584e-01
7.595920001008849010e-02
-3.160487521494034002e+00
-7.997618417313818284e+00
-2.056999489716840213e+00
1.067563876259733036e+00
-6.654097408914371847e+00
-2.999966278620453952e+00
-9.382736809653960952e-01
-5.000000000000000000e+00
-1.914168788333163063e+00
-1.866968935604830460e+00
-5.786186181692828612e+00
-3.432952628891830393e+00
-2.429666369780268675e-01
-7.419349487871289561e+00
-4.964521769921686811e+00
-5.354360450590119891e-01
-8.000000000000000000e+00
-1.565632102828933725e+00
-4.000000000000000000e+00
-2.781333326563632191e+00
-6.566773226039022582e+00
-3.391176228029832984e-01
-5.224811683474356094e+00
-2.781282565139283403e+00
-4.956369076458875256e+00
-1.857244767803909014e+00
-4.198375874699617150e+00
-2.176559896661991456e+00
-6.703716811956700106e+00
-9.781482265722017955e-01
-6.002134407384743575e+00
-2.924364283557112643e+00
-6.699718456821477375e+00
-2.604323631122715366e+00
-5.111456712525636270e+00
-2.180071993614469239e+00
-2.780513962920112103e+00
-3.005958862399330300e+00
-3.536491273023206094e+00
-1.599254323856096782e+00
-3.395525216123588041e+00
-2.948850142451921563e+00
-5.026381334226221576e+00
-3.819773173727512461e+00
-4.289038158863595740e+00
-2.288843486410291561e+00
-5.099163648660399062e+00
-2.784376464154783903e+00
-5.764700315296497735e+00
-3.553434549232393547e+00
3.157404535896308206e-01
-4.533665159621388163e+00
-2.403030194605362713e+00
2.138837001244506819e+00
-5.089782697379849452e+00
-1.969781954083239750e+00
1.438830224848026695e+00
-2.544068022635552317e+00
-2.888218403929021960e+00
6.984164648191818481e-01
