1.178900391157939254e+02
9.296941306612001199e+01
3.861314899034866954e+01
2.783771783547248901e+01
2.783771783547248901e+01
2.783771783547248901e+01
2.783771783547248901e+01
2.489867030692309413e+01
6.643395804106351221e+00
6.643395804106351221e+00
6.477363939380330393e+00
2.229799451589157044e+00
1.661269764283786810e+00
5.003598928779779964e-01
5.003598928779779964e-01
5.003598928779779964e-01
5.003598928779779964e-01
5.003598928779779964e-01
5.003598928779779964e-01
3.696805732682585943e-01
3.696805732682585943e-01
3.696805732682585943e-01
3.340431202413172707e-01
3.340431202413172707e-01
2.954980432535738721e-01
2.479612136902765995e-01
2.059870427249156921e-01
2.059870427249156921e-01
2.059870427249156921e-01
1.477131040939650697e-01
1.477131040939650697e-01
1.477131040939650697e-01
1.477131040939650697e-01
1.477131040939650697e-01
1.477131040939650697e-01
1.477131040939650697e-01
1.477131040939650697e-01
1.477131040939650697e-01
1.477131040939650697e-01
1.477131040939650697e-01
1.070539052555821991e-01
1.070539052555821991e-01
1.070539052555821991e-01
1.070539052555821991e-01
9.967762304577595933e-02
9.967762304577595933e-02
9.967762304577595933e-02
9.967762304577595933e-02
9.967762304577595933e-02
9.967762304577595933e-02
9.967762304577595933e-02
9.967762304577595933e-02
9.967762304577595933e-02
9.859670696566595616e-02
9.859670696566595616e-02
9.859670696566595616e-02
9.859670696566595616e-02
9.859670696566595616e-02
9.859670696566595616e-02
9.859670696566595616e-02
9.386146424742873584e-02
9.386146424742873584e-02
9.386146424742873584e-02
8.419508818755985780e-02
8.419508818755985780e-02
8.419508818755985780e-02
8.351878017979701141e-02
8.351878017979701141e-02
8.351878017979701141e-02
8.351878017979701141e-02
8.351878017979701141e-02
8.351878017979701141e-02
8.351878017979701141e-02
8.351878017979701141e-02
8.351878017979701141e-02
8.351878017979701141e-02
8.351878017979701141e-02
8.351878017979701141e-02
8.351878017979701141e-02
8.351878017979701141e-02
8.351878017979701141e-02
8.351878017979701141e-02
8.351878017979701141e-02
8.351878017979701141e-02
8.351878017979701141e-02
8.351878017979701141e-02
7.448567517009391237e-02
6.957449483054553574e-02
6.957449483054553574e-02
6.957449483054553574e-02
6.957449483054553574e-02
6.957449483054553574e-02
6.957449483054553574e-02
6.957449483054553574e-02
6.957449483054553574e-02
6.957449483054553574e-02
6.957449483054553574e-02
6.957449483054553574e-02
6.957449483054553574e-02
6.957449483054553574e-02
6.957449483054553574e-02
6.957449483054553574e-02
6.957449483054553574e-02
6.957449483054553574e-02
6.957449483054553574e-02
6.957449483054553574e-02
6.957449483054553574e-02
6.934034756910256725e-02
6.934034756910256725e-02
6.934034756910256725e-02
6.934034756910256725e-02
6.854946438438400125e-02
6.854946438438400125e-02
6.834583084490043758e-02
6.834583084490043758e-02
6.834583084490043758e-02
6.834583084490043758e-02
6.350995700914358055e-02
6.350995700914358055e-02
6.350995700914358055e-02
6.350995700914358055e-02
6.350995700914358055e-02
6.350995700914358055e-02
6.350995700914358055e-02
6.350995700914358055e-02
5.938131128139625264e-02
5.938131128139625264e-02
5.938131128139625264e-02
5.758838052577959499e-02
5.758838052577959499e-02
5.758838052577959499e-02
5.758838052577959499e-02
5.758838052577959499e-02
5.758838052577959499e-02
5.758838052577959499e-02
5.590529361882677628e-02
5.579068247884430565e-02
5.579068247884430565e-02
5.559075190897680430e-02
5.559075190897680430e-02
5.559075190897680430e-02
5.558939764998888089e-02
5.558939764998888089e-02
5.558939764998888089e-02
5.558626095697812020e-02
5.558626095697812020e-02
5.557380218695699009e-02
5.557380188864532999e-02
5.557380188864532999e-02
5.557362752198203443e-02
5.557340548918822398e-02
5.557340548918822398e-02
5.557331261298695257e-02
5.557331261298695257e-02
5.557331261298695257e-02
5.557331261298695257e-02
5.557328399805624985e-02
5.557328399805624985e-02
5.557328399805624985e-02
5.557328399805624985e-02
5.557328399805624985e-02
5.557328399805624985e-02
5.557328399805624985e-02
5.557328399805624985e-02
5.557328399805624985e-02
5.557328399805624985e-02
5.336222946750987517e-02
5.336222946750987517e-02
5.336222946750987517e-02
5.336222946750987517e-02
5.192887463050895047e-02
5.192887463050895047e-02
5.192887463050895047e-02
5.192887463050895047e-02
5.192887463050895047e-02
5.185849837127450013e-02
5.185849837127450013e-02
5.185849837127450013e-02
5.185849837127450013e-02
5.179283067242550914e-02
5.178612120931956608e-02
5.178569864853147658e-02
5.178542271123504070e-02
5.178542271123504070e-02
5.178542271123504070e-02
5.178540936978665021e-02
5.178540936978665021e-02
5.178540936978665021e-02
5.178540936978665021e-02
5.178540936978665021e-02
5.178540936978665021e-02
5.178540936978665021e-02
5.178540936978665021e-02
5.178540936978665021e-02
5.178540936978665021e-02
5.178540936978665021e-02
5.178540936978665021e-02
5.178540936978665021e-02
5.178540936978665021e-02
5.178540936978665021e-02
