2.048509436883466037e+02
9.538362911945181111e+01
7.024009899132926193e+01
3.029807260450366257e+01
3.029807260450366257e+01
1.936197706413457809e+01
1.936197706413457809e+01
1.820617994439956178e+01
1.820617994439956178e+01
1.820617994439956178e+01
1.820617994439956178e+01
1.812279805281338341e+01
1.380810096929598529e+01
5.880164687318846894e+00
2.369993629363892129e+00
2.369993629363892129e+00
2.130248762577625854e+00
1.410479343340039105e+00
1.253729723337394963e+00
5.807033439564278643e-01
5.807033439564278643e-01
4.814872362199218991e-01
3.740397998919319233e-01
3.740397998919319233e-01
3.740397998919319233e-01
3.740397998919319233e-01
3.716477946633034435e-01
3.042543686351977250e-01
3.042543686351977250e-01
3.042543686351977250e-01
3.042543686351977250e-01
3.042543686351977250e-01
3.042543686351977250e-01
3.042543686351977250e-01
3.042543686351977250e-01
3.042543686351977250e-01
2.956930982227222726e-01
2.956930982227222726e-01
2.956930982227222726e-01
2.956930982227222726e-01
2.956930982227222726e-01
2.580390894582481054e-01
2.580390894582481054e-01
2.580390894582481054e-01
2.566655434760654608e-01
2.566655434760654608e-01
2.566655434760654608e-01
2.566655434760654608e-01
2.566655434760654608e-01
2.566655434760654608e-01
2.566655434760654608e-01
2.566655434760654608e-01
2.566655434760654608e-01
2.566655434760654608e-01
2.375007680354157824e-01
2.375007680354157824e-01
2.375007680354157824e-01
2.375007680354157824e-01
2.375007680354157824e-01
2.375007680354157824e-01
2.154050545334141031e-01
2.154050545334141031e-01
2.154050545334141031e-01
2.154050545334141031e-01
2.154050545334141031e-01
1.996407305368828877e-01
1.996407305368828877e-01
1.996407305368828877e-01
1.996407305368828877e-01
1.996407305368828877e-01
1.996407305368828877e-01
1.897812283030658187e-01
1.897812283030658187e-01
1.897812283030658187e-01
1.897812283030658187e-01
1.897812283030658187e-01
1.897812283030658187e-01
1.897812283030658187e-01
1.897812283030658187e-01
1.897812283030658187e-01
1.897812283030658187e-01
1.839312697893927817e-01
1.839312697893927817e-01
1.453622762973142413e-01
1.453622762973142413e-01
1.453622762973142413e-01
1.453622762973142413e-01
1.453622762973142413e-01
1.453622762973142413e-01
1.453622762973142413e-01
1.453622762973142413e-01
1.413046579013962911e-01
1.413046579013962911e-01
1.413046579013962911e-01
1.413046579013962911e-01
1.413046579013962911e-01
1.413046579013962911e-01
1.413046579013962911e-01
1.413046579013962911e-01
1.413046579013962911e-01
1.413046579013962911e-01
1.413046579013962911e-01
1.413046579013962911e-01
1.413046579013962911e-01
1.413046579013962911e-01
1.413046579013962911e-01
1.413046579013962911e-01
1.413046579013962911e-01
1.408461962361616249e-01
1.408461962361616249e-01
1.379860614398770724e-01
1.379860614398770724e-01
1.379860614398770724e-01
1.364406195745906103e-01
1.364406195745906103e-01
1.308859187998334117e-01
1.290401106879644766e-01
1.290401106879644766e-01
1.290401106879644766e-01
1.290401106879644766e-01
1.290401106879644766e-01
1.290401106879644766e-01
1.290401106879644766e-01
1.273747119844861331e-01
1.214946936015892931e-01
1.214946936015892931e-01
1.214946936015892931e-01
1.214946936015892931e-01
1.214946936015892931e-01
1.214946936015892931e-01
1.214946936015892931e-01
1.214946936015892931e-01
1.207973699577441495e-01
1.207973699577441495e-01
1.207973699577441495e-01
1.207973699577441495e-01
1.207973699577441495e-01
1.207973699577441495e-01
1.207973699577441495e-01
1.207973699577441495e-01
1.207973699577441495e-01
1.207973699577441495e-01
1.156934964917874231e-01
1.156934964917874231e-01
1.156934964917874231e-01
1.108293799430253163e-01
9.407582149992708975e-02
9.327734258231616671e-02
9.327734258231616671e-02
9.327734258231616671e-02
9.327734258231616671e-02
9.327734258231616671e-02
9.327734258231616671e-02
9.327734258231616671e-02
9.317497706729716000e-02
9.296956960943519865e-02
9.292487559230350191e-02
9.291579654741694005e-02
9.291370178126817647e-02
9.291322143098677822e-02
9.077993854344991453e-02
9.077993854344991453e-02
9.077993854344991453e-02
9.077993854344991453e-02
9.077993854344991453e-02
9.077993854344991453e-02
9.077993854344991453e-02
8.852638376906486750e-02
8.752890514375225028e-02
8.750585375883557226e-02
8.750563609746998817e-02
8.750563609746998817e-02
8.750563609746998817e-02
8.750012628234486722e-02
8.749912113187467699e-02
8.749888715970212394e-02
8.749870256704141147e-02
8.749870256704141147e-02
8.749870256704141147e-02
8.749870256704141147e-02
8.749870256704141147e-02
8.749862449800038799e-02
8.749859575342641693e-02
8.749859575342641693e-02
8.749859575342641693e-02
8.749859575342641693e-02
8.749859575342641693e-02
8.749851098483535372e-02
8.749851098483535372e-02
8.749851098483535372e-02
8.749851098483535372e-02
8.749851098483535372e-02
8.749851098483535372e-02
8.574310806375907978e-02
8.574310806375907978e-02
8.444620397464716599e-02
8.440817599441013952e-02
8.440699005071687633e-02
8.440699005071687633e-02
8.440699005071687633e-02
