1.888599259186845103e+01
1.888599259186845103e+01
1.888599259186845103e+01
9.940600692560156659e+00
4.363987199988802246e+00
3.972422804211289904e+00
3.972422804211289904e+00
2.219811375333470949e+00
1.284020822851820620e+00
1.284020822851820620e+00
1.284020822851820620e+00
1.089275169465579785e+00
1.089275169465579785e+00
8.797354228357586736e-01
8.797354228357586736e-01
8.797354228357586736e-01
7.458009616898131355e-01
7.458009616898131355e-01
7.381909398668059508e-01
7.381909398668059508e-01
7.021924805241251955e-01
7.021924805241251955e-01
7.021924805241251955e-01
6.807126935964332715e-01
6.807126935964332715e-01
6.300877472213654018e-01
6.300877472213654018e-01
6.300877472213654018e-01
6.300877472213654018e-01
6.300877472213654018e-01
6.300877472213654018e-01
6.232451046855489452e-01
6.232451046855489452e-01
6.232451046855489452e-01
6.232451046855489452e-01
6.232451046855489452e-01
6.137234819897097182e-01
5.688754293129244521e-01
5.299281904236358143e-01
5.197366422812000897e-01
5.197366422812000897e-01
5.197366422812000897e-01
5.197366422812000897e-01
4.421192566827745751e-01
3.601516773349364708e-01
3.601516773349364708e-01
3.601516773349364708e-01
3.601516773349364708e-01
3.601516773349364708e-01
3.265041909404052811e-01
3.188264507046668639e-01
3.166704489684455948e-01
3.166704489684455948e-01
3.166704489684455948e-01
3.166704489684455948e-01
3.166704489684455948e-01
3.113315765048428330e-01
3.113315765048428330e-01
3.113315765048428330e-01
2.920563471742011474e-01
2.920563471742011474e-01
2.920563471742011474e-01
2.920563471742011474e-01
2.285772580023795186e-01
2.100575732741443158e-01
2.100575732741443158e-01
2.079359144888902056e-01
1.733307927149908001e-01
1.733307927149908001e-01
1.696082796386134406e-01
1.696082796386134406e-01
1.361561959167215952e-01
1.361561959167215952e-01
1.361561959167215952e-01
1.361561959167215952e-01
1.361561959167215952e-01
1.361561959167215952e-01
1.361561959167215952e-01
1.361561959167215952e-01
1.361561959167215952e-01
1.361561959167215952e-01
1.361561959167215952e-01
1.361561959167215952e-01
1.361561959167215952e-01
1.361561959167215952e-01
1.343697622526477675e-01
1.343697622526477675e-01
1.343697622526477675e-01
1.343697622526477675e-01
1.343697622526477675e-01
1.343697622526477675e-01
1.343697622526477675e-01
1.343697622526477675e-01
1.343697622526477675e-01
1.343697622526477675e-01
1.343697622526477675e-01
1.244572544435957467e-01
1.244572544435957467e-01
1.244572544435957467e-01
1.244572544435957467e-01
1.244572544435957467e-01
1.244572544435957467e-01
1.244572544435957467e-01
1.211941414390082239e-01
1.211941414390082239e-01
1.211941414390082239e-01
1.211941414390082239e-01
1.211941414390082239e-01
1.211941414390082239e-01
1.211941414390082239e-01
1.211941414390082239e-01
1.122461802673885289e-01
1.122072301387437576e-01
1.122072301387437576e-01
1.122072301387437576e-01
1.122072301387437576e-01
1.122072301387437576e-01
1.122072301387437576e-01
9.880636945650643488e-02
9.880636945650643488e-02
9.880636945650643488e-02
9.880636945650643488e-02
9.880636945650643488e-02
9.880636945650643488e-02
9.880636945650643488e-02
9.880636945650643488e-02
9.510153108573624059e-02
8.661451425176699970e-02
8.661451425176699970e-02
8.661451425176699970e-02
8.661451425176699970e-02
8.661451425176699970e-02
8.661451425176699970e-02
8.661451425176699970e-02
8.661451425176699970e-02
8.661451425176699970e-02
8.661451425176699970e-02
8.661451425176699970e-02
8.661451425176699970e-02
8.661451425176699970e-02
8.661451425176699970e-02
8.661451425176699970e-02
8.661451425176699970e-02
8.661451425176699970e-02
8.507474786594955429e-02
8.507474786594955429e-02
8.487974956245551705e-02
8.309467267246295474e-02
8.281322893899152604e-02
8.275885197238593005e-02
8.274674425665515254e-02
8.274340386567802241e-02
8.274328802459549048e-02
8.274312651273077468e-02
8.274312651273077468e-02
8.274274473680788555e-02
7.976185833063746677e-02
7.776411412781240873e-02
7.776411412781240873e-02
7.776411412781240873e-02
7.776411412781240873e-02
7.776411412781240873e-02
7.776411412781240873e-02
7.776411412781240873e-02
7.776411412781240873e-02
7.761617476414416072e-02
7.758581575486063475e-02
7.727693877847191528e-02
7.727693877847191528e-02
7.727693877847191528e-02
7.727693877847191528e-02
7.727693877847191528e-02
7.727693877847191528e-02
7.727693877847191528e-02
7.727693877847191528e-02
7.331687395586498901e-02
7.331687395586498901e-02
7.331687395586498901e-02
7.331687395586498901e-02
7.005386434778007598e-02
7.004901647663892839e-02
7.004901647663892839e-02
7.001933257594161741e-02
7.001456269029360246e-02
7.001456269029360246e-02
7.001456269029360246e-02
7.001446521674967172e-02
7.001446521674967172e-02
7.001446521674967172e-02
7.001434106936192669e-02
7.001428961091279990e-02
7.001422824920158772e-02
7.001422824920158772e-02
6.948740623184425369e-02
6.948740623184425369e-02
6.933277210404029112e-02
6.932851200364521793e-02
6.932851200364521793e-02
6.932851200364521793e-02
6.932851200364521793e-02
