1.904431156469889785e+01
1.904431156469889785e+01
1.890047317048336595e+01
1.434186031999919209e+01
1.354346697217493656e+01
1.354346697217493656e+01
5.238512972461858652e+00
5.238512972461858652e+00
4.817379417939946507e+00
3.525910881017541243e+00
3.525910881017541243e+00
1.476439015262454912e+00
1.249884378464459989e+00
1.249884378464459989e+00
9.018652673781887286e-01
9.018652673781887286e-01
9.018652673781887286e-01
8.102706466950615471e-01
8.102706466950615471e-01
8.102706466950615471e-01
8.002356704876433247e-01
7.571141838414717773e-01
7.189668114519357500e-01
7.189668114519357500e-01
7.189668114519357500e-01
6.408695869916457566e-01
6.408695869916457566e-01
6.408695869916457566e-01
6.408695869916457566e-01
6.408695869916457566e-01
6.408695869916457566e-01
6.408695869916457566e-01
6.408695869916457566e-01
6.408695869916457566e-01
6.408695869916457566e-01
6.408695869916457566e-01
6.298763085648062532e-01
5.739416353298505413e-01
5.483944911649806242e-01
5.483944911649806242e-01
5.483944911649806242e-01
5.483944911649806242e-01
5.483944911649806242e-01
5.483944911649806242e-01
5.483944911649806242e-01
5.483944911649806242e-01
5.270617593580196880e-01
5.234685050411039819e-01
5.234685050411039819e-01
5.234685050411039819e-01
4.970866801422073045e-01
4.970866801422073045e-01
4.970866801422073045e-01
4.701035590643845019e-01
4.701035590643845019e-01
4.649937609612748712e-01
4.649937609612748712e-01
4.649937609612748712e-01
4.014260325884714820e-01
4.014260325884714820e-01
4.014260325884714820e-01
3.617830571395326267e-01
3.617830571395326267e-01
3.617830571395326267e-01
3.617830571395326267e-01
3.305301642832992326e-01
3.305301642832992326e-01
3.305301642832992326e-01
3.305301642832992326e-01
3.305301642832992326e-01
3.305301642832992326e-01
3.305301642832992326e-01
3.056872484053106964e-01
3.056872484053106964e-01
2.978153415345481947e-01
2.978153415345481947e-01
2.978153415345481947e-01
2.781513066525629352e-01
2.308388041921700384e-01
2.308388041921700384e-01
2.272049069956919021e-01
2.059357562432458100e-01
1.991369018697424498e-01
1.991369018697424498e-01
1.991369018697424498e-01
1.991369018697424498e-01
1.991369018697424498e-01
1.991369018697424498e-01
1.966974371130680299e-01
1.966974371130680299e-01
1.966974371130680299e-01
1.966974371130680299e-01
1.649773617668685022e-01
1.554334719833858347e-01
1.553556748870404403e-01
1.553556748870404403e-01
1.553556748870404403e-01
1.553556748870404403e-01
1.534613937118196325e-01
1.534613937118196325e-01
1.534613937118196325e-01
1.534613937118196325e-01
1.534613937118196325e-01
1.528210287083646979e-01
1.358554708398453936e-01
1.358554708398453936e-01
1.358554708398453936e-01
1.358554708398453936e-01
1.358554708398453936e-01
1.358554708398453936e-01
1.358554708398453936e-01
1.358554708398453936e-01
1.358554708398453936e-01
1.358554708398453936e-01
1.358554708398453936e-01
1.358554708398453936e-01
1.358554708398453936e-01
1.358554708398453936e-01
1.358554708398453936e-01
1.358554708398453936e-01
1.358554708398453936e-01
1.358554708398453936e-01
1.335814304335428415e-01
1.335814304335428415e-01
1.335814304335428415e-01
1.335814304335428415e-01
1.335814304335428415e-01
1.319626720759688177e-01
1.319626720759688177e-01
1.242948173414698126e-01
1.242948173414698126e-01
1.242948173414698126e-01
1.212641421426204902e-01
1.212641421426204902e-01
1.212641421426204902e-01
1.212486916703677392e-01
1.212486916703677392e-01
1.212486916703677392e-01
1.212486916703677392e-01
1.212486916703677392e-01
1.212486916703677392e-01
1.212486916703677392e-01
1.113323496941036606e-01
1.095209184473504016e-01
1.095209184473504016e-01
1.095209184473504016e-01
1.095209184473504016e-01
1.095209184473504016e-01
1.095209184473504016e-01
1.095209184473504016e-01
1.095209184473504016e-01
1.095209184473504016e-01
1.085326349734231366e-01
1.085326349734231366e-01
1.085326349734231366e-01
1.085326349734231366e-01
1.073327764750691277e-01
1.073327764750691277e-01
1.055008620842838307e-01
1.055008620842838307e-01
1.055008620842838307e-01
1.055008620842838307e-01
1.055008620842838307e-01
1.055008620842838307e-01
1.055008620842838307e-01
1.055008620842838307e-01
1.045929382287251741e-01
1.043470096227786109e-01
1.043470096227786109e-01
1.043358084514055262e-01
1.043330894620957960e-01
1.043308845852588262e-01
1.043294972809579169e-01
1.043294972809579169e-01
1.043293045204830988e-01
1.043288941187059671e-01
1.043288941187059671e-01
1.043288941187059671e-01
1.043288941187059671e-01
1.043288941187059671e-01
1.040897542537732035e-01
1.040897542537732035e-01
1.040897542537732035e-01
1.040897542537732035e-01
1.040897542537732035e-01
1.040897542537732035e-01
1.031162828525021280e-01
1.030593500775655591e-01
1.030558903875944676e-01
1.030553445379334410e-01
1.021795435524504303e-01
1.021795435524504303e-01
1.019573758837520328e-01
1.005308502061433573e-01
1.002041592066758302e-01
1.001643624244258346e-01
1.001643624244258346e-01
1.001495389199224539e-01
9.997060378947247861e-02
9.985081360262437755e-02
