9.320974404863471818e+01
6.723192275569248011e+01
4.858290633495141719e+01
2.959421561872571260e+01
1.418844783851562141e+01
1.148245150241430323e+01
1.148245150241430323e+01
8.336102217660446456e+00
8.336102217660446456e+00
7.166347591968756703e+00
5.556192434406684200e+00
5.060040088422827154e+00
3.197587141246075682e+00
2.191469202543114836e+00
1.568330330985690857e+00
1.378019911710028689e+00
1.378019911710028689e+00
1.201231678423378524e+00
1.201231678423378524e+00
1.201231678423378524e+00
1.201231678423378524e+00
1.148110166430458268e+00
1.148110166430458268e+00
1.148110166430458268e+00
1.148110166430458268e+00
1.148110166430458268e+00
1.148110166430458268e+00
1.038841738223727162e+00
1.038841738223727162e+00
9.418692802487811377e-01
9.418692802487811377e-01
9.418692802487811377e-01
8.747074580690545886e-01
8.747074580690545886e-01
8.747074580690545886e-01
8.199450414439899415e-01
6.707568979318605518e-01
6.707568979318605518e-01
6.707568979318605518e-01
6.707568979318605518e-01
6.530351086943589900e-01
6.530351086943589900e-01
5.487649440344150031e-01
5.252099697611902762e-01
5.252099697611902762e-01
5.252099697611902762e-01
5.252099697611902762e-01
4.830980444352439562e-01
4.830980444352439562e-01
4.830980444352439562e-01
4.830980444352439562e-01
4.359465759860325362e-01
4.359465759860325362e-01
3.360827576545652451e-01
3.360827576545652451e-01
3.360827576545652451e-01
3.360827576545652451e-01
3.305751783618502970e-01
3.299778543177049328e-01
3.299778543177049328e-01
2.643553846381993533e-01
2.101583457909345920e-01
2.101583457909345920e-01
2.101583457909345920e-01
2.101583457909345920e-01
2.101583457909345920e-01
1.931527696283154294e-01
1.695549591446045001e-01
1.695549591446045001e-01
1.695549591446045001e-01
1.695549591446045001e-01
1.695549591446045001e-01
1.695549591446045001e-01
1.695549591446045001e-01
1.695549591446045001e-01
1.695549591446045001e-01
1.695549591446045001e-01
1.695549591446045001e-01
1.695549591446045001e-01
1.695549591446045001e-01
1.695549591446045001e-01
1.695549591446045001e-01
1.695549591446045001e-01
1.695549591446045001e-01
1.695549591446045001e-01
1.695549591446045001e-01
1.695549591446045001e-01
1.695549591446045001e-01
1.599911029444062160e-01
1.599911029444062160e-01
1.599911029444062160e-01
1.541496213176926089e-01
1.541496213176926089e-01
1.541496213176926089e-01
1.541496213176926089e-01
1.541496213176926089e-01
1.541496213176926089e-01
1.541496213176926089e-01
1.541496213176926089e-01
1.541496213176926089e-01
1.541496213176926089e-01
1.539646573866881030e-01
1.428814726151877434e-01
1.428814726151877434e-01
1.428814726151877434e-01
1.183360620305629052e-01
1.183360620305629052e-01
1.183360620305629052e-01
1.183360620305629052e-01
1.183360620305629052e-01
1.183360620305629052e-01
1.183360620305629052e-01
1.183360620305629052e-01
1.183360620305629052e-01
1.183360620305629052e-01
1.068623204384169384e-01
1.068623204384169384e-01
1.068623204384169384e-01
9.845677846000056022e-02
9.173815054391169788e-02
9.173815054391169788e-02
9.173815054391169788e-02
9.173815054391169788e-02
9.173815054391169788e-02
9.173815054391169788e-02
9.173815054391169788e-02
9.173815054391169788e-02
9.173815054391169788e-02
9.173815054391169788e-02
9.173815054391169788e-02
9.173815054391169788e-02
9.173815054391169788e-02
9.173815054391169788e-02
9.173815054391169788e-02
9.173815054391169788e-02
9.173815054391169788e-02
9.173815054391169788e-02
9.173815054391169788e-02
8.330526906243362895e-02
8.330526906243362895e-02
8.330526906243362895e-02
8.330526906243362895e-02
8.330526906243362895e-02
8.330526906243362895e-02
8.330526906243362895e-02
8.330526906243362895e-02
8.330526906243362895e-02
7.972923317809220423e-02
7.912378331650862795e-02
7.912378331650862795e-02
7.888095356526263202e-02
7.888095356526263202e-02
7.681336576292807639e-02
7.672711313313335113e-02
7.672268133717233263e-02
7.672020804941709349e-02
6.930316813009755605e-02
6.930316813009755605e-02
6.930316813009755605e-02
6.930316813009755605e-02
6.930316813009755605e-02
6.930316813009755605e-02
6.930316813009755605e-02
6.930316813009755605e-02
6.930316813009755605e-02
6.930316813009755605e-02
6.930316813009755605e-02
6.930316813009755605e-02
6.930316813009755605e-02
6.930316813009755605e-02
6.883112471878329031e-02
6.875720833652594621e-02
6.874945784628365419e-02
6.874852970449829570e-02
6.874829351514767650e-02
6.874829351514767650e-02
6.874829351514767650e-02
6.874829351514767650e-02
6.874829351514767650e-02
6.788641386542453027e-02
6.785962683199579792e-02
6.785962683199579792e-02
6.785700453151111144e-02
6.783188876047066551e-02
6.783188876047066551e-02
6.782652098713828903e-02
6.782093468402880521e-02
6.782041729734597513e-02
6.782034108214732293e-02
6.782030546923779879e-02
6.782030107536023145e-02
6.782020454664926257e-02
6.781967803349688018e-02
6.781947248449735066e-02
6.781918856405057261e-02
6.781918856405057261e-02
6.781918856405057261e-02
6.725898266485881571e-02
6.342967150477621385e-02
6.337453929010793130e-02
