9.221977384889298435e+01
6.718493030933062471e+01
5.726024363878694601e+01
4.615141233244030161e+01
3.385140946152004915e+01
3.042915010715182333e+01
2.302775708167463620e+01
2.302775708167463620e+01
2.302775708167463620e+01
1.788407910662528266e+01
1.316108203776849805e+01
1.316108203776849805e+01
1.069544828088244159e+01
6.259253254582938020e+00
6.114220461881278545e+00
1.979747688571614539e+00
1.565820989837469757e+00
7.555470594672247797e-01
6.939520392430308382e-01
6.939520392430308382e-01
6.939520392430308382e-01
6.939520392430308382e-01
6.559118033372939305e-01
4.939555625864459065e-01
4.939555625864459065e-01
4.174415331595993095e-01
2.256390297709987280e-01
2.256390297709987280e-01
2.256390297709987280e-01
2.256390297709987280e-01
2.256390297709987280e-01
2.256390297709987280e-01
2.256390297709987280e-01
2.256390297709987280e-01
2.256390297709987280e-01
2.256390297709987280e-01
2.256390297709987280e-01
2.256390297709987280e-01
2.256390297709987280e-01
2.256390297709987280e-01
2.256390297709987280e-01
1.710052531102449758e-01
1.710052531102449758e-01
1.710052531102449758e-01
1.710052531102449758e-01
1.710052531102449758e-01
1.710052531102449758e-01
1.710052531102449758e-01
1.710052531102449758e-01
1.710052531102449758e-01
1.710052531102449758e-01
1.710052531102449758e-01
1.710052531102449758e-01
1.710052531102449758e-01
1.564995776360215973e-01
1.564995776360215973e-01
1.564995776360215973e-01
1.564995776360215973e-01
1.564995776360215973e-01
1.564995776360215973e-01
1.415479545279804408e-01
1.415479545279804408e-01
1.415479545279804408e-01
1.415479545279804408e-01
1.415479545279804408e-01
1.366387948057585788e-01
1.366387948057585788e-01
1.366387948057585788e-01
1.366387948057585788e-01
1.366387948057585788e-01
1.331163137233873361e-01
1.331163137233873361e-01
1.331163137233873361e-01
1.331163137233873361e-01
1.331163137233873361e-01
1.331163137233873361e-01
1.331163137233873361e-01
1.331163137233873361e-01
1.331163137233873361e-01
1.331163137233873361e-01
1.331163137233873361e-01
1.331163137233873361e-01
1.331163137233873361e-01
1.331163137233873361e-01
1.331163137233873361e-01
1.331163137233873361e-01
1.331163137233873361e-01
1.331163137233873361e-01
1.331163137233873361e-01
1.319054218990542704e-01
1.319054218990542704e-01
1.319054218990542704e-01
1.319054218990542704e-01
1.305438279265730972e-01
1.305438279265730972e-01
1.279256490962716319e-01
1.279256490962716319e-01
1.279256490962716319e-01
1.279256490962716319e-01
1.279256490962716319e-01
1.279256490962716319e-01
1.268271990557158502e-01
1.251070747113334769e-01
1.248582290749926521e-01
1.248582290749926521e-01
1.248582290749926521e-01
1.244637169552379324e-01
1.244637169552379324e-01
1.244637169552379324e-01
1.242810101811449019e-01
1.240618900474918934e-01
1.239762831106371588e-01
1.239393138716918669e-01
1.239234811883045684e-01
1.239163958939072663e-01
1.239134007390007841e-01
1.239121148208253143e-01
1.239116228829400257e-01
1.239113805176378369e-01
1.239113805176378369e-01
1.239113805176378369e-01
1.239113805176378369e-01
1.239112958269495413e-01
1.239112958269495413e-01
1.239112958269495413e-01
1.239112958269495413e-01
1.239112958269495413e-01
1.239112958269495413e-01
1.239112958269495413e-01
1.239112958269495413e-01
1.239112958269495413e-01
1.239112958269495413e-01
1.239112958269495413e-01
1.239112958269495413e-01
1.239112958269495413e-01
1.239112958269495413e-01
1.239112958269495413e-01
1.239112958269495413e-01
1.239112958269495413e-01
1.239112958269495413e-01
1.239112958269495413e-01
1.239112958269495413e-01
1.239112958269495413e-01
1.239112958269495413e-01
1.239112958269495413e-01
1.239112958269495413e-01
1.239112958269495413e-01
1.239112958269495413e-01
1.239112958269495413e-01
1.239112958269495413e-01
1.239112958269495413e-01
1.239112958269495413e-01
1.239112958269495413e-01
1.229604349828709031e-01
1.229604349828709031e-01
1.229604349828709031e-01
1.229604349828709031e-01
1.226261700247501252e-01
1.226261700247501252e-01
1.217032221726849772e-01
1.217032221726849772e-01
1.212059820431660578e-01
1.212059820431660578e-01
1.212059820431660578e-01
1.212059820431660578e-01
1.212059820431660578e-01
1.212059820431660578e-01
1.212059820431660578e-01
1.211873807469720093e-01
1.210904601665543229e-01
1.210817428479983165e-01
1.210805444006533838e-01
1.210803771437403281e-01
1.210803690562522461e-01
1.210803525486557619e-01
1.210803277720947785e-01
1.210803277720947785e-01
1.210803277720947785e-01
1.210803277720947785e-01
1.210803277720947785e-01
1.207504828168084188e-01
1.207504828168084188e-01
1.207504828168084188e-01
1.207504828168084188e-01
1.207504828168084188e-01
1.205282336331101462e-01
1.204810644801038721e-01
1.204667929953550792e-01
1.204658841856943163e-01
1.204642271665324615e-01
1.204638346994646586e-01
1.204634324153476960e-01
1.204634324153476960e-01
1.204611138012559035e-01
1.204611138012559035e-01
1.204605151032650395e-01
1.204604546372899099e-01
1.204604546372899099e-01
1.204604546372899099e-01
1.204604546372899099e-01
