9.197830348621316432e+01
7.271989539066971986e+01
2.308498912240363055e+01
2.048104359069229119e+01
1.567515577488514822e+01
1.567515577488514822e+01
1.567515577488514822e+01
1.567515577488514822e+01
1.567515577488514822e+01
1.210439923575595955e+01
1.210439923575595955e+01
9.503736196872438313e+00
7.364414972177975471e+00
5.866632581886785047e+00
5.044083290611038883e+00
4.058913723869803647e+00
3.301473619872688392e+00
2.799155404476674214e+00
2.799155404476674214e+00
2.597772094527266429e+00
2.597537865717447936e+00
2.597537865717447936e+00
2.597537865717447936e+00
2.401490063627279348e+00
2.394936155306409464e+00
2.394936155306409464e+00
2.394936155306409464e+00
2.383471677395783583e+00
2.235315575094911633e+00
2.151726203562771556e+00
2.135765300462624250e+00
2.065069567928257577e+00
2.065069567928257577e+00
1.956376327837832774e+00
1.956376327837832774e+00
1.830995236291634187e+00
1.736201175745901715e+00
1.736201175745901715e+00
1.736201175745901715e+00
1.736201175745901715e+00
1.736201175745901715e+00
1.732702980219042566e+00
1.700208621922218777e+00
1.700208621922218777e+00
1.700208621922218777e+00
1.700208621922218777e+00
1.700208621922218777e+00
1.700208621922218777e+00
1.700208621922218777e+00
1.700208621922218777e+00
1.700208621922218777e+00
1.700208621922218777e+00
1.628064396411830650e+00
1.628064396411830650e+00
1.628064396411830650e+00
1.628064396411830650e+00
1.628064396411830650e+00
1.588040525308621609e+00
1.573475111428550788e+00
1.573475111428550788e+00
1.573475111428550788e+00
1.573475111428550788e+00
1.573475111428550788e+00
1.556109332057888928e+00
1.556109332057888928e+00
1.556109332057888928e+00
1.556109332057888928e+00
1.548185745481718056e+00
1.548185745481718056e+00
1.548185745481718056e+00
1.548185745481718056e+00
1.527196085977973627e+00
1.527196085977973627e+00
1.527196085977973627e+00
1.524162871425196242e+00
1.524162871425196242e+00
1.524162871425196242e+00
1.524162871425196242e+00
1.524162871425196242e+00
1.524162871425196242e+00
1.510241604282202443e+00
1.474525095200800440e+00
1.462570135269114724e+00
1.455961847497216910e+00
1.452568636884726594e+00
1.450698364237285931e+00
1.434856812861490249e+00
1.434856812861490249e+00
1.434856812861490249e+00
1.434856812861490249e+00
1.431778159655144878e+00
1.425311737026147885e+00
1.425311737026147885e+00
1.419660494130233541e+00
1.419660494130233541e+00
1.419660494130233541e+00
1.419660494130233541e+00
1.419660494130233541e+00
1.405708873122503588e+00
1.405708873122503588e+00
1.404560053573711720e+00
1.404560053573711720e+00
1.404560053573711720e+00
1.404560053573711720e+00
1.383245456691479802e+00
1.356728051167897409e+00
1.356728051167897409e+00
1.356728051167897409e+00
1.356728051167897409e+00
1.356728051167897409e+00
1.356728051167897409e+00
1.356728051167897409e+00
1.356728051167897409e+00
1.332683156317453710e+00
1.307456532493031176e+00
1.269539898611012907e+00
1.239565205154731231e+00
1.227956820375594615e+00
1.198768962431864260e+00
1.165589380977798850e+00
1.098241169836960740e+00
1.050353546485520928e+00
9.973360902082342161e-01
9.523421686172102163e-01
9.188911590008739250e-01
8.951216811676026008e-01
8.951216811676026008e-01
8.761088289658827133e-01
8.727669024528821318e-01
8.694722474090400555e-01
8.631189036345092713e-01
8.462507133287799910e-01
8.271159611800451561e-01
7.745403377747304141e-01
7.633408961645882229e-01
7.633408961645882229e-01
7.418641214101453496e-01
7.418641214101453496e-01
7.274312776899143351e-01
6.957174616291246227e-01
6.844023492244919460e-01
6.824405721010795567e-01
6.717349119910511757e-01
6.396605838358626617e-01
6.337581448451634625e-01
5.963558451152937145e-01
5.371539505042768337e-01
5.338502545055501258e-01
5.244253327230593564e-01
5.188660442349167790e-01
4.840236547902961872e-01
4.709734509806978719e-01
4.688075859621662622e-01
4.288171036484909049e-01
4.112904971260410991e-01
3.922194249708785829e-01
3.901732590393925948e-01
3.844771500642755191e-01
3.844771500642755191e-01
3.722466874477253773e-01
3.722466874477253773e-01
3.485468878596019726e-01
3.202966478773143777e-01
3.026621710264069121e-01
2.956184749452571703e-01
2.866355786700254260e-01
2.758229849813794710e-01
2.633235264264910946e-01
2.561773277571841034e-01
2.481929398533345710e-01
2.473570806786558329e-01
2.473570806786558329e-01
2.464144007385183077e-01
2.462483324769968451e-01
2.462120650154097090e-01
2.352531051880569490e-01
2.352531051880569490e-01
2.352531051880569490e-01
2.352531051880569490e-01
2.352531051880569490e-01
2.346650507529223217e-01
2.346650507529223217e-01
2.346650507529223217e-01
2.345208815138201675e-01
2.345119278313313183e-01
2.282146484182892010e-01
2.138652112318409904e-01
2.138652112318409904e-01
1.931220005906448822e-01
1.931220005906448822e-01
1.604839951404178899e-01
1.590772290681194967e-01
1.590468967560341174e-01
1.590461952018353831e-01
1.590458073347150170e-01
1.590458073347150170e-01
1.590457365679722457e-01
1.590457365679722457e-01
1.590457365679722457e-01
1.590456197867383403e-01
