3.852605114860914171e+01
3.852605114860914171e+01
3.852605114860914171e+01
2.802939666511222327e+01
1.852673917411750182e+01
9.967581948036333017e+00
4.298188968695209056e+00
4.298188968695209056e+00
2.714120925119803296e+00
9.189167304597890551e-01
9.189167304597890551e-01
6.923390629437902177e-01
6.923390629437902177e-01
6.923390629437902177e-01
6.364519944467370571e-01
4.732190612476822600e-01
4.216351062867490507e-01
3.414538940631253183e-01
2.551148245065727460e-01
2.551148245065727460e-01
2.551148245065727460e-01
2.551148245065727460e-01
2.551148245065727460e-01
2.551148245065727460e-01
2.551148245065727460e-01
2.013318819552206429e-01
1.765219561668457671e-01
1.765219561668457671e-01
1.765219561668457671e-01
1.765219561668457671e-01
1.765219561668457671e-01
1.765219561668457671e-01
1.765219561668457671e-01
1.765219561668457671e-01
1.765219561668457671e-01
1.765219561668457671e-01
1.765219561668457671e-01
1.765219561668457671e-01
1.765219561668457671e-01
1.765219561668457671e-01
1.765219561668457671e-01
1.515486428593780799e-01
1.515486428593780799e-01
1.515486428593780799e-01
1.515486428593780799e-01
1.515486428593780799e-01
1.515486428593780799e-01
1.515486428593780799e-01
1.515486428593780799e-01
1.515486428593780799e-01
1.515486428593780799e-01
1.515486428593780799e-01
1.515486428593780799e-01
1.515486428593780799e-01
1.515486428593780799e-01
1.515486428593780799e-01
1.319605992672254757e-01
1.319605992672254757e-01
1.319605992672254757e-01
1.319605992672254757e-01
1.319605992672254757e-01
1.319605992672254757e-01
1.319605992672254757e-01
1.319605992672254757e-01
1.319605992672254757e-01
1.179805379607067051e-01
1.179805379607067051e-01
1.179805379607067051e-01
1.179805379607067051e-01
1.179805379607067051e-01
1.179805379607067051e-01
1.179805379607067051e-01
1.179805379607067051e-01
1.179805379607067051e-01
1.179805379607067051e-01
1.179805379607067051e-01
1.179805379607067051e-01
1.179805379607067051e-01
1.179805379607067051e-01
1.179805379607067051e-01
1.179805379607067051e-01
1.179805379607067051e-01
1.179805379607067051e-01
1.179805379607067051e-01
1.179805379607067051e-01
1.179805379607067051e-01
1.179805379607067051e-01
1.179805379607067051e-01
1.114611387530836939e-01
1.114611387530836939e-01
1.090244594808886525e-01
1.090244594808886525e-01
1.058553663394871530e-01
1.058553663394871530e-01
1.001157602253711226e-01
1.001157602253711226e-01
1.001157602253711226e-01
9.904541540847741632e-02
9.904541540847741632e-02
9.904541540847741632e-02
9.904541540847741632e-02
9.904541540847741632e-02
9.904541540847741632e-02
9.754728554915517713e-02
9.681064585945901857e-02
9.653686198028324505e-02
9.642159698260555079e-02
9.637021081758574692e-02
9.634696486269676841e-02
9.633641602940822002e-02
9.269973427996570925e-02
9.269973427996570925e-02
9.269973427996570925e-02
9.269973427996570925e-02
9.159377829559883777e-02
9.159377829559883777e-02
9.159377829559883777e-02
9.159377829559883777e-02
9.159377829559883777e-02
9.159377829559883777e-02
9.159377829559883777e-02
8.955639447205403225e-02
8.955639447205403225e-02
8.955639447205403225e-02
8.955639447205403225e-02
8.955639447205403225e-02
8.955639447205403225e-02
8.955639447205403225e-02
8.824998626654835532e-02
8.824998626654835532e-02
8.671264261009337115e-02
8.671264261009337115e-02
8.671264261009337115e-02
8.671264261009337115e-02
8.671264261009337115e-02
8.671264261009337115e-02
8.671264261009337115e-02
8.671264261009337115e-02
8.668386984960982367e-02
8.452777472813016724e-02
8.452777472813016724e-02
8.452777472813016724e-02
7.989212756093461154e-02
7.980003683215985966e-02
7.980003683215985966e-02
7.788959277657073188e-02
7.447440281821549046e-02
7.447440281821549046e-02
7.447440281821549046e-02
7.441397359953530466e-02
7.423210590282200427e-02
7.418827671010060076e-02
7.417748770060952901e-02
7.417501341946428073e-02
7.417431209982794371e-02
7.373475507448332134e-02
7.330204133064956162e-02
7.296812710110497924e-02
7.264849215161114926e-02
7.264849215161114926e-02
7.264849215161114926e-02
7.264849215161114926e-02
7.264849215161114926e-02
7.264849215161114926e-02
7.264849215161114926e-02
7.201723608636234619e-02
7.190718819883712420e-02
7.160820034920373223e-02
7.160820034920373223e-02
7.160820034920373223e-02
7.123725682121295755e-02
7.114463210890976941e-02
7.113222902375018752e-02
7.113055379063590311e-02
7.113029717247001948e-02
7.004082581298809451e-02
6.972013946560585984e-02
6.969227321852342061e-02
6.962711701455141788e-02
6.960206379762505502e-02
6.959943666331970535e-02
6.959917616192518031e-02
6.883980868274240661e-02
6.883980868274240661e-02
6.883980868274240661e-02
6.853935282019242570e-02
6.808287473840296533e-02
6.660227196117565751e-02
6.660227196117565751e-02
6.660227196117565751e-02
6.660227196117565751e-02
6.660227196117565751e-02
6.660227196117565751e-02
6.660227196117565751e-02
6.660094537958513583e-02
6.660094537958513583e-02
6.555425666182829181e-02
6.552218211073038145e-02
6.514988474668652330e-02
6.498376659192528493e-02
