1.123828625940896018e+02
1.123828625940896018e+02
9.795719791993745673e+01
7.699263899335338124e+01
5.586625686588243411e+01
3.519996540507418104e+01
2.388575048125554545e+01
1.491989190328568782e+01
1.491989190328568782e+01
6.667859608642885405e+00
6.667859608642885405e+00
3.795600774410354816e+00
2.126716685118702266e+00
1.246092854104132286e+00
1.246092854104132286e+00
9.671256300953313678e-01
7.742476117548673376e-01
6.347906909741585224e-01
6.347906909741585224e-01
6.347906909741585224e-01
6.347906909741585224e-01
6.347906909741585224e-01
6.347906909741585224e-01
6.347906909741585224e-01
5.752890412478702808e-01
5.628944461639557861e-01
5.444176619762493008e-01
5.226677632354632674e-01
4.651898048272708475e-01
4.651898048272708475e-01
3.513053960653794716e-01
3.513053960653794716e-01
3.513053960653794716e-01
2.950950636950891437e-01
2.950950636950891437e-01
2.950950636950891437e-01
2.950950636950891437e-01
2.950950636950891437e-01
2.950950636950891437e-01
2.950950636950891437e-01
2.950950636950891437e-01
2.808612378456873948e-01
2.808612378456873948e-01
2.808612378456873948e-01
2.808612378456873948e-01
2.808612378456873948e-01
2.808612378456873948e-01
2.808612378456873948e-01
2.808612378456873948e-01
2.548713854438717785e-01
2.548713854438717785e-01
2.548713854438717785e-01
2.548713854438717785e-01
2.548713854438717785e-01
2.548713854438717785e-01
2.548713854438717785e-01
2.476669225823821263e-01
2.476669225823821263e-01
2.473542481220921685e-01
2.473542481220921685e-01
2.473542481220921685e-01
2.211183291596960088e-01
2.211183291596960088e-01
2.139192437086449572e-01
2.139192437086449572e-01
2.139192437086449572e-01
1.907536552692369325e-01
1.907536552692369325e-01
1.907536552692369325e-01
1.907536552692369325e-01
1.907536552692369325e-01
1.907536552692369325e-01
1.877451985755232700e-01
1.877451985755232700e-01
1.798547213121989563e-01
1.798547213121989563e-01
1.798547213121989563e-01
1.731636109067864748e-01
1.628020407256222102e-01
1.628020407256222102e-01
1.628020407256222102e-01
1.628020407256222102e-01
1.628020407256222102e-01
1.628020407256222102e-01
1.514332067645241531e-01
1.492923420890221731e-01
1.492923420890221731e-01
1.492923420890221731e-01
1.486784151186164027e-01
1.486784151186164027e-01
1.486784151186164027e-01
1.486784151186164027e-01
1.486784151186164027e-01
1.486784151186164027e-01
1.386892742951739144e-01
1.386892742951739144e-01
1.386892742951739144e-01
1.363677391548113182e-01
1.363677391548113182e-01
1.363677391548113182e-01
1.363677391548113182e-01
1.363677391548113182e-01
1.363677391548113182e-01
1.363677391548113182e-01
1.363677391548113182e-01
1.363677391548113182e-01
1.363677391548113182e-01
1.363677391548113182e-01
1.363677391548113182e-01
1.220585773779001432e-01
1.220585773779001432e-01
1.220585773779001432e-01
1.112296496365312581e-01
1.047114780271875406e-01
1.047114780271875406e-01
1.038918367905265761e-01
1.038918367905265761e-01
1.038918367905265761e-01
1.038918367905265761e-01
1.038918367905265761e-01
1.038918367905265761e-01
1.038918367905265761e-01
1.038918367905265761e-01
1.038918367905265761e-01
9.884233043024509557e-02
9.509757390193719628e-02
9.337378576473716330e-02
8.991119406267934766e-02
8.838576592403647736e-02
8.389613913031358783e-02
8.389613913031358783e-02
8.389613913031358783e-02
8.389613913031358783e-02
8.389613913031358783e-02
8.389613913031358783e-02
8.389613913031358783e-02
8.389613913031358783e-02
8.232916316041465066e-02
8.232916316041465066e-02
8.232916316041465066e-02
8.232916316041465066e-02
8.222170476178862486e-02
8.083272150457471161e-02
7.947031597431358785e-02
7.947031597431358785e-02
7.947031597431358785e-02
7.947031597431358785e-02
7.947031597431358785e-02
7.846809791027775649e-02
7.846809791027775649e-02
7.846809791027775649e-02
7.846809791027775649e-02
7.846809791027775649e-02
7.846809791027775649e-02
7.846809791027775649e-02
7.846809791027775649e-02
7.657434891761874529e-02
7.617718116827375263e-02
7.606132049099009751e-02
7.603912437092649745e-02
7.439783998017307498e-02
7.439783998017307498e-02
7.439783998017307498e-02
7.439783998017307498e-02
7.439783998017307498e-02
7.439783998017307498e-02
7.439783998017307498e-02
7.439783998017307498e-02
7.439783998017307498e-02
7.439783998017307498e-02
7.439783998017307498e-02
7.368313134655722629e-02
7.368313134655722629e-02
7.312889996046866015e-02
7.312889996046866015e-02
7.298228460589947786e-02
7.282285028710487607e-02
7.280337760760960397e-02
7.102514781596183657e-02
7.078476731909265351e-02
6.809469790738524597e-02
6.727290689171147586e-02
6.727290689171147586e-02
6.501661658591872950e-02
6.312933391715103149e-02
6.312933391715103149e-02
6.285113435652968372e-02
6.103758168403609213e-02
6.103758168403609213e-02
6.095074543566293690e-02
6.092830245185556354e-02
6.092716209227972551e-02
6.092716209227972551e-02
6.092716209227972551e-02
6.073429835333280652e-02
6.072954820591093539e-02
6.072946733068786823e-02
6.072945171730657898e-02
6.072945171730657898e-02
6.067080887366287090e-02
