6.792356952289566152e+01
4.803788208603742760e+01
4.248677125652523046e+01
4.187891232341845438e+01
4.187891232341845438e+01
3.765010857607620665e+01
3.397748561638840670e+01
2.129110247698480762e+01
2.129110247698480762e+01
1.795545819889633776e+01
1.581316516407005324e+01
1.075413093336378267e+01
1.015270530309157948e+01
8.945257535685417594e+00
8.604711321967297266e+00
4.237627107529937653e+00
4.237627107529937653e+00
2.987788529777283486e+00
2.555177005817416802e+00
2.555177005817416802e+00
2.445786842151511209e+00
2.320211088406460398e+00
2.154234270475879232e+00
2.154234270475879232e+00
2.154234270475879232e+00
2.098012609578788101e+00
2.098012609578788101e+00
2.098012609578788101e+00
2.098012609578788101e+00
2.098012609578788101e+00
2.090716040505677498e+00
1.861029010630650848e+00
1.861029010630650848e+00
1.861029010630650848e+00
1.861029010630650848e+00
1.740265230611607983e+00
1.740265230611607983e+00
1.668185071468580416e+00
1.547428706292304001e+00
1.547428706292304001e+00
1.502136591589818826e+00
1.442099984816984648e+00
1.353213821295362829e+00
1.353213821295362829e+00
1.353213821295362829e+00
1.353213821295362829e+00
1.328666672763830769e+00
1.328666672763830769e+00
1.328666672763830769e+00
1.313762603320087541e+00
1.313762603320087541e+00
1.313762603320087541e+00
1.313762603320087541e+00
1.313762603320087541e+00
1.313762603320087541e+00
1.313762603320087541e+00
1.313762603320087541e+00
1.313762603320087541e+00
1.313762603320087541e+00
1.313762603320087541e+00
1.313762603320087541e+00
1.304599146961261003e+00
1.304599146961261003e+00
1.304599146961261003e+00
1.271914367829235726e+00
1.271914367829235726e+00
1.271914367829235726e+00
1.271914367829235726e+00
1.215448334747421200e+00
1.215448334747421200e+00
1.145419435136089570e+00
1.145419435136089570e+00
1.145419435136089570e+00
1.145419435136089570e+00
1.138794681345884019e+00
1.138794681345884019e+00
1.109598456939702826e+00
1.109598456939702826e+00
1.109598456939702826e+00
1.109598456939702826e+00
1.109598456939702826e+00
1.109598456939702826e+00
1.072735430403485068e+00
1.072735430403485068e+00
1.072735430403485068e+00
1.072735430403485068e+00
1.072735430403485068e+00
1.071811894777589869e+00
1.071811894777589869e+00
1.071811894777589869e+00
1.049788186639646792e+00
1.049788186639646792e+00
1.037142299778035293e+00
1.037142299778035293e+00
1.037142299778035293e+00
1.037142299778035293e+00
1.037142299778035293e+00
1.037142299778035293e+00
1.037142299778035293e+00
1.037142299778035293e+00
1.037142299778035293e+00
1.037142299778035293e+00
1.026397780827625894e+00
1.022797089805290272e+00
1.022426597508260482e+00
1.003355937537913967e+00
1.003355937537913967e+00
9.944190630122882180e-01
9.885602476677166628e-01
9.885602476677166628e-01
9.885602476677166628e-01
9.868230237952271278e-01
9.868230237952271278e-01
9.868230237952271278e-01
9.868230237952271278e-01
9.811376931408497537e-01
9.811376931408497537e-01
9.811376931408497537e-01
9.764641130138793645e-01
9.760294504818197714e-01
9.760294504818197714e-01
9.760294504818197714e-01
9.748011826595210927e-01
9.748011826595210927e-01
9.748011826595210927e-01
9.687182148355806266e-01
9.687182148355806266e-01
9.687182148355806266e-01
9.687182148355806266e-01
9.607321596813744868e-01
9.535598619709213519e-01
9.379623316363714380e-01
9.379623316363714380e-01
9.379623316363714380e-01
9.379623316363714380e-01
9.314212057738207040e-01
9.158855422981935224e-01
9.158855422981935224e-01
9.158855422981935224e-01
9.158855422981935224e-01
9.158855422981935224e-01
9.158855422981935224e-01
9.090641681331884660e-01
8.797286405950066612e-01
8.797286405950066612e-01
8.718756579617785718e-01
8.718756579617785718e-01
8.718756579617785718e-01
8.711952048139006699e-01
8.693158002518601712e-01
8.628720460358031419e-01
8.628720460358031419e-01
8.628720460358031419e-01
8.593587154504394032e-01
8.593587154504394032e-01
8.578089649823160689e-01
8.569381923671128831e-01
8.569381923671128831e-01
8.551063267412959412e-01
8.549857757072263365e-01
8.549577540245867358e-01
8.507786338327216757e-01
8.507786338327216757e-01
8.400809010156309320e-01
8.381353143114065318e-01
8.346062158352522964e-01
8.342189685635558183e-01
8.319101117624534414e-01
8.314391172297330712e-01
8.302934401772427142e-01
8.286798921917030158e-01
8.276724841892881823e-01
8.276724841892881823e-01
8.276724841892881823e-01
8.201169120153412040e-01
8.133491053538184357e-01
8.117138504278945677e-01
8.117138504278945677e-01
8.052476022732169003e-01
8.052476022732169003e-01
8.044899924480695130e-01
8.044230855368772470e-01
8.025730931440859806e-01
8.016005394489770230e-01
8.015872257403482415e-01
8.015872257403482415e-01
8.015872257403482415e-01
8.015872257403482415e-01
8.015844956926228004e-01
8.015844956926228004e-01
8.015844956926228004e-01
8.015844956926228004e-01
8.015842843131874007e-01
7.983455274197123197e-01
7.981237555949510787e-01
7.981237555949510787e-01
7.958951340030755439e-01
7.840923374262838141e-01
7.840923374262838141e-01
7.840066379255064000e-01
