2.112586743009709167e+01
2.112586743009709167e+01
2.112586743009709167e+01
1.562981765889784924e+01
1.562981765889784924e+01
1.562981765889784924e+01
6.871647910173114937e+00
6.428134932408390512e+00
6.428134932408390512e+00
5.102352772840291095e+00
5.102352772840291095e+00
3.192934356572165289e+00
2.471250773395583522e+00
2.435177161257487732e+00
2.346608682874778307e+00
2.077522396537769822e+00
2.077522396537769822e+00
2.077522396537769822e+00
2.077522396537769822e+00
2.077522396537769822e+00
2.016063147070812356e+00
1.878113470954825726e+00
1.705128969432285535e+00
1.477061954402816513e+00
1.477061954402816513e+00
1.477061954402816513e+00
1.477061954402816513e+00
1.477061954402816513e+00
1.477061954402816513e+00
1.421724042991607373e+00
1.421724042991607373e+00
1.421724042991607373e+00
1.421724042991607373e+00
1.421724042991607373e+00
1.404540115647738840e+00
1.346333890019999036e+00
1.346333890019999036e+00
1.096529522836970916e+00
1.096529522836970916e+00
1.004763054279285805e+00
1.004763054279285805e+00
1.004763054279285805e+00
1.004763054279285805e+00
1.004763054279285805e+00
1.004763054279285805e+00
9.877566187631464656e-01
8.502925300950303633e-01
8.502925300950303633e-01
4.028850230287664425e-01
4.028850230287664425e-01
4.028850230287664425e-01
4.028850230287664425e-01
4.028850230287664425e-01
3.031341327669738739e-01
3.031341327669738739e-01
2.300838547245876442e-01
2.300838547245876442e-01
2.300838547245876442e-01
2.300838547245876442e-01
2.300838547245876442e-01
2.300838547245876442e-01
2.300838547245876442e-01
2.300838547245876442e-01
2.300838547245876442e-01
2.300838547245876442e-01
2.300838547245876442e-01
2.300838547245876442e-01
2.300838547245876442e-01
2.300838547245876442e-01
2.300838547245876442e-01
2.300838547245876442e-01
2.300838547245876442e-01
2.300838547245876442e-01
2.300838547245876442e-01
2.300838547245876442e-01
2.300838547245876442e-01
2.300838547245876442e-01
2.300838547245876442e-01
2.300838547245876442e-01
2.300838547245876442e-01
2.300838547245876442e-01
2.300838547245876442e-01
2.300838547245876442e-01
2.300838547245876442e-01
2.300838547245876442e-01
2.227342208685303138e-01
2.227342208685303138e-01
2.227342208685303138e-01
2.227342208685303138e-01
2.227342208685303138e-01
2.182417815722052234e-01
2.182417815722052234e-01
2.182417815722052234e-01
1.836518585686105209e-01
1.836518585686105209e-01
1.836518585686105209e-01
1.836518585686105209e-01
1.836518585686105209e-01
1.836518585686105209e-01
1.836518585686105209e-01
1.836518585686105209e-01
1.836518585686105209e-01
1.836518585686105209e-01
1.836518585686105209e-01
1.836518585686105209e-01
1.836518585686105209e-01
1.836518585686105209e-01
1.777294557897383942e-01
1.777294557897383942e-01
1.777294557897383942e-01
1.777294557897383942e-01
1.777294557897383942e-01
1.777294557897383942e-01
1.576328054855580252e-01
1.576328054855580252e-01
1.576328054855580252e-01
1.576328054855580252e-01
1.576328054855580252e-01
1.576328054855580252e-01
1.576328054855580252e-01
1.576328054855580252e-01
1.576328054855580252e-01
1.576328054855580252e-01
1.516637322815455879e-01
1.516637322815455879e-01
1.516637322815455879e-01
1.516637322815455879e-01
1.516637322815455879e-01
1.235848666592428979e-01
1.235848666592428979e-01
1.235848666592428979e-01
1.235848666592428979e-01
1.235848666592428979e-01
1.235848666592428979e-01
1.235848666592428979e-01
1.235848666592428979e-01
1.235848666592428979e-01
1.235848666592428979e-01
1.235848666592428979e-01
1.235848666592428979e-01
1.235848666592428979e-01
1.235848666592428979e-01
1.235848666592428979e-01
1.235848666592428979e-01
1.092404531654325578e-01
1.092404531654325578e-01
1.092404531654325578e-01
1.092404531654325578e-01
1.047080867450522340e-01
1.047080867450522340e-01
1.047080867450522340e-01
1.047080867450522340e-01
1.047080867450522340e-01
1.047080867450522340e-01
1.046323385413463758e-01
1.021124588048287624e-01
1.021124588048287624e-01
1.021124588048287624e-01
1.021124588048287624e-01
1.021124588048287624e-01
1.021124588048287624e-01
1.021124588048287624e-01
1.021124588048287624e-01
1.021124588048287624e-01
1.016589293752763190e-01
1.005553021952176884e-01
1.004036114547627589e-01
1.003783647592820655e-01
1.003735683751090652e-01
1.003726612335841262e-01
1.003719296261436217e-01
1.003717043979503870e-01
1.003717043979503870e-01
1.003717043979503870e-01
1.003717043979503870e-01
1.003717043979503870e-01
1.003717043979503870e-01
1.003717043979503870e-01
1.003717043979503870e-01
1.003717043979503870e-01
1.003717043979503870e-01
1.003717043979503870e-01
1.003717043979503870e-01
1.003717043979503870e-01
1.003717043979503870e-01
1.003717043979503870e-01
1.003717043979503870e-01
1.003706293903266350e-01
1.003706293903266350e-01
1.003706293903266350e-01
1.003706293903266350e-01
1.003706293903266350e-01
1.003706293903266350e-01
1.003700500519533051e-01
1.003700500519533051e-01
1.003700500519533051e-01
1.003700500519533051e-01
1.003700500519533051e-01
1.003700500519533051e-01
1.003700500519533051e-01
