8.452602524994102140e+00
8.452602524994102140e+00
3.859827693256728143e+00
3.859827693256728143e+00
3.859827693256728143e+00
3.859827693256728143e+00
3.859827693256728143e+00
3.859827693256728143e+00
3.859827693256728143e+00
3.402233231320300977e+00
2.053174123905590953e+00
2.053174123905590953e+00
1.989800062555825644e+00
1.989800062555825644e+00
1.933510965721343400e+00
1.933510965721343400e+00
1.933510965721343400e+00
1.933510965721343400e+00
1.933510965721343400e+00
1.933510965721343400e+00
1.933510965721343400e+00
1.933510965721343400e+00
1.933510965721343400e+00
1.933510965721343400e+00
1.926533118921514909e+00
1.926533118921514909e+00
1.907176858790606833e+00
1.796127313614215293e+00
1.796127313614215293e+00
1.796127313614215293e+00
1.796127313614215293e+00
1.796127313614215293e+00
1.796127313614215293e+00
1.763334409904705913e+00
1.763334409904705913e+00
1.539704993268720123e+00
1.539704993268720123e+00
1.521936916577177890e+00
1.521936916577177890e+00
1.521936916577177890e+00
1.498237021549976955e+00
1.257009831042521952e+00
1.257009831042521952e+00
1.257009831042521952e+00
1.185519445941372929e+00
1.185519445941372929e+00
1.166697039070727859e+00
1.090377739890868503e+00
9.406536254240569495e-01
9.406536254240569495e-01
9.406536254240569495e-01
9.349171455372113915e-01
9.349171455372113915e-01
9.349171455372113915e-01
9.349171455372113915e-01
9.349171455372113915e-01
8.364869951178307561e-01
8.364869951178307561e-01
8.364869951178307561e-01
8.364869951178307561e-01
8.364869951178307561e-01
7.214641977218374524e-01
7.214641977218374524e-01
7.189233160169665737e-01
7.189233160169665737e-01
7.008786752494916561e-01
5.761045554305127547e-01
4.643241745010701638e-01
4.643241745010701638e-01
4.398810997714017734e-01
4.398810997714017734e-01
4.398810997714017734e-01
4.398810997714017734e-01
4.398810997714017734e-01
4.398810997714017734e-01
4.194309160093455113e-01
4.194309160093455113e-01
4.194309160093455113e-01
4.194309160093455113e-01
4.194309160093455113e-01
3.580234342339797537e-01
3.580234342339797537e-01
3.580234342339797537e-01
3.333755857908799469e-01
3.333755857908799469e-01
3.199608985131673355e-01
3.199608985131673355e-01
3.199608985131673355e-01
2.946562044656243495e-01
2.946562044656243495e-01
2.946562044656243495e-01
2.852156075735924334e-01
2.852156075735924334e-01
2.852156075735924334e-01
2.852156075735924334e-01
2.852156075735924334e-01
2.795974866979084039e-01
2.795974866979084039e-01
2.762544496794273607e-01
2.762544496794273607e-01
2.762544496794273607e-01
2.644339738011395324e-01
2.551998674150813273e-01
2.437708062265162290e-01
2.437708062265162290e-01
2.085977219155449869e-01
2.085977219155449869e-01
2.085977219155449869e-01
2.031382620595354183e-01
2.031382620595354183e-01
2.031382620595354183e-01
2.031382620595354183e-01
1.846206910312553351e-01
1.846206910312553351e-01
1.846206910312553351e-01
1.846206910312553351e-01
1.774411253608691452e-01
1.774411253608691452e-01
1.774411253608691452e-01
1.641362233356878919e-01
1.641362233356878919e-01
1.641362233356878919e-01
1.641362233356878919e-01
1.641362233356878919e-01
1.641362233356878919e-01
1.641362233356878919e-01
1.641362233356878919e-01
1.641362233356878919e-01
1.565230464961230306e-01
1.565230464961230306e-01
1.528147871003726621e-01
1.528147871003726621e-01
1.428707606767741778e-01
1.428707606767741778e-01
1.428707606767741778e-01
1.428707606767741778e-01
1.428707606767741778e-01
1.382471067889973204e-01
1.382471067889973204e-01
1.382471067889973204e-01
1.347313401256135801e-01
1.326315316991083793e-01
1.326315316991083793e-01
1.320592417341421299e-01
1.320592417341421299e-01
1.320592417341421299e-01
1.320592417341421299e-01
1.320592417341421299e-01
1.320592417341421299e-01
1.320592417341421299e-01
1.320261044705532405e-01
1.312678124020071335e-01
1.312678124020071335e-01
1.312678124020071335e-01
1.219196085805321073e-01
1.160145628184747896e-01
1.136925255644767874e-01
1.136925255644767874e-01
1.136925255644767874e-01
1.086903986350770263e-01
1.004510505963272654e-01
9.962659276057504731e-02
9.900633100836084277e-02
9.894012039674786319e-02
9.712677711624878585e-02
9.669443165494280568e-02
9.533844049443304658e-02
9.533844049443304658e-02
9.434537244018194324e-02
9.424243684104355312e-02
9.422749329781193728e-02
9.290850517755591675e-02
9.269069998665654952e-02
9.269069998665654952e-02
9.269069998665654952e-02
9.249374470438498363e-02
9.092542598640300511e-02
8.643517727495722558e-02
8.643517727495722558e-02
8.348715316343310877e-02
8.348715316343310877e-02
8.324067166260495920e-02
8.324067166260495920e-02
8.301966316468237239e-02
8.301804366845798311e-02
8.301803731926570007e-02
8.301803731926570007e-02
8.120610336675786189e-02
7.892051262325679162e-02
7.891892833504321469e-02
7.891892833504321469e-02
7.891632248484903300e-02
7.891610094616227644e-02
7.891610094616227644e-02
7.891610094616227644e-02
7.793815433103674917e-02
7.776008151167883298e-02
7.775194516500899544e-02
7.775180609946201471e-02
7.775180609946201471e-02
