1.967168809527064610e+01
1.967168809527064610e+01
1.967168809527064610e+01
1.881648754207903096e+01
1.881648754207903096e+01
1.837418714972456968e+01
1.837418714972456968e+01
1.643189768323633615e+01
1.592474073978142712e+01
1.592474073978142712e+01
1.425409519450904128e+01
1.393275932011312790e+01
1.168812509289496759e+01
1.005652344174096946e+01
7.994358701886639551e+00
5.893113916559507004e+00
5.802698282176642408e+00
5.161330283724643309e+00
5.161330283724643309e+00
4.522762296577806040e+00
4.522762296577806040e+00
4.399613392711590798e+00
3.936652475245612237e+00
3.683711916757673510e+00
3.683711916757673510e+00
3.679883317864232062e+00
3.390707023708588785e+00
3.390707023708588785e+00
3.113305554243999573e+00
2.980565860357617503e+00
2.921217351448121224e+00
2.853993975541367245e+00
2.827129382819675740e+00
2.827129382819675740e+00
2.827129382819675740e+00
2.638761338728795813e+00
2.638761338728795813e+00
2.638761338728795813e+00
2.638761338728795813e+00
2.638761338728795813e+00
2.638761338728795813e+00
2.638761338728795813e+00
2.638761338728795813e+00
2.589166760635526643e+00
2.589166760635526643e+00
2.413334128185785410e+00
2.348211895733918642e+00
2.348211895733918642e+00
2.348211895733918642e+00
2.348211895733918642e+00
2.348211895733918642e+00
2.238217673391329932e+00
2.238217673391329932e+00
2.162353440166752350e+00
2.162353440166752350e+00
2.162353440166752350e+00
2.123674765565494837e+00
2.107766862545553010e+00
2.107766862545553010e+00
2.070084496731737111e+00
2.070084496731737111e+00
2.070084496731737111e+00
2.070084496731737111e+00
2.070084496731737111e+00
2.070084496731737111e+00
2.070084496731737111e+00
2.070084496731737111e+00
1.974891239962284661e+00
1.974891239962284661e+00
1.974891239962284661e+00
1.815905223274477009e+00
1.717410611288768596e+00
1.680189450764439929e+00
1.680189450764439929e+00
1.680189450764439929e+00
1.680189450764439929e+00
1.564858684810363609e+00
1.520492714071672191e+00
1.455178049296460552e+00
1.388903242331115173e+00
1.364260123999436303e+00
1.364260123999436303e+00
1.364260123999436303e+00
1.340411752050218563e+00
1.328224626539990849e+00
1.297135917953355921e+00
1.297135917953355921e+00
1.297135917953355921e+00
1.297135917953355921e+00
1.297135917953355921e+00
1.297135917953355921e+00
1.297135917953355921e+00
1.297135917953355921e+00
1.297135917953355921e+00
1.297135917953355921e+00
1.297135917953355921e+00
1.297135917953355921e+00
1.287571475357672135e+00
1.287571475357672135e+00
1.280946964920502751e+00
1.278238696849494538e+00
1.278238696849494538e+00
1.278238696849494538e+00
1.278238696849494538e+00
1.278238696849494538e+00
1.278238696849494538e+00
1.257871697702520608e+00
1.218055596518971218e+00
1.208656203961662623e+00
1.206158867550493508e+00
1.204594487246691159e+00
1.204594487246691159e+00
1.204184484552923928e+00
1.143550818860353147e+00
1.143550818860353147e+00
1.143550818860353147e+00
1.113606439150644833e+00
1.108186255744591842e+00
1.108186255744591842e+00
1.108186255744591842e+00
1.044853309356462034e+00
1.001636522642659788e+00
9.865815915271228809e-01
9.595089245935943811e-01
8.969571822357258473e-01
8.121244433556441544e-01
7.536795271389948869e-01
6.802228528732670032e-01
5.614919984011489396e-01
5.123894737792809018e-01
4.473817662930117955e-01
4.194427797351040210e-01
3.397261658631441916e-01
3.073289144140970430e-01
2.520335944151647634e-01
1.897640082189678001e-01
1.699763716505099109e-01
1.673938824152179927e-01
1.665186360223561424e-01
1.576162294786783991e-01
1.540120306318901455e-01
1.537237991193703135e-01
1.452990281320125088e-01
1.389036398972087194e-01
1.325769411713894064e-01
1.167334301299388921e-01
1.167334301299388921e-01
1.167334301299388921e-01
1.167334301299388921e-01
1.167334301299388921e-01
1.157406180082602293e-01
1.157406180082602293e-01
1.138067280765623634e-01
1.138067280765623634e-01
1.075040660032195311e-01
1.057141639253289800e-01
1.057141639253289800e-01
1.057141639253289800e-01
1.057141639253289800e-01
9.683994417036223545e-02
9.683994417036223545e-02
9.683994417036223545e-02
9.683994417036223545e-02
9.683994417036223545e-02
9.683994417036223545e-02
9.683994417036223545e-02
9.683994417036223545e-02
9.683994417036223545e-02
9.645128577052367036e-02
9.622222616021697261e-02
9.590100568938061953e-02
9.590100568938061953e-02
9.590100568938061953e-02
9.590100568938061953e-02
9.590100568938061953e-02
9.565615532939700238e-02
9.560807311281849241e-02
9.560807311281849241e-02
9.492609950081433434e-02
9.458957834846759560e-02
9.305657959435878479e-02
9.263078799371617100e-02
9.261317827915470369e-02
9.261177804860579177e-02
9.261164535048839463e-02
9.261164535048839463e-02
9.261164535048839463e-02
9.261164535048839463e-02
9.261164535048839463e-02
9.261161918815280503e-02
9.261161296665670895e-02
9.261160793335687647e-02
9.261160776551062568e-02
9.261160324930972632e-02
9.261159779364810940e-02
9.261159779364810940e-02
9.261159779364810940e-02
9.261159779364810940e-02
9.261159779364810940e-02
9.261159779364810940e-02
