2.349888319641983969e+01
1.380643598114176740e+01
1.380643598114176740e+01
1.380643598114176740e+01
1.380643598114176740e+01
1.380643598114176740e+01
1.362180848417753154e+01
1.362180848417753154e+01
4.767466868209622177e+00
4.767466868209622177e+00
3.735945285903684798e+00
2.675501571967259018e+00
2.675501571967259018e+00
2.675501571967259018e+00
2.675501571967259018e+00
1.865325512191368329e+00
1.865325512191368329e+00
1.865325512191368329e+00
1.538004187557414859e+00
1.295905171333823880e+00
1.295905171333823880e+00
1.295905171333823880e+00
1.295905171333823880e+00
1.295905171333823880e+00
1.295905171333823880e+00
1.295905171333823880e+00
1.295905171333823880e+00
1.213856146663235158e+00
1.098567597139394225e+00
1.098567597139394225e+00
1.098567597139394225e+00
1.098567597139394225e+00
1.098567597139394225e+00
1.074697738955679327e+00
1.074697738955679327e+00
1.074697738955679327e+00
1.074697738955679327e+00
1.074697738955679327e+00
1.074697738955679327e+00
1.074697738955679327e+00
1.074697738955679327e+00
1.074697738955679327e+00
1.032089847819019468e+00
1.032089847819019468e+00
1.032089847819019468e+00
1.032089847819019468e+00
1.032089847819019468e+00
1.032089847819019468e+00
1.026147017131889605e+00
1.002037488183149749e+00
1.002037488183149749e+00
1.002037488183149749e+00
1.002037488183149749e+00
1.002037488183149749e+00
1.002037488183149749e+00
9.601569844086226269e-01
9.601569844086226269e-01
9.601569844086226269e-01
9.601569844086226269e-01
9.601569844086226269e-01
9.601569844086226269e-01
9.601569844086226269e-01
9.601569844086226269e-01
9.601569844086226269e-01
9.601569844086226269e-01
9.601569844086226269e-01
9.601569844086226269e-01
9.601569844086226269e-01
9.601569844086226269e-01
9.601569844086226269e-01
9.601569844086226269e-01
9.572259838698407020e-01
9.572259838698407020e-01
9.572259838698407020e-01
9.572259838698407020e-01
9.555283560741140159e-01
9.555283560741140159e-01
9.431184715401066398e-01
9.409150888956860914e-01
9.409150888956860914e-01
9.409150888956860914e-01
9.409150888956860914e-01
9.409150888956860914e-01
9.409150888956860914e-01
9.409150888956860914e-01
9.409150888956860914e-01
9.409150888956860914e-01
9.409150888956860914e-01
9.403741249155685988e-01
9.377563612766885992e-01
9.377563612766885992e-01
9.377563612766885992e-01
9.377563612766885992e-01
9.377563612766885992e-01
9.377563612766885992e-01
9.318189000551500012e-01
9.306476834674652920e-01
9.306476834674652920e-01
9.306476834674652920e-01
9.306476834674652920e-01
9.306476834674652920e-01
9.306476834674652920e-01
9.306476834674652920e-01
9.263082501371819877e-01
9.263082501371819877e-01
9.263082501371819877e-01
9.263082501371819877e-01
9.263082501371819877e-01
9.263082501371819877e-01
9.263082501371819877e-01
9.263082501371819877e-01
9.263082501371819877e-01
9.263082501371819877e-01
9.263082501371819877e-01
9.238105873203965590e-01
9.203868157868224653e-01
9.182282152074390247e-01
9.175637585360418846e-01
9.173566393311690659e-01
9.172508614169798680e-01
9.172003126574178600e-01
9.171812201376392526e-01
9.155075482404604337e-01
9.122201843884560901e-01
9.122201843884560901e-01
9.122201843884560901e-01
9.113258681915302750e-01
9.111996862204766456e-01
9.111996862204766456e-01
9.103806526547844058e-01
9.098052854014215818e-01
9.098052854014215818e-01
9.098052854014215818e-01
9.075219802490368526e-01
9.067451873413148178e-01
9.065304045681590317e-01
9.064647287194469438e-01
9.064441847681278253e-01
9.064383952477930162e-01
9.064359529860144260e-01
9.043990868041549280e-01
9.015076683536775715e-01
9.015076683536775715e-01
9.008366776867295922e-01
8.996605653530397317e-01
8.986587521751866481e-01
8.984530627371358769e-01
8.984045121101504883e-01
8.961842292628536821e-01
8.961107818411373493e-01
8.938249060671266122e-01
8.938249060671266122e-01
8.938249060671266122e-01
8.927253626645923479e-01
8.927253626645923479e-01
8.919116599715015692e-01
8.919116599715015692e-01
8.919116599715015692e-01
8.919116599715015692e-01
8.919116599715015692e-01
8.919116599715015692e-01
8.913079559127452534e-01
8.912811783835798973e-01
8.869964742541565084e-01
8.858034329383253080e-01
8.848913050361689736e-01
8.816247674079876750e-01
8.763555951643269282e-01
8.763555951643269282e-01
8.747691970672115680e-01
8.747691970672115680e-01
8.742340662303710319e-01
8.729259778994884478e-01
8.723294778944143957e-01
8.723016444783240342e-01
8.722983075842092315e-01
8.722982536372165807e-01
8.722978861355386027e-01
8.722977668090734493e-01
8.722977668090734493e-01
8.718887548295781720e-01
8.718887548295781720e-01
8.675508485842987616e-01
8.672411335228245033e-01
8.671947067498479989e-01
8.671947067498479989e-01
8.671769511799503061e-01
8.640881013248242759e-01
8.637363237155151197e-01
8.635521528357911203e-01
8.635421379538726905e-01
8.626071395406149644e-01
8.616374968384772348e-01
8.615743290036426139e-01
8.605199159468350789e-01
8.605199159468350789e-01
8.605199159468350789e-01
8.596040257853969635e-01
8.593297694424675282e-01
8.593297694424675282e-01
