2.705427982889789718e+01
2.705427982889789718e+01
2.154469160592383759e+01
1.682865801064047062e+01
1.526361401686343378e+01
8.310131103858704904e+00
8.310131103858704904e+00
6.958511819829769074e+00
6.958511819829769074e+00
4.049381657824628000e+00
4.049381657824628000e+00
2.183695523710106556e+00
1.947525636730823795e+00
9.327557813417443056e-01
7.181401296479132945e-01
7.181401296479132945e-01
7.181401296479132945e-01
7.181401296479132945e-01
7.181401296479132945e-01
5.217719644929722511e-01
4.819643934019351428e-01
4.819643934019351428e-01
4.665680866977629515e-01
3.434887731299476887e-01
3.434887731299476887e-01
2.614838034794718102e-01
2.614838034794718102e-01
2.614838034794718102e-01
2.614838034794718102e-01
2.614838034794718102e-01
2.614838034794718102e-01
2.614838034794718102e-01
2.614838034794718102e-01
2.611200779493917934e-01
2.611200779493917934e-01
2.611200779493917934e-01
2.611200779493917934e-01
2.396089295052890034e-01
2.396089295052890034e-01
2.298357669954121385e-01
2.246243062852488759e-01
1.838326142334841817e-01
1.784852401222901119e-01
1.371933982691993792e-01
1.268849339568914047e-01
1.268849339568914047e-01
1.256464996738295703e-01
1.256464996738295703e-01
1.256464996738295703e-01
1.256464996738295703e-01
1.256464996738295703e-01
1.256464996738295703e-01
1.256464996738295703e-01
1.256464996738295703e-01
1.189629782424190124e-01
1.189629782424190124e-01
1.189629782424190124e-01
1.189629782424190124e-01
1.189629782424190124e-01
1.189629782424190124e-01
1.189629782424190124e-01
1.189629782424190124e-01
1.189629782424190124e-01
1.189629782424190124e-01
1.189629782424190124e-01
1.189629782424190124e-01
1.189629782424190124e-01
1.189629782424190124e-01
1.189629782424190124e-01
1.189629782424190124e-01
1.189629782424190124e-01
1.189629782424190124e-01
1.189629782424190124e-01
1.189629782424190124e-01
1.189629782424190124e-01
1.184057425524407403e-01
1.131609307326559843e-01
1.083227819248853835e-01
1.083227819248853835e-01
1.083227819248853835e-01
1.083227819248853835e-01
1.083227819248853835e-01
1.083227819248853835e-01
1.083227819248853835e-01
1.083227819248853835e-01
1.067813502615792137e-01
1.067813502615792137e-01
1.067813502615792137e-01
1.067813502615792137e-01
1.067813502615792137e-01
1.029133069329773859e-01
1.029133069329773859e-01
1.029133069329773859e-01
1.029133069329773859e-01
1.029133069329773859e-01
1.029133069329773859e-01
1.029133069329773859e-01
1.029133069329773859e-01
1.029133069329773859e-01
1.029133069329773859e-01
1.029133069329773859e-01
1.029133069329773859e-01
1.019264222394849345e-01
1.019264222394849345e-01
1.019264222394849345e-01
1.019264222394849345e-01
1.019264222394849345e-01
1.019264222394849345e-01
1.019264222394849345e-01
9.972787787904714707e-02
9.972787787904714707e-02
9.972787787904714707e-02
9.900157265598417966e-02
9.900157265598417966e-02
9.900157265598417966e-02
9.900157265598417966e-02
9.900157265598417966e-02
9.900157265598417966e-02
9.900157265598417966e-02
9.900157265598417966e-02
9.900157265598417966e-02
9.900157265598417966e-02
9.900157265598417966e-02
9.900157265598417966e-02
9.900157265598417966e-02
9.900157265598417966e-02
9.900157265598417966e-02
9.900157265598417966e-02
9.900157265598417966e-02
9.900157265598417966e-02
9.900157265598417966e-02
9.900157265598417966e-02
9.900157265598417966e-02
9.900157265598417966e-02
9.900157265598417966e-02
9.900157265598417966e-02
9.900157265598417966e-02
9.826857105339313614e-02
9.826857105339313614e-02
9.826857105339313614e-02
9.826857105339313614e-02
9.826857105339313614e-02
9.804918676376246645e-02
9.804918676376246645e-02
9.804918676376246645e-02
9.743334780591871025e-02
9.743334780591871025e-02
9.743334780591871025e-02
9.743334780591871025e-02
9.743334780591871025e-02
9.743334780591871025e-02
9.743334780591871025e-02
9.743334780591871025e-02
9.743334780591871025e-02
9.743334780591871025e-02
9.743334780591871025e-02
9.743334780591871025e-02
9.743334780591871025e-02
9.743334780591871025e-02
9.743334780591871025e-02
9.743334780591871025e-02
9.743334780591871025e-02
9.743334780591871025e-02
9.743334780591871025e-02
9.743334780591871025e-02
9.743334780591871025e-02
9.743334780591871025e-02
9.743334780591871025e-02
9.743334780591871025e-02
9.743334780591871025e-02
9.743334780591871025e-02
9.743334780591871025e-02
9.743334780591871025e-02
9.743334780591871025e-02
9.743334780591871025e-02
9.576267573072586026e-02
9.576267573072586026e-02
9.576267573072586026e-02
9.576267573072586026e-02
9.576267573072586026e-02
9.576267573072586026e-02
9.576267573072586026e-02
9.576267573072586026e-02
9.576267573072586026e-02
9.576267573072586026e-02
9.576267573072586026e-02
9.576267573072586026e-02
9.576267573072586026e-02
9.576267573072586026e-02
9.576267573072586026e-02
9.576267573072586026e-02
9.576267573072586026e-02
9.576267573072586026e-02
9.576267573072586026e-02
9.576267573072586026e-02
9.576267573072586026e-02
9.576267573072586026e-02
9.576267573072586026e-02
9.576267573072586026e-02
9.576267573072586026e-02
