-7.051111334116962226e+00
-3.815221627158608353e+00
-5.328240043577070928e+00
-5.425753928216407118e+00
-4.181062475736250228e+00
-1.212925593294547522e+00
-6.508694892339900839e+00
-3.359940739921606134e+00
8.231641372932976264e-01
-4.497681875407945284e+00
-2.112303527826719041e+00
-5.359003032447366976e+00
-2.763209500785918760e+00
-1.433837193584322600e+00
-1.259513812835679092e+00
-9.902119560336846149e-01
-2.496000455484196578e+00
-5.727322208762482880e+00
-2.124778336746957486e+00
1.594336305969323186e+00
-6.649773073964507120e+00
-1.754305473976358387e+00
-1.030102999566398125e+01
-3.951191990491501382e+00
-5.513019206729414812e-01
-5.081256482202978653e+00
-1.781115424020401683e+00
-4.598204910682856195e+00
-5.000000000000000000e+00
-7.280864522350433354e+00
-2.451532213925428749e+00
4.282814384457442336e-01
-6.452479787021722757e+00
-3.010260925848473601e+00
-1.698229367539058288e+00
-5.711738633766373141e+00
-2.988491007509374686e+00
3.321087808907777217e-01
-6.088809362207681986e+00
-2.958709784080017169e+00
-6.973376063766029143e-02
-7.027840355211237622e+00
-2.509595127463813746e+00
1.315134924316844867e+00
-2.423427067058362638e+00
-2.166311353035965670e+00
-2.855688863435007718e+00
-2.386169902541426247e+00
-4.000000000000000000e+00
-3.116513521569221012e+00
-1.864195740233693943e+00
-2.122984349459130726e+00
-6.573163861983496226e+00
-9.363309147383255815e-02
-6.171194459088920503e+00
-1.947132027563797330e+00
-6.789019554105017562e+00
-3.658484070327346238e+00
-4.000000000000000000e+00
-1.215154209165639099e+00
-6.495966506021209952e+00
-3.084547936123662737e+00
-4.249291096367188381e+00
-2.823108142570879053e+00
-6.825937471980654259e+00
-3.023403629638670598e+00
-5.768246051316210377e+00
-7.423830695955848658e-01
-7.466235336913181975e+00
-2.468709344506161418e+00
-6.469300988779913553e+00
-2.697330913524408569e+00
-5.630585380227821624e+00
-1.000000000000000000e+00
-2.556635698187925687e+00
-2.612446840261735570e+00
-3.898013156172448923e+00
-3.308758881367235283e+00
-1.756748891036085114e+00
-2.767602207692462901e+00
-4.411425631389214175e+00
-1.243633006987978407e+00
-4.887706385102324802e+00
-2.068745440116400935e+00
-2.849392754226538482e+00
-2.480547457971232106e+00
-1.000000000000000000e+00
-5.074596975086536510e+00
-4.354133433684204135e+00
5.116412974310853290e-01
-4.885847808153839011e+00
-3.665311728062795371e+00
1.078876893851536733e+00
-6.544068022635552317e+00
-4.311292597949324623e+00
-3.626039564662078551e-01
