-7.455242184955447549e+00
-1.912731893001224703e+00
-6.056864402146764803e+00
-5.919789229948575482e+00
-4.286044475980231638e+00
-6.628131922222002537e-01
-5.408845668766021575e+00
-4.202764625739311199e+00
9.545236740737208514e-01
-4.904960233813531190e+00
-3.439789586328016568e+00
-5.467803302042312019e+00
-4.087185561681278223e+00
-2.570055046600261850e+00
-1.977123576207351796e+00
-2.224278557841143478e+00
-3.158863778183656379e+00
-6.896116170586680028e+00
-1.217294894059021360e+00
-6.829767598382885385e-01
-5.799812556987227197e+00
-3.898920375761731449e+00
-8.571351003447377437e+00
-4.260208207449379891e+00
-1.298803746348298871e+00
-6.535157719534200993e+00
-2.492342646022304375e+00
-5.096988688903139497e+00
-1.753199485329327789e+00
-6.460070876865171563e+00
-1.423199915766849788e+00
9.479920578125309305e-01
-6.788132546872479800e+00
-2.743124199667933194e+00
1.090330818325702111e-02
-5.979655583957411480e+00
-3.678130271368013737e+00
2.000000000000000000e+00
-6.533493186466753144e+00
-2.874231034808616414e+00
8.104382402191947499e-01
-7.449135306335525897e+00
-1.218713313605555015e+00
4.545600443626239828e-01
-9.098731960339552227e-01
-1.740547057090195526e+00
-3.054839741071951664e+00
-1.543254367693201123e+00
-2.950498721108142597e+00
-3.536335446266772653e+00
-3.999656604517279224e+00
-5.537761507886368451e-02
-4.947910287046688005e+00
-2.529123914597840361e+00
-7.461769871463420856e+00
-8.851459728329018617e-01
-4.000000000000000000e+00
-2.535531552034037350e+00
-6.373950990685304241e+00
-9.635015470016119465e-01
-4.000000000000000000e+00
-2.668776156993260873e+00
-7.033145303801540571e+00
-6.723411061894397633e-01
-5.192473252769569392e+00
-7.227969196193800849e-01
-6.702147742070899028e+00
-3.664062427516996845e+00
-6.148798117150009013e+00
-1.449918521352324685e+00
-4.109251897196185332e+00
-3.094837622495663521e+00
-5.406738485548200579e+00
-1.990354210516138034e+00
-5.104137771353645547e+00
-4.308264154762372122e+00
-3.657088847710305402e+00
-4.044373257784810605e+00
-2.722902517450546789e+00
-3.418507792042463578e+00
-4.032773856744486629e+00
-1.562823860918246766e+00
-4.606697785564860759e+00
-1.292062791909295294e+00
-4.048194424180371342e+00
-2.708651538433603623e+00
1.585931178502179906e+00
-4.920960531315284214e+00
-3.167925820750962185e+00
2.322894446967585846e+00
-6.002666298320682436e+00
-4.793064769772832356e+00
-1.000000000000000000e+00
-4.316587220715472739e+00
-2.800214202246108730e+00
-1.000000000000000000e+00
