-6.448146995407803672e+00
-3.750763938785614648e+00
-5.713301383983066195e+00
-6.120345166963691241e+00
-1.642781978889922279e+00
-1.145306076101779147e-01
-5.745598405337451808e+00
-3.616886800244120792e+00
5.092721360024129451e-01
-6.217268241961984465e+00
-4.824260412588079916e+00
-5.092070672645473195e+00
-2.966987868373405224e+00
-4.000000000000000000e+00
-3.024985503487466421e+00
-2.888691006062797939e+00
-1.394428972945201517e+00
-5.635751175257721179e+00
-1.628088592251318412e+00
1.389573943676386758e+00
-7.720848610366177311e+00
-1.114705771942279489e+00
-9.294028394039045793e+00
-3.118545912303667844e+00
9.172331833812850110e-01
-5.373051113874661056e+00
-2.813984267077378476e+00
-4.480079247973541179e+00
-4.741719444616498969e+00
-5.951434330833163422e+00
-2.862423923056908848e+00
8.442881974891927044e-01
-5.513530764407843066e+00
-1.790344730711896037e+00
-4.902655862608437665e-02
-7.781197228592708903e+00
-9.189981820737216367e-01
2.059371127423586800e-01
-5.743583465935643062e+00
-1.949999904763040526e+00
-5.484069635699417855e-01
-7.309225801028440550e+00
-2.668179203900489238e+00
1.967564907463446255e+00
-2.320936877215922678e+00
-2.565968479987465134e+00
-1.603016443273789227e+00
-6.993922519586677211e-01
-2.659619022267480482e+00
-2.832531345822268953e-01
-3.102097923407858282e+00
0.000000000000000000e+00
-6.237318152756698098e+00
-1.604546488082940092e+00
-7.039308282398503813e+00
-1.996692960613423162e+00
-5.818881842390429604e+00
-1.854345670741869734e+00
-5.363996390062850672e+00
-2.265390135950106743e+00
-5.706607641567103428e+00
-1.960778490568088506e+00
-6.098442891491398399e+00
-2.443691145491586614e+00
-6.646692027560522575e+00
-7.543013656586958771e-01
-7.150258418461752363e+00
-1.457315739900324925e+00
-5.511010671584757326e+00
-1.608056067272786382e+00
-6.451383668925675607e+00
-1.595517075285890929e+00
-4.353443117636065729e+00
-2.874782492272806245e+00
-4.832123874431152544e+00
-1.272371317258549128e+00
-3.772793005471906991e+00
-2.135671018314845515e+00
-3.395619909271920367e+00
-3.890474676893082240e+00
-4.878156532347367680e+00
-2.391249040835742079e+00
-2.099044168023878054e+00
-3.173866740666664743e+00
-3.990137076712165332e+00
-3.021962112701639835e+00
-3.856816689317880131e-01
-6.544068022635552317e+00
-4.897081783617363904e+00
-6.768796999930010161e-02
-4.505680592864683476e+00
-4.260366441905930834e+00
1.134691103486540786e+00
-5.363618491895290497e+00
-4.267910889890026205e+00
3.801914147344749306e-01
