-4.397940008672037493e+00
-2.980008338675502522e+00
-6.400371328659876013e+00
-4.026840329477559877e+00
-5.000000000000000000e+00
-6.116348992508022775e-01
-5.931390915522065654e+00
-3.564164104621785789e+00
9.528100781998092295e-01
-4.460569791398245165e+00
-2.727445918198108554e+00
-4.737088103291465124e+00
-2.962110538776076663e+00
-1.809656383103006583e+00
-3.864577294352858683e+00
-1.157084402707458937e+00
-2.147616360200585550e+00
-6.424111637822089271e+00
-4.548977163591874096e+00
5.817193407805407723e-01
-9.191427839860802251e+00
-2.560739354945930302e+00
-7.761769913300664570e+00
-2.379460002291454490e+00
-1.171767767532421178e+00
-5.489610465769774628e+00
-3.634910919741791702e+00
-5.367360750257064161e+00
-3.598633169122481323e+00
-6.017657932373763785e+00
-3.300241811950642479e+00
-1.299530683967528688e+00
-5.019873139557817332e+00
-1.761159908670020480e+00
-1.769133334097545474e+00
-4.741148501709945506e+00
-3.732228489160779539e+00
-3.241078392063602154e-01
-6.320709993032925134e+00
-3.741902142303239920e+00
-5.608518787446767906e-01
-6.328815558125010732e+00
-2.532863484955644395e+00
-2.048314111132371051e-01
-1.611245705936468209e+00
-3.949508024058301370e+00
-2.067034305187967380e+00
0.000000000000000000e+00
-3.069744898807744704e+00
-3.386524064208388030e+00
0.000000000000000000e+00
-2.240385379278950317e+00
-5.537789437744500276e+00
-4.369030297932913198e-01
-5.178471335024910083e+00
-3.920818753952374891e+00
-6.686317289630538951e+00
-1.365912597929325178e+00
-7.010011836621292680e+00
-1.895998859066189368e+00
-4.410255729783116863e+00
-2.710594326422395284e+00
-5.629327633781769258e+00
-2.967505696068227228e-01
-5.755321838550924163e+00
-1.667147131457578313e+00
-7.028707571775183460e+00
-3.958607314841775082e+00
-6.004864239713243457e+00
-1.306925740330929120e+00
-5.819893131390087682e+00
-1.393932617207548574e+00
-5.297302936807668949e+00
-2.051267087436721148e+00
-4.200066557221583174e+00
-3.129100989574208569e+00
-4.275742932849610156e+00
-2.228679467379420576e+00
-2.960020434511968279e+00
-3.543999196907399174e+00
-2.492592718304639021e+00
-3.459676378935222285e+00
-5.690196149515636570e+00
-1.586194642099763241e+00
-5.608233067417405238e+00
-2.743205888605416920e+00
1.300401738736451707e+00
-3.988546215665867756e+00
-4.075222951275302208e+00
5.311965334013988294e-01
-5.428331193517583309e+00
-3.607296620274856203e+00
8.142054649320009663e-01
-6.544068022635552317e+00
-3.709336266817120364e+00
1.122188101665246407e+00
