-7.520149699630589879e+00
-1.818295920937017751e+00
-4.741363770384498189e+00
-5.598852342509387903e+00
-3.993296954114648578e+00
1.385919545660652119e+00
-5.168156205285316496e+00
-3.707618491748453149e+00
3.289441568092709711e-01
-6.541317164630036096e+00
-2.376021024156429462e+00
-6.015595156085487893e+00
-2.015278569392764396e+00
-4.000000000000000000e+00
-4.886632195902618769e-01
-2.198490217058146179e+00
-2.001356393969342840e+00
-6.747275473591658468e+00
-4.173729670132614089e+00
-2.764500772449998700e-01
-7.206542873027621532e+00
-1.963119433065291242e+00
-9.018655313014733110e+00
-2.855060474062034004e+00
-5.023725664995144502e-01
-6.167936546369278794e+00
-1.688475516588315628e+00
-4.790355817557046869e+00
-1.529027189073934867e+00
-7.233385802542532161e+00
-3.970943883831967725e+00
1.078736714006879760e+00
-6.929278585085258513e+00
-4.117248836665849510e+00
-3.536482488964175497e-01
-4.246093133185993018e+00
-2.868168474557376779e+00
-7.681851970351822878e-01
-7.328715946627236022e+00
-2.462674100728395654e+00
4.368942557392690995e-01
-8.643289022972933111e+00
-1.691504972589824352e+00
-4.239476034147968142e-01
5.350233553906215134e-01
-3.506830136135833165e+00
-2.774296163303628493e+00
0.000000000000000000e+00
-2.985049307551782771e+00
-1.260135155826014763e+00
-3.924438572416319548e+00
-8.582336362150877473e-01
-5.030645891003360681e+00
-1.184001860867753386e+00
-4.180855867017154281e+00
7.918124604762488694e-02
-5.306792517868659687e+00
-1.662072867003886012e+00
-6.913209043204373572e+00
-3.298937814950248182e+00
-6.871553076947248151e+00
-2.975576956928470462e+00
-6.060342804719089926e+00
-8.356978149681554280e-02
-5.726338007669747654e+00
-1.941847633226571335e-01
-4.796043562084846279e+00
-1.729345736419157342e+00
-6.808806095062724495e+00
-2.022328114056322068e+00
-7.291229586568961807e+00
-2.994552393174657823e+00
-3.026031808458055750e+00
-2.475318774497816232e+00
-4.086982805815061681e+00
-3.021803789021279218e+00
-5.100175090470311368e+00
-1.646914776558010995e+00
-4.307922745036862011e+00
-3.353764259521395008e+00
-4.188454431062184291e+00
-3.500603347376328056e+00
-4.156285486535685081e+00
-4.920270981699622403e+00
-5.227480897973241447e+00
-2.664753027452147371e+00
1.180188022150212568e+00
-3.103741679401575304e+00
-3.365099847522131871e+00
2.587406775766392109e+00
-2.544068022635552317e+00
-2.786335829814565290e+00
2.519926823459536225e-01
-4.073597949224511794e+00
-3.887207551868632205e+00
1.719581733415661562e+00
