-7.177315339555133455e+00
-1.000000000000000000e+00
-3.889155499925316839e+00
-4.784844673560733064e+00
-2.940017316217183208e+00
9.573306220283992474e-01
-5.739118646981602012e+00
-2.479270520073199702e+00
3.272871719810852564e-01
-6.720291179620495825e+00
-2.612463777878364368e+00
-4.699011463234356256e+00
-3.341184749058451864e+00
-7.852604591108038878e-01
-3.119002238761219292e+00
-3.278995980751417072e+00
-9.033397671793013117e-01
-6.050235482436085555e+00
-3.476087101249473843e+00
1.261629459337270998e+00
-7.754520419006350807e+00
-3.302254621958175207e+00
-8.989785378629782997e+00
-3.128695612760360678e+00
1.704924032995197347e+00
-6.527245064729617852e+00
-4.385829097638783480e+00
-3.975975117362877231e+00
-3.580527208041833109e+00
-5.633761562259083533e+00
-3.551230197366774366e+00
-1.807831262634951308e-03
-5.679907456534676768e+00
-2.957788239594039137e+00
-1.799062532338515208e+00
-5.141070706637081322e+00
-1.618667035024683676e+00
-3.031371738874191757e-01
-6.279642340030485492e+00
-3.934181478101635321e+00
-1.403915057752757267e+00
-6.956556709450215870e+00
-1.347597447262734782e+00
1.059384313947706380e+00
-2.036443003133386220e+00
-2.693158922797642241e+00
-1.618651309569000718e+00
-8.710410847195432238e-02
-3.127691162243930734e+00
-1.552878181270587854e+00
-2.847453483294001941e+00
0.000000000000000000e+00
-5.778330826598264025e+00
-2.319585966927955045e+00
-4.000000000000000000e+00
-2.014577427231729168e+00
-6.740603390674977824e+00
-1.812981653889959688e+00
-4.720254665059263388e+00
-1.096625617829810384e+00
-4.000000000000000000e+00
-3.606018888497187547e+00
-6.385388735516396963e+00
-1.920343823187969923e+00
-6.051919855543040683e+00
-1.821840409083709478e+00
-6.863112826156657853e+00
-2.003118769613300376e+00
-5.720606332610971734e+00
-2.096679938351770467e+00
-5.734151287402991848e+00
-5.251525076230022515e-01
-4.056813519898534004e+00
-2.756885284930391755e+00
-3.733975380363247609e+00
-2.054502233928190424e+00
-3.563535291556946039e+00
-1.604175715844829542e+00
-4.324801676509454573e+00
-4.035507236433580225e+00
-3.689594334965342615e+00
-1.013611738738921186e+00
-5.481576262633943486e+00
-1.312085021021409226e+00
-5.053025535948004077e+00
-3.722009478221677714e+00
6.134325105352835816e-01
-3.918655958007865703e+00
-3.622421283187216456e+00
4.168179833219619601e-01
-3.481677923474316483e+00
-2.307100249879251219e+00
1.450545700270156502e+00
-4.958501973453138589e+00
-2.795913211698755951e+00
7.460314443654318950e-01
