-6.183338414831148988e+00
-3.905412782337684963e+00
-4.699063306841276599e+00
-6.363529779407457454e+00
-3.714282430550342795e+00
4.664627571441857801e-01
-6.801498293546268670e+00
-2.687230866676046048e+00
-3.197091837885934762e-01
-5.130471950026920247e+00
-3.029549022875509756e+00
-5.518783031499412850e+00
-3.112280973277827378e+00
-4.000000000000000000e+00
-1.912781641959943713e+00
-1.059104445382033965e+00
-2.363218541982862408e+00
-6.075331284615931082e+00
-2.983834618235829517e+00
-2.195299506119695321e-01
-6.093563976917089953e+00
-3.174749931077706311e+00
-9.592523466712922442e+00
-2.338276192930327291e+00
-6.337516024660931890e-01
-5.788590086352679798e+00
-4.053802993927070553e+00
-6.761809624621499815e+00
-2.129770002886136382e+00
-7.250123466256517268e+00
-3.256497604463181705e+00
1.111951140120941428e+00
-7.242552406940860443e+00
-3.347041770447344966e+00
-1.383204229734637858e+00
-5.605037897467858521e+00
-1.367413969082202030e+00
-9.259068802804132359e-01
-6.101531588125819638e+00
-2.856484323084807375e+00
7.162682179577204433e-01
-6.932900074967413673e+00
-1.910964664465862217e+00
-4.321691117214120359e-01
-1.649530802543545116e+00
-3.646860908445346272e+00
-3.103225015790224806e+00
-5.081090105613579322e-01
-2.565268411239618018e+00
-2.926636120340274871e+00
-3.957167894273295072e+00
-2.281314621524373809e+00
-5.844950561520610322e+00
-5.352671551204555289e-01
-6.038270458987333278e+00
-2.753582964676933198e+00
-6.534355234187517070e+00
-1.993365641611164918e+00
-4.979306970511586883e+00
-3.332219750874779507e+00
-5.165701771111951501e+00
-9.461267733334250973e-01
-4.162045982787759613e+00
-2.748615253578706064e+00
-4.852172704093756117e+00
-1.470397071745628725e+00
-6.422726073476284547e+00
-2.886334629695344045e+00
-6.817475064337727986e+00
-2.790315379820846431e+00
-6.031094008448465438e+00
-1.477872225812991713e+00
-3.981085195325826387e+00
-1.804171595937714923e+00
-4.363492357970100599e+00
-3.287753946568527930e+00
-4.102522773078821849e+00
-3.236403675883109177e+00
-4.443158050853377006e+00
-3.476647204270582492e+00
-2.725126924675993934e+00
-2.855847813054062101e+00
-2.214679089764619135e+00
-2.121209958613657243e+00
-4.569661622959420910e+00
-4.426909481360656429e+00
-3.067872375207215674e-01
-3.710863377133660990e+00
-4.158613855472713006e+00
-2.066266881956895229e-01
-2.962990654835946369e+00
-3.134480846118457009e+00
-4.546136098233027889e-02
-4.437161803443176566e+00
-3.276016796855220292e+00
7.292464937215348275e-01
