-8.213632172166777323e+00
-5.000000000000000000e+00
-5.421844126206356584e+00
-5.884209581896212349e+00
-2.753962047071257135e+00
2.659617006536927342e-01
-5.669851027833182400e+00
-2.099476154994894372e+00
1.189164151586715290e+00
-6.410736448305877744e+00
-3.608312463017548932e+00
-6.245774033512271117e+00
-1.000000000000000000e+00
-1.902517431117709990e+00
-2.909202981352539297e+00
-5.735737375144205341e-01
-3.483772622178131328e+00
-7.128193128600882389e+00
-1.613323656732964739e+00
4.477856960277210585e-01
-9.129746456862577020e+00
-4.432087240058099731e+00
-9.821960452544127307e+00
-3.006304694829460278e+00
-1.070695407022147716e+00
-5.985275292065893815e+00
-2.165883235824387132e+00
-3.154901959985743076e+00
-3.761684347554654195e+00
-6.748772555264861417e+00
-2.842017894892662433e+00
-1.079003130568065849e+00
-5.565456228276819850e+00
-4.459499405083835022e+00
-5.893050401486843448e-01
-4.000000000000000000e+00
-2.700339130153824208e+00
1.953668971614797578e-01
-4.852938217200207127e+00
-3.957422706531543710e+00
-1.490913475462414484e+00
-7.470948053243453124e+00
-2.434201040002902161e+00
-5.845078414274731404e-01
-2.676774381657915036e+00
-3.707332413556991391e+00
-4.000000000000000000e+00
-2.476137134941405193e+00
-3.404401166619840602e+00
-2.882139272292334020e+00
-4.000000000000000000e+00
-1.132385686828936144e+00
-7.370153822560550516e+00
-2.450825597374167941e+00
-5.471597336980979165e+00
-3.920818753952374891e+00
-7.962544246849186713e+00
-1.606352761861605805e+00
-7.743686064488888299e+00
-1.518698269825637270e+00
-4.200000000000000178e+00
-3.346073432285401328e+00
-4.012715438232963727e+00
-1.513699155806095487e+00
-7.912772978484552411e+00
-3.183988675490287079e+00
-5.024595153690717630e+00
-1.810213647457428632e+00
-7.517377511918929223e+00
-2.205089938417808870e+00
-5.575553040067707578e+00
-3.165346194111295475e+00
-4.567966466617536803e+00
-1.618547229262892628e+00
-2.847593595359490415e+00
-2.381760861890706238e+00
-4.114045524275129928e+00
-4.597612657121916691e+00
-5.266139994052529083e+00
-2.627385889284086229e+00
-5.242120903651969144e+00
-3.708646224052556839e+00
-3.533341316923909847e+00
-2.805266879642200450e+00
-3.494261472906147858e+00
-2.013684199679108833e+00
1.447258745654735668e+00
-4.154409601677024000e+00
-1.457686967960597935e+00
5.817925580739691238e-01
-4.267582240662239457e+00
-1.771964153476934589e+00
2.748432222048640572e+00
-6.387909545818182266e+00
-3.008669459349204711e+00
-6.118687809847347392e-01
