-5.676485937451421826e+00
-3.933384379953327681e+00
-3.831195365940423869e+00
-8.000000000000000000e+00
-3.840031369452598042e+00
-1.867386787398038095e+00
-6.055436789467644410e+00
-3.337927214207613069e+00
3.823536652147545567e-01
-6.821121360269867928e+00
-1.761735578106228051e+00
-5.633063593343953457e+00
-2.755309033438612776e+00
-1.764699482723346424e+00
-3.361768293144305808e+00
-1.406455938042177944e+00
-1.290488223530084744e+00
-6.570524992856364044e+00
-3.445068263258936891e+00
-1.664682884836107268e-01
-8.366315714954771110e+00
-4.259001490492125619e+00
-8.264065777072895358e+00
-2.732133720009704447e+00
-3.182595132090156875e-01
-3.698970004336018746e+00
-2.356879858118982263e+00
-3.857830836114771067e+00
-5.000000000000000000e+00
-6.559859018423020771e+00
-3.279422663765454882e+00
6.841275361996239646e-01
-5.254428706792357850e+00
-3.568801791637161713e+00
1.000000000000000000e+00
-4.443175165744928989e+00
-1.914020142626878807e+00
-1.346289441560569455e-01
-5.830847253894845039e+00
-3.004999411446199975e+00
1.220980512082415981e+00
-6.567620083834658118e+00
-3.499172110491355348e+00
8.568447683466612341e-02
-2.370152180872819869e-01
-3.097088764452682774e+00
-4.000000000000000000e+00
-2.199491790582301931e+00
-2.054165587977281326e+00
-2.914711122574702884e+00
-3.429101515698337543e+00
-3.303329100885934455e-01
-5.810242987474532939e+00
1.451526525691268776e-01
-5.569482851924172806e+00
-3.920818753952374891e+00
-6.412077219917010851e+00
-2.315368052226852047e+00
-5.130751045075768069e+00
-2.941008484613926388e+00
-4.000000000000000000e+00
-2.993126461475682731e+00
-5.904400344444449722e+00
-1.588453901252695699e+00
-5.228579317515796632e+00
-2.584821821582511170e+00
-6.434437344422876848e+00
-2.659047971191367044e+00
-6.676174002783922035e+00
-2.709400992661158192e+00
-4.409549171801497636e+00
-1.646481629325775797e+00
-3.579340458882895870e+00
-2.057367000645474064e+00
-5.157786579761015844e+00
-2.721017649235683677e+00
-4.074171512800763395e+00
-3.705758556313439200e+00
-3.448514002608699336e+00
-3.027662708757663079e+00
-5.170816360663670785e+00
-2.182022337564004655e+00
-5.012871132414270292e+00
-3.806172009898702413e+00
-3.374027251863857213e+00
-1.591499480487954532e+00
-8.500456339806190531e-01
-4.864294325809885855e+00
-2.403303722250994756e+00
-4.767778102055058032e-01
-5.593984748270449892e+00
-2.307524984011526836e+00
1.509219104533665812e+00
-5.978358007102742455e+00
-1.554224772082892114e+00
9.197466066695734188e-01
