-5.699926711547909974e+00
-3.162874668850696569e+00
-5.764471751718067694e+00
-7.074657038002102105e+00
-2.229070848210787936e+00
-1.368206001865871491e+00
-6.125190078694138229e+00
-4.207964850433683068e+00
-6.174259050559708362e-01
-6.120463146477201022e+00
-2.708284531206739398e+00
-5.291633359148877780e+00
-3.342540175933256474e+00
-2.903129647752268117e+00
-1.290778075274124692e+00
-8.581329175938784415e-01
-8.473612184733682051e-01
-6.875913632673436027e+00
-3.105417762092661516e+00
6.100828068624575273e-01
-5.451029995663981609e+00
-2.558388077623611423e+00
-9.215719436138455123e+00
-1.742302510032526897e+00
2.000000000000000000e+00
-4.482141310908140497e+00
-3.412222599893105723e+00
-5.733898934634487077e+00
-1.377919054307146673e+00
-6.380787130867526358e+00
-3.032278182856229076e+00
-7.396859349693154506e-01
-4.635310036611981488e+00
-1.885155848142377799e+00
5.854630525043761358e-01
-5.934053985690512789e+00
-2.614455905402016889e+00
6.354730370221968183e-01
-5.984625897028029939e+00
-2.636144284591309450e+00
6.600245018958773580e-01
-7.023944773318252288e+00
-1.460141899831539192e+00
4.604181705943385938e-02
-1.283768551812576542e+00
-2.184821952027244940e+00
-1.963223639811357613e+00
-3.533494254426851278e+00
-2.157615430261886846e+00
-3.338312755506501972e+00
-5.039499259270510123e-01
-2.843698355445671400e+00
-5.677951685347863986e+00
-1.007355232746613316e+00
-6.100104498762851435e+00
-1.012743700432591654e+00
-6.880652405480291556e+00
-1.954250430814266304e+00
-5.052292218641833088e+00
-2.286801909204811079e+00
-4.255249285251662350e+00
-2.518804793546007836e+00
-6.025734427298336193e+00
-2.087565620375890219e-01
-6.391136324839718164e+00
-1.517699016714786797e+00
-5.831660322073980218e+00
-1.678405305263636960e+00
-6.631399875279651468e+00
-1.372742592890650259e+00
-4.298607620268988683e+00
-8.621024037234230608e-01
-3.012035283371087946e+00
-3.225462119349883139e+00
-4.721012345629971740e+00
-1.813100197277144554e+00
-2.992365583982672383e+00
-3.544843857132185860e+00
-2.172750611105397578e+00
-3.401235433127585583e+00
-2.419833587273743980e+00
-3.030948280637065118e+00
-2.670512122400913402e+00
-3.891505755324409233e+00
-4.775019470965881752e+00
-2.935584955631434845e+00
-2.127489948810587506e-02
-4.702774514355978042e+00
-2.092030728381939042e+00
1.312363223286260538e+00
-5.756564941493203413e+00
-4.253114940412309863e+00
7.995017646451689775e-01
-4.760615187237355883e+00
-2.872428331814056879e+00
2.227933284860332819e+00
