-6.848835916256940770e+00
-3.528464042980874460e+00
-5.570470501057586787e+00
-6.575391507542296843e+00
-1.664275529605315107e+00
3.175723795178701514e-01
-6.463413158522662627e+00
-2.068559445913354722e+00
1.378741025623100969e+00
-7.715566551406772611e+00
-3.932351398591055425e+00
-6.865565293674412040e+00
-3.225220006293881614e+00
-1.652843380980699051e+00
-3.437186630343594729e+00
-2.503007506757311429e+00
-2.190430652498511765e+00
-7.632487649620849801e+00
-3.476033761050817628e+00
1.045549095052646926e+00
-8.361170927442376666e+00
-3.356616935043937211e+00
-8.683564972288301931e+00
-3.208540393554337733e+00
1.759222928471763536e+00
-4.612874959832931054e+00
-3.483850561394738587e+00
-4.684616830278174326e+00
-2.936444331666766772e+00
-7.001059270468343421e+00
-3.101112910316025761e+00
5.557715787988074529e-01
-6.472933114918784092e+00
-3.401902616805084101e+00
-4.220969527965602319e-01
-5.969052219925597313e+00
-1.894292718513254759e+00
5.870480360424381594e-01
-5.079395713457155459e+00
-1.630169982112421145e+00
6.664145856802317081e-01
-7.835645763443859657e+00
-4.214564416423238313e+00
-4.748926193763982617e-01
-4.301069801031687234e-02
-3.364521220512880717e+00
-2.401124815819544178e+00
-1.837117409341034513e+00
-2.336464476408365964e+00
-5.397204584845575193e-01
-4.000000000000000000e+00
-5.295561238122961090e-01
-6.767723833555313817e+00
1.995805775002889026e-01
-6.296112698099025629e+00
-1.520718795588549277e+00
-4.810955990656966996e+00
-3.964221100608650072e+00
-6.188452266355578324e+00
-1.487673984952918138e+00
-6.059835034853397140e+00
-1.232538364844029788e+00
-5.472892045021477081e+00
-1.946593365983423918e-01
-5.609615660889319955e+00
-6.129317506277845995e-01
-5.283289490622818718e+00
-1.381253097694235876e+00
-6.335925684184780415e+00
-2.793524102757146910e+00
-6.167021098409841251e+00
-2.889926834571052705e+00
-5.616102108157592809e+00
-3.677555167150327708e+00
-2.899799350566829581e+00
-2.820264684686749401e+00
-5.671212048464874478e+00
-2.289770784269860915e+00
-3.455786176578856672e+00
-4.395853496873487032e+00
-3.986681760496202820e+00
-1.318824735124976444e+00
-4.718318052528331030e+00
-3.831886631753757655e+00
-3.674294517644674407e+00
-4.277304876792558552e+00
-1.000000000000000000e+00
-4.981712876449702065e+00
-3.925178290680263249e+00
2.656948039114048310e+00
-4.483337967818363801e+00
-3.833201139990026096e+00
1.732342165592768879e+00
-4.904285876799932886e+00
-2.811445268944414710e+00
-1.000000000000000000e+00
