-5.744753532406593699e+00
-2.559379625665235025e+00
-5.075306036662401432e+00
-7.082219503763357515e+00
-2.880400146647234649e+00
-1.048577645462713814e+00
-6.063281675169137408e+00
-3.671570085250130067e+00
7.459056243313886281e-01
-6.483436488004548970e+00
-1.889019330828048959e+00
-6.333529198822663631e+00
-2.597981732527742338e+00
-4.000000000000000000e+00
-2.016230089314272167e+00
-2.249866197046690885e+00
-2.964461385056101683e+00
-7.248531562399159967e+00
-2.434826715379802220e+00
-1.455557142663494563e+00
-7.251643907523333432e+00
-3.765920734645069157e+00
-6.301029995663981254e+00
-3.321930023630622397e+00
6.058465021189660682e-01
-4.758753604400183690e+00
-3.330517377009240221e+00
-3.928647221324869321e+00
-2.076232488538683807e+00
-6.206490088846427611e+00
-2.930204614564357435e+00
-2.535571781255810953e-01
-4.829353212057585054e+00
-2.310075219582441886e+00
-4.739224082515935410e-01
-7.020809511324866747e+00
-7.565230073870885530e-01
-3.514420450345821512e-01
-6.687258786306936820e+00
-3.192256362697952543e+00
-1.176962839187603693e+00
-6.633049963168296870e+00
-2.299283573658735591e+00
1.048487900305715703e+00
-1.029356117156903894e+00
-2.243034184117560947e+00
-2.733917142571865799e+00
-2.511578900282894988e+00
-4.000000000000000000e+00
-2.360031556888491977e+00
-4.000000000000000000e+00
0.000000000000000000e+00
-8.000000000000000000e+00
-8.444547885591797698e-01
-5.182357846622281272e+00
-1.136382810496490814e+00
-5.862571378756973317e+00
-1.803403683054557893e+00
-4.000000000000000000e+00
-3.514531391969803131e+00
-5.686525391359467108e+00
-1.177222341729462718e+00
-6.249616491024932330e+00
-2.808163521724972522e+00
-5.861433031478854971e+00
-2.629018553953472725e+00
-6.105001604706052909e+00
-1.864764268937120661e+00
-4.313406399591116269e+00
-2.260384765993228573e+00
-5.290032240836810118e+00
-5.629884297719511821e-01
-5.690196149515636570e+00
-3.266839903825625058e+00
-3.059854275489045872e+00
-3.320443924841320449e+00
-1.932593556636223342e+00
-3.561279983592021470e+00
-3.744681932045065498e+00
-2.886444299879822317e+00
-3.974180935944217286e+00
-3.087159553745662421e+00
-2.145995156590316810e+00
-3.478024371681537996e+00
-4.894776833547152428e+00
-1.000000000000000000e+00
1.706815778678917095e+00
-3.754111770356160616e+00
-2.925846559073468356e+00
-1.852990556332505534e-01
-3.280987054080349630e+00
-3.142772096911764290e+00
1.570083684323909212e+00
-4.566586970910186949e+00
-1.742809147454414509e+00
4.758307232371408735e-02
