-5.443246717470320739e+00
-2.683857571027161271e+00
-4.698498704055179331e+00
-7.267332626730592438e+00
-2.219942146277357864e+00
5.297239566198891358e-01
-6.117941758862792234e+00
-2.684720000078764546e+00
-2.699842778187430681e-02
-5.534404827917088987e+00
-3.720627590949115326e+00
-6.091346923938407265e+00
-1.997046342763259874e+00
-1.202492600308217030e+00
-4.000000000000000000e+00
-3.852355683338823944e+00
-2.548024126109696752e+00
-7.294712817610649935e+00
-3.149437333445142873e+00
8.359882404612994922e-02
-7.515511617402649058e+00
-4.402950459111305115e+00
-8.720800191728505624e+00
-2.992969480464743537e+00
1.209259182507869124e+00
-6.904814292275200494e+00
-2.747782755750072692e+00
-4.833328830375464236e+00
-1.945442052391582521e+00
-7.541436608175602352e+00
-2.942190019600556816e+00
6.741415790514526662e-01
-5.898759326083954591e+00
-2.787769508482745628e+00
-5.348294805198050561e-01
-4.955869443835386079e+00
-8.525541979470943055e-01
7.773769567242183598e-01
-5.656583719954733525e+00
-3.763157447517274878e+00
1.592117370517341368e-01
-7.075992529198478209e+00
-3.027714485486259210e+00
1.858625125723493698e-01
-2.198203132803259852e+00
-4.013834282837354550e+00
-1.723278738009810018e+00
0.000000000000000000e+00
-3.166404748753931298e+00
-2.460073394546296921e+00
-3.521744643034972366e+00
-2.502349357073163638e-01
-6.820503537620528967e+00
-2.873927421158423701e-01
-7.425298964578842309e+00
-2.776369914869214917e+00
-6.070879341992165834e+00
-1.621692561405819077e+00
-4.661167910380837220e+00
-2.444915971521457010e+00
-7.337978429204715880e+00
-9.340309548481057211e-01
-6.976645437789301241e+00
-7.992734993037704516e-01
-5.244592572292491539e+00
-2.845998171578812297e+00
-4.956682881520426243e+00
-1.691398633420990949e+00
-5.696628211755126792e+00
-8.846714216600903846e-01
-5.822506545445995663e+00
-1.212212894806979219e-01
-3.848708726840763372e+00
-3.117816370595084763e+00
-2.599123054308551506e+00
-1.934921194575647041e+00
-3.451971324709326439e+00
-2.373451848964747146e+00
-5.690196149515636570e+00
-4.578039248738813072e+00
-3.567984680073067238e+00
-1.661182825127586193e+00
-3.794990336821616683e+00
-2.169765403383734803e+00
-3.075712539110223798e+00
-4.721094080532711956e+00
-8.617107536394574829e-01
-4.810205588885986927e+00
-3.445805311088384393e+00
7.359027825648198351e-02
-4.993876914932872779e+00
-4.930090978294558113e+00
9.273471806728952327e-01
-6.363046711174744630e+00
-2.436333726838189495e+00
1.593216502636528586e+00
