-4.397940008672037493e+00
-3.337887009054556930e+00
-7.000000000000000000e+00
-5.624421009671822347e+00
-1.000000000000000000e+00
2.000000000000000000e+00
-5.266974878931060644e+00
-3.325384265742524104e+00
-1.170268788031400664e+00
-5.604544371558578320e+00
-2.707856857841759446e+00
-5.474824146489399190e+00
-2.425712616190014437e+00
0.000000000000000000e+00
-4.000000000000000000e+00
-4.000000000000000000e+00
-4.000000000000000000e+00
-5.129114251795316548e+00
-5.000000000000000000e+00
1.976338727612062529e+00
-7.687594456762744777e+00
-4.200276737432623086e+00
-1.020806480617905265e+01
-1.270953525134398410e+00
4.847583030206498722e-01
-7.698970004336018746e+00
-2.196418635732367619e+00
-5.513679792286029446e+00
-3.010981237649601461e+00
-6.313558812298880163e+00
-1.078339032454157076e+00
2.000000000000000000e+00
-7.698970004336018746e+00
-2.624448881107652731e+00
-7.777873503156452761e-01
-5.721253550590304826e+00
-4.000000000000000000e+00
1.697123985378448774e+00
-4.688715136979958231e+00
-1.798858164546835336e+00
-1.732181082274971029e+00
-8.860560099912754950e+00
-2.555828221654353527e+00
-1.457754845886717554e+00
-1.447435695616886786e+00
-4.324707441889575676e+00
-6.630686554473391503e+00
-2.941003515751120734e+00
-1.844465143623779113e-01
-8.984397399860238664e+00
-5.000000000000000000e+00
-1.997915591385298395e+00
-5.806238771527820752e+00
-1.156965132693228204e+00
-3.127739138747857583e-01
-6.469893664399656075e+00
-1.000000000000000000e+00
-2.000000000000000000e+00
-8.069286803063262070e+00
-3.337634344472588221e+00
-2.000000000000000000e+00
-8.000000000000000000e+00
-3.869613369147036352e-01
-7.132873267585687849e+00
-2.082211600574286781e+00
-4.824342974702633846e+00
-4.000000000000000000e+00
-6.753130741232413747e+00
-1.808514543238088912e-01
-5.648917791984046310e+00
-2.547971749731862801e+00
-4.105847005945851613e+00
-5.847938276345190367e-01
-4.000000000000000000e+00
-1.788689081940188386e+00
-4.333803102954856712e+00
-3.958607314841775082e+00
-5.235960461903702345e+00
-1.143560356551784452e+00
-4.918475558151941485e+00
-3.721246399047171138e+00
-1.988717818646961177e+00
-1.000000000000000000e+00
-2.646057935043358178e+00
-3.018472545543135599e+00
-4.632965344473806368e+00
-1.809804002136061740e+00
-5.686535153068805748e+00
-2.567000116317348812e+00
-4.214243765082532178e+00
-2.538066158404629125e+00
-5.690196149515636570e+00
-2.233339794180877469e+00
-2.544068022635552317e+00
-2.835676699598614015e+00
-4.285777714122506743e-01
-3.600145359849593163e+00
-5.000000000000000000e+00
6.639304721380168139e-01
-6.544068022635552317e+00
-4.860820523121613057e+00
2.999632025215869913e+00
-2.881020958517096719e+00
-5.000000000000000000e+00
1.985204849305994612e+00
