-5.425188855473798810e+00
-4.858825952959666239e+00
-3.000000000000000000e+00
-8.000000000000000000e+00
-5.000000000000000000e+00
1.148896337054664540e+00
-7.101672013592256860e+00
-3.072104299707399289e+00
-5.226691274775299156e-01
-8.000000000000000000e+00
-1.000000000000000000e+00
-6.875183662543702390e+00
-4.815168747115827763e+00
0.000000000000000000e+00
-3.357056892785693414e+00
-3.620766929231602482e+00
-1.706753259556693880e+00
-4.934872642295456302e+00
-2.814084120958801449e+00
1.561719808279572907e+00
-5.748680797561561029e+00
-3.379277838442252602e+00
-6.732128926267587410e+00
-5.000000000000000000e+00
7.161500887490186429e-01
-3.698970004336018746e+00
-1.000000000000000000e+00
-5.081597479953597229e+00
-3.188498951852766439e+00
-8.969332055821526595e+00
-2.911996640123319935e+00
1.650112555896548816e+00
-6.783596620083767625e+00
-4.998773302122206275e+00
-2.523609828227216578e+00
-6.635959130135966610e+00
-4.000000000000000000e+00
1.999915965807716800e+00
-5.036691303709454282e+00
-2.864742994730123726e+00
3.593082071062181915e-01
-5.989007005692617014e+00
-3.735957475801821914e+00
-1.895034273855740192e+00
9.203545925659626370e-01
-3.477723087330849339e+00
-6.167665718054355040e+00
-3.328180520276554866e+00
-1.603218447754637399e+00
-8.794590763289924951e+00
-1.814378687470676432e+00
-1.964393244986912812e+00
-5.985438288875849722e+00
-3.290218154663149264e+00
-2.000000000000000000e+00
-7.225727948770813036e+00
-1.284123697662618468e+00
-1.736625306870083874e+00
-5.668880563581591758e+00
-1.801067129057663863e+00
-2.000000000000000000e+00
-4.346176744729828734e+00
8.195439355418687732e-01
-4.610786309817910045e+00
-3.920818753952374891e+00
-7.981402376023928547e+00
-3.685225157913676330e+00
-4.960168113803860912e+00
-8.839111636711796671e-02
-5.556715439494076314e+00
0.000000000000000000e+00
-4.000000000000000000e+00
-2.357151717572610661e+00
-7.000706464941339746e+00
-1.378928219151007495e+00
-6.325116131176049983e+00
-5.916171485135488517e-01
-7.977727008685540966e+00
-4.000000000000000000e+00
-4.710943076531028950e+00
-2.535533718599014552e+00
-2.618311748249657178e+00
-5.000000000000000000e+00
-5.045199754010975646e+00
-1.001806943579027998e+00
-5.690086314811179768e+00
-2.463343975132522345e+00
-5.521163456422805815e+00
-4.283241660312909538e+00
-1.965398593135449623e+00
-2.219605663443636967e+00
-3.575180100019762719e+00
-5.000000000000000000e+00
-2.589734072505696982e+00
-3.952497569098224250e+00
6.023850901728045049e-01
-2.725574685482206494e+00
-1.240267019432184759e+00
-1.000000000000000000e+00
-4.335499190341090880e+00
-3.406760016585498541e+00
3.000000000000000000e+00
-3.788037706167780350e+00
-1.118447439660570364e+00
4.659933444311105122e-01
