-5.660304878897757241e+00
-1.926804518296275193e+00
-4.275737992938700494e+00
-6.056232145064487149e+00
-2.624516609508808607e+00
6.173435244170100145e-01
-6.282760820906798216e+00
-1.000000000000000000e+00
-9.422778538211342703e-01
-7.440331963525254722e+00
-1.000000000000000000e+00
-4.000000000000000000e+00
-3.684236223222482121e+00
0.000000000000000000e+00
-2.647211897797598024e+00
0.000000000000000000e+00
-1.206792568572955915e+00
-8.301029995663981254e+00
-3.535591001371239273e+00
2.000000000000000000e+00
-9.301029995663981254e+00
-3.335124905408153761e+00
-1.020675884378118958e+01
-5.000000000000000000e+00
1.391541170424796414e+00
-4.750834591217659053e+00
-2.205457149832635189e+00
-3.587630927886821919e+00
-3.134256063637167689e+00
-7.006442876590997848e+00
-3.251544457807137967e+00
5.987472907253716947e-01
-7.698970004336018746e+00
-2.484312702371281212e+00
-2.513375434625843674e+00
-5.410222647963487397e+00
-2.178749814422888065e+00
-9.463171029242545274e-01
-5.305762879051767911e+00
-3.233778365721883041e+00
8.043789892828618893e-01
-8.322400862966286894e+00
-5.000000000000000000e+00
1.795769649523927258e+00
9.070230290086259695e-01
-2.605444051259651950e+00
-6.491454565152215750e+00
-3.871570834891564505e+00
-1.981562249320191205e+00
-5.840174895426876844e+00
-3.868275111000677668e+00
2.308966671395411008e-01
-6.680491410501410598e+00
-2.400960993241375796e+00
-2.000000000000000000e+00
-7.003403705658956646e+00
-3.644066847279749499e+00
1.706847246336336665e+00
-6.050808425833788640e+00
-1.435734466849755586e+00
5.464880523335247098e-01
-6.010712830144002261e+00
6.019860831532911627e-01
-8.000000000000000000e+00
-1.536695626222374322e+00
-5.239180737399721011e+00
-2.595626224288542172e+00
-5.028994713098889235e+00
-3.075512936756445104e+00
-4.000000000000000000e+00
-4.506878866048786292e-01
-4.000000000000000000e+00
-2.019722170679606688e+00
-7.262000174160579746e+00
-3.581920796970255338e+00
-4.000000000000000000e+00
-2.507453487707752338e+00
-5.169036708120475332e+00
-3.764040183334485423e+00
-5.577152480925888334e+00
-1.250715100623018383e+00
-5.690196149515636570e+00
-2.395034290906304264e+00
-5.436968843642530302e+00
-1.480802720555754126e+00
-4.888651143704938917e+00
-3.396529279366327980e+00
-4.404733917960611755e+00
-1.096848812496304726e+00
-5.690196149515636570e+00
-2.126854541215171590e+00
-5.206773729852554489e+00
-1.748249929918845647e+00
-2.544068022635552317e+00
-3.197968716285999324e+00
3.000000000000000000e+00
-3.972610004817398011e+00
-2.681767564052099484e+00
8.552598090019813970e-01
-3.515630394724860164e+00
-5.000000000000000000e+00
2.200134470794550712e+00
-3.752683178248202633e+00
-5.000000000000000000e+00
3.000000000000000000e+00
