-6.018356381653415355e+00
-4.036743637877735935e+00
-7.000000000000000000e+00
-8.000000000000000000e+00
-5.000000000000000000e+00
-1.967187875343192616e+00
-4.250198810319758991e+00
-1.204654926360479106e+00
-8.726291179778327134e-01
-8.000000000000000000e+00
-1.000000000000000000e+00
-4.000000000000000000e+00
-1.000000000000000000e+00
0.000000000000000000e+00
-4.000000000000000000e+00
-3.999980647030219938e+00
-1.774854281773100784e+00
-7.390738236937872685e+00
-4.577228773610182877e+00
9.486420781624660403e-01
-7.182135920181774047e+00
-1.000000000000000000e+00
-6.301029995663981254e+00
-1.754201028294953169e+00
-2.000000000000000000e+00
-5.440379174232011117e+00
-3.581533185061817726e+00
-3.154901959985743076e+00
-4.988784907769971078e+00
-9.000000000000000000e+00
-4.950601226740747762e+00
2.000000000000000000e+00
-3.698970004336018746e+00
-1.000000000000000000e+00
-2.746017236698205632e+00
-6.324607526332062690e+00
-2.048669536580050909e+00
-1.144916459693986033e+00
-4.000000000000000000e+00
-3.369642034932643249e+00
6.276860965172580409e-01
-9.522878745280337398e+00
-2.569463492107035396e+00
-2.000000000000000000e+00
-7.313786788548708451e-01
-5.000000000000000000e+00
-7.892478802430226814e+00
-4.998975331967971947e+00
1.405514971013573089e-01
-5.000000000000000000e+00
-5.000000000000000000e+00
-1.386422256702831479e+00
-5.000000000000000000e+00
-2.863136057294743075e+00
-3.851869672631731967e-01
-8.779117612478968269e+00
-4.790874411575009262e+00
2.000000000000000000e+00
-6.981554049759235880e+00
-1.004046496308994563e+00
-2.000000000000000000e+00
-8.000000000000000000e+00
8.195439355418687732e-01
-7.829327516084388705e+00
7.918124604762488694e-02
-8.000000000000000000e+00
-1.290258155286035713e+00
-7.230927442699677243e+00
-4.000000000000000000e+00
-8.000000000000000000e+00
-6.515562504623723106e-01
-8.000000000000000000e+00
-3.294295746844808637e+00
-4.000000000000000000e+00
0.000000000000000000e+00
-7.118556163942859172e+00
4.139268515822491779e-02
-5.613566550968743130e+00
-1.338451291875959015e+00
-6.789236704074423479e+00
-5.025533280133824832e-01
-2.479426824220979597e+00
-5.000000000000000000e+00
-1.690196149515636570e+00
-5.000000000000000000e+00
-3.986719436225125257e+00
-2.838537030411326878e+00
-5.690196149515636570e+00
-4.978452017050486234e+00
-5.690196149515636570e+00
-5.000000000000000000e+00
-1.690196149515636570e+00
-1.199064820217924376e+00
-2.544068022635552317e+00
-1.000000000000000000e+00
2.575734998778811846e+00
-2.544068022635552317e+00
-4.140774966405888158e+00
3.000000000000000000e+00
-2.544068022635552317e+00
-1.501459532752735804e+00
7.470278405104143760e-01
-3.752194854510811250e+00
-2.886558375675463139e+00
3.000000000000000000e+00
