-7.851382639994456625e+00
-4.651537831922208710e+00
-3.244234963036693120e+00
-4.350632067785191737e+00
-5.000000000000000000e+00
-1.891367148642264739e+00
-6.799090995735709519e+00
-4.413293352333974795e+00
2.000000000000000000e+00
-4.000000000000000000e+00
-3.709797429910449917e+00
-4.915922649407035827e+00
-2.670611701494248980e+00
0.000000000000000000e+00
-3.951302085477145898e+00
-2.114188190147620272e+00
-6.230278317987406611e-01
-4.301029995663981254e+00
-5.000000000000000000e+00
4.204353578614726805e-01
-5.301029995663981254e+00
-1.569280451951772903e+00
-1.010326976023255874e+01
-2.167839366482406049e+00
2.000000000000000000e+00
-6.822468850037927801e+00
-3.630030875561730319e+00
-5.084345482672916638e+00
-1.000000000000000000e+00
-7.877557674719954939e+00
-3.632324261276587585e+00
-1.838140482418439525e+00
-5.926215957927013278e+00
-4.190929027959254149e+00
-6.636610792808013137e-01
-4.737532333503938098e+00
-1.917423441058017097e+00
4.552820646474489696e-01
-5.059418054987334656e+00
-1.729100878387408669e+00
1.019366237656975205e+00
-6.946014726140139040e+00
-4.379003136673718544e+00
1.694074142765608082e+00
9.998553145563410238e-01
-4.999933510587997176e+00
-7.583400924346095806e+00
-1.000000000000000000e+00
2.000000000000000000e+00
-8.669452249679761024e+00
-5.000000000000000000e+00
-1.156980820224947637e+00
-7.301563577414155404e+00
-4.432639164220748995e+00
1.534018407681266627e+00
-5.000000000000000000e+00
-1.000000000000000000e+00
1.987576617039621407e-02
-5.925891292555871104e+00
-2.403334877240845380e+00
-1.746720426038542717e+00
-4.293302512767004586e+00
-1.578289670432470926e+00
-5.068021520680289882e+00
-3.920818753952374891e+00
-7.946264752616561289e+00
-1.897507775063307589e+00
-6.401055597049596813e+00
0.000000000000000000e+00
-7.447201729921810731e+00
-1.892015659396358407e+00
-4.000000000000000000e+00
-7.624752399067505904e-01
-5.769446083868713160e+00
-9.690893694448219353e-01
-6.593116576163121856e+00
-3.958607314841775082e+00
-5.040658243983334508e+00
-1.214974298054594115e+00
-5.158502482086610108e+00
-3.269193893968659115e+00
-4.757650248096571666e+00
-2.134550103869900184e+00
-3.102497817968579152e+00
-3.087280695728445767e+00
-1.909546620646667359e+00
-2.268639722949133297e+00
-4.618923660297657996e+00
-1.016527930039722305e+00
-5.690196149515636570e+00
-3.515003960065289146e+00
-5.690196149515636570e+00
-3.197991020445493771e+00
-4.519918561150555902e+00
-2.044092455258497587e+00
1.823863099148917977e+00
-6.291628437437007726e+00
-2.144650761962395347e+00
7.344040383951925266e-01
-2.545894157138690161e+00
-4.680381925573532165e+00
-3.428926324846898743e-01
-4.840647082858685835e+00
-2.574704724799803390e+00
-5.855838099495893623e-01
