-7.747686671404956371e+00
-5.000000000000000000e+00
-3.015109229590606787e+00
-7.095192036500454158e+00
-2.361746191812049034e+00
1.746095009659919040e+00
-6.189906992433011013e+00
-5.000000000000000000e+00
-1.626221360368491853e+00
-8.000000000000000000e+00
-4.996920646981011238e+00
-7.442769862944747850e+00
-1.000000000000000000e+00
-1.602663208980260601e+00
-2.675905815027843637e+00
-3.740143991303727766e+00
-4.000000000000000000e+00
-8.006582364990270761e+00
-1.625738777930181733e+00
-3.296109682051890366e-01
-5.530801841256582030e+00
-2.594202795427780650e+00
-7.531128474731861644e+00
-1.000000000000000000e+00
-1.581940504553405624e+00
-7.622687061174883816e+00
-3.381238257170556150e+00
-3.154901959985743076e+00
-4.670874854554435629e+00
-8.998246383610768007e+00
-3.680216781395713621e+00
-1.066435894328272349e+00
-3.698970004336018746e+00
-2.349682091703392928e+00
-1.848060120770710080e-01
-5.375647512932840044e+00
-1.609651230687440648e+00
1.999989612948073869e+00
-5.736901994350771083e+00
-1.000000000000000000e+00
4.743348790799079562e-01
-6.943397996982396236e+00
-3.364272996918254766e+00
4.969890668439480019e-01
-2.602298271644663541e-01
-3.414595648058349919e+00
-5.000000000000000000e+00
-1.703476096080991153e+00
1.999679837674424920e+00
-6.633017022198467672e+00
-4.322307843445204689e+00
-5.988645391203606394e-01
-7.770284592113251954e+00
-1.376649189615634761e+00
6.375885652608678233e-01
-5.539391251274595973e+00
-4.475763430148968602e+00
-1.006131639567263703e+00
-8.760901918191335014e+00
-1.132477358779549137e+00
2.000000000000000000e+00
-8.000000000000000000e+00
-7.101455744296805150e-01
-4.000000000000000000e+00
-3.198183582149914272e+00
-6.531073892395311553e+00
-2.682647334205601641e+00
-7.266187083114570733e+00
-3.282780850271468154e+00
-5.303005462655288049e+00
-3.258627910092348312e+00
-4.000000000000000000e+00
-3.301029995663981254e+00
-5.382057574987785031e+00
-2.614938296894729675e+00
-4.000000000000000000e+00
4.139268515822491779e-02
-4.000000000000000000e+00
-6.184263586174887362e-01
-4.720130878034884958e+00
-2.893141008210007303e+00
-5.690196149515636570e+00
-1.000000000000000000e+00
-5.690196149515636570e+00
-2.557858356732904070e+00
-4.101049781809870787e+00
-3.561960665512996282e+00
-5.680115293288114486e+00
-1.433603951558125367e+00
-3.062305215222894450e+00
-1.363787867928843767e+00
-3.264160731532228077e+00
-2.465645188713098346e+00
-3.306175947162143913e+00
-3.613737007008746893e+00
1.950733994267427773e+00
-5.358998519911265745e+00
-4.249795915496085819e+00
2.875615067357660148e+00
-5.653348329732752475e+00
-1.020108647255085099e+00
-2.302015443726478094e-01
-2.544068022635552317e+00
-3.161513361033036595e+00
-3.236866853518576836e-01
