-7.366137297840704257e+00
-5.000000000000000000e+00
-3.936329260060702051e+00
-6.076515830156296261e+00
-3.578286313657134787e+00
-1.462832318945588517e+00
-5.908424311569198117e+00
-3.396189181985663108e+00
-2.000000000000000000e+00
-8.000000000000000000e+00
-3.791153124847392863e+00
-4.000000000000000000e+00
-2.986271826474197422e+00
-1.000651617321382247e-01
-2.262332757885775703e+00
-1.221601623650216996e-02
-3.626505232445866866e+00
-6.032458612059709679e+00
-2.171019539530767872e+00
-6.958176404317996111e-01
-9.301029995663981254e+00
-5.000000000000000000e+00
-6.301029995663981254e+00
-1.006931711128297602e+00
2.000000000000000000e+00
-7.698970004336018746e+00
-4.717726603834668353e+00
-3.154901959985743076e+00
-4.983701985705696558e+00
-6.653345922810538937e+00
-5.000000000000000000e+00
-4.983098005162946986e-01
-6.067168716393219086e+00
-5.000000000000000000e+00
-6.868122790123694088e-01
-4.000000000000000000e+00
-6.661108984264222377e-01
-1.197991218088773069e+00
-6.499629654332054862e+00
-2.982376103949091473e+00
1.241362835939628484e+00
-7.646671794238773856e+00
-3.342120180249853689e+00
8.194360198717404870e-03
1.000000000000000000e+00
-3.799197119683370705e+00
-5.000000000000000000e+00
-1.701800361603132306e+00
-2.000000000000000000e+00
-7.263601269658292559e+00
-3.286595122737131724e+00
-1.228280512703118360e-01
-6.197873497768809692e+00
-3.053706904702028435e+00
2.000000000000000000e+00
-9.000000000000000000e+00
-5.000000000000000000e+00
-1.857263280601499478e+00
-7.180760155876895645e+00
-3.655329076548957001e+00
-6.115093347574752231e-03
-6.695453907291347484e+00
-3.169464543881728602e+00
-5.793356093697440201e+00
7.918124604762488694e-02
-5.780555064322978609e+00
0.000000000000000000e+00
-5.131465462349853901e+00
-2.270342671629721754e-01
-4.884946567690426455e+00
-4.000000000000000000e+00
-4.493663411370932614e+00
-3.301029995663981254e+00
-4.619805833051028543e+00
0.000000000000000000e+00
-4.000000000000000000e+00
-2.171664982456633086e-01
-6.382203759491145156e+00
-8.575264770227911670e-01
-4.782710462376841498e+00
-3.721246399047171138e+00
-4.089601908968152344e+00
-2.121568236596753643e+00
-4.961099216263574085e+00
-5.000000000000000000e+00
-4.141583965678059975e+00
-3.648701261149478015e+00
-4.073740508333610677e+00
-1.000000000000000000e+00
-3.146764486222558777e+00
-5.000000000000000000e+00
-4.551778464331248664e+00
-1.074386582054085437e+00
-5.107292029846519199e+00
-5.000000000000000000e+00
1.151292542717250456e+00
-2.544643301100502075e+00
-1.000000000000000000e+00
2.853351556685885804e-01
-6.544068022635552317e+00
-1.127747401885152545e+00
-7.948946979747891772e-01
-5.652491916370053993e+00
-2.833986377423417302e+00
2.020606395695337731e+00
