-8.386674732294425283e+00
-3.300175337098306905e+00
-3.000000000000000000e+00
-7.644694486110522824e+00
-2.806739531587916225e+00
-5.680627969588916137e-01
-5.248901895958995922e+00
-2.518942969040057100e+00
-2.621196453505754767e-02
-6.689005090548226562e+00
-3.106926998478841462e+00
-5.817220171679834628e+00
-4.333752745549265484e+00
-1.373550150546422668e-02
-3.054679313042108380e+00
-2.514368385064378764e+00
0.000000000000000000e+00
-6.311781665129482022e+00
-3.702613706030644547e+00
-9.287658757137546850e-01
-7.856910949794667864e+00
-2.869282333265579688e+00
-9.183381372644131346e+00
-2.276288862003847946e+00
-1.038629408774002005e+00
-7.698970004336018746e+00
-1.315460424306978293e+00
-3.737896910491363300e+00
-3.663123149307958126e+00
-5.100802438326775601e+00
-1.000000000000000000e+00
-2.000000000000000000e+00
-7.666779598188969480e+00
-1.098718536405626667e+00
1.000000000000000000e+00
-5.995331866783451424e+00
-3.994392410873871313e+00
2.000000000000000000e+00
-8.000000000000000000e+00
-5.000000000000000000e+00
2.000000000000000000e+00
-6.476414401065618165e+00
-4.113971460423190507e+00
1.582690174794471327e-01
-5.654183149848188705e-01
-2.975166517663360821e+00
-9.000000000000000000e+00
-4.955635528958883818e+00
-1.303168823823543931e+00
-9.000000000000000000e+00
-1.051633810362700094e+00
-4.143050871217087150e-01
-5.370690059928770133e+00
-1.458834456296246085e+00
2.000000000000000000e+00
-6.333795660770554115e+00
-2.699058341418199003e+00
-2.840678595276374674e-01
-6.317534887525245502e+00
-5.000000000000000000e+00
-9.669359805389857732e-01
-5.236463389052715023e+00
-1.142213887725511912e+00
-5.776120417236402460e+00
7.918124604762488694e-02
-4.445861856464074613e+00
-2.501737894546020691e+00
-4.577550481709131702e+00
-1.702810139499085773e+00
-4.000000000000000000e+00
0.000000000000000000e+00
-8.000000000000000000e+00
-2.985559424034303078e+00
-4.000000000000000000e+00
-1.526640603169013621e+00
-8.000000000000000000e+00
-2.639328954318491238e+00
-6.656010555733121059e+00
-1.050767719811906309e+00
-7.956173863616331943e+00
-2.493627001115612529e+00
-5.690196149515636570e+00
-2.182034893274370280e+00
-3.723153262894804083e+00
-2.274571920018297000e+00
-2.334933450795554144e+00
-4.720302286040815254e+00
-3.887343210666465154e+00
-1.000290330350728674e+00
-5.248022082839650437e+00
-2.081650188473812335e+00
-3.635019127816868423e+00
-1.232883934801442427e+00
-4.368022527380546194e+00
-3.302452245138613129e+00
-3.263809337853157411e-01
-3.512209405077308944e+00
-3.299662628774063133e+00
-1.000000000000000000e+00
-3.507233852805291541e+00
-3.957234170057915890e+00
-5.483240442702635997e-01
-4.642032613969982791e+00
-3.548197779855872369e+00
1.857972531405390093e+00
