-4.910342618535284309e+00
-3.228562533618584141e+00
-3.879772633167331009e+00
-7.621055047726959408e+00
-3.639336274298013763e+00
7.168644155387503547e-01
-5.493254136979799362e+00
-3.425169561760841308e+00
-2.669154471751823410e-01
-4.000000000000000000e+00
-3.819283165825058557e+00
-5.758217089297799518e+00
-2.245288014645337782e+00
0.000000000000000000e+00
-1.956771562401183662e+00
-5.055541714856985613e-02
-7.597714282788016193e-01
-4.421376734465368941e+00
-2.310330997694504784e+00
-7.491564618461267200e-01
-7.978920257096686619e+00
-3.297372849842400200e+00
-8.573240300534223479e+00
-3.962985531577026155e+00
-7.397349997389068843e-01
-5.197273184715771599e+00
-1.177630291686423414e+00
-3.162530783346044316e+00
-3.712901671519444946e+00
-6.688705930158443280e+00
-4.913775150335469633e+00
1.888553182218634330e+00
-5.209997984445549513e+00
-1.206763515661183561e+00
-3.000000000000000000e+00
-5.891793038266190052e+00
-4.000000000000000000e+00
2.961094193462848190e-01
-7.907332556822645131e+00
-2.460386099308665919e+00
2.000000000000000000e+00
-6.604157964286045512e+00
-3.792773932036713536e+00
-6.507247372332941593e-01
-1.067844904063337541e+00
-3.394725184353302616e+00
-7.646939330623305331e+00
-3.653897209248874400e+00
9.591241887619704476e-02
-8.446933333519668352e+00
-3.576747712529958712e+00
-1.857978112843470697e+00
-6.449138161014077220e+00
-4.675448757584989679e+00
-9.881048571233459477e-01
-7.015165239138777764e+00
-2.261654692961593494e+00
-5.773422860880274010e-01
-9.000000000000000000e+00
-2.970517803834209936e+00
8.389748370873923999e-01
-6.837573273287432585e+00
-1.146016911130347538e+00
-4.672144428531649574e+00
-1.267085268851002866e-01
-5.151967195159145696e+00
-2.535525148554922392e+00
-6.394244954907846612e+00
-1.783984982977469880e+00
-8.000000000000000000e+00
0.000000000000000000e+00
-6.743335610418764503e+00
-3.001048494262977595e+00
-4.790326958735659169e+00
-2.389355630897570748e+00
-7.812131819041550962e+00
4.139268515822491779e-02
-8.000000000000000000e+00
-9.302613088202647817e-02
-6.558982970754565045e+00
-2.748828854931731680e+00
-1.690196149515636570e+00
-2.203915069968249263e+00
-4.101992129871274706e+00
-3.693194735206894563e+00
-4.913199763482618998e+00
-1.850779481716746666e+00
-3.711070267008562240e+00
-2.629916629910969750e+00
-4.203036922200373837e+00
-4.392091826501181906e+00
-4.123146101829076038e+00
-1.817946720165846131e+00
-5.610129733000571051e+00
-5.000000000000000000e+00
1.659965934039484114e+00
-6.535575943534513321e+00
-1.802601475146004661e+00
1.610789737111932407e+00
-2.544068022635552317e+00
-4.011736215418159723e+00
-3.974193583766946203e-01
-4.916385197481033309e+00
-1.851480959058091402e+00
7.643177493473530815e-01
