-5.075921295668158528e+00
-2.134981073654559136e+00
-4.862056367827239711e+00
-6.499231820538986959e+00
-3.124152932316414333e+00
-7.220942690070656367e-01
-7.064825053368212870e+00
-2.987878709431228241e+00
-7.362405211456386489e-01
-4.000000000000000000e+00
-4.688148743227789517e+00
-6.253676911808028649e+00
-3.062515487112234869e+00
0.000000000000000000e+00
-3.923909147889558469e+00
-2.534354337076567543e+00
-3.066130408109559724e+00
-4.710569343835862455e+00
-3.570354883043144412e+00
1.283677285400770807e-01
-7.944528491306366291e+00
-2.478044587880133598e+00
-8.492765211387183655e+00
-2.848218811861308097e+00
4.540777432190398755e-02
-6.088963217665650518e+00
-4.994545685772854071e+00
-7.154901959985743076e+00
-5.000000000000000000e+00
-6.893319290622182294e+00
-2.484195808650163428e+00
-2.000000000000000000e+00
-5.542678726300372283e+00
-2.597788812227735722e+00
-1.727493501428685185e+00
-5.858594136709718292e+00
-1.424099643436941509e+00
1.982817684361952049e+00
-4.000000000000000000e+00
-3.497409985404756227e+00
-3.810623080083177516e-01
-7.566569820743437980e+00
-3.020532635582451331e+00
2.000000000000000000e+00
-1.526981292422978864e+00
-4.332018520069819800e+00
-5.368192753869856837e+00
-1.453902791215141210e+00
-7.448393077873954882e-02
-5.932245939231581389e+00
-4.998074141430310924e+00
1.141048619735891778e+00
-8.814649915237634303e+00
-2.198937500392844413e+00
6.541874588885211450e-01
-8.639448378447031729e+00
-1.014545261635244833e+00
8.470578883436306050e-01
-7.329276816081740087e+00
-1.000000000000000000e+00
8.333584895348827848e-01
-4.174034986535953173e+00
-1.322714001290480779e+00
-5.238163324343292793e+00
-2.734675115655470279e+00
-7.005811493007789714e+00
-3.235348917313804140e+00
-4.000000000000000000e+00
-2.409509308194587085e+00
-5.920374919845404094e+00
-1.636871373902937687e+00
-5.495674460116148907e+00
-2.767500745651943372e+00
-6.376630068513228444e+00
-2.429717457589769314e+00
-5.707497328428533301e+00
-2.427103573803516934e+00
-4.094282718181108116e+00
-2.517612116912087306e+00
-5.828855921561773457e+00
2.787536009528290837e-01
-2.328022743369533298e+00
-1.122040422826926065e+00
-2.545089964297694074e+00
-3.326584956562654849e+00
-4.082293797061407936e+00
-1.670115708417833744e+00
-2.130674245342635054e+00
-4.067714348596921603e+00
-4.657425037011901026e+00
-2.841470015291629903e+00
-3.241670424928840166e+00
-2.473863270774127265e+00
-3.525707719476074420e+00
-4.842356840422867847e+00
2.900715508267490139e-01
-4.643322454391283216e+00
-4.002007772453519685e+00
8.334347681297417099e-01
-4.849851938765980641e+00
-4.184108715466644313e+00
9.805468081511757861e-01
-3.673483574518972450e+00
-3.999645849265831554e+00
-2.546110980322639494e-01
