-8.395531155605413076e+00
-1.000000000000000000e+00
-3.074553560462337298e+00
-6.586555153848818733e+00
-1.660253930991852034e+00
2.797854111201094063e-01
-5.014882671507237433e+00
-3.997844028655044735e+00
-1.338888298807297816e-01
-7.998761590310599523e+00
-3.307081890230964216e+00
-6.273455770780466345e+00
-4.360324171174101870e+00
-1.002918376015553281e-02
-3.640517637499043335e+00
-4.000000000000000000e+00
0.000000000000000000e+00
-8.301029995663981254e+00
-1.000000000000000000e+00
2.000000000000000000e+00
-7.081365299329753782e+00
-1.000000000000000000e+00
-1.024160426146619685e+01
-2.588166579723955252e+00
-8.437439508520838682e-01
-7.698970004336018746e+00
-1.905836422709270117e+00
-3.154901959985743076e+00
-2.179279583603177084e+00
-5.878370829518698493e+00
-5.000000000000000000e+00
1.584411236550333557e+00
-7.698967473821300089e+00
-3.102170710403172826e+00
5.553696059715146349e-02
-6.366889906577050340e+00
-7.665221367717401507e-04
1.873059865051581285e+00
-6.733137196269079361e+00
-3.988885659486015367e+00
5.481028014094239120e-01
-8.651221233269470900e+00
-2.592979348441004639e+00
2.000000000000000000e+00
-2.928612985267912139e-01
-2.303300951353250525e+00
-6.041298902027906870e+00
-1.018150960314148756e+00
7.346738202687502772e-01
-5.000000000000000000e+00
-1.593719699426528136e+00
1.999999969581765402e+00
-5.005574490393787102e+00
-5.000000000000000000e+00
-1.129995095792722726e+00
-7.039623029409625588e+00
-1.294311107118917503e+00
-2.000000000000000000e+00
-5.000000000000000000e+00
-3.276387193078056370e+00
-1.181786823066830250e+00
-6.398164571437629178e+00
-3.180456064458131227e+00
-6.386047259515202690e+00
-3.840087559184393928e+00
-6.653998528575452376e+00
0.000000000000000000e+00
-7.042345064996080595e+00
-3.877865225158727114e+00
-6.050655956205435615e+00
-3.980421214539833219e+00
-7.975502152184898108e+00
6.989700043360187465e-01
-6.475476993723733088e+00
-3.995299809897184140e+00
-6.827154980781170224e+00
-7.217357074293372365e-01
-8.000000000000000000e+00
-4.000000000000000000e+00
-7.996877568237102274e+00
-2.208043913963260163e+00
-4.108540937853716990e+00
-1.013705899426188495e+00
-3.440027586751498223e+00
-1.000000000000000000e+00
-5.690196149515636570e+00
-3.372069609542744040e+00
-5.401223447628151320e+00
-5.000000000000000000e+00
-4.798793738204079062e+00
-2.104286075357429286e+00
-5.690196149515636570e+00
-2.067827346259141663e+00
-4.345003716515412506e+00
-3.051894707910574933e+00
-3.779584753365294869e-01
-6.544068022635552317e+00
-3.188894024356093482e+00
3.000000000000000000e+00
-6.544068022635552317e+00
-4.612166981977123825e+00
-4.734929340066832970e-01
-2.582480802728940539e+00
-4.150287677533373021e+00
-4.644796132047622206e-01
