-7.280820862268739369e+00
-3.636225428286887773e+00
-4.615431235230890827e+00
-6.195249587032837901e+00
-4.634239724819313011e+00
-3.400575980331037584e-01
-6.183026386048839917e+00
-4.007413056392868711e+00
1.997263241159844327e+00
-4.905575677816613300e+00
-1.580291299243561376e+00
-7.032329566008801436e+00
-1.000000000000000000e+00
-3.984243638969081798e-03
-4.000000000000000000e+00
0.000000000000000000e+00
0.000000000000000000e+00
-4.535154365226609308e+00
-4.111397679136651995e+00
2.000000000000000000e+00
-7.527478911401338735e+00
-2.846432268489220707e+00
-8.008281836241222251e+00
-3.281681609312156578e+00
-1.840949986382619974e+00
-3.698970004336018746e+00
-5.000000000000000000e+00
-7.153576412947916907e+00
-4.968606652993449835e+00
-5.061933938271033995e+00
-1.000000000000000000e+00
-2.000000000000000000e+00
-3.712244042106725761e+00
-1.574416245786705248e+00
4.541755897225798755e-01
-4.616374499426905587e+00
0.000000000000000000e+00
-7.295034451775244122e-01
-7.273731631823526556e+00
-1.000000000000000000e+00
9.265204790332971507e-01
-5.522878745280337398e+00
-5.000000000000000000e+00
-3.053706127519966590e-02
-2.687031276949521708e+00
-4.744128850764846916e+00
-5.576950683901845451e+00
-1.736879925490828480e+00
-4.429452072310535553e-03
-8.626641644246426210e+00
-2.991227133342025724e+00
1.272948526684647863e+00
-9.000000000000000000e+00
-1.000000000000000000e+00
2.000000000000000000e+00
-5.831128626499116230e+00
-3.596948010312338351e+00
-9.368134268968648648e-01
-5.156471847399415331e+00
-1.000359956272521389e+00
-6.597580475291714430e-01
-6.897034298576982358e+00
-3.180456064458131227e+00
-4.793921750391806569e+00
-1.904961557380784543e+00
-6.617655056431867244e+00
0.000000000000000000e+00
-4.000000000000000000e+00
-3.592810302591020299e+00
-5.456651427065469129e+00
-1.530974558939357522e-03
-5.489858384603418351e+00
5.085073920071948167e-02
-4.021874148093091073e+00
-1.398880361165724118e+00
-6.266141180044723313e+00
-1.418568642484240749e+00
-6.064596546389853238e+00
-2.113167601594883482e+00
-8.000000000000000000e+00
-1.277545435635510929e+00
-1.690196149515636570e+00
-1.443410664191394854e+00
-1.690196149515636570e+00
-5.000000000000000000e+00
-2.313628958108997491e+00
-1.000000000000000000e+00
-5.690196149515636570e+00
-1.000000000000000000e+00
-5.661065467200185886e+00
-5.000000000000000000e+00
-4.659496863713426862e+00
-5.000000000000000000e+00
-2.544068022635552317e+00
-4.696956589621225753e+00
2.804563605308469043e+00
-6.544068022635552317e+00
-5.000000000000000000e+00
3.000000000000000000e+00
-6.182681327232354640e+00
-5.000000000000000000e+00
1.614367251911958678e-01
-2.544068022635552317e+00
-4.932899501154337507e+00
1.469708812670153852e+00
