-6.300304829774984405e+00
-4.279961783070900694e+00
-3.451613772879739805e+00
-8.000000000000000000e+00
-4.852925993462862131e+00
6.836760420269033522e-01
-6.779204948737702630e+00
-2.180148635196016205e+00
7.738909056415677057e-01
-7.999758193035693132e+00
-1.500610701756544652e+00
-5.778584667371752026e+00
-1.040586841931585793e+00
0.000000000000000000e+00
-3.627506531321189165e+00
-1.853494651685061001e+00
-5.610020631727060669e-01
-6.902510608870985997e+00
-2.285519464997599837e+00
2.000000000000000000e+00
-5.885600984348440257e+00
-1.023074095017534768e+00
-7.540723946796020094e+00
-2.864364152347500081e+00
1.912327258133007746e+00
-3.698970004336018746e+00
-2.206642820318542419e+00
-5.006940543675690414e+00
-3.116618586028273796e+00
-8.229318049804440705e+00
-5.000000000000000000e+00
1.700493175597969309e+00
-7.698970004336018746e+00
-3.782645598414017929e+00
-2.129041131241025120e+00
-5.899546109424623985e+00
-3.964045298662628003e+00
6.594047027593802346e-01
-5.696905888092757664e+00
-3.247848087140712270e+00
2.000000000000000000e+00
-7.310871270801836630e+00
-3.274167739805936339e+00
7.824958775441008818e-01
1.000000000000000000e+00
-5.000000000000000000e+00
-5.000126305245728986e+00
-5.000000000000000000e+00
-1.802436239664386708e+00
-6.415424245077959498e+00
-3.890315423712850329e+00
2.000000000000000000e+00
-5.869703968356594359e+00
-4.941237935675000692e+00
-9.352327207749610016e-01
-5.000000000000000000e+00
-2.400069728439512051e+00
-1.991953028188158115e+00
-5.000000000000000000e+00
-5.000000000000000000e+00
-1.992066370270646036e+00
-4.002763260769906850e+00
-2.005915183235993382e+00
-5.578297695103379361e+00
-2.794757361526245987e+00
-6.118412095212883983e+00
-1.998840447714061330e+00
-4.017940859381570640e+00
-1.220583999047695212e+00
-5.086557869905158569e+00
-3.969403904300366381e+00
-4.000000000000000000e+00
-2.928473740580625151e+00
-8.000000000000000000e+00
-1.245253497926453345e+00
-4.000000000000000000e+00
-7.112030356032650324e-01
-4.204454658251846055e+00
-1.688170457302393013e+00
-5.219564844160233363e+00
2.787536009528290837e-01
-4.598827786534809725e+00
-3.752050332213414663e+00
-5.690196149515636570e+00
-4.051300828701652534e+00
-3.933639665793491780e+00
-1.011198889111708521e+00
-3.148760296844613560e+00
-3.974742892211978962e+00
-2.200455313191007622e+00
-1.060364313166428651e+00
-1.714999345323396929e+00
-4.066275923698048800e+00
-6.222855640265463784e+00
-1.001831382723150643e+00
-1.000000000000000000e+00
-3.140620102812556880e+00
-3.323653389257708035e+00
2.993921695972947550e+00
-2.562707675690925502e+00
-5.000000000000000000e+00
-1.000000000000000000e+00
-5.123736385465299747e+00
-4.978747120637661006e+00
2.270855682740470449e+00
