-5.063265064427477036e+00
-4.954049149044831069e+00
-6.314001473350963067e+00
-7.177708435487820005e+00
-5.000000000000000000e+00
2.000000000000000000e+00
-4.709518152676267277e+00
-1.994388203586956898e+00
4.085011099530772016e-02
-7.969820269143236047e+00
-1.002731594031935236e+00
-6.454598692342224275e+00
-3.200257646639200981e+00
-5.209912666180315259e-04
-3.972391499436280782e+00
-3.996842116098684894e+00
-5.152447102693500369e-01
-7.063689947113198642e+00
-5.000000000000000000e+00
2.000000000000000000e+00
-7.785010876063705787e+00
-1.849350569072289785e+00
-9.938568706780431583e+00
-2.469653269255952743e+00
1.215510376049987018e+00
-6.647422429690990064e+00
-5.000000000000000000e+00
-4.432659397462932915e+00
-2.382455776805830538e+00
-6.036057075649000403e+00
-4.258853772086615308e+00
-1.263285745608854427e+00
-5.791234384337515806e+00
-2.240003992589022275e+00
-3.000000000000000000e+00
-4.577119170227891942e+00
0.000000000000000000e+00
3.571251051992748171e-01
-5.460003515312399358e+00
-1.078691024930443554e+00
-9.497486621678257190e-01
-8.053140501943092389e+00
-2.893870353468062984e+00
-1.770513215133773244e-03
1.000000000000000000e+00
-3.537121042658645464e+00
-6.955716068253131823e+00
-2.795661834584281191e+00
9.569889258302155532e-01
-5.000000000000000000e+00
-1.187704235454597468e+00
5.558580642070477529e-01
-7.137923274468171542e+00
-5.000000000000000000e+00
2.937520596420484242e-01
-6.759480378514033383e+00
-3.116541251628312637e+00
-7.236356475620682183e-01
-5.671237165003289782e+00
-2.115008840462561324e+00
-1.339726994415669115e+00
-8.000000000000000000e+00
5.871234070494022461e-01
-5.170764666523554709e+00
-2.117876903591454862e+00
-5.582517397696550532e+00
0.000000000000000000e+00
-4.007733211783738092e+00
-2.033186034248174678e+00
-7.118250955725363482e+00
-4.000000000000000000e+00
-7.285100742865888712e+00
1.890703799366391658e-01
-4.000000000000000000e+00
-2.413474502977576819e+00
-7.988524114098724205e+00
-3.958607314841775082e+00
-6.974944844705038172e+00
-4.000000000000000000e+00
-5.422932409855793168e+00
2.158365872724473389e-01
-4.628265700922084669e+00
-1.000000000000000000e+00
-5.610391441324622974e+00
-5.000000000000000000e+00
-2.519951520051807670e+00
-1.082870270583707439e+00
-5.690196149515636570e+00
-1.149877807486946457e+00
-1.690196149515636570e+00
-1.017139254965188311e+00
-2.181000411248204873e+00
-4.981773563106925984e+00
-3.144333151210096489e+00
-2.511619297797095918e+00
1.513174049983576852e+00
-4.307732895022944319e+00
-2.971481653524826960e+00
4.902744579946647363e-01
-2.544068022635552317e+00
-5.000000000000000000e+00
1.373438676515103651e+00
-4.283944566948718169e+00
-1.401758904508127124e+00
6.119555956270821273e-01
