-7.350358529066777891e+00
-4.829361857786510726e+00
-6.823257162038189882e+00
-6.743586333492868512e+00
-2.252381826216167227e+00
-1.748313195527156916e+00
-5.771752732727699176e+00
-5.000000000000000000e+00
5.122454630187911473e-02
-4.000000000000000000e+00
-1.957235932232848752e+00
-6.472427808965753648e+00
-1.000000000000000000e+00
0.000000000000000000e+00
-4.000000000000000000e+00
-4.000000000000000000e+00
-6.815329633792100994e-01
-7.897920460750946781e+00
-4.239882153026072409e+00
1.998650759557224044e+00
-6.342292408187064190e+00
-5.000000000000000000e+00
-9.417019398931776308e+00
-2.324561900314097151e+00
2.000000000000000000e+00
-7.698970004336018746e+00
-3.864701770916057821e+00
-6.227692170686720985e+00
-3.845754400174083099e+00
-7.215711156533378912e+00
-5.000000000000000000e+00
1.877212503013987233e+00
-7.698970004336018746e+00
-1.000000000000000000e+00
-3.000000000000000000e+00
-6.364224746219880657e+00
-4.733126045981688179e-01
2.000000000000000000e+00
-5.723770748152644749e+00
-5.000000000000000000e+00
1.058561160747957031e+00
-7.373225640586146490e+00
-1.000000000000000000e+00
-8.415279214940094565e-01
-3.000000000000000000e+00
-4.778752407158552096e+00
-5.000000000000000000e+00
-2.147740744757863585e+00
2.000000000000000000e+00
-5.000000000000000000e+00
-3.322362457049986340e+00
6.544327419844279126e-01
-8.997694056034072574e+00
-1.000000000000000000e+00
2.000000000000000000e+00
-7.710072458577786669e+00
-1.000000000000000000e+00
-3.896384059662095778e-01
-5.000000000000000000e+00
-1.000000000000000000e+00
-8.252014648733151381e-01
-4.000000000000000000e+00
-3.136378169230724655e+00
-8.000000000000000000e+00
-1.027087637425773137e+00
-8.000000000000000000e+00
-4.000000000000000000e+00
-8.000000000000000000e+00
-1.085209719858277522e+00
-5.895896650126740468e+00
0.000000000000000000e+00
-4.000000000000000000e+00
6.989700043360187465e-01
-4.000000000000000000e+00
-1.263131622971294554e+00
-5.121673264212545540e+00
-4.319413826720567839e-01
-4.000000000000000000e+00
0.000000000000000000e+00
-4.265024608470675105e+00
2.787536009528290837e-01
-4.681139275459539562e+00
-1.000000000000000000e+00
-5.351439293660432917e+00
-1.000000000000000000e+00
-2.127907832987968373e+00
-5.000000000000000000e+00
-5.690196149515636570e+00
-3.304204072375391377e+00
-1.690196149515636570e+00
-1.785396031218734025e+00
-5.690196149515636570e+00
-1.000000000000000000e+00
-6.544068022635552317e+00
-3.982964189045271386e+00
1.257295887913472798e+00
-5.874747356205881843e+00
-1.898283586003609358e+00
-1.000000000000000000e+00
-6.544068022635552317e+00
-1.000000000000000000e+00
-1.000000000000000000e+00
-2.544068022635552317e+00
-4.579594439410516138e+00
6.105564741418086916e-01
