-4.521446129789241652e+00
-1.000000000000000000e+00
-7.000000000000000000e+00
-4.701987102616268288e+00
-4.457407403476185692e+00
1.346015985065659892e+00
-6.328585616069473119e+00
-5.000000000000000000e+00
2.000000000000000000e+00
-5.067150759197592613e+00
-5.000000000000000000e+00
-6.240572028391519588e+00
-1.380678045300269829e+00
-1.932294708756958357e-01
-3.899291039356806987e+00
-2.432590002193327106e+00
-2.184914496457714683e-01
-4.301029995663981254e+00
-2.389257358517181018e+00
6.179313791508106446e-01
-9.301029995663981254e+00
-1.025009402425973937e+00
-9.258792839520642914e+00
-3.627933947210264520e+00
2.000000000000000000e+00
-5.541643169046204243e+00
-2.543941856094801945e+00
-7.154901959985743076e+00
-5.000000000000000000e+00
-7.182423471645150492e+00
-1.000000000000000000e+00
-2.000000000000000000e+00
-7.698970004336018746e+00
-5.000000000000000000e+00
-3.000000000000000000e+00
-4.109088615524283838e+00
-3.930061534196483297e+00
5.462682747481869550e-01
-5.319769744369152065e+00
-2.047796407118698703e+00
-2.000000000000000000e+00
-5.522878745280337398e+00
-2.161237671124355053e+00
-2.000000000000000000e+00
-9.575636995249151573e-01
-4.380921563502194083e+00
-7.167650792883202726e+00
-5.000000000000000000e+00
8.760617595032831328e-01
-8.305012777827542436e+00
-1.000000000000000000e+00
2.000000000000000000e+00
-8.230330766723540137e+00
-3.757320460309703680e+00
-2.000000000000000000e+00
-6.094196023484313329e+00
-1.017761964045037049e+00
-1.952304458867095138e-01
-9.000000000000000000e+00
-5.000000000000000000e+00
-2.000000000000000000e+00
-4.000000000000000000e+00
8.195439355418687732e-01
-4.000000000000000000e+00
-2.457848090552730458e+00
-5.941655163332129952e+00
0.000000000000000000e+00
-7.926073136645002570e+00
-4.000000000000000000e+00
-7.707722088037303187e+00
-2.240754072772157990e+00
-4.464058825376622686e+00
-2.113434864246440448e+00
-5.853522192036207272e+00
0.000000000000000000e+00
-7.179960320449956690e+00
-1.800344733237237538e+00
-4.008307238651481086e+00
-3.421130891430548271e+00
-6.074962847218071005e+00
-3.721246399047171138e+00
-5.690196149515636570e+00
-1.891158364222768284e+00
-3.658243357022479270e+00
-1.000000000000000000e+00
-4.262307570737870144e+00
-4.828863056345205074e+00
-4.278659516597758561e+00
-5.000000000000000000e+00
-2.007718774721696242e+00
-5.000000000000000000e+00
-4.906376935805440986e+00
-1.453398438772166568e+00
-6.544068022635552317e+00
-1.000000000000000000e+00
3.000000000000000000e+00
-4.201890588046488517e+00
-5.000000000000000000e+00
2.148802755351261196e-01
-5.027894437422236962e+00
-2.093075061572642781e+00
-9.948517082172541048e-01
-2.544652711171467629e+00
-5.000000000000000000e+00
-1.000000000000000000e+00
