1.147021574470166883e+01
1.147021574470166883e+01
2.891592275547548940e+00
2.891592275547548940e+00
2.891592275547548940e+00
1.121150955084778467e+00
1.121150955084778467e+00
1.121150955084778467e+00
1.121150955084778467e+00
1.121150955084778467e+00
9.813074488348375590e-01
9.813074488348375590e-01
9.813074488348375590e-01
9.813074488348375590e-01
9.813074488348375590e-01
9.813074488348375590e-01
9.276122716195677187e-01
9.276122716195677187e-01
9.276122716195677187e-01
7.587660945623309061e-01
7.587660945623309061e-01
7.587660945623309061e-01
7.587660945623309061e-01
7.587660945623309061e-01
7.587660945623309061e-01
7.587660945623309061e-01
7.587660945623309061e-01
7.587660945623309061e-01
7.587660945623309061e-01
4.310945390197370997e-01
4.310945390197370997e-01
4.310945390197370997e-01
4.310945390197370997e-01
4.310945390197370997e-01
4.310945390197370997e-01
4.310945390197370997e-01
4.310945390197370997e-01
4.310945390197370997e-01
4.310945390197370997e-01
4.310945390197370997e-01
4.310945390197370997e-01
4.310945390197370997e-01
4.310945390197370997e-01
4.310945390197370997e-01
4.310945390197370997e-01
4.310945390197370997e-01
4.310945390197370997e-01
4.310945390197370997e-01
4.310945390197370997e-01
4.310945390197370997e-01
4.310945390197370997e-01
4.310945390197370997e-01
4.310945390197370997e-01
4.310945390197370997e-01
4.310945390197370997e-01
4.310945390197370997e-01
3.901266907290291686e-01
3.901266907290291686e-01
3.901266907290291686e-01
3.901266907290291686e-01
3.901266907290291686e-01
3.901266907290291686e-01
3.901266907290291686e-01
3.901266907290291686e-01
3.288583437776977370e-01
3.288583437776977370e-01
3.288583437776977370e-01
2.977407499496985688e-01
2.977407499496985688e-01
2.977407499496985688e-01
2.977407499496985688e-01
2.977407499496985688e-01
2.977407499496985688e-01
2.977407499496985688e-01
2.977407499496985688e-01
2.977407499496985688e-01
2.977407499496985688e-01
2.977407499496985688e-01
2.977407499496985688e-01
2.977407499496985688e-01
2.977407499496985688e-01
2.977407499496985688e-01
2.977407499496985688e-01
2.977407499496985688e-01
2.977407499496985688e-01
2.977407499496985688e-01
2.977407499496985688e-01
2.977407499496985688e-01
2.977407499496985688e-01
2.977407499496985688e-01
2.977407499496985688e-01
2.977407499496985688e-01
2.977407499496985688e-01
2.977407499496985688e-01
2.977407499496985688e-01
2.977407499496985688e-01
2.977407499496985688e-01
2.977407499496985688e-01
2.977407499496985688e-01
2.977407499496985688e-01
2.977407499496985688e-01
2.977407499496985688e-01
2.977407499496985688e-01
2.532148094187702814e-01
2.532148094187702814e-01
2.168403872592165049e-01
2.168403872592165049e-01
2.168403872592165049e-01
1.632892692396306078e-01
1.622912382781079299e-01
1.597552328479000250e-01
1.597552328479000250e-01
1.597552328479000250e-01
1.597552328479000250e-01
1.587408368514218737e-01
1.587408368514218737e-01
1.564903257030198502e-01
1.564903257030198502e-01
1.564903257030198502e-01
1.550168361261365924e-01
1.550168361261365924e-01
1.550168361261365924e-01
1.550168361261365924e-01
1.550168361261365924e-01
1.550168361261365924e-01
1.550168361261365924e-01
1.550168361261365924e-01
1.550168361261365924e-01
1.550168361261365924e-01
1.550168361261365924e-01
1.550168361261365924e-01
1.550168361261365924e-01
1.550168361261365924e-01
1.550168361261365924e-01
1.427261598102342322e-01
1.268346907605260865e-01
1.268346907605260865e-01
1.268346907605260865e-01
1.268346907605260865e-01
1.268346907605260865e-01
1.268346907605260865e-01
1.268346907605260865e-01
1.268346907605260865e-01
1.268346907605260865e-01
1.253423817017229602e-01
1.253423817017229602e-01
1.253423817017229602e-01
1.253423817017229602e-01
1.253423817017229602e-01
1.253423817017229602e-01
1.252376432309532106e-01
1.252376432309532106e-01
1.247928908744130316e-01
1.247928908744130316e-01
1.247928908744130316e-01
1.247928908744130316e-01
1.247928908744130316e-01
1.247928908744130316e-01
1.220428464084647724e-01
1.212634043381843746e-01
1.212634043381843746e-01
1.212634043381843746e-01
1.212634043381843746e-01
1.212634043381843746e-01
1.212634043381843746e-01
1.202603834647501674e-01
1.199181885881109022e-01
1.199181885881109022e-01
1.199181885881109022e-01
1.199181885881109022e-01
1.179170689946554967e-01
1.179170689946554967e-01
1.179170689946554967e-01
1.179170689946554967e-01
1.179170689946554967e-01
1.179170689946554967e-01
1.179170689946554967e-01
1.179170689946554967e-01
1.176281078669965535e-01
1.175688588391942402e-01
1.175636565734891198e-01
1.175632128024439171e-01
1.175629728414205322e-01
1.175627800949480273e-01
1.175627800949480273e-01
1.175627800949480273e-01
1.175627800949480273e-01
1.175627800949480273e-01
1.175627800949480273e-01
1.175627800949480273e-01
1.175627800949480273e-01
1.175627800949480273e-01
1.175627800949480273e-01
1.169805277763482365e-01
1.169348448918892808e-01
1.169335219384705915e-01
1.169334671053026409e-01
1.169334536066779229e-01
1.169149846430494605e-01
1.168855012844782354e-01
