7.581021889635396249e+00
7.581021889635396249e+00
7.581021889635396249e+00
7.581021889635396249e+00
7.581021889635396249e+00
6.502795074762551586e+00
6.502795074762551586e+00
5.113607631124517994e+00
5.059215175087756755e+00
5.059215175087756755e+00
4.371523722735371820e+00
4.367150402952743704e+00
4.367150402952743704e+00
4.367150402952743704e+00
4.367150402952743704e+00
2.995472568408535707e+00
2.995472568408535707e+00
2.995472568408535707e+00
2.995472568408535707e+00
2.995472568408535707e+00
2.995472568408535707e+00
2.995472568408535707e+00
2.995472568408535707e+00
2.995472568408535707e+00
2.995472568408535707e+00
2.995472568408535707e+00
2.995472568408535707e+00
2.025219176019613876e+00
2.025219176019613876e+00
2.025219176019613876e+00
2.025219176019613876e+00
2.025219176019613876e+00
2.025219176019613876e+00
2.025219176019613876e+00
2.025219176019613876e+00
1.972083130077568303e+00
1.972083130077568303e+00
1.972083130077568303e+00
1.757662632371658873e+00
1.757662632371658873e+00
1.757662632371658873e+00
1.757662632371658873e+00
1.757662632371658873e+00
1.757662632371658873e+00
1.757662632371658873e+00
1.757662632371658873e+00
1.373351203862565262e+00
1.373351203862565262e+00
1.373351203862565262e+00
1.373351203862565262e+00
1.373351203862565262e+00
1.373351203862565262e+00
8.910563253298069419e-01
8.910563253298069419e-01
8.910563253298069419e-01
8.910563253298069419e-01
8.910563253298069419e-01
8.910563253298069419e-01
8.910563253298069419e-01
8.910563253298069419e-01
8.910563253298069419e-01
8.595910246936570021e-01
7.837925965570453624e-01
7.837925965570453624e-01
7.837925965570453624e-01
7.837925965570453624e-01
7.837925965570453624e-01
7.837925965570453624e-01
7.837925965570453624e-01
7.837925965570453624e-01
7.837925965570453624e-01
7.515559139849177228e-01
7.515559139849177228e-01
7.515559139849177228e-01
7.515559139849177228e-01
7.515559139849177228e-01
6.546739924609444872e-01
6.546739924609444872e-01
6.546739924609444872e-01
5.421550109846769994e-01
5.421550109846769994e-01
4.352261375412161959e-01
4.352261375412161959e-01
4.352261375412161959e-01
4.352261375412161959e-01
4.352261375412161959e-01
4.352261375412161959e-01
4.352261375412161959e-01
4.352261375412161959e-01
4.352261375412161959e-01
4.352261375412161959e-01
4.352261375412161959e-01
4.352261375412161959e-01
3.525282197125186312e-01
3.525282197125186312e-01
3.525282197125186312e-01
3.525282197125186312e-01
3.525282197125186312e-01
3.525282197125186312e-01
3.525282197125186312e-01
3.525282197125186312e-01
3.525282197125186312e-01
3.525282197125186312e-01
3.525282197125186312e-01
3.525282197125186312e-01
3.525282197125186312e-01
3.100978107409418927e-01
3.100978107409418927e-01
3.100978107409418927e-01
3.100978107409418927e-01
3.100978107409418927e-01
3.100978107409418927e-01
3.100978107409418927e-01
3.100978107409418927e-01
2.867999746361873381e-01
2.649349780363113305e-01
2.610579643654268311e-01
2.605182765465839378e-01
2.604462130551074561e-01
2.604462130551074561e-01
2.604462130551074561e-01
2.604462130551074561e-01
2.604258302441804784e-01
2.604159212092785891e-01
2.604125457171538316e-01
2.604112985193868801e-01
2.604107885247641807e-01
2.604102413722890752e-01
2.604102413722890752e-01
2.604089934898624614e-01
2.604085308859728221e-01
2.604085076145617461e-01
2.604081135522795520e-01
2.604081135522795520e-01
2.604081135522795520e-01
2.604079959516359954e-01
2.604079959516359954e-01
2.604079959516359954e-01
2.604079959516359954e-01
2.604079959516359954e-01
2.604079959516359954e-01
2.523500170613453553e-01
2.027893811255096768e-01
2.027893811255096768e-01
2.027893811255096768e-01
2.027893811255096768e-01
2.027893811255096768e-01
2.027893811255096768e-01
2.027893811255096768e-01
2.027893811255096768e-01
1.592566974800860014e-01
1.592566974800860014e-01
1.592566974800860014e-01
1.533466001911846510e-01
1.533466001911846510e-01
1.423559889869609185e-01
1.423559889869609185e-01
1.423559889869609185e-01
1.416520916462190305e-01
1.416520916462190305e-01
1.416520916462190305e-01
1.416520916462190305e-01
1.408789194319851334e-01
1.408789194319851334e-01
1.408789194319851334e-01
1.408789194319851334e-01
1.408789194319851334e-01
1.408789194319851334e-01
1.408789194319851334e-01
1.408789194319851334e-01
1.408763864396012644e-01
1.408763864396012644e-01
1.408763864396012644e-01
1.408707315771705049e-01
1.408707315771705049e-01
1.408686530318968011e-01
1.408686530318968011e-01
1.408686530318968011e-01
1.408684847756800362e-01
1.408684847756800362e-01
1.408684847756800362e-01
1.408684847756800362e-01
1.408684847756800362e-01
1.408684847756800362e-01
1.408683964986589265e-01
1.408683964986589265e-01
1.408683964986589265e-01
1.408683964986589265e-01
1.408683964986589265e-01
1.408683964986589265e-01
1.408683964986589265e-01
1.408683964986589265e-01
1.408683964986589265e-01
1.408683777923482316e-01
1.408683777923482316e-01
1.408683777923482316e-01
1.408683777923482316e-01
1.408683777923482316e-01
1.408683777923482316e-01
1.408682699186358522e-01
