1.917131885810988123e+01
6.439602344890346330e+00
2.523286341773856911e+00
2.523286341773856911e+00
2.523286341773856911e+00
9.791122765222792790e-01
9.791122765222792790e-01
9.791122765222792790e-01
9.791122765222792790e-01
9.791122765222792790e-01
9.791122765222792790e-01
9.791122765222792790e-01
9.791122765222792790e-01
9.791122765222792790e-01
9.791122765222792790e-01
9.791122765222792790e-01
9.791122765222792790e-01
9.791122765222792790e-01
8.439146208004939531e-01
8.439146208004939531e-01
8.256901037550303801e-01
8.256901037550303801e-01
8.256901037550303801e-01
8.256901037550303801e-01
8.256901037550303801e-01
8.256901037550303801e-01
8.256901037550303801e-01
7.999300084228389007e-01
7.999300084228389007e-01
7.999300084228389007e-01
7.844858665793554842e-01
7.844858665793554842e-01
7.844858665793554842e-01
7.844858665793554842e-01
7.844858665793554842e-01
7.844858665793554842e-01
7.844858665793554842e-01
6.897145250184951726e-01
6.897145250184951726e-01
6.311331419012427002e-01
6.311331419012427002e-01
6.311331419012427002e-01
6.311331419012427002e-01
6.311331419012427002e-01
6.311331419012427002e-01
6.311331419012427002e-01
5.411293141204303048e-01
5.411293141204303048e-01
5.411293141204303048e-01
5.411293141204303048e-01
5.411293141204303048e-01
5.411293141204303048e-01
5.411293141204303048e-01
5.411293141204303048e-01
5.411293141204303048e-01
5.411293141204303048e-01
5.411293141204303048e-01
5.411293141204303048e-01
5.411293141204303048e-01
5.379763862457496160e-01
5.379763862457496160e-01
5.379763862457496160e-01
5.379763862457496160e-01
5.379763862457496160e-01
5.379763862457496160e-01
5.379763862457496160e-01
5.379763862457496160e-01
5.379763862457496160e-01
5.379763862457496160e-01
5.379763862457496160e-01
5.379763862457496160e-01
5.379763862457496160e-01
3.315863745510691518e-01
3.315863745510691518e-01
3.315863745510691518e-01
3.315863745510691518e-01
2.686066977267917988e-01
2.686066977267917988e-01
2.686066977267917988e-01
2.686066977267917988e-01
2.686066977267917988e-01
2.686066977267917988e-01
2.686066977267917988e-01
2.686066977267917988e-01
2.686066977267917988e-01
2.686066977267917988e-01
2.686066977267917988e-01
2.686066977267917988e-01
2.686066977267917988e-01
2.686066977267917988e-01
2.686066977267917988e-01
2.096429668306827587e-01
2.096429668306827587e-01
2.096429668306827587e-01
2.096429668306827587e-01
2.096429668306827587e-01
2.096429668306827587e-01
2.096429668306827587e-01
2.096429668306827587e-01
2.096429668306827587e-01
2.096429668306827587e-01
2.096429668306827587e-01
2.096429668306827587e-01
2.096429668306827587e-01
2.096429668306827587e-01
2.096429668306827587e-01
1.923320924386887065e-01
1.902275545742845575e-01
1.886480280035229551e-01
1.875550589621721165e-01
1.871346627057874079e-01
1.869687090184608269e-01
1.868983278699906658e-01
1.868673914149956983e-01
1.868569463318949520e-01
1.868513192108486598e-01
1.868485911694650892e-01
1.868481595761446457e-01
1.868476525560419377e-01
1.868474639413411076e-01
1.868474504711372663e-01
1.868473250555741094e-01
1.868473250555741094e-01
1.825952325065118009e-01
1.825952325065118009e-01
1.825952325065118009e-01
1.825952325065118009e-01
1.825952325065118009e-01
1.825952325065118009e-01
1.825952325065118009e-01
1.825952325065118009e-01
1.825952325065118009e-01
1.825952325065118009e-01
1.825952325065118009e-01
1.825952325065118009e-01
1.825952325065118009e-01
1.825952325065118009e-01
1.825952325065118009e-01
1.825952325065118009e-01
1.825952325065118009e-01
1.825952325065118009e-01
1.825952325065118009e-01
1.808524286306160411e-01
1.808524286306160411e-01
1.800723226166602575e-01
1.783925306007880518e-01
1.783925306007880518e-01
1.783599985991097814e-01
1.783415118475967232e-01
1.696078073877967940e-01
1.696078073877967940e-01
1.696078073877967940e-01
1.696078073877967940e-01
1.696078073877967940e-01
1.696078073877967940e-01
1.696078073877967940e-01
1.696078073877967940e-01
1.696078073877967940e-01
1.637132984283475867e-01
1.637132984283475867e-01
1.637132984283475867e-01
1.593321313497251535e-01
1.559265903302048673e-01
1.515489277276066138e-01
1.515367747959093514e-01
1.515367747959093514e-01
1.515367747959093514e-01
1.515367747959093514e-01
1.515291116947530825e-01
1.515291116947530825e-01
1.515272785662566124e-01
1.515272785662566124e-01
1.515271380262760981e-01
1.515270567596534168e-01
1.515270567596534168e-01
1.515269793272769061e-01
1.515269793272769061e-01
1.515269793272769061e-01
1.515269793272769061e-01
1.515269793272769061e-01
1.515269793272769061e-01
1.515269793272769061e-01
8.979443192993831480e-02
8.979443192993831480e-02
8.979443192993831480e-02
8.979443192993831480e-02
8.971277072082646520e-02
6.374024204757457179e-02
6.374024204757457179e-02
6.255539681871363777e-02
6.229419468455303643e-02
6.228325308510017366e-02
6.228285962495844208e-02
6.228272807388135490e-02
6.228272807388135490e-02
6.228272807388135490e-02
6.228272807388135490e-02
6.228272807388135490e-02
6.228272807388135490e-02
6.228272807388135490e-02
