3.016966489427977294e+01
1.799772545995428530e+01
3.719479669493359619e+00
2.689067771117612526e+00
2.689067771117612526e+00
2.478031730920075670e+00
2.478031730920075670e+00
2.478031730920075670e+00
2.191850585209254909e+00
2.191850585209254909e+00
9.688227501552852949e-01
9.688227501552852949e-01
9.688227501552852949e-01
9.688227501552852949e-01
9.688227501552852949e-01
9.688227501552852949e-01
9.688227501552852949e-01
9.688227501552852949e-01
9.688227501552852949e-01
9.688227501552852949e-01
7.191684635197771458e-01
7.191684635197771458e-01
7.191684635197771458e-01
7.191684635197771458e-01
4.984030469869114022e-01
4.984030469869114022e-01
4.984030469869114022e-01
4.587409056275660868e-01
4.587409056275660868e-01
4.587409056275660868e-01
4.587409056275660868e-01
4.587409056275660868e-01
4.587409056275660868e-01
4.587409056275660868e-01
4.027585266610372861e-01
4.027585266610372861e-01
4.027585266610372861e-01
4.027585266610372861e-01
4.027585266610372861e-01
4.027585266610372861e-01
4.027585266610372861e-01
3.043958278770238501e-01
3.043958278770238501e-01
3.043958278770238501e-01
3.043958278770238501e-01
3.043958278770238501e-01
2.015682474436335525e-01
2.015682474436335525e-01
2.015682474436335525e-01
2.015682474436335525e-01
2.015682474436335525e-01
2.015682474436335525e-01
2.015682474436335525e-01
2.015682474436335525e-01
2.015682474436335525e-01
2.015682474436335525e-01
2.015682474436335525e-01
2.015682474436335525e-01
2.015682474436335525e-01
2.015682474436335525e-01
2.015682474436335525e-01
1.962194216759963750e-01
1.962194216759963750e-01
1.962194216759963750e-01
1.962194216759963750e-01
1.962194216759963750e-01
1.962194216759963750e-01
1.692000059156726910e-01
1.692000059156726910e-01
1.692000059156726910e-01
1.692000059156726910e-01
1.692000059156726910e-01
1.692000059156726910e-01
1.692000059156726910e-01
1.692000059156726910e-01
1.692000059156726910e-01
1.692000059156726910e-01
1.692000059156726910e-01
1.692000059156726910e-01
1.692000059156726910e-01
1.692000059156726910e-01
1.692000059156726910e-01
1.692000059156726910e-01
1.692000059156726910e-01
1.692000059156726910e-01
1.362752417329857468e-01
1.362752417329857468e-01
1.064372230624956034e-01
1.064372230624956034e-01
1.064372230624956034e-01
1.064372230624956034e-01
1.064372230624956034e-01
1.064372230624956034e-01
1.064372230624956034e-01
1.064372230624956034e-01
1.064372230624956034e-01
1.064372230624956034e-01
1.064372230624956034e-01
1.064372230624956034e-01
1.057687709013487576e-01
1.057687709013487576e-01
1.057687709013487576e-01
1.057321431502550590e-01
1.045968508157466975e-01
1.044082978792677807e-01
1.043906472100571553e-01
1.043906472100571553e-01
1.043447152716963783e-01
1.043319456554381436e-01
1.043285543017902217e-01
1.043273597083589355e-01
1.043270602674568615e-01
1.043269517464791574e-01
1.043268520643192837e-01
1.043267888525831327e-01
1.043267888525831327e-01
1.043266735378268195e-01
1.043266735378268195e-01
1.043264812264665664e-01
1.043264812264665664e-01
1.043264812264665664e-01
1.043264812264665664e-01
1.043263768597629676e-01
1.043263087544986784e-01
1.043262764464438636e-01
1.025578606373211688e-01
1.025578606373211688e-01
1.020643006657389051e-01
1.020643006657389051e-01
1.000826629618880165e-01
1.000826629618880165e-01
9.973920254944276809e-02
9.973920254944276809e-02
9.702551763248010164e-02
9.657462916698697497e-02
9.657462916698697497e-02
9.657462916698697497e-02
9.637876961601131443e-02
9.625995373249052189e-02
9.622836968039555350e-02
9.621966715222213251e-02
9.621674242178147873e-02
9.621585923350858827e-02
9.621571095460500211e-02
9.621568728734991582e-02
9.567035859049656532e-02
9.453574757466146061e-02
9.309618000999488052e-02
9.309618000999488052e-02
9.300938622421550672e-02
9.278407511765618398e-02
9.278407511765618398e-02
9.257052653717752488e-02
9.249617894102486748e-02
9.234119368273539796e-02
9.225043929030515844e-02
9.223082350665616491e-02
9.222242998223129096e-02
9.221874559253910586e-02
9.221037751763644374e-02
9.220558565723811772e-02
9.220303083750526485e-02
9.220217952172118925e-02
9.220188802325902933e-02
9.220173874778830880e-02
9.220172997403384973e-02
9.220127265402522365e-02
9.220127265402522365e-02
9.220127265402522365e-02
9.220107564648796772e-02
9.220107564648796772e-02
9.220098315049853055e-02
9.220074609627319784e-02
9.220074609627319784e-02
9.220074609627319784e-02
7.682042616286338665e-02
7.682042616286338665e-02
7.682042616286338665e-02
7.682042616286338665e-02
7.682042616286338665e-02
7.682042616286338665e-02
7.682042616286338665e-02
7.682042616286338665e-02
7.682042616286338665e-02
7.682042616286338665e-02
7.682042616286338665e-02
7.682042616286338665e-02
7.682042616286338665e-02
7.682042616286338665e-02
7.682042616286338665e-02
7.682042616286338665e-02
7.682042616286338665e-02
7.682042616286338665e-02
7.682042616286338665e-02
7.682042616286338665e-02
7.682042616286338665e-02
7.682042616286338665e-02
7.682042616286338665e-02
7.682042616286338665e-02
7.682042616286338665e-02
