4.329844920183454349e+01
4.329844920183454349e+01
2.318797429116317588e+01
3.473367455946957616e+00
2.449512410233086523e+00
2.389664807995116824e+00
1.781760994488670535e+00
1.781760994488670535e+00
1.781760994488670535e+00
1.606570264557379613e+00
1.606570264557379613e+00
1.606570264557379613e+00
1.606570264557379613e+00
1.606570264557379613e+00
1.606570264557379613e+00
1.606570264557379613e+00
1.606570264557379613e+00
1.606570264557379613e+00
1.606570264557379613e+00
1.606570264557379613e+00
1.266484905794530880e+00
1.266484905794530880e+00
1.266484905794530880e+00
1.266484905794530880e+00
1.266484905794530880e+00
1.223651688027484363e+00
1.184509718605468720e+00
1.184509718605468720e+00
1.184509718605468720e+00
1.184509718605468720e+00
1.184509718605468720e+00
9.582494891967953121e-01
9.582494891967953121e-01
9.582494891967953121e-01
9.582494891967953121e-01
9.582494891967953121e-01
9.582494891967953121e-01
9.582494891967953121e-01
9.582494891967953121e-01
9.582494891967953121e-01
9.582494891967953121e-01
9.582494891967953121e-01
9.582494891967953121e-01
9.582494891967953121e-01
9.582494891967953121e-01
7.731790469494272955e-01
6.435628339822040411e-01
6.435628339822040411e-01
6.435628339822040411e-01
6.435628339822040411e-01
6.435628339822040411e-01
6.435628339822040411e-01
6.435628339822040411e-01
6.435628339822040411e-01
6.435628339822040411e-01
6.435628339822040411e-01
6.435628339822040411e-01
6.435628339822040411e-01
6.435628339822040411e-01
6.435628339822040411e-01
6.435628339822040411e-01
6.435628339822040411e-01
6.435628339822040411e-01
6.435628339822040411e-01
6.435628339822040411e-01
6.435628339822040411e-01
6.276250177736379943e-01
6.276250177736379943e-01
6.276250177736379943e-01
6.276250177736379943e-01
6.276250177736379943e-01
6.276250177736379943e-01
6.276250177736379943e-01
6.276250177736379943e-01
6.276250177736379943e-01
6.276250177736379943e-01
6.276250177736379943e-01
6.276250177736379943e-01
6.276250177736379943e-01
6.276250177736379943e-01
6.276250177736379943e-01
6.276250177736379943e-01
6.276250177736379943e-01
6.276250177736379943e-01
6.276250177736379943e-01
6.276250177736379943e-01
6.276250177736379943e-01
6.276250177736379943e-01
6.276250177736379943e-01
4.773572800602479127e-01
4.773572800602479127e-01
4.773572800602479127e-01
4.773572800602479127e-01
4.773572800602479127e-01
4.773572800602479127e-01
3.801642314403061440e-01
3.801642314403061440e-01
3.801642314403061440e-01
3.801642314403061440e-01
3.801642314403061440e-01
3.801642314403061440e-01
3.801642314403061440e-01
3.801642314403061440e-01
3.801642314403061440e-01
3.801642314403061440e-01
3.801642314403061440e-01
3.801642314403061440e-01
3.801642314403061440e-01
3.801642314403061440e-01
3.801642314403061440e-01
3.801642314403061440e-01
3.606514518389100088e-01
2.849159901056648181e-01
1.869315931396196007e-01
1.869315931396196007e-01
1.869315931396196007e-01
1.869315931396196007e-01
1.869315931396196007e-01
1.869315931396196007e-01
1.869315931396196007e-01
1.869315931396196007e-01
1.869315931396196007e-01
1.869315931396196007e-01
1.869315931396196007e-01
1.869315931396196007e-01
1.848796549564208358e-01
1.848796549564208358e-01
1.848796549564208358e-01
1.848796549564208358e-01
1.825352264022178095e-01
1.787072038212147440e-01
1.756662247681625988e-01
1.447362508862701513e-01
1.356827788118121492e-01
1.356827788118121492e-01
1.318764998714265779e-01
1.318764998714265779e-01
1.318764998714265779e-01
1.318764998714265779e-01
1.318764998714265779e-01
1.318764998714265779e-01
1.308482014288221418e-01
1.308482014288221418e-01
1.308482014288221418e-01
1.300278622289321728e-01
1.280629449640462714e-01
1.280629449640462714e-01
1.270535442572786056e-01
1.269830272819008066e-01
1.257382177376697441e-01
1.257382177376697441e-01
1.254092177951415532e-01
1.248725207130993303e-01
1.248725207130993303e-01
1.248725207130993303e-01
1.248725207130993303e-01
1.240137248193922542e-01
1.239359802652561793e-01
1.239223765593042981e-01
1.237512865614842500e-01
1.237346806448492292e-01
1.236926917523211988e-01
1.236824954184495839e-01
1.236740316939445028e-01
1.236676688464732055e-01
1.236670929594442803e-01
1.236670929594442803e-01
1.236669545179190921e-01
1.236669545179190921e-01
1.236669545179190921e-01
1.236669545179190921e-01
1.236541730281766338e-01
1.236522414296309796e-01
1.231457238219546696e-01
1.231457238219546696e-01
1.227067740537733515e-01
1.219567430572202210e-01
1.218210989311186432e-01
1.217925798599639869e-01
1.217478859587014517e-01
1.212756549424615221e-01
1.212756549424615221e-01
1.212756549424615221e-01
1.212756549424615221e-01
1.145654000520003879e-01
1.094607191323355988e-01
1.085589729647533919e-01
1.081833829200129632e-01
1.080744443985214714e-01
1.076715397262724416e-01
1.073402917212061825e-01
1.072292741620250595e-01
1.068763107903899223e-01
1.068404607990962318e-01
1.068390760399536565e-01
1.066733358392011055e-01
1.065430875584835180e-01
1.063022211584049304e-01
1.061335450887451320e-01
1.059403648996910252e-01
