6.103805528446005013e+01
6.103805528446005013e+01
6.103805528446005013e+01
3.282100250310853795e+01
1.542446972036655417e+01
9.405259906387023250e+00
9.405259906387023250e+00
7.593848713388251070e+00
3.685784476859552239e+00
3.685784476859552239e+00
2.988685797586869697e+00
2.988685797586869697e+00
2.988685797586869697e+00
2.988685797586869697e+00
2.988685797586869697e+00
2.988685797586869697e+00
2.979713514731304969e+00
2.979713514731304969e+00
2.558102422767318807e+00
2.558102422767318807e+00
2.558102422767318807e+00
2.558102422767318807e+00
2.558102422767318807e+00
2.558102422767318807e+00
2.558102422767318807e+00
2.558102422767318807e+00
2.558102422767318807e+00
2.558102422767318807e+00
2.558102422767318807e+00
2.558102422767318807e+00
2.558102422767318807e+00
2.272735147059725236e+00
2.272735147059725236e+00
2.272735147059725236e+00
2.272735147059725236e+00
2.272735147059725236e+00
2.272735147059725236e+00
2.272735147059725236e+00
2.272735147059725236e+00
2.218268322674815440e+00
2.218268322674815440e+00
2.218268322674815440e+00
2.218268322674815440e+00
2.218268322674815440e+00
2.218268322674815440e+00
2.218268322674815440e+00
2.218268322674815440e+00
2.218268322674815440e+00
2.218268322674815440e+00
2.218268322674815440e+00
2.218268322674815440e+00
2.218268322674815440e+00
2.218268322674815440e+00
2.218268322674815440e+00
2.218268322674815440e+00
2.218268322674815440e+00
2.218268322674815440e+00
2.218268322674815440e+00
2.199101020794192785e+00
2.189022534509147189e+00
2.189022534509147189e+00
2.106250154251411821e+00
2.106250154251411821e+00
2.106250154251411821e+00
2.106250154251411821e+00
2.106250154251411821e+00
2.093700004545096860e+00
2.093700004545096860e+00
2.078616084723825974e+00
2.078616084723825974e+00
2.078616084723825974e+00
2.078616084723825974e+00
2.078616084723825974e+00
2.078616084723825974e+00
2.078616084723825974e+00
2.078616084723825974e+00
2.078616084723825974e+00
2.078616084723825974e+00
2.078616084723825974e+00
2.069246944061359894e+00
2.069246944061359894e+00
2.069246944061359894e+00
2.069246944061359894e+00
2.069246944061359894e+00
2.069246944061359894e+00
2.069246944061359894e+00
2.069246944061359894e+00
2.069246944061359894e+00
2.047303029437274713e+00
2.047303029437274713e+00
2.047303029437274713e+00
2.047303029437274713e+00
1.997204873012692339e+00
1.997204873012692339e+00
1.989454882260271784e+00
1.989454882260271784e+00
1.988925588533823952e+00
1.987605138524338511e+00
1.987605138524338511e+00
1.982503667954968796e+00
1.980791971324538325e+00
1.979944052629801998e+00
1.979944052629801998e+00
1.979944052629801998e+00
1.979944052629801998e+00
1.979699373173858801e+00
1.979364108693572710e+00
1.979329146539198891e+00
1.979329146539198891e+00
1.979329146539198891e+00
1.979117595396260976e+00
1.979117595396260976e+00
1.976139408780123174e+00
1.976139408780123174e+00
1.976139408780123174e+00
1.976139408780123174e+00
1.976139408780123174e+00
1.976139408780123174e+00
1.976139408780123174e+00
1.976139408780123174e+00
1.975468373825472357e+00
1.966121128344958446e+00
1.966121128344958446e+00
1.963765744885604736e+00
1.963765744885604736e+00
1.950857069635922869e+00
1.950857069635922869e+00
1.950857069635922869e+00
1.950857069635922869e+00
1.950857069635922869e+00
1.946099918935333628e+00
1.946029814978293526e+00
1.946029814978293526e+00
1.946029814978293526e+00
1.946029814978293526e+00
1.946029814978293526e+00
1.946029814978293526e+00
1.946029814978293526e+00
1.945746386449703103e+00
1.945746386449703103e+00
1.945654932395171954e+00
1.945654932395171954e+00
1.945653868117735552e+00
1.945653868117735552e+00
1.945653868117735552e+00
1.945627633965255843e+00
1.945583967952157600e+00
1.945583967952157600e+00
1.945504620549507235e+00
1.945467812008878639e+00
1.945413359987550939e+00
1.945331484514460918e+00
1.945331484514460918e+00
1.945331484514460918e+00
1.945331057464158020e+00
1.945331057464158020e+00
1.945331057464158020e+00
1.945331057464158020e+00
1.945330912734504203e+00
1.945330912734504203e+00
1.945330912734504203e+00
1.945314115254975773e+00
1.945261096723706951e+00
1.945249425967011003e+00
1.945249425967011003e+00
1.945106524191043906e+00
1.944923344399874132e+00
1.944626196342662539e+00
1.944524986263437505e+00
1.944368489970235370e+00
1.944256233889634089e+00
1.943965198257313620e+00
1.943965198257313620e+00
1.943965198257313620e+00
1.943155102398224088e+00
1.942898529383479067e+00
1.942871085169831868e+00
1.942800018667923290e+00
1.942551463049580818e+00
1.942551463049580818e+00
1.942551463049580818e+00
1.942493369464380226e+00
1.942432036338755941e+00
1.942430426785127340e+00
1.942421243754008042e+00
1.942416236896198578e+00
1.942316832052291442e+00
1.942316197274494005e+00
1.942316197274494005e+00
1.941989088822281273e+00
1.941571747249932534e+00
1.941568705090581659e+00
1.941568705090581659e+00
1.941436818109310236e+00
1.941300610760094081e+00
1.941177680945391115e+00
1.941059665797620459e+00
1.941058196427534632e+00
1.941058180359935825e+00
1.941058180359935825e+00
