5.171321101574717716e+01
4.654649923611239615e+01
2.597616774376828275e+01
2.330326450918190773e+01
1.567425309087378693e+01
1.053398876826350339e+01
6.832539547780941191e+00
6.832539547780941191e+00
6.832539547780941191e+00
6.832539547780941191e+00
6.311372449097620851e+00
5.516633844888043647e+00
5.115222517839073113e+00
5.115222517839073113e+00
5.115222517839073113e+00
4.724764129835659077e+00
4.724764129835659077e+00
4.010621549585796863e+00
4.010621549585796863e+00
3.595442849637463745e+00
3.595442849637463745e+00
3.595442849637463745e+00
3.595442849637463745e+00
3.595442849637463745e+00
3.458154981819412832e+00
3.458154981819412832e+00
3.458154981819412832e+00
3.007366912340721843e+00
3.007366912340721843e+00
3.007366912340721843e+00
3.007366912340721843e+00
3.007366912340721843e+00
3.007366912340721843e+00
3.007366912340721843e+00
2.959121085913016813e+00
2.959121085913016813e+00
2.959121085913016813e+00
2.959121085913016813e+00
2.959121085913016813e+00
2.959121085913016813e+00
2.959121085913016813e+00
2.959121085913016813e+00
2.959121085913016813e+00
2.959121085913016813e+00
2.830205441752578821e+00
2.830205441752578821e+00
2.830205441752578821e+00
2.830205441752578821e+00
2.438256094414103181e+00
2.438256094414103181e+00
2.438256094414103181e+00
2.438256094414103181e+00
2.438256094414103181e+00
2.438256094414103181e+00
2.438256094414103181e+00
2.438256094414103181e+00
2.438256094414103181e+00
2.438256094414103181e+00
2.438256094414103181e+00
2.178935889397910497e+00
2.178935889397910497e+00
2.178935889397910497e+00
2.178935889397910497e+00
2.178935889397910497e+00
1.844858972215537740e+00
1.748612468692313016e+00
1.748612468692313016e+00
1.547420238166838047e+00
1.547420238166838047e+00
1.512474533342221150e+00
1.512474533342221150e+00
1.512474533342221150e+00
1.512474533342221150e+00
1.512474533342221150e+00
1.512474533342221150e+00
1.201027755823413701e+00
1.053521630485668936e+00
1.053521630485668936e+00
1.053521630485668936e+00
1.053521630485668936e+00
1.053521630485668936e+00
8.538741204699544785e-01
8.538741204699544785e-01
8.538741204699544785e-01
8.538741204699544785e-01
8.538741204699544785e-01
7.896004472526615414e-01
7.896004472526615414e-01
7.896004472526615414e-01
7.896004472526615414e-01
6.808017588441024337e-01
6.808017588441024337e-01
6.808017588441024337e-01
6.622349539750601588e-01
6.605399047267409562e-01
6.605399047267409562e-01
6.444558004706382182e-01
6.416748473787768914e-01
6.416748473787768914e-01
6.416748473787768914e-01
6.416748473787768914e-01
6.416748473787768914e-01
6.411594714006205731e-01
6.411594714006205731e-01
6.411594714006205731e-01
6.292336155988823565e-01
6.292336155988823565e-01
6.292336155988823565e-01
6.065024606207061186e-01
5.851671821510159299e-01
5.686142203126801631e-01
5.686142203126801631e-01
5.686142203126801631e-01
5.592026598416316441e-01
5.555989606999802710e-01
5.555989606999802710e-01
5.555989606999802710e-01
5.554796898627476498e-01
5.326443603441757269e-01
5.267650426566562460e-01
5.248645558601381378e-01
5.248645558601381378e-01
5.248645558601381378e-01
5.248645558601381378e-01
5.248645558601381378e-01
5.248645558601381378e-01
5.215561104689687699e-01
5.075402514882516591e-01
4.970655240112140660e-01
4.941929057982441531e-01
4.941929057982441531e-01
4.798781171523003319e-01
4.798781171523003319e-01
4.798781171523003319e-01
4.798781171523003319e-01
4.798781171523003319e-01
4.750798271115215798e-01
4.635358185608972614e-01
4.465984228988253424e-01
4.465984228988253424e-01
4.465984228988253424e-01
4.451911123197481168e-01
4.340999225347004775e-01
3.779048471354688465e-01
2.990867739747132825e-01
2.990867739747132825e-01
2.990867739747132825e-01
2.990867739747132825e-01
2.990867739747132825e-01
2.990867739747132825e-01
2.389609350010011846e-01
2.389609350010011846e-01
2.389609350010011846e-01
2.389609350010011846e-01
2.389609350010011846e-01
2.389609350010011846e-01
2.304997474715490269e-01
2.278357676415364852e-01
2.160917801368253399e-01
2.083942004202950504e-01
2.072530688738845883e-01
2.057595115299112043e-01
2.054524132695577376e-01
2.053966305444486495e-01
2.053865189377555578e-01
2.053847457006784394e-01
2.045882595807757831e-01
2.028850513196529814e-01
2.024774418390164199e-01
2.022869199056559486e-01
2.020512967573111773e-01
2.020421505636160187e-01
2.010166394764303921e-01
2.000337709854305979e-01
1.987311194132584391e-01
1.987311194132584391e-01
1.985075459352770855e-01
1.984630056582779301e-01
1.980283477712748430e-01
1.979478703834088305e-01
1.979106305008692113e-01
1.971158338637698515e-01
1.938348475514624081e-01
1.936577241474878586e-01
1.936470780999572372e-01
1.936462633323571270e-01
1.935319506962752123e-01
1.935212359919623315e-01
1.934778851927391186e-01
1.934744384986600285e-01
1.934625331910335144e-01
1.929938248459624195e-01
1.929938248459624195e-01
1.926151721048087184e-01
1.922318085685759403e-01
1.921507235266371738e-01
1.914546288219839965e-01
1.914381536943371154e-01
1.913623533434604118e-01
1.913035044647037886e-01
