4.261043652475619581e+01
1.413104073431832930e+01
1.413104073431832930e+01
1.071808712045439904e+01
1.071808712045439904e+01
1.047988062558300904e+01
9.141708838775224777e+00
9.141708838775224777e+00
9.141708838775224777e+00
8.949565916794210096e+00
8.833223502472536737e+00
8.735774731628708878e+00
8.735774731628708878e+00
8.735774731628708878e+00
8.735774731628708878e+00
8.735774731628708878e+00
8.735774731628708878e+00
8.735774731628708878e+00
8.412140421949374058e+00
7.763611442932389473e+00
7.551293612746703410e+00
7.087988957443632998e+00
7.087988957443632998e+00
7.087988957443632998e+00
7.087988957443632998e+00
7.087988957443632998e+00
7.087988957443632998e+00
7.087988957443632998e+00
7.087988957443632998e+00
7.087988957443632998e+00
7.087988957443632998e+00
7.087988957443632998e+00
7.087988957443632998e+00
7.087988957443632998e+00
7.087988957443632998e+00
7.087988957443632998e+00
7.087988957443632998e+00
7.087988957443632998e+00
7.087988957443632998e+00
7.087988957443632998e+00
7.087988957443632998e+00
7.087988957443632998e+00
7.087988957443632998e+00
7.087988957443632998e+00
7.087988957443632998e+00
7.067669262065471969e+00
6.913813155303324187e+00
6.913813155303324187e+00
6.913813155303324187e+00
6.913813155303324187e+00
6.744346195589784543e+00
6.744346195589784543e+00
6.744346195589784543e+00
6.744346195589784543e+00
6.744346195589784543e+00
6.744346195589784543e+00
6.694333505578867971e+00
6.694333505578867971e+00
6.694333505578867971e+00
6.694333505578867971e+00
6.694333505578867971e+00
6.694333505578867971e+00
6.694333505578867971e+00
6.694333505578867971e+00
6.694333505578867971e+00
6.694333505578867971e+00
6.694333505578867971e+00
6.661735707685751962e+00
6.632278467463910587e+00
6.632278467463910587e+00
6.632278467463910587e+00
6.632278467463910587e+00
6.624177460802399331e+00
6.611783738681057621e+00
6.611783738681057621e+00
6.611783738681057621e+00
6.585645267691510263e+00
6.551690932883039942e+00
6.490103442188979166e+00
6.404654879112856136e+00
6.404654879112856136e+00
6.404654879112856136e+00
6.403989267483042980e+00
6.391317208043362008e+00
6.391317208043362008e+00
6.362433603818165473e+00
6.348671464604876746e+00
6.348671464604876746e+00
6.348671464604876746e+00
6.348671464604876746e+00
6.346955676896010701e+00
6.346955676896010701e+00
6.346955676896010701e+00
6.346955676896010701e+00
6.342312352525128816e+00
6.342312352525128816e+00
6.342312352525128816e+00
6.342312352525128816e+00
6.341931706483901365e+00
6.341931706483901365e+00
6.341931706483901365e+00
6.341931706483901365e+00
6.341931706483901365e+00
6.341931706483901365e+00
6.341931706483901365e+00
6.341931706483901365e+00
6.341931706483901365e+00
6.326704504440059829e+00
6.323868950763616326e+00
6.323868950763616326e+00
6.323868950763616326e+00
6.323868950763616326e+00
6.313005722934665442e+00
6.299033485668114274e+00
6.295063806942970075e+00
6.289703208030680059e+00
6.289703208030680059e+00
6.283933071308949181e+00
6.283933071308949181e+00
6.273458498544602691e+00
6.273427415488179726e+00
6.271156993942493152e+00
6.271100211310747241e+00
6.269805958478560370e+00
6.269805958478560370e+00
6.269805958478560370e+00
6.269805958478560370e+00
6.265877329564806253e+00
6.264726524353083192e+00
6.264726524353083192e+00
6.264726524353083192e+00
6.261836373525776267e+00
6.260791291900216216e+00
6.260791291900216216e+00
6.260791291900216216e+00
6.260565775447315850e+00
6.259453940023291807e+00
6.259453940023291807e+00
6.259453940023291807e+00
6.256461776707745059e+00
6.256461776707745059e+00
6.256406874744189217e+00
6.256406874744189217e+00
6.254326314475133763e+00
6.254326314475133763e+00
6.254326314475133763e+00
6.253813890092821737e+00
6.253664647632707130e+00
6.253542856869633404e+00
6.253542856869633404e+00
6.253442477129705246e+00
6.253130939218256579e+00
6.252866448080945716e+00
6.252866448080945716e+00
6.252196635236778377e+00
6.251700976613616234e+00
6.251614170632293188e+00
6.251465418798852092e+00
6.251465418798852092e+00
6.251419939011936044e+00
6.251419939011936044e+00
6.250683519196996940e+00
6.250504264109606467e+00
6.250422464670152500e+00
6.250377380443188358e+00
6.250366335292585340e+00
6.250356540224895063e+00
6.250348229582747273e+00
6.250282047551220188e+00
6.250239992908750430e+00
6.249811316735965683e+00
6.249623949356560182e+00
6.249466501160198639e+00
6.249196180632409892e+00
6.248924332575713336e+00
6.248821718048747087e+00
6.248037266847848770e+00
6.246607430139693662e+00
6.246607430139693662e+00
6.246607430139693662e+00
6.246371133577186541e+00
6.246236966680542402e+00
6.246226060944641389e+00
6.246225000281806494e+00
6.246221506776879373e+00
6.245857610979324903e+00
6.245857610979324903e+00
6.244986841041847647e+00
6.244380422970587041e+00
6.243594957632479847e+00
6.243594957632479847e+00
6.243389368058315902e+00
6.243226603206919023e+00
6.243226603206919023e+00
6.243214956024804252e+00
6.243214802344557057e+00
6.243213942022126872e+00
6.243208399239160933e+00
6.243206470860721780e+00
6.243200572923399250e+00
