7.422462796747842617e+01
1.325109117314010909e+01
1.325109117314010909e+01
9.040382445340739537e+00
9.040382445340739537e+00
5.969075146065524251e+00
2.721467686255031992e+00
2.262337879841477051e+00
2.262337879841477051e+00
1.754746504452321609e+00
1.754746504452321609e+00
1.631019045180800431e+00
1.631019045180800431e+00
1.631019045180800431e+00
8.337973525927943053e-01
8.337973525927943053e-01
8.337973525927943053e-01
8.337973525927943053e-01
8.337973525927943053e-01
6.600333610352641101e-01
6.600333610352641101e-01
6.600333610352641101e-01
6.600333610352641101e-01
6.600333610352641101e-01
6.600333610352641101e-01
6.600333610352641101e-01
6.600333610352641101e-01
6.600333610352641101e-01
6.600333610352641101e-01
6.600333610352641101e-01
6.600333610352641101e-01
6.600333610352641101e-01
6.600333610352641101e-01
6.600333610352641101e-01
6.600333610352641101e-01
6.600333610352641101e-01
6.600333610352641101e-01
6.600333610352641101e-01
6.600333610352641101e-01
6.600333610352641101e-01
6.600333610352641101e-01
6.600333610352641101e-01
6.600333610352641101e-01
6.600333610352641101e-01
6.092310140643036886e-01
6.092310140643036886e-01
6.092310140643036886e-01
6.092310140643036886e-01
6.092310140643036886e-01
6.092310140643036886e-01
6.066761578569824787e-01
6.066761578569824787e-01
6.066761578569824787e-01
6.066761578569824787e-01
6.066761578569824787e-01
6.066761578569824787e-01
6.066761578569824787e-01
6.066761578569824787e-01
5.685955204937807039e-01
5.077134539992267381e-01
5.077134539992267381e-01
5.077134539992267381e-01
5.077134539992267381e-01
5.077134539992267381e-01
5.077134539992267381e-01
5.077134539992267381e-01
5.077134539992267381e-01
5.077134539992267381e-01
5.077134539992267381e-01
5.077134539992267381e-01
5.077134539992267381e-01
5.077134539992267381e-01
5.077134539992267381e-01
5.077134539992267381e-01
5.077134539992267381e-01
5.077134539992267381e-01
4.778556479862425821e-01
4.393001441530917095e-01
4.393001441530917095e-01
4.393001441530917095e-01
4.393001441530917095e-01
4.393001441530917095e-01
4.393001441530917095e-01
4.393001441530917095e-01
4.259514951402538219e-01
4.259514951402538219e-01
3.895620685429025953e-01
3.895620685429025953e-01
3.895620685429025953e-01
3.895620685429025953e-01
3.828258940228097540e-01
3.501854540647193481e-01
3.501854540647193481e-01
3.501854540647193481e-01
3.501854540647193481e-01
3.501854540647193481e-01
3.490113751970880251e-01
3.490113751970880251e-01
3.432249521015982019e-01
3.432249521015982019e-01
3.432249521015982019e-01
3.432249521015982019e-01
3.432249521015982019e-01
3.432249521015982019e-01
3.432249521015982019e-01
3.432249521015982019e-01
3.432249521015982019e-01
3.432249521015982019e-01
3.432249521015982019e-01
3.432249521015982019e-01
3.432249521015982019e-01
3.432249521015982019e-01
3.432249521015982019e-01
3.432249521015982019e-01
3.432249521015982019e-01
3.432249521015982019e-01
3.432249521015982019e-01
3.432249521015982019e-01
3.432249521015982019e-01
3.432249521015982019e-01
3.432249521015982019e-01
3.432249521015982019e-01
3.432249521015982019e-01
3.432249521015982019e-01
3.432249521015982019e-01
3.432249521015982019e-01
3.432249521015982019e-01
3.426851982424525822e-01
3.425477659498512017e-01
3.425122585384411389e-01
3.425013990675253583e-01
3.424979578655497625e-01
3.424966353848018508e-01
3.424963442238034284e-01
3.424962901570089979e-01
3.424962215600423909e-01
3.424962185933474457e-01
3.424962185933474457e-01
3.424961763153612782e-01
3.424961763153612782e-01
3.412697844463682406e-01
3.412697844463682406e-01
3.412697844463682406e-01
3.262957419548157545e-01
3.246008993197267434e-01
3.246008993197267434e-01
3.244765141804530351e-01
3.244765141804530351e-01
3.244765141804530351e-01
3.244648098608383657e-01
3.243923828118667751e-01
3.243796517571306270e-01
3.243771233754372818e-01
3.243764978861721215e-01
3.243763563046374032e-01
3.243763366624156097e-01
3.243762751153428936e-01
3.243761899552833894e-01
3.243761899552833894e-01
3.243757178822119780e-01
3.243756056496744922e-01
3.243756056496744922e-01
3.239848008792552414e-01
3.237380405275591122e-01
3.237380405275591122e-01
3.237380405275591122e-01
3.237380405275591122e-01
3.237380405275591122e-01
3.237380405275591122e-01
3.237380405275591122e-01
3.237380405275591122e-01
3.237183129602247966e-01
3.237173479349637062e-01
3.237173435391078047e-01
3.237173062110814126e-01
3.237173062110814126e-01
3.237173062110814126e-01
3.237171880981463690e-01
3.237171880981463690e-01
3.237171880981463690e-01
3.237171880981463690e-01
3.237171880981463690e-01
3.237171880981463690e-01
3.237171880981463690e-01
3.237171880981463690e-01
3.237171880981463690e-01
3.237171880981463690e-01
3.222030795192665775e-01
3.221810667106745907e-01
3.221810507590924244e-01
3.221806368829602252e-01
3.221805747977417034e-01
3.221805336301634681e-01
3.221805336301634681e-01
3.221805336301634681e-01
3.221805336301634681e-01
3.221805336301634681e-01
3.221805336301634681e-01
3.221805336301634681e-01
3.210534126720079873e-01
