3.092253358465833557e+01
8.895737233386387999e+00
4.769761045752293427e+00
4.769761045752293427e+00
4.769761045752293427e+00
4.769761045752293427e+00
2.738348358003741545e+00
2.738348358003741545e+00
2.738348358003741545e+00
2.738348358003741545e+00
2.738348358003741545e+00
2.738348358003741545e+00
2.738348358003741545e+00
2.738348358003741545e+00
2.738348358003741545e+00
2.738348358003741545e+00
2.330979090852988822e+00
1.564748374088062111e+00
1.564748374088062111e+00
1.564748374088062111e+00
1.322591626435393408e+00
1.263885940727583534e+00
1.263885940727583534e+00
1.263885940727583534e+00
1.263885940727583534e+00
1.263885940727583534e+00
1.263885940727583534e+00
1.263885940727583534e+00
1.263885940727583534e+00
1.263885940727583534e+00
1.263885940727583534e+00
1.263885940727583534e+00
1.263885940727583534e+00
1.263885940727583534e+00
1.263885940727583534e+00
1.263885940727583534e+00
1.263885940727583534e+00
1.263885940727583534e+00
1.263885940727583534e+00
1.263885940727583534e+00
1.263885940727583534e+00
1.263885940727583534e+00
1.263885940727583534e+00
1.263885940727583534e+00
1.037351104879045804e+00
1.037351104879045804e+00
1.037351104879045804e+00
1.037351104879045804e+00
1.037351104879045804e+00
1.037351104879045804e+00
8.211624377190345214e-01
6.340578849893476754e-01
6.176509845800256526e-01
6.176509845800256526e-01
6.176509845800256526e-01
6.176509845800256526e-01
6.176509845800256526e-01
6.176509845800256526e-01
6.176509845800256526e-01
6.176509845800256526e-01
6.176509845800256526e-01
6.176509845800256526e-01
6.176509845800256526e-01
4.783377261220082555e-01
4.783377261220082555e-01
4.783377261220082555e-01
4.783377261220082555e-01
4.783377261220082555e-01
4.783377261220082555e-01
4.783377261220082555e-01
4.783377261220082555e-01
4.783377261220082555e-01
4.783377261220082555e-01
4.373348271420208211e-01
4.373348271420208211e-01
4.373348271420208211e-01
4.136296680113494828e-01
4.136296680113494828e-01
4.136296680113494828e-01
4.136296680113494828e-01
4.136296680113494828e-01
4.136296680113494828e-01
4.136296680113494828e-01
4.136296680113494828e-01
3.090031014531963716e-01
3.090031014531963716e-01
3.090031014531963716e-01
3.090031014531963716e-01
3.090031014531963716e-01
3.090031014531963716e-01
3.090031014531963716e-01
3.090031014531963716e-01
3.047030395337216868e-01
3.047030395337216868e-01
3.047030395337216868e-01
3.047030395337216868e-01
3.047030395337216868e-01
2.780115468731982897e-01
2.780115468731982897e-01
2.636027843362113154e-01
2.636027843362113154e-01
2.636027843362113154e-01
2.636027843362113154e-01
2.636027843362113154e-01
2.636027843362113154e-01
2.426607370249477535e-01
2.426607370249477535e-01
2.426607370249477535e-01
2.426607370249477535e-01
2.426607370249477535e-01
2.426607370249477535e-01
2.426607370249477535e-01
2.426607370249477535e-01
2.426607370249477535e-01
2.426607370249477535e-01
2.426607370249477535e-01
2.426607370249477535e-01
2.124830070049551212e-01
2.124830070049551212e-01
1.022162844473746834e-01
1.022162844473746834e-01
1.022162844473746834e-01
1.022162844473746834e-01
1.022162844473746834e-01
1.022162844473746834e-01
1.022162844473746834e-01
1.022162844473746834e-01
1.022162844473746834e-01
1.013723446121425203e-01
9.872807100041534889e-02
9.872807100041534889e-02
9.872807100041534889e-02
9.872807100041534889e-02
9.872807100041534889e-02
9.870073370384123412e-02
9.870073370384123412e-02
9.870073370384123412e-02
9.870073370384123412e-02
9.867449844443618168e-02
9.866052204193584418e-02
9.838867778922869012e-02
9.746421046659443921e-02
9.615718237824484593e-02
9.615718237824484593e-02
9.615718237824484593e-02
9.615718237824484593e-02
9.563129684382234985e-02
9.563129684382234985e-02
9.563129684382234985e-02
9.563129684382234985e-02
9.563129684382234985e-02
9.563129684382234985e-02
9.563129684382234985e-02
9.563129684382234985e-02
9.563129684382234985e-02
9.563129684382234985e-02
9.563129684382234985e-02
9.563129684382234985e-02
9.563129684382234985e-02
9.563129684382234985e-02
9.563129684382234985e-02
9.563129684382234985e-02
9.563129684382234985e-02
9.563129684382234985e-02
9.563129684382234985e-02
9.563129684382234985e-02
9.563129684382234985e-02
9.555690545768857902e-02
9.555690545768857902e-02
9.550167488144702121e-02
9.550167488144702121e-02
9.549534442380343269e-02
9.549534442380343269e-02
9.549534442380343269e-02
9.549172329673656645e-02
9.549089548894841573e-02
9.549080667653768451e-02
8.902995370906917338e-02
8.902995370906917338e-02
8.902995370906917338e-02
8.902995370906917338e-02
8.902995370906917338e-02
8.902995370906917338e-02
8.902995370906917338e-02
8.902995370906917338e-02
8.902995370906917338e-02
8.902995370906917338e-02
8.902995370906917338e-02
8.902995370906917338e-02
8.902995370906917338e-02
8.902995370906917338e-02
8.902995370906917338e-02
8.798299256318951878e-02
8.798299256318951878e-02
8.780855108060828251e-02
8.779916166128684529e-02
8.779916166128684529e-02
8.779916166128684529e-02
8.779916166128684529e-02
8.779916166128684529e-02
