3.013957006343475342e+01
3.013957006343475342e+01
1.714662879402884244e+01
1.484328491909052694e+01
2.396609581214539375e+00
2.396609581214539375e+00
1.936173942956781691e+00
1.936173942956781691e+00
7.986712641249578137e-01
7.986712641249578137e-01
7.986712641249578137e-01
7.986712641249578137e-01
7.986712641249578137e-01
7.986712641249578137e-01
7.986712641249578137e-01
7.986712641249578137e-01
7.986712641249578137e-01
7.986712641249578137e-01
7.986712641249578137e-01
7.986712641249578137e-01
7.986712641249578137e-01
7.986712641249578137e-01
7.986712641249578137e-01
7.986712641249578137e-01
7.986712641249578137e-01
7.986712641249578137e-01
7.986712641249578137e-01
7.986712641249578137e-01
7.986712641249578137e-01
7.986712641249578137e-01
7.986712641249578137e-01
7.986712641249578137e-01
7.986712641249578137e-01
7.986712641249578137e-01
7.986712641249578137e-01
7.986712641249578137e-01
7.986712641249578137e-01
7.986712641249578137e-01
7.986712641249578137e-01
7.986712641249578137e-01
7.986712641249578137e-01
7.986712641249578137e-01
7.986712641249578137e-01
7.986712641249578137e-01
7.465144534549533750e-01
7.164908101672211593e-01
7.164908101672211593e-01
7.164908101672211593e-01
7.164908101672211593e-01
7.164908101672211593e-01
5.381781506786942337e-01
5.381781506786942337e-01
5.381781506786942337e-01
5.381781506786942337e-01
5.381781506786942337e-01
5.381781506786942337e-01
5.381781506786942337e-01
5.381781506786942337e-01
5.381781506786942337e-01
5.381781506786942337e-01
5.381781506786942337e-01
5.381781506786942337e-01
5.381781506786942337e-01
5.381781506786942337e-01
5.381781506786942337e-01
4.826684589038408579e-01
4.826684589038408579e-01
4.826684589038408579e-01
4.826684589038408579e-01
4.826684589038408579e-01
4.826684589038408579e-01
4.826684589038408579e-01
4.826684589038408579e-01
4.826684589038408579e-01
4.826684589038408579e-01
4.826684589038408579e-01
4.826684589038408579e-01
4.826684589038408579e-01
4.747427200251104762e-01
4.747427200251104762e-01
4.747427200251104762e-01
4.747427200251104762e-01
4.747427200251104762e-01
4.747427200251104762e-01
4.747427200251104762e-01
4.747427200251104762e-01
4.747427200251104762e-01
4.747427200251104762e-01
4.747427200251104762e-01
4.747427200251104762e-01
4.747427200251104762e-01
4.747427200251104762e-01
4.393269760963921522e-01
4.393269760963921522e-01
4.393269760963921522e-01
4.393269760963921522e-01
4.268519671483096412e-01
4.268519671483096412e-01
4.268519671483096412e-01
3.879250117653680885e-01
3.879250117653680885e-01
3.879250117653680885e-01
3.879250117653680885e-01
3.751754511969955797e-01
3.751754511969955797e-01
3.751754511969955797e-01
3.751754511969955797e-01
3.751754511969955797e-01
3.751754511969955797e-01
3.751754511969955797e-01
3.751754511969955797e-01
3.751754511969955797e-01
3.751754511969955797e-01
3.751754511969955797e-01
3.751754511969955797e-01
3.751754511969955797e-01
3.751754511969955797e-01
3.751754511969955797e-01
3.751754511969955797e-01
3.751754511969955797e-01
3.751754511969955797e-01
3.751754511969955797e-01
3.751754511969955797e-01
3.751754511969955797e-01
3.751754511969955797e-01
3.751754511969955797e-01
3.751754511969955797e-01
3.751754511969955797e-01
3.751754511969955797e-01
3.751754511969955797e-01
3.751754511969955797e-01
3.751754511969955797e-01
3.748991773625065527e-01
3.748116148916854629e-01
3.747838850847587944e-01
3.747769200706108639e-01
3.725703935063312544e-01
3.725703935063312544e-01
3.700185817659671916e-01
3.700185817659671916e-01
3.700185817659671916e-01
3.671932795808073302e-01
3.671932795808073302e-01
3.671932795808073302e-01
3.622408360238068004e-01
3.615404009755784354e-01
3.603216405481848850e-01
3.603112309075480191e-01
3.598537881222068080e-01
3.595138497891490204e-01
3.588108960505194123e-01
3.580632783776702688e-01
3.580632783776702688e-01
3.549790124176872563e-01
3.458461036779139630e-01
3.328606817859273148e-01
3.157838425098311030e-01
3.062357965806489779e-01
2.986650274255869264e-01
2.964178710848501819e-01
2.959568706880819078e-01
2.954899177120617337e-01
2.951173256341594331e-01
2.729107726466881712e-01
2.729107726466881712e-01
2.729107726466881712e-01
2.616975557093679239e-01
2.616975557093679239e-01
2.615180548347339484e-01
2.615180548347339484e-01
2.615180548347339484e-01
2.185823638148004788e-01
2.061853869597032873e-01
2.061853869597032873e-01
2.061853869597032873e-01
2.061853869597032873e-01
2.061853869597032873e-01
2.033502505871186417e-01
2.026978224547688612e-01
2.026283095159409076e-01
2.026191212906494343e-01
2.026191212906494343e-01
2.026191212906494343e-01
2.026185567694845369e-01
2.026179289769980130e-01
2.026179289769980130e-01
1.997592355056970470e-01
1.741489410168060581e-01
1.741489410168060581e-01
1.741489410168060581e-01
1.707070383899727817e-01
1.698920018183904257e-01
1.698557377125444467e-01
1.698540213668969789e-01
1.698539540280472881e-01
1.651529216203697914e-01
1.649350678935290193e-01
1.649303712738880989e-01
1.649303712738880989e-01
1.625716707982093334e-01
