2.369874486051036655e+01
2.369874486051036655e+01
6.159670190566894021e+00
2.186344379259506976e+00
2.186344379259506976e+00
2.072207092925967054e+00
2.072207092925967054e+00
6.587040547942318858e-01
6.587040547942318858e-01
6.263175435245201816e-01
6.263175435245201816e-01
4.482499378192310591e-01
4.482499378192310591e-01
4.482499378192310591e-01
4.482499378192310591e-01
4.482499378192310591e-01
4.482499378192310591e-01
4.482499378192310591e-01
4.482499378192310591e-01
4.482499378192310591e-01
4.482499378192310591e-01
4.482499378192310591e-01
4.482499378192310591e-01
4.482499378192310591e-01
4.482499378192310591e-01
4.482499378192310591e-01
4.482499378192310591e-01
4.482499378192310591e-01
4.482499378192310591e-01
4.482499378192310591e-01
4.482499378192310591e-01
4.482499378192310591e-01
4.482499378192310591e-01
4.482499378192310591e-01
4.482499378192310591e-01
3.701098232806062649e-01
3.701098232806062649e-01
3.701098232806062649e-01
3.701098232806062649e-01
3.701098232806062649e-01
3.701098232806062649e-01
3.701098232806062649e-01
3.701098232806062649e-01
3.701098232806062649e-01
3.701098232806062649e-01
3.701098232806062649e-01
3.701098232806062649e-01
3.701098232806062649e-01
3.701098232806062649e-01
3.701098232806062649e-01
3.701098232806062649e-01
3.701098232806062649e-01
3.701098232806062649e-01
3.701098232806062649e-01
3.701098232806062649e-01
3.701098232806062649e-01
3.701098232806062649e-01
3.701098232806062649e-01
3.701098232806062649e-01
3.701098232806062649e-01
3.264408840600734885e-01
3.264408840600734885e-01
3.264408840600734885e-01
3.264408840600734885e-01
3.264408840600734885e-01
3.264408840600734885e-01
3.264408840600734885e-01
3.264408840600734885e-01
3.264408840600734885e-01
3.264408840600734885e-01
3.264408840600734885e-01
3.264408840600734885e-01
3.264408840600734885e-01
2.690495248870860556e-01
2.690495248870860556e-01
2.690495248870860556e-01
2.287383585048307078e-01
2.287383585048307078e-01
2.287383585048307078e-01
2.287383585048307078e-01
2.287383585048307078e-01
2.287383585048307078e-01
2.287383585048307078e-01
2.287383585048307078e-01
1.899882136655680065e-01
1.899882136655680065e-01
1.899882136655680065e-01
1.899882136655680065e-01
1.899882136655680065e-01
1.899882136655680065e-01
1.899882136655680065e-01
1.899882136655680065e-01
1.899882136655680065e-01
1.899882136655680065e-01
1.899882136655680065e-01
1.899882136655680065e-01
1.899882136655680065e-01
1.899882136655680065e-01
1.899882136655680065e-01
1.899882136655680065e-01
1.899882136655680065e-01
1.899882136655680065e-01
1.899882136655680065e-01
1.899882136655680065e-01
1.899882136655680065e-01
1.769109789019410461e-01
1.769109789019410461e-01
1.769109789019410461e-01
1.769109789019410461e-01
1.769109789019410461e-01
1.737876504865326077e-01
1.737876504865326077e-01
1.737876504865326077e-01
1.737876504865326077e-01
1.737876504865326077e-01
1.737876504865326077e-01
1.737876504865326077e-01
1.737876504865326077e-01
1.737876504865326077e-01
1.737876504865326077e-01
1.737876504865326077e-01
1.737876504865326077e-01
1.737876504865326077e-01
1.737876504865326077e-01
1.737876504865326077e-01
1.737065491998669997e-01
1.737065491998669997e-01
1.737065491998669997e-01
1.726212741245447546e-01
1.583546573114381628e-01
1.540306846241100980e-01
1.540306846241100980e-01
1.540306846241100980e-01
1.540306846241100980e-01
1.540306846241100980e-01
1.540306846241100980e-01
1.540306846241100980e-01
1.540306846241100980e-01
1.540306846241100980e-01
1.540306846241100980e-01
1.540306846241100980e-01
1.540306846241100980e-01
1.540306846241100980e-01
1.540306846241100980e-01
1.540306846241100980e-01
1.540306846241100980e-01
1.540306846241100980e-01
1.540306846241100980e-01
1.540306846241100980e-01
1.540306846241100980e-01
1.540306846241100980e-01
1.540306846241100980e-01
1.540306846241100980e-01
1.452488172163530766e-01
1.421779039374653220e-01
1.421779039374653220e-01
1.352736330849816926e-01
1.337312591574882914e-01
1.334186099795450775e-01
1.333532405396719578e-01
1.333396223949497861e-01
1.333349613386665966e-01
1.333349613386665966e-01
1.197336822239906257e-01
1.197336822239906257e-01
1.165088626002560024e-01
1.165088626002560024e-01
1.124928743467663861e-01
1.124928743467663861e-01
1.122744238601422473e-01
1.122744238601422473e-01
1.122744238601422473e-01
1.122356386751026391e-01
1.118442897559640131e-01
1.116963414163853335e-01
1.116397788968418736e-01
1.116328515658476794e-01
1.116319991117513816e-01
1.116319436082199579e-01
1.116033709491978526e-01
1.115819157249148819e-01
1.115707958010357659e-01
1.115684965303174597e-01
1.115646306511401814e-01
1.115624156380424087e-01
1.106950273498767401e-01
1.106950273498767401e-01
1.106287492258872518e-01
1.106265222178468288e-01
1.106261485694886026e-01
1.106261485694886026e-01
1.105545366423579673e-01
1.105545366423579673e-01
1.105353990444448570e-01
1.105331007204649885e-01
1.105331007204649885e-01
1.105331007204649885e-01
1.105329438149645349e-01
1.105329438149645349e-01
1.105329090349647658e-01
