2.933107448956713625e+01
1.938874531728034967e+01
8.949055232434650620e+00
1.034211234284045711e+00
1.034211234284045711e+00
1.034211234284045711e+00
1.034211234284045711e+00
1.034211234284045711e+00
1.034211234284045711e+00
1.034211234284045711e+00
1.034211234284045711e+00
5.926308351733223789e-01
5.926308351733223789e-01
5.926308351733223789e-01
5.926308351733223789e-01
5.926308351733223789e-01
5.926308351733223789e-01
5.926308351733223789e-01
5.589584326147044591e-01
5.589584326147044591e-01
5.589584326147044591e-01
5.589584326147044591e-01
5.589584326147044591e-01
5.589584326147044591e-01
5.589584326147044591e-01
5.589584326147044591e-01
5.589584326147044591e-01
5.589584326147044591e-01
5.589584326147044591e-01
5.589584326147044591e-01
5.073136754998537334e-01
4.179026564976661140e-01
4.179026564976661140e-01
4.179026564976661140e-01
4.179026564976661140e-01
4.179026564976661140e-01
4.179026564976661140e-01
4.179026564976661140e-01
4.179026564976661140e-01
3.950447469222641561e-01
3.950447469222641561e-01
3.950447469222641561e-01
3.950447469222641561e-01
3.950447469222641561e-01
3.950447469222641561e-01
3.950447469222641561e-01
3.950447469222641561e-01
3.950447469222641561e-01
3.950447469222641561e-01
3.950447469222641561e-01
3.105547544214631306e-01
3.105547544214631306e-01
3.105547544214631306e-01
3.105547544214631306e-01
3.105547544214631306e-01
3.105547544214631306e-01
3.105547544214631306e-01
2.770471981391017247e-01
2.770471981391017247e-01
2.770471981391017247e-01
2.770471981391017247e-01
2.770471981391017247e-01
2.770471981391017247e-01
2.770471981391017247e-01
2.770471981391017247e-01
2.770471981391017247e-01
2.770471981391017247e-01
2.770471981391017247e-01
2.770471981391017247e-01
2.770471981391017247e-01
2.770471981391017247e-01
2.770471981391017247e-01
1.613803591827662476e-01
1.613803591827662476e-01
1.613803591827662476e-01
1.613803591827662476e-01
1.613803591827662476e-01
1.613803591827662476e-01
1.613803591827662476e-01
1.613803591827662476e-01
1.613803591827662476e-01
1.613803591827662476e-01
1.613803591827662476e-01
1.613803591827662476e-01
1.613803591827662476e-01
1.613803591827662476e-01
1.613803591827662476e-01
1.613803591827662476e-01
1.563229746459269820e-01
1.563229746459269820e-01
1.244587249867721013e-01
1.244587249867721013e-01
1.244587249867721013e-01
1.244587249867721013e-01
1.244587249867721013e-01
1.244587249867721013e-01
1.230620048252309418e-01
8.101844807623065359e-02
8.101844807623065359e-02
8.101844807623065359e-02
7.667924769350961678e-02
7.667924769350961678e-02
7.667924769350961678e-02
7.279672228793922228e-02
6.879301970291025470e-02
6.745678105473539021e-02
6.594208377978733049e-02
6.594208377978733049e-02
6.594208377978733049e-02
6.594208377978733049e-02
6.399180052050500167e-02
6.229485370539945832e-02
6.229485370539945832e-02
6.229485370539945832e-02
6.229485370539945832e-02
6.015194146962374311e-02
6.015194146962374311e-02
6.015194146962374311e-02
6.015194146962374311e-02
6.015194146962374311e-02
6.015194146962374311e-02
6.015194146962374311e-02
5.550009788337824379e-02
5.550009788337824379e-02
5.550009788337824379e-02
5.550009788337824379e-02
5.550009788337824379e-02
5.550009788337824379e-02
5.550009788337824379e-02
5.550009788337824379e-02
5.550009788337824379e-02
5.550009788337824379e-02
5.550009788337824379e-02
5.546853463942946760e-02
5.546853463942946760e-02
5.541765372446449262e-02
5.541765372446449262e-02
5.541765372446449262e-02
5.525760626257416458e-02
5.519816208015685538e-02
5.518164981600032215e-02
5.517685120869567778e-02
5.517535625218997902e-02
5.517478034475028353e-02
5.517478034475028353e-02
5.517478034475028353e-02
5.517478034475028353e-02
5.517478034475028353e-02
5.517478034475028353e-02
5.517478034475028353e-02
5.228538478017150104e-02
5.228538478017150104e-02
5.228538478017150104e-02
5.228538478017150104e-02
5.228538478017150104e-02
5.228538478017150104e-02
5.228538478017150104e-02
5.228538478017150104e-02
5.228538478017150104e-02
5.228538478017150104e-02
5.228538478017150104e-02
5.228538478017150104e-02
5.168558378441462375e-02
5.168558378441462375e-02
5.168558378441462375e-02
5.168558378441462375e-02
5.168558378441462375e-02
5.168558378441462375e-02
5.164000563232118424e-02
5.164000563232118424e-02
5.163099382360251954e-02
5.163099382360251954e-02
5.162766084205774875e-02
5.162756519551792850e-02
5.162747896510465340e-02
5.162743367864447430e-02
5.162738136028347663e-02
5.162738136028347663e-02
5.162738136028347663e-02
5.162738136028347663e-02
5.126713903177648052e-02
5.124512927258757095e-02
5.109310625583373539e-02
5.104030459914891960e-02
5.100479996236052804e-02
5.099994690561679422e-02
5.099957167722438123e-02
5.099950532154294558e-02
5.099950532154294558e-02
5.099518510956946304e-02
5.099483374587976403e-02
5.099468552565685625e-02
5.099468552565685625e-02
5.099428327025133656e-02
5.099419103479124055e-02
5.099419103479124055e-02
5.099403373386167393e-02
5.099403373386167393e-02
5.099403373386167393e-02
5.099402941928400657e-02
