9.562522340792007469e+01
5.498010534391720938e+00
5.498010534391720938e+00
5.498010534391720938e+00
1.041406481801038897e+00
1.041406481801038897e+00
1.041406481801038897e+00
1.041406481801038897e+00
1.041406481801038897e+00
1.041406481801038897e+00
1.041406481801038897e+00
1.041406481801038897e+00
1.041406481801038897e+00
1.041406481801038897e+00
1.041406481801038897e+00
1.041406481801038897e+00
1.041406481801038897e+00
1.041406481801038897e+00
1.041406481801038897e+00
1.041406481801038897e+00
5.925828289545596039e-01
5.925828289545596039e-01
5.925828289545596039e-01
5.925828289545596039e-01
5.319836738514355234e-01
3.337853929920134854e-01
3.337853929920134854e-01
3.337853929920134854e-01
3.337853929920134854e-01
3.337853929920134854e-01
3.337853929920134854e-01
3.337853929920134854e-01
3.337853929920134854e-01
3.337853929920134854e-01
3.337853929920134854e-01
3.337853929920134854e-01
3.337853929920134854e-01
3.337853929920134854e-01
3.337853929920134854e-01
3.337853929920134854e-01
3.337853929920134854e-01
3.337853929920134854e-01
3.337853929920134854e-01
3.337853929920134854e-01
3.337853929920134854e-01
3.337853929920134854e-01
3.337853929920134854e-01
3.337853929920134854e-01
3.337853929920134854e-01
3.337853929920134854e-01
3.337853929920134854e-01
3.337853929920134854e-01
3.337853929920134854e-01
3.337853929920134854e-01
3.337853929920134854e-01
3.337853929920134854e-01
3.337853929920134854e-01
3.337853929920134854e-01
3.337853929920134854e-01
3.337853929920134854e-01
3.337853929920134854e-01
3.337853929920134854e-01
3.337853929920134854e-01
3.337853929920134854e-01
3.337853929920134854e-01
3.337853929920134854e-01
2.749801673056034845e-01
2.749801673056034845e-01
2.749801673056034845e-01
2.749801673056034845e-01
2.749801673056034845e-01
2.749801673056034845e-01
2.749801673056034845e-01
2.749801673056034845e-01
2.749801673056034845e-01
2.749801673056034845e-01
2.487967121567387641e-01
2.487967121567387641e-01
2.487967121567387641e-01
2.487967121567387641e-01
2.487967121567387641e-01
2.487967121567387641e-01
2.487967121567387641e-01
2.487967121567387641e-01
2.487967121567387641e-01
2.487967121567387641e-01
2.487967121567387641e-01
2.487967121567387641e-01
2.487967121567387641e-01
2.487967121567387641e-01
2.487967121567387641e-01
2.487967121567387641e-01
2.487967121567387641e-01
2.487967121567387641e-01
2.487967121567387641e-01
2.487967121567387641e-01
2.487967121567387641e-01
2.487967121567387641e-01
2.487967121567387641e-01
2.487967121567387641e-01
2.487967121567387641e-01
2.487967121567387641e-01
2.487967121567387641e-01
2.487967121567387641e-01
2.487967121567387641e-01
2.362406348576467918e-01
2.362406348576467918e-01
2.362406348576467918e-01
2.362406348576467918e-01
2.362406348576467918e-01
2.362406348576467918e-01
1.888068038536352689e-01
1.888068038536352689e-01
1.888068038536352689e-01
1.888068038536352689e-01
1.770245051883247989e-01
1.770245051883247989e-01
1.643602263053788592e-01
1.643602263053788592e-01
1.643602263053788592e-01
1.643602263053788592e-01
1.643602263053788592e-01
1.643602263053788592e-01
1.643602263053788592e-01
1.643602263053788592e-01
1.643602263053788592e-01
1.643602263053788592e-01
1.643602263053788592e-01
1.643602263053788592e-01
1.643602263053788592e-01
1.643602263053788592e-01
1.198607714657667078e-01
1.198607714657667078e-01
1.198607714657667078e-01
1.130373771834437824e-01
1.130373771834437824e-01
1.130373771834437824e-01
1.130373771834437824e-01
1.130373771834437824e-01
1.130373771834437824e-01
1.130373771834437824e-01
1.130373771834437824e-01
1.111279839319838370e-01
1.102477892933918097e-01
1.101856641549474602e-01
1.101856641549474602e-01
1.101789786461494919e-01
1.101789786461494919e-01
1.101789786461494919e-01
1.101789786461494919e-01
1.101624248393939798e-01
1.101575032726268555e-01
1.101563508378575473e-01
1.101560487242085745e-01
1.101560487242085745e-01
1.101556011783019345e-01
1.101556011783019345e-01
1.101556011783019345e-01
1.101556011783019345e-01
1.101556011783019345e-01
1.101556011783019345e-01
1.101556011783019345e-01
1.101556011783019345e-01
1.101556011783019345e-01
1.101556011783019345e-01
1.101556011783019345e-01
1.101556011783019345e-01
1.101556011783019345e-01
1.101556011783019345e-01
1.101556011783019345e-01
1.101556011783019345e-01
1.101556011783019345e-01
1.101556011783019345e-01
1.101556011783019345e-01
1.101556011783019345e-01
1.101556011783019345e-01
1.101556011783019345e-01
1.090538966234082113e-01
1.090538966234082113e-01
1.090538966234082113e-01
1.090538966234082113e-01
1.090538966234082113e-01
1.090538966234082113e-01
1.090538966234082113e-01
1.090538966234082113e-01
1.090538966234082113e-01
1.090538966234082113e-01
1.090538966234082113e-01
1.062638525652320892e-01
1.061338857398318597e-01
1.061338857398318597e-01
1.061338857398318597e-01
1.060473212391994935e-01
1.060473212391994935e-01
1.060473212391994935e-01
1.060179418885207892e-01
1.060176093561603639e-01
1.060172490018326669e-01
1.060172490018326669e-01
1.060172490018326669e-01
