4.506684947490902005e+01
2.673082934797783139e+01
1.665047621116313081e+01
2.388010963342585669e+00
2.388010963342585669e+00
2.388010963342585669e+00
2.388010963342585669e+00
2.388010963342585669e+00
2.388010963342585669e+00
2.388010963342585669e+00
2.388010963342585669e+00
2.026718191577762784e+00
1.659059051924482997e+00
1.659059051924482997e+00
1.659059051924482997e+00
1.659059051924482997e+00
1.659059051924482997e+00
8.324801480825585465e-01
8.324801480825585465e-01
8.324801480825585465e-01
8.322864246842274216e-01
8.322864246842274216e-01
8.322864246842274216e-01
8.322864246842274216e-01
8.322864246842274216e-01
8.322864246842274216e-01
8.322864246842274216e-01
8.322864246842274216e-01
8.322864246842274216e-01
8.322864246842274216e-01
8.322864246842274216e-01
8.322864246842274216e-01
8.322864246842274216e-01
8.322864246842274216e-01
8.322864246842274216e-01
8.322864246842274216e-01
7.629305925739879868e-01
7.629305925739879868e-01
7.629305925739879868e-01
7.629305925739879868e-01
7.629305925739879868e-01
7.629305925739879868e-01
7.629305925739879868e-01
7.629305925739879868e-01
7.629305925739879868e-01
7.629305925739879868e-01
7.164690662359269879e-01
7.164690662359269879e-01
7.164690662359269879e-01
7.164690662359269879e-01
7.164690662359269879e-01
7.164690662359269879e-01
6.245851827045929561e-01
6.245851827045929561e-01
6.245851827045929561e-01
6.245851827045929561e-01
6.245851827045929561e-01
6.245851827045929561e-01
6.245851827045929561e-01
6.245851827045929561e-01
6.245851827045929561e-01
6.245851827045929561e-01
6.245851827045929561e-01
6.245851827045929561e-01
6.245851827045929561e-01
6.245851827045929561e-01
6.245851827045929561e-01
6.245851827045929561e-01
6.245851827045929561e-01
6.245851827045929561e-01
6.245851827045929561e-01
6.245851827045929561e-01
6.245851827045929561e-01
6.245851827045929561e-01
6.245851827045929561e-01
6.245851827045929561e-01
6.245851827045929561e-01
6.245851827045929561e-01
6.245851827045929561e-01
6.245851827045929561e-01
6.245851827045929561e-01
6.245851827045929561e-01
6.245851827045929561e-01
6.245851827045929561e-01
6.245851827045929561e-01
6.245851827045929561e-01
5.515505302531575893e-01
4.744491696748984189e-01
4.744491696748984189e-01
4.744491696748984189e-01
4.709000879214783053e-01
4.709000879214783053e-01
4.709000879214783053e-01
4.709000879214783053e-01
4.709000879214783053e-01
4.709000879214783053e-01
4.709000879214783053e-01
4.709000879214783053e-01
4.709000879214783053e-01
4.705631474281361526e-01
4.464284843546600379e-01
4.464284843546600379e-01
4.464284843546600379e-01
4.464284843546600379e-01
3.811156511550284898e-01
3.811156511550284898e-01
3.811156511550284898e-01
3.811156511550284898e-01
3.811156511550284898e-01
3.811156511550284898e-01
3.627219499413032455e-01
3.627219499413032455e-01
3.627219499413032455e-01
3.227055462612855030e-01
3.227055462612855030e-01
3.227055462612855030e-01
3.227055462612855030e-01
3.227055462612855030e-01
3.227055462612855030e-01
3.227055462612855030e-01
3.227055462612855030e-01
3.227055462612855030e-01
3.195795835659073769e-01
3.195795835659073769e-01
3.195795835659073769e-01
3.195795835659073769e-01
3.195795835659073769e-01
3.195795835659073769e-01
3.195795835659073769e-01
3.195795835659073769e-01
3.195795835659073769e-01
2.384937146536142694e-01
2.384937146536142694e-01
2.384937146536142694e-01
2.384937146536142694e-01
2.384937146536142694e-01
2.384937146536142694e-01
2.384937146536142694e-01
2.384937146536142694e-01
2.384937146536142694e-01
2.384937146536142694e-01
2.384937146536142694e-01
2.384937146536142694e-01
2.384937146536142694e-01
2.384937146536142694e-01
2.384937146536142694e-01
2.384937146536142694e-01
2.384937146536142694e-01
2.384937146536142694e-01
2.377649331532085131e-01
2.373931269498048280e-01
2.373931269498048280e-01
2.373931269498048280e-01
2.371170909772823687e-01
2.370573269770252511e-01
2.370465669712326917e-01
2.370419134153941843e-01
2.370400425044530135e-01
2.370379937595850639e-01
2.370379937595850639e-01
2.370379937595850639e-01
2.370379937595850639e-01
1.229670594350061458e-01
1.229670594350061458e-01
1.229670594350061458e-01
1.229670594350061458e-01
1.181730155577969260e-01
1.181730155577969260e-01
1.181730155577969260e-01
1.181730155577969260e-01
1.181730155577969260e-01
1.181730155577969260e-01
1.181730155577969260e-01
1.181730155577969260e-01
1.181730155577969260e-01
1.181730155577969260e-01
1.181730155577969260e-01
1.181730155577969260e-01
1.181730155577969260e-01
1.181730155577969260e-01
1.167508841665367558e-01
1.167508841665367558e-01
1.156827029123833617e-01
1.155950494951655805e-01
1.155886745176241959e-01
1.155878764285354909e-01
1.155876376803897654e-01
1.155873474783656596e-01
1.155873243045469900e-01
1.155873243045469900e-01
1.155873243045469900e-01
1.155873243045469900e-01
1.155873243045469900e-01
1.155873243045469900e-01
9.754652511731931597e-02
9.754652511731931597e-02
9.754652511731931597e-02
9.754652511731931597e-02
9.754652511731931597e-02
9.754652511731931597e-02
