1.456206844596442274e+01
1.240801264717012486e+01
1.029032077947307044e+01
1.029032077947307044e+01
1.029032077947307044e+01
1.029032077947307044e+01
5.241576547376416428e+00
5.241576547376416428e+00
5.241576547376416428e+00
3.795412059943622296e+00
2.662080433800728230e+00
2.662080433800728230e+00
2.662080433800728230e+00
2.662080433800728230e+00
2.518688555480932401e+00
2.518688555480932401e+00
2.518688555480932401e+00
2.518688555480932401e+00
2.518688555480932401e+00
2.518688555480932401e+00
2.127748838690776356e+00
2.127748838690776356e+00
2.127748838690776356e+00
2.127748838690776356e+00
2.127748838690776356e+00
2.127748838690776356e+00
2.127748838690776356e+00
1.922766496669359171e+00
1.922766496669359171e+00
1.922766496669359171e+00
1.821357189280051969e+00
1.821357189280051969e+00
1.821357189280051969e+00
1.821357189280051969e+00
1.821357189280051969e+00
1.821357189280051969e+00
1.821357189280051969e+00
1.821357189280051969e+00
1.710420483138699765e+00
1.710420483138699765e+00
1.346078813300609411e+00
1.346078813300609411e+00
1.346078813300609411e+00
1.346078813300609411e+00
1.346078813300609411e+00
1.346078813300609411e+00
1.346078813300609411e+00
1.292339415830849436e+00
1.292339415830849436e+00
1.292339415830849436e+00
1.292339415830849436e+00
8.464761068686688095e-01
8.464761068686688095e-01
8.464761068686688095e-01
8.464761068686688095e-01
8.464761068686688095e-01
8.464761068686688095e-01
8.464761068686688095e-01
8.464761068686688095e-01
8.464761068686688095e-01
8.464761068686688095e-01
8.464761068686688095e-01
8.464761068686688095e-01
8.464761068686688095e-01
8.208907177992064153e-01
8.208907177992064153e-01
8.208907177992064153e-01
8.208907177992064153e-01
8.208907177992064153e-01
8.208907177992064153e-01
8.208907177992064153e-01
8.208907177992064153e-01
8.208907177992064153e-01
8.208907177992064153e-01
8.208907177992064153e-01
8.208907177992064153e-01
8.208907177992064153e-01
6.321309555328711305e-01
6.321309555328711305e-01
6.321309555328711305e-01
6.321309555328711305e-01
6.321309555328711305e-01
6.321309555328711305e-01
6.321309555328711305e-01
6.321309555328711305e-01
6.321309555328711305e-01
6.321309555328711305e-01
6.321309555328711305e-01
6.321309555328711305e-01
6.321309555328711305e-01
6.321309555328711305e-01
6.321309555328711305e-01
6.321309555328711305e-01
6.321309555328711305e-01
6.321309555328711305e-01
6.321309555328711305e-01
6.321309555328711305e-01
6.307934562163689529e-01
6.307934562163689529e-01
6.307934562163689529e-01
6.307934562163689529e-01
6.307934562163689529e-01
6.307934562163689529e-01
6.307934562163689529e-01
6.307934562163689529e-01
6.307934562163689529e-01
6.307934562163689529e-01
6.307934562163689529e-01
6.294499517382983189e-01
6.279030208504291499e-01
6.277576101844379863e-01
6.276103143528457551e-01
6.275114924320892573e-01
6.274636963237636422e-01
6.180708220454498303e-01
6.180708220454498303e-01
5.922574055868183862e-01
5.922574055868183862e-01
5.667246451687777409e-01
5.667246451687777409e-01
5.667246451687777409e-01
5.667246451687777409e-01
5.667246451687777409e-01
5.667246451687777409e-01
5.667246451687777409e-01
5.667246451687777409e-01
5.667246451687777409e-01
5.667246451687777409e-01
5.461990069072546472e-01
4.908450655663849638e-01
4.908450655663849638e-01
4.908450655663849638e-01
4.908450655663849638e-01
4.908450655663849638e-01
4.908450655663849638e-01
4.908450655663849638e-01
4.908450655663849638e-01
4.844727797270443892e-01
4.844727797270443892e-01
4.844727797270443892e-01
4.844727797270443892e-01
4.844727797270443892e-01
4.844727797270443892e-01
4.814984736594145609e-01
4.811458858385608273e-01
4.811409406430685043e-01
4.811409406430685043e-01
4.808864020307422882e-01
4.808194875185799466e-01
4.807993108061298093e-01
4.529742499149183033e-01
4.109924280192294166e-01
4.109924280192294166e-01
4.109924280192294166e-01
4.109924280192294166e-01
4.109924280192294166e-01
3.780066869125014439e-01
3.780066869125014439e-01
3.780066869125014439e-01
3.780066869125014439e-01
3.780066869125014439e-01
3.780066869125014439e-01
3.780066869125014439e-01
3.780066869125014439e-01
3.768389886928962262e-01
3.768389886928962262e-01
3.744557898366072668e-01
3.742926139599847546e-01
3.742444858288205278e-01
3.742358267716456299e-01
3.742341781896488806e-01
3.742333786219350644e-01
3.742333786219350644e-01
3.742333786219350644e-01
3.742333786219350644e-01
3.742333786219350644e-01
3.742333786219350644e-01
3.742332687288545401e-01
3.742332687288545401e-01
3.742332687288545401e-01
3.742332687288545401e-01
3.742332687288545401e-01
3.742332687288545401e-01
3.742332687288545401e-01
3.742332687288545401e-01
3.742332687288545401e-01
3.503938080699602331e-01
3.232496349246451461e-01
3.232496349246451461e-01
3.175157239898405148e-01
3.149288861654908067e-01
3.134189963974209348e-01
3.133678739718502304e-01
3.133658924830275971e-01
3.133658181166227297e-01
3.133656755751487721e-01
2.968819365209050543e-01
2.968819365209050543e-01
2.968819365209050543e-01
2.940648120561974999e-01
