-4.488345761276423929e+00
-1.000000000000000000e+00
-4.752174666789163560e+00
-7.793601735111707285e+00
-3.497195593039537087e+00
-1.713141579421984417e+00
-5.077664987637440674e+00
-4.693218610916922273e+00
9.672994340005029723e-02
-6.853925146613289776e+00
-3.851948159385970349e+00
-6.417850498343470100e+00
-1.393636687909246774e+00
0.000000000000000000e+00
-4.000000000000000000e+00
0.000000000000000000e+00
-3.731066817117977052e+00
-6.972402241255323929e+00
-3.541079000684119737e+00
2.000000000000000000e+00
-8.352801386361381475e+00
-4.394416693002090923e+00
-7.367029900654730845e+00
-3.109892128569417658e+00
-1.836371567970612961e+00
-5.966218289938776564e+00
-2.462309155736345900e+00
-5.318332720897873678e+00
-1.086886096944892133e+00
-9.000000000000000000e+00
-4.999985583930690147e+00
9.089970466612735667e-01
-6.740297381721914505e+00
-1.000000000000000000e+00
-1.420411361370177206e+00
-4.687570106176941032e+00
-3.011824472553908394e-01
1.967356661410354368e+00
-4.223492491769752277e+00
-4.228422138093075766e+00
-5.590446790266982990e-01
-8.947186903114305423e+00
-1.000000000000000000e+00
7.340886371919291831e-01
5.403819399305306165e-02
-5.000000000000000000e+00
-6.212550882983713052e+00
-3.361132826727476264e+00
-4.058307174747775165e-02
-5.027654253639113335e+00
-5.000000000000000000e+00
-2.000000000000000000e+00
-7.800138130096277322e+00
-1.000211174889398480e+00
-2.000000000000000000e+00
-5.000000000000000000e+00
-5.000000000000000000e+00
1.345520406592189966e+00
-7.322896638574635908e+00
-2.265842216743330528e+00
2.000000000000000000e+00
-8.000000000000000000e+00
-2.043139876240134267e+00
-5.046762794019950427e+00
-1.674459354537775724e+00
-4.190635446560503574e+00
-2.842329480453410717e+00
-5.234787756965324057e+00
-2.503094529472651875e+00
-5.188604581678321281e+00
-2.958304190559913227e+00
-5.953683243669355640e+00
6.989700043360187465e-01
-6.188568172352483465e+00
-2.831500959355308211e+00
-7.789097127899345274e+00
4.139268515822491779e-02
-8.000000000000000000e+00
-1.523794001091311578e+00
-5.738193647055465085e+00
-3.721246399047171138e+00
-3.052953456389172260e+00
-2.172048779295872922e+00
-1.692022417556650282e+00
-2.763082538798277366e+00
-2.467295064092871026e+00
-2.964542061447105414e+00
-3.749423542957472488e+00
-1.000000000000000000e+00
-5.690196149515636570e+00
-4.985950097594492370e+00
-5.574156404814109678e+00
-1.000000000000000000e+00
-2.549983022361379970e+00
-2.226947631825506146e+00
-7.749992917305055240e-01
-5.853395977679766382e+00
-1.866404820400797693e+00
9.952990560871287640e-01
-6.476379415127651917e+00
-2.689891359255212500e+00
1.327232263709311189e-01
-2.550246488007871459e+00
-5.000000000000000000e+00
-1.000000000000000000e+00
