-8.330835814743512202e+00
-3.969623788325042923e+00
-4.606678213238670772e+00
-5.016928672807847711e+00
-4.846276755903766720e+00
-2.000000000000000000e+00
-5.302835727198464966e+00
-3.543980011040217981e+00
-7.610022395736352196e-01
-7.038411423103131170e+00
-1.918960680079237591e+00
-6.687063531664164451e+00
-1.484592291886991156e+00
0.000000000000000000e+00
-3.801361279027171136e+00
-1.844628447827937334e+00
-3.841592402988531330e+00
-6.840246125905258268e+00
-1.127107273186128023e+00
1.106840507224713388e+00
-7.353721034298855486e+00
-3.548982874999903725e+00
-6.301468586894827695e+00
-5.000000000000000000e+00
-1.746022426724640031e+00
-5.819888188000379436e+00
-3.024538772887586546e+00
-6.052857738386439479e+00
-4.393056971028818758e+00
-6.076410116180847254e+00
-4.514374231546651295e+00
7.533227702649076818e-01
-7.698970004336018746e+00
-2.510603790267237567e+00
-1.186805593900688516e+00
-4.553704734793512898e+00
-1.832021059656671502e+00
-1.071992818982207218e+00
-5.334488719656799383e+00
-5.000000000000000000e+00
1.556994506665924760e+00
-8.179011625762877102e+00
-3.181403919718197137e+00
3.577721303160779076e-01
8.979334354647274807e-01
-1.000000000000000000e+00
-5.459264980146844692e+00
-4.578444736477345067e+00
-1.894210207230430543e+00
-7.422921606380789683e+00
-2.943098464716559448e+00
1.528872675921527868e+00
-6.913470038965527920e+00
-1.000000000000000000e+00
4.120263745991043502e-01
-8.965471505388656226e+00
-4.124524923330146642e+00
1.889410410501709325e+00
-5.595869907324138026e+00
-1.238795634693965031e+00
1.795518912688689239e+00
-7.994777059493356930e+00
-2.344925211996480297e+00
-7.659919338047244786e+00
-2.124552988905162199e+00
-4.623068009670231682e+00
-2.210735544783018369e+00
-5.512484898884573603e+00
-1.632646746728016129e+00
-5.271512039284491635e+00
-1.947971467132039169e+00
-7.300854665837313462e+00
-5.250675640303823499e-01
-4.420736127644556035e+00
-2.916038166523859054e+00
-7.623341135440082184e+00
-6.745419400096590579e-01
-7.006925986144358909e+00
-3.534695640637504632e-01
-6.654712176802818568e+00
-1.182330351581021510e+00
-4.608651745995966387e+00
-2.401914930987014252e+00
-4.183845987217768680e+00
-2.985901231662275279e+00
-1.690196149515636570e+00
-1.000000000000000000e+00
-4.949945088369610779e+00
-1.000000000000000000e+00
-5.601967136602270969e+00
-3.411901551149666201e+00
-1.690196149515636570e+00
-5.000000000000000000e+00
-4.857094118200628863e+00
-2.559157361255376628e+00
1.294944802028443975e+00
-6.544068022635552317e+00
-4.278270480666568787e+00
2.199642431719845526e+00
-4.372009743609182486e+00
-2.732022935256929408e+00
-1.000000000000000000e+00
-4.069072556900685811e+00
-4.731923075329554251e+00
9.658339104928731489e-01
