-6.450154788780232629e+00
-5.000000000000000000e+00
-7.000000000000000000e+00
-4.000000000000000000e+00
-3.257525054544213816e+00
1.999271107434782202e+00
-4.000000000000000000e+00
-1.000000000000000000e+00
-2.000000000000000000e+00
-4.000000000000000000e+00
-1.000000000000000000e+00
-4.614681086204746485e+00
-3.938777294688128094e+00
0.000000000000000000e+00
-4.000000000000000000e+00
-4.000000000000000000e+00
-2.628564922022326389e+00
-7.844064546318413989e+00
-4.120580093345687978e+00
2.000000000000000000e+00
-7.978488028031485157e+00
-5.000000000000000000e+00
-1.014187801364822228e+01
-1.976853226205465219e+00
2.000000000000000000e+00
-7.698970004336018746e+00
-1.000000000000000000e+00
-3.245795422578216627e+00
-2.321303390696234814e+00
-7.107066216101865841e+00
-1.000000000000000000e+00
-8.641933576346958468e-01
-6.615782299301598890e+00
-4.501283901093455775e+00
-3.133232826041789099e-01
-4.000000000000000000e+00
-3.856417169096070019e+00
8.695745640949571476e-01
-5.880856792999304972e+00
-5.000000000000000000e+00
-1.778941948547004603e+00
-5.724403919376566563e+00
-3.570069947448257341e+00
2.000000000000000000e+00
-3.000000000000000000e+00
-5.000000000000000000e+00
-6.207078790014723069e+00
-3.257106493287591054e+00
-2.000000000000000000e+00
-5.465530908440650038e+00
-4.936033849647466276e+00
-3.326542407098510568e-01
-8.447156293394741056e+00
-1.663062371024197628e+00
5.142126800329002156e-01
-8.538543590427552843e+00
-5.000000000000000000e+00
2.000000000000000000e+00
-7.675717333320199565e+00
-2.269437431078054512e+00
-2.000000000000000000e+00
-6.978029851081479329e+00
-8.606253791142317588e-01
-6.372031387878898556e+00
-3.073164077637390079e+00
-4.000000000000000000e+00
-2.638494796957348232e+00
-7.997570579052351469e+00
-4.000000000000000000e+00
-4.000000000000000000e+00
-3.930322842137335293e+00
-6.802666248379260594e+00
-3.301029995663981254e+00
-8.000000000000000000e+00
-1.821532800446287625e+00
-8.000000000000000000e+00
4.139268515822491779e-02
-6.616331384791572567e+00
0.000000000000000000e+00
-4.000000000000000000e+00
-2.125267343672135212e+00
-1.690196149515636570e+00
-1.000000000000000000e+00
-1.867301554450793377e+00
-1.000000000000000000e+00
-1.690196149515636570e+00
-5.000000000000000000e+00
-2.658664602453915560e+00
-4.705458840533952802e+00
-3.964261329328004013e+00
-4.960661125436424790e+00
-4.083361377267340053e+00
-1.000000000000000000e+00
-6.544068022635552317e+00
-2.544555731713785907e+00
9.044089728931230532e-01
-2.544068022635552317e+00
-1.080569345291755079e+00
1.711645387880481373e+00
-6.544068022635552317e+00
-1.000000000000000000e+00
2.036094001576759016e+00
-2.544068022635552317e+00
-2.490950458761251873e+00
3.000000000000000000e+00
