-8.312361202079276978e+00
-3.529131466291084429e+00
-6.996679870072440188e+00
-5.811457336034626664e+00
-3.227927784749709428e+00
-1.413844461146510773e-02
-7.592560430237726976e+00
-5.000000000000000000e+00
3.275032033615321025e-01
-6.247869968856426759e+00
-1.000000000000000000e+00
-4.816011081190343823e+00
-3.185608299615498407e+00
-2.107122777030565053e-01
-4.000000000000000000e+00
-6.024051947872531843e-01
-3.068663678747226342e+00
-4.301029995663981254e+00
-5.000000000000000000e+00
-1.195279786075188921e+00
-6.082725321707266986e+00
-3.515208236533974073e+00
-1.030097771028472842e+01
-2.226473548149374704e+00
5.323385221453800220e-01
-6.768856720116805725e+00
-5.000000000000000000e+00
-4.449318558806732327e+00
-1.291355034571304961e+00
-7.839885002725319296e+00
-4.970704967272943975e+00
1.969566006242840617e+00
-5.802833694296761990e+00
-2.591791551208212141e+00
1.000000000000000000e+00
-4.435487367246157220e+00
-9.260482523134873356e-02
-7.315197812879642436e-01
-4.009863533575763306e+00
-3.430819166480624016e+00
-4.701763354167734499e-02
-5.522878745280337398e+00
-5.000000000000000000e+00
-4.149999739940702925e-01
7.241993233142955955e-01
-2.284534131578129124e+00
-7.697881264694951930e+00
-2.339249987774481010e+00
-2.000000000000000000e+00
-5.000000000000000000e+00
-3.447282854104790850e+00
-4.993221407091905650e-01
-7.379816387743443507e+00
-4.658499071939917080e+00
-1.151563205072459350e+00
-6.336408053543841845e+00
-3.418803280883058626e+00
-1.629781545851612501e+00
-8.504196001490921475e+00
-1.000000000000000000e+00
1.534151923033486131e+00
-7.620495050554082717e+00
6.177931479426539418e-01
-4.016642793166261605e+00
-2.365396795978943700e+00
-7.757898662990094785e+00
0.000000000000000000e+00
-6.157837375277736669e+00
-1.800057809278922560e+00
-5.350571260004201690e+00
-4.000000000000000000e+00
-6.769165735607566958e+00
-3.301029995663981254e+00
-6.794060985026720623e+00
-3.952710191556651598e+00
-6.251741716715195629e+00
-1.516658075019899465e+00
-4.565833859666828864e+00
-2.707211513944522974e+00
-8.000000000000000000e+00
-1.823844335979995845e+00
-2.861109497095030374e+00
-2.337430791557154386e+00
-3.259177086583354477e+00
-4.265879248868859719e+00
-3.053835980946325801e+00
-3.942497001765840281e+00
-3.909088826571362585e+00
-4.034316620814558441e+00
-5.224034433578843561e+00
-4.134805457337369816e+00
-3.229826375696013052e+00
-5.000000000000000000e+00
-4.919550353667632159e+00
-3.241081153679490345e+00
1.021979630581221876e+00
-2.544068022635552317e+00
-1.056403412487153970e+00
1.827161151076132528e+00
-2.544068022635552317e+00
-1.643213656614955998e+00
2.644114674242564966e+00
-5.066080680714931894e+00
-2.173684421644902276e+00
2.376518530777030236e+00
