-4.658022410623930298e+00
-4.793037045360840409e+00
-5.053725799852337275e+00
-5.968904537533374466e+00
-5.000000000000000000e+00
8.794412156803010916e-01
-6.494174423432902188e+00
-4.134660820450773322e+00
-3.725258259229756730e-01
-7.833232766702672656e+00
-3.935509638227873364e+00
-5.391732938867711766e+00
-5.000000000000000000e+00
0.000000000000000000e+00
-4.000000000000000000e+00
-2.685443086684761393e+00
-7.696389724427867840e-01
-8.293395238079048326e+00
-1.127168073868767273e+00
-7.631177214316182678e-01
-5.472657694119075877e+00
-3.317329736330247414e+00
-6.353241905308679272e+00
-1.942193592229081389e+00
2.299683571768869894e-01
-4.998758717642354910e+00
-5.000000000000000000e+00
-6.585721126938730130e+00
-2.072916461135424715e+00
-7.596747299180725221e+00
-1.489194251230875565e+00
1.912948788982434811e+00
-6.918050659030509308e+00
-1.285219314072312713e+00
-1.423648774367960668e+00
-4.000000000000000000e+00
-1.957827585691586103e-01
-6.537555587243391031e-01
-5.819234247053601372e+00
-1.798033653331965187e+00
2.000000000000000000e+00
-6.104005941220592923e+00
-2.879614299055341942e+00
7.277804388497882693e-01
-3.000000000000000000e+00
-4.549709806091581044e+00
-7.900701723305659563e+00
-5.000000000000000000e+00
-1.087931244501882500e+00
-6.892834760568884001e+00
-3.625674470818355921e+00
1.625028419681209702e+00
-8.840688485531943641e+00
-5.000000000000000000e+00
-1.991994033948364162e+00
-5.157391325896877987e+00
-1.674472499309159090e+00
5.547849636313505473e-01
-5.000000000000000000e+00
-3.975688191002550997e+00
6.553257705063008087e-01
-4.490695873701329610e+00
-1.290036936210184226e+00
-4.000000000000000000e+00
-1.224607057460977977e+00
-4.000000000000000000e+00
-4.000000000000000000e+00
-4.407600977234121586e+00
-1.785275880127979109e+00
-6.361066640373900682e+00
-1.888963123838579339e+00
-6.309811627046238769e+00
3.761189370713570734e-01
-4.540830129022514150e+00
-3.903674845828550843e+00
-7.922592853600178842e+00
-5.862188177710134229e-02
-5.553825173205138910e+00
0.000000000000000000e+00
-7.940089479030948638e+00
2.787536009528290837e-01
-1.690196149515636570e+00
-5.000000000000000000e+00
-3.220123774150254192e+00
-1.235832237712573223e+00
-5.690196149515636570e+00
-1.000000000000000000e+00
-3.476754346384485217e+00
-2.630014199050217272e+00
-3.780456229988387484e+00
-3.071216546405725278e+00
-4.225197960527474095e+00
-4.984475557434042692e+00
-2.544068022635552317e+00
-3.729541181196093458e+00
2.102925279484311627e+00
-4.201800066044974358e+00
-2.738625989027210217e+00
3.881131553257653466e-01
-3.700616363924335683e+00
-4.977033599979977296e+00
2.597351523032637832e+00
-2.774891243324439927e+00
-1.795891246784190320e+00
6.827640622169907358e-02
