-5.490559568329579143e+00
-3.842985511310378133e+00
-5.275838826164815920e+00
-5.655209754915860643e+00
-4.985687393280088919e+00
3.862697450749808525e-01
-7.260856339513980018e+00
-1.352208784752779724e+00
2.701680035385820577e-01
-6.885785339286676354e+00
-1.894292201981679469e+00
-6.494369556275874089e+00
-2.482571997834163380e+00
-1.895006130250924903e+00
-3.999284978208779595e+00
-3.577066159664428202e+00
-9.213007091844993557e-01
-5.967118842936604217e+00
-1.612977088100534306e+00
-2.694478500174697366e-01
-5.492216365381597853e+00
-4.901754437258508901e+00
-8.948629143420477661e+00
-2.029984212700353119e+00
-1.636478634228037410e-01
-6.757567073453042639e+00
-1.000000000000000000e+00
-3.154901959985743076e+00
-2.850894448449946772e+00
-9.000000000000000000e+00
-2.801909250624910808e+00
-8.121958061517977612e-01
-5.447613642745603002e+00
-4.292613668204062094e+00
2.067300808576440219e-01
-5.165213076205027676e+00
-1.693065757004542871e+00
7.609776641700176647e-01
-4.000000000000000000e+00
-4.427498708973544694e+00
1.841009028510830259e+00
-6.211120770501772803e+00
-4.628906708062116238e+00
-2.000000000000000000e+00
1.019164209468657878e-01
-3.526789606791526310e+00
-6.614500479771980856e+00
-1.000000000000000000e+00
2.813799364923448218e-02
-6.531665834889435196e+00
-1.000000000000000000e+00
4.427515201109087917e-01
-6.967206136687744689e+00
-1.000000000000000000e+00
1.608019165925821670e-01
-6.518486028156639911e+00
-1.579989276346492888e+00
-1.999999329773192391e+00
-7.834110001577331062e+00
-2.433102486345954052e+00
1.065824650766580950e+00
-5.156382038734790285e+00
-1.325251386831074463e+00
-6.858696105528891529e+00
-3.401934560574919608e+00
-7.402646382630809541e+00
-3.926526689481369292e+00
-7.298617157871165162e+00
-1.751513288955175884e+00
-5.132281158083699779e+00
-1.853004627098631119e+00
-7.946728846445149763e+00
8.399815045204475292e-03
-5.291756466177571561e+00
-1.329733047019924452e+00
-5.613785898309946454e+00
-1.316119696635884573e-01
-7.931133184151624604e+00
-1.602136761935239129e+00
-5.939818296642791040e+00
-3.474097801906702365e+00
-5.679069062486021835e+00
-1.054954393967149517e+00
-2.437475823562356148e+00
-1.646288144335961379e+00
-3.476236613921257046e+00
-4.776426241696260178e+00
-1.690196149515636570e+00
-5.000000000000000000e+00
-5.685765244174266542e+00
-3.578056568465915355e+00
-4.649312410109053495e+00
-4.699698008023480256e+00
-2.544068022635552317e+00
-2.483772978473925086e+00
-9.288519169953416421e-01
-4.583977719067207524e+00
-3.203352198123776251e+00
1.862816955861578805e+00
-2.544068022635552317e+00
-4.330780670701547486e+00
6.454983538316012570e-01
-4.744275846762041837e+00
-3.132835038317670406e+00
-9.985547470550798499e-01
