-8.397940008672037493e+00
-4.067711062509152597e+00
-6.986000137188327130e+00
-8.000000000000000000e+00
-2.521207443161322281e+00
-1.106786125735083282e+00
-7.576410917174594140e+00
-2.318047207978496171e+00
1.999780263010859205e+00
-5.341244243916811740e+00
-5.000000000000000000e+00
-5.496891217947990960e+00
-1.962123031984954524e+00
0.000000000000000000e+00
-4.000000000000000000e+00
-2.789854847497012513e-01
-3.684418501665136070e+00
-6.948903039239723078e+00
-1.569827630948204877e+00
2.000000000000000000e+00
-5.705628380194287530e+00
-3.181739223216973667e+00
-8.740797401365405506e+00
-2.296733498505659110e+00
1.792584317841431574e+00
-3.945726665249901899e+00
-1.071329693748281020e+00
-3.154901959985743076e+00
-2.954554177605504428e+00
-9.000000000000000000e+00
-4.410858889245618641e+00
-4.704931801899207566e-01
-6.833325311008709768e+00
-4.622295674101516205e+00
-3.176143470183321466e-02
-5.457402511076930196e+00
-1.570460490912126028e+00
2.485329265734230290e-03
-4.000000000000000000e+00
-4.011134845116693270e+00
2.283596045096333571e-01
-5.708335571349572923e+00
-5.000000000000000000e+00
3.205446914401401948e-01
2.347937919223791123e-02
-2.981088498961848021e+00
-5.000000000000000000e+00
-1.840614198814661817e+00
-1.227437280741896716e-02
-6.072457177862755628e+00
-3.410365818525479487e+00
1.031744971649772635e+00
-8.119278127907838538e+00
-2.402175048218202491e+00
3.004126266202412632e-01
-5.000000000000000000e+00
-5.000000000000000000e+00
-2.000000000000000000e+00
-8.879783159336319898e+00
-3.043175816305275561e+00
-1.248742574207655290e-02
-4.586062615190615865e+00
-1.878661514301630309e+00
-7.840075089426803423e+00
-2.569850056682513983e+00
-4.065653631064074069e+00
-3.966523537930049415e+00
-6.065242949252023230e+00
-2.668393055055848784e+00
-7.997554357986169649e+00
-3.506573300632158219e+00
-4.000000000000000000e+00
-2.978855411155868715e+00
-4.584710738463715352e+00
-2.598647332067743232e+00
-5.943400438213022774e+00
-1.989077475655090854e+00
-6.809155556605919202e+00
-3.529928238056068590e+00
-6.901700058119244474e+00
-2.442969455642410193e+00
-4.388236843019261535e+00
-3.351850001912588972e+00
-5.690196149515636570e+00
-1.713776117911026020e+00
-5.118711804796362230e+00
-2.961395707281514689e+00
-3.171647617343408943e+00
-2.091163720373527379e+00
-3.309915285865345780e+00
-5.000000000000000000e+00
-4.772539365694923319e+00
-4.992961145986399174e+00
-5.316524639645475503e+00
-2.177096502272338974e+00
1.847437141963139018e+00
-3.205082311130228234e+00
-1.000000000000000000e+00
7.397307715910425019e-01
-6.544068022635552317e+00
-1.000000000000000000e+00
8.565781749124641575e-02
-4.854842901629462304e+00
-3.876904106015883311e+00
-9.985275418882579856e-01
