-6.154803903050355629e+00
-2.508342075540148652e+00
-6.561097640824588240e+00
-5.102290659601063538e+00
-2.899598560249955881e+00
-1.462667987883997656e-01
-4.077338285457337008e+00
-3.313688544906940869e+00
-1.351923710307960436e+00
-6.330248772593702000e+00
-1.396220232420052776e+00
-6.468383370811285893e+00
-3.061645438775414174e+00
-7.400968815415815971e-01
-3.615998097930958721e+00
-2.264891111711061278e+00
-2.610785583650240049e+00
-6.488968960006109121e+00
-2.197780796302157835e+00
-1.007769752642365235e+00
-8.286953654517198231e+00
-4.977094101893407618e+00
-7.774006278553475369e+00
-3.862230802182425204e+00
1.263165372191050517e+00
-6.668296549319551403e+00
-1.885446982145023043e+00
-4.665476615385056647e+00
-5.000000000000000000e+00
-8.566633590274316035e+00
-2.614619113486377433e+00
5.573135335659130662e-01
-6.708552898397424080e+00
-4.251186072988439868e+00
-7.528808820510246580e-01
-6.164678406422738455e+00
-2.456684552712165015e+00
1.639524644217237592e-01
-5.888281753489063242e+00
-3.243712424052755505e+00
1.963772325152442599e+00
-8.807428528129088718e+00
-4.412595544132289049e+00
-2.000000000000000000e+00
-5.314951976020406699e-01
-3.809027045475647633e+00
-8.890569433921948317e+00
-2.103541527816740420e+00
2.113005723512157430e-01
-5.840333033043286548e+00
-3.247614278323212034e+00
-5.569591038199819266e-01
-5.997712330093807331e+00
-1.116863916446406479e+00
-5.597749765376210940e-01
-7.680114045730445760e+00
-1.749014060958427930e+00
3.946033814995528188e-01
-7.120672543930160359e+00
-2.945987289364395245e+00
-1.854786952720648141e-01
-4.000000000000000000e+00
-7.617146241806185269e-01
-5.318645116403692974e+00
-2.397481761202132855e+00
-5.259767071577520881e+00
-6.825896401453610540e-01
-6.445192238747583957e+00
-3.408623420905709800e+00
-5.270502315651193648e+00
-4.000000000000000000e+00
-6.757894309855386084e+00
-3.016596995046841867e-01
-4.000000000000000000e+00
-1.799772655562839496e+00
-7.095584261188353281e+00
-1.797724658074868920e+00
-6.304185438348448578e+00
-7.812157784281545947e-01
-6.531567131946347082e+00
-2.449900699198442666e+00
-3.786097140805441352e+00
-1.480682872342863110e+00
-4.169105500462418235e+00
-3.215776474540200436e+00
-4.799850873435547172e+00
-4.828964139140329515e+00
-4.861466389968819080e+00
-3.932612702656824055e+00
-4.176594946610581616e+00
-1.713456095933483248e+00
-4.120154906141104689e+00
-5.000000000000000000e+00
-4.996398384888927957e+00
-1.894929704951649141e+00
2.455375793020816655e+00
-5.229454022226677878e+00
-4.757276497219527833e+00
3.002158096529279341e-01
-2.544068022635552317e+00
-2.725862083435978356e+00
2.641761207649884757e-01
-4.556979189755709925e+00
-5.000000000000000000e+00
9.166619543401368642e-01
