-6.496232323863072367e+00
-3.020693407477338610e+00
-3.725980235753271419e+00
-7.999857594810032779e+00
-1.000000000000000000e+00
3.231519852749814015e-01
-4.647383234543601915e+00
-5.000000000000000000e+00
-1.547672168749228527e+00
-5.400977940448430381e+00
-3.981552433675186187e+00
-4.919066025079611215e+00
-2.964127749868297190e+00
0.000000000000000000e+00
-4.000000000000000000e+00
-1.474970184006165308e+00
-3.689773730973421095e+00
-4.301029995663981254e+00
-2.296528937914911861e+00
-2.254928386430478104e-01
-8.715043274497141113e+00
-3.408482962296309982e+00
-8.646012090863070654e+00
-1.698084742300586258e+00
-1.927210188991749451e+00
-5.175600024239317420e+00
-2.645077302569146305e+00
-6.239013821427831452e+00
-3.677307457413522940e+00
-5.137155135811152462e+00
-1.523918732703446688e+00
-8.630799191408397575e-02
-7.698803732071919370e+00
-2.569301739267588314e+00
-6.050117384457269765e-01
-6.357140332115678305e+00
-3.031342224340479063e+00
-3.139707425393500895e-01
-6.346227798674527243e+00
-5.000000000000000000e+00
-1.957361951035976322e+00
-8.093709005639128762e+00
-4.265155568294944466e+00
-2.000000000000000000e+00
5.219190113360384631e-01
-2.335150916558677459e+00
-5.001258792215470095e+00
-1.953881399422583875e+00
-1.966311583305306865e+00
-5.000000000000000000e+00
-3.684549878472488160e+00
8.618390852002862090e-02
-7.260416546726377263e+00
-1.000000000000000000e+00
-3.151597254741466680e-01
-7.136326702573252412e+00
-1.000000000000000000e+00
-4.957630119433051874e-01
-7.141120735951709264e+00
-1.338909005361929694e+00
-7.951510105781576243e-01
-6.831144428518373779e+00
-8.799083484639182995e-01
-8.000000000000000000e+00
-2.480658491299238655e+00
-6.125394217666865870e+00
-1.723887762967070358e+00
-8.000000000000000000e+00
-3.600333642873106754e+00
-4.538243492801159462e+00
-3.647650576765963937e+00
-7.189837166139253277e+00
-1.205040266163777796e+00
-4.779045748659812354e+00
-3.416879551778047031e+00
-5.960169847272840826e+00
-1.572468220433766772e+00
-5.667074770690859076e+00
-4.000000000000000000e+00
-5.207054811561984131e+00
-3.691550997779911913e+00
-2.652495162378431637e+00
-1.533645180346188797e+00
-4.740441063301618740e+00
-2.870125211084613159e+00
-2.902540110474673973e+00
-3.604617351979098938e+00
-1.699961082637814203e+00
-5.000000000000000000e+00
-2.260456099785425721e+00
-3.316612837943701209e+00
-3.583322477525540339e+00
-1.236442167986259610e+00
-2.781671647137603731e+00
-3.032862735790752495e+00
-9.519937945786838274e-01
-6.007591048543681644e+00
-5.000000000000000000e+00
1.257056676942099216e+00
-5.693618403036337483e+00
-1.727089888073833013e+00
-1.000000000000000000e+00
-3.790779792420185590e+00
-1.021454711051993813e+00
2.085431088840326297e-01
