-8.397940008672037493e+00
-4.953329512955769509e+00
-4.155759327162789951e+00
-4.971004463348476676e+00
-2.104228619368249564e+00
-1.179467346856657217e+00
-6.360966031103792773e+00
-2.600405574750678017e+00
2.000000000000000000e+00
-5.944179361387943672e+00
-1.598289002510323797e+00
-6.129753475178264743e+00
-4.517336590127696283e+00
-1.813272551913271746e+00
-3.525005264067444077e+00
-4.000000000000000000e+00
-3.608465789122153655e+00
-8.193684436456356579e+00
-2.398724503265643904e+00
7.243196918822407682e-01
-8.133989952668924772e+00
-5.000000000000000000e+00
-7.035279554931193502e+00
-2.607812718872936752e+00
3.119240198545564779e-01
-6.021287776973120565e+00
-1.000000000000000000e+00
-3.154901959985743076e+00
-3.358871563139953054e+00
-9.000000000000000000e+00
-5.000000000000000000e+00
1.117626699611320662e+00
-7.698970004336018746e+00
-4.958562480649943538e+00
-1.280855987787097527e+00
-5.556034906159688980e+00
-1.232817717561687454e+00
3.145540109800638584e-01
-5.174749705045967652e+00
-1.262951191005893481e+00
1.910647510869099452e+00
-7.741654096123942175e+00
-5.000000000000000000e+00
-1.618970998448048537e-01
1.000000000000000000e+00
-2.726768785428062891e+00
-8.397626725136410286e+00
-3.095193983613985456e+00
-1.730601358253408995e+00
-6.858578843357535426e+00
-3.461803755610361133e+00
-3.284659578506705646e-01
-5.754922252883828193e+00
-4.646399791450226857e+00
2.000000000000000000e+00
-6.661265746916861907e+00
-2.842833069228312581e+00
2.000000000000000000e+00
-7.287101653278479141e+00
-3.745037576761882647e+00
-4.217128239009133861e-02
-7.516260246800453793e+00
7.973888021034786222e-01
-5.660001073488136747e+00
7.918124604762488694e-02
-4.912847672892546314e+00
-1.669750680181522728e+00
-5.967556745860758127e+00
0.000000000000000000e+00
-6.388679131827336377e+00
-2.313304851606222901e+00
-5.685600471614168150e+00
4.238166039406997959e-02
-4.161381631093231448e+00
-2.844893368309991288e+00
-6.850003472346089417e+00
-3.928995671597690809e+00
-5.656118693803387387e+00
-2.360282197819193239e+00
-4.573386782582595345e+00
-1.990150585784774107e+00
-3.268484520962156914e+00
-2.496267265112158906e+00
-3.362725063495577427e+00
-2.701870038641297711e+00
-4.262298415786186290e+00
-1.950487492814144463e+00
-5.690196149515636570e+00
-1.000000000000000000e+00
-5.677678044757674236e+00
-1.000000000000000000e+00
-1.727117766369570706e+00
-3.845951254754605309e+00
-2.544068022635552317e+00
-3.307911447831052509e+00
-5.763772639192238367e-01
-4.629493682926016263e+00
-3.285388261328160198e+00
1.248110330941556878e+00
-4.467645114992958355e+00
-1.909552088834676198e+00
-1.000000000000000000e+00
-6.544068022635552317e+00
-5.000000000000000000e+00
-1.000000000000000000e+00
