-6.717951921231464674e+00
-1.080522276736110010e+00
-4.999884054656712706e+00
-4.000000000000000000e+00
-2.007689105184121470e+00
4.008445984766785819e-01
-6.585921230198927390e+00
-4.595302969736240861e+00
-2.000000000000000000e+00
-5.553499838892944851e+00
-1.034149776331685144e+00
-5.639778076605618473e+00
-1.000029748387824879e+00
0.000000000000000000e+00
-4.000000000000000000e+00
-1.031491412351036585e+00
-3.497921561320959521e-02
-5.412579404652039905e+00
-3.453529457620692078e+00
-2.000000000000000000e+00
-7.483701162018038033e+00
-4.123825700816693640e+00
-8.417694291641350191e+00
-2.082068235746324714e+00
-2.000000000000000000e+00
-7.698970004336018746e+00
-1.004394992491545180e+00
-5.301760032053318916e+00
-5.000000000000000000e+00
-8.613348906585128972e+00
-4.308610024124601701e+00
7.792207516874494200e-01
-6.673912143116357498e+00
-3.832427218753053921e+00
8.017960701642458388e-02
-5.753296597078095154e+00
-3.971367857878712826e+00
5.160643833098756961e-01
-5.062447181902461679e+00
-1.000000000000000000e+00
2.000000000000000000e+00
-6.464117483035570544e+00
-1.617445015849810375e+00
-1.367740293829035206e-03
-3.000000000000000000e+00
-5.000000000000000000e+00
-5.219016173443695727e+00
-3.511381263794218111e+00
2.000000000000000000e+00
-5.033003027695329479e+00
-3.027975493385012040e+00
2.000000000000000000e+00
-5.000000000000000000e+00
-3.037479506693506970e+00
-2.000000000000000000e+00
-7.526722363157840157e+00
-2.787414268254618577e+00
2.000000000000000000e+00
-7.459723912545096702e+00
-2.891267607229833114e+00
1.681688763579209933e+00
-4.049810542438438077e+00
-2.630957774666771609e+00
-8.000000000000000000e+00
7.918124604762488694e-02
-5.595761610412534282e+00
-3.429994951068732867e+00
-4.000000000000000000e+00
-3.518345720021138323e+00
-7.907002721695607583e+00
-4.000000000000000000e+00
-6.999994709998593301e+00
-1.349335123092706867e+00
-4.215143795006388139e+00
-4.000000000000000000e+00
-5.461432871227632546e+00
-1.847653201046521643e+00
-5.524942156962093343e+00
-3.715869455639135399e+00
-7.311110103195612275e+00
-2.136507306125625227e+00
-3.851724294084068134e+00
-2.917834011163757957e+00
-4.404704553884414509e+00
-2.812939209371748461e+00
-2.986482196661826016e+00
-5.000000000000000000e+00
-5.690196149515636570e+00
-1.000000000000000000e+00
-5.690196149515636570e+00
-3.539279861674672123e+00
-4.599077568739877719e+00
-4.896959025389924669e+00
-4.713442167740200084e+00
-1.698856751475475102e+00
3.000000000000000000e+00
-5.385560820986243336e+00
-2.910588058457011851e+00
5.790038243913299409e-02
-5.135300936853565368e+00
-4.333692581496274343e+00
5.008480476482335408e-01
-2.544068022635552317e+00
-1.000000000000000000e+00
-1.000000000000000000e+00
