5.170018311714087389e+01
3.285579464212437983e+01
6.389109147785790199e+00
4.426427729322229609e+00
4.426427729322229609e+00
4.426427729322229609e+00
3.242648929852945283e+00
3.043645198113261063e+00
1.483163659626872910e+00
1.220820896791456445e+00
1.220820896791456445e+00
1.220820896791456445e+00
1.220820896791456445e+00
1.132101905858777124e+00
1.067613329547601797e+00
1.067613329547601797e+00
1.067613329547601797e+00
1.067613329547601797e+00
1.067613329547601797e+00
1.067613329547601797e+00
1.067613329547601797e+00
1.067613329547601797e+00
1.067613329547601797e+00
1.067613329547601797e+00
1.067613329547601797e+00
1.067613329547601797e+00
1.067613329547601797e+00
1.067613329547601797e+00
1.067613329547601797e+00
1.067613329547601797e+00
1.067613329547601797e+00
9.773517528211870253e-01
8.019093959088161583e-01
8.019093959088161583e-01
8.019093959088161583e-01
8.019093959088161583e-01
8.019093959088161583e-01
8.019093959088161583e-01
8.019093959088161583e-01
8.019093959088161583e-01
8.019093959088161583e-01
7.172208095142573736e-01
7.172208095142573736e-01
7.172208095142573736e-01
7.172208095142573736e-01
7.172208095142573736e-01
7.172208095142573736e-01
7.172208095142573736e-01
7.172208095142573736e-01
7.172208095142573736e-01
7.172208095142573736e-01
7.172208095142573736e-01
7.172208095142573736e-01
7.172208095142573736e-01
7.172208095142573736e-01
7.172208095142573736e-01
7.172208095142573736e-01
7.172208095142573736e-01
7.172208095142573736e-01
7.172208095142573736e-01
7.172208095142573736e-01
7.172208095142573736e-01
7.172208095142573736e-01
7.172208095142573736e-01
7.172208095142573736e-01
7.172208095142573736e-01
5.478491862948472457e-01
5.478491862948472457e-01
5.478491862948472457e-01
5.478491862948472457e-01
5.478491862948472457e-01
5.478491862948472457e-01
5.478491862948472457e-01
5.478491862948472457e-01
5.478491862948472457e-01
5.478491862948472457e-01
5.478491862948472457e-01
5.478491862948472457e-01
5.478491862948472457e-01
5.478491862948472457e-01
5.258799799440443401e-01
5.258799799440443401e-01
5.258799799440443401e-01
5.258799799440443401e-01
5.258799799440443401e-01
4.646984377037068348e-01
4.646984377037068348e-01
4.646984377037068348e-01
4.587105173035440631e-01
4.587105173035440631e-01
4.587105173035440631e-01
4.212772010597672923e-01
4.212772010597672923e-01
4.212772010597672923e-01
4.212772010597672923e-01
3.713998949983466358e-01
3.713998949983466358e-01
3.713998949983466358e-01
3.713998949983466358e-01
3.713998949983466358e-01
3.713998949983466358e-01
3.713998949983466358e-01
3.713998949983466358e-01
3.713998949983466358e-01
3.713998949983466358e-01
3.713998949983466358e-01
3.432398757998711414e-01
3.432398757998711414e-01
3.432398757998711414e-01
3.432398757998711414e-01
3.432398757998711414e-01
3.432398757998711414e-01
3.373480469691420014e-01
3.283877474371745264e-01
3.232522142700955947e-01
3.232522142700955947e-01
3.232522142700955947e-01
2.971235251759077878e-01
2.971235251759077878e-01
2.971235251759077878e-01
2.971235251759077878e-01
2.971235251759077878e-01
2.971235251759077878e-01
2.971235251759077878e-01
2.933002421302492446e-01
2.933002421302492446e-01
2.933002421302492446e-01
2.882568277574100724e-01
2.802496230566497992e-01
2.783076679120180530e-01
2.777306071776561303e-01
2.595618942065613388e-01
2.595618942065613388e-01
2.595618942065613388e-01
2.595618942065613388e-01
2.595618942065613388e-01
2.595618942065613388e-01
2.595618942065613388e-01
2.595618942065613388e-01
2.409399164411726302e-01
2.293442261593070519e-01
2.293442261593070519e-01
2.293442261593070519e-01
2.293442261593070519e-01
2.293442261593070519e-01
2.293442261593070519e-01
2.260505662718192699e-01
2.260505662718192699e-01
2.260505662718192699e-01
2.260505662718192699e-01
2.260505662718192699e-01
2.260505662718192699e-01
2.260505662718192699e-01
2.260505662718192699e-01
2.260505662718192699e-01
2.256456002000039596e-01
2.256456002000039596e-01
2.256456002000039596e-01
2.209741473777530052e-01
2.209741473777530052e-01
2.209741473777530052e-01
2.209379128556265004e-01
2.209379128556265004e-01
2.184765533035060714e-01
2.184765533035060714e-01
2.160508542173948943e-01
2.160508542173948943e-01
2.154508071684876347e-01
2.154508071684876347e-01
2.154508071684876347e-01
2.154508071684876347e-01
2.154508071684876347e-01
2.154508071684876347e-01
2.154508071684876347e-01
2.137655687434165952e-01
2.137655687434165952e-01
2.137463166109257739e-01
2.128277381970207771e-01
2.128277381970207771e-01
2.128085005960227150e-01
2.128058248082457804e-01
2.128054709109233056e-01
2.128054709109233056e-01
2.128054709109233056e-01
2.041707015999859320e-01
2.037161745987340067e-01
2.037161745987340067e-01
2.036966923635194771e-01
2.036966923635194771e-01
1.928549756323675868e-01
1.928549756323675868e-01
1.928549756323675868e-01
1.928549756323675868e-01
1.928549756323675868e-01
1.928549756323675868e-01
1.928549756323675868e-01
1.928549756323675868e-01
1.928549756323675868e-01
1.928549756323675868e-01
1.928549756323675868e-01
