2.806446333511853908e+01
8.524158257160042496e+00
8.524158257160042496e+00
8.524158257160042496e+00
7.175841872504701513e+00
6.084590191791305003e+00
3.336841844884780528e+00
2.591150401383048862e+00
2.027072563295921004e+00
2.027072563295921004e+00
1.651800973907746162e+00
1.651800973907746162e+00
1.651800973907746162e+00
1.651800973907746162e+00
7.195839943547791551e-01
7.195839943547791551e-01
7.195839943547791551e-01
7.195839943547791551e-01
7.195839943547791551e-01
7.195839943547791551e-01
6.477618596824094022e-01
6.477618596824094022e-01
6.477618596824094022e-01
3.099646999828496452e-01
3.099646999828496452e-01
3.099646999828496452e-01
3.099646999828496452e-01
2.550842135739309624e-01
2.550842135739309624e-01
2.550842135739309624e-01
2.550842135739309624e-01
2.550842135739309624e-01
2.550842135739309624e-01
2.550842135739309624e-01
2.550842135739309624e-01
2.550842135739309624e-01
2.550842135739309624e-01
2.550842135739309624e-01
2.550842135739309624e-01
2.550842135739309624e-01
2.550842135739309624e-01
2.550842135739309624e-01
2.550842135739309624e-01
2.550842135739309624e-01
2.550842135739309624e-01
2.550842135739309624e-01
2.550842135739309624e-01
2.550842135739309624e-01
2.550842135739309624e-01
2.550842135739309624e-01
2.550842135739309624e-01
2.550842135739309624e-01
2.550842135739309624e-01
2.550842135739309624e-01
2.550842135739309624e-01
2.550842135739309624e-01
2.338176148357717365e-01
2.249369681007952204e-01
2.249369681007952204e-01
2.249369681007952204e-01
1.388004057556351811e-01
1.388004057556351811e-01
1.388004057556351811e-01
1.388004057556351811e-01
1.388004057556351811e-01
1.388004057556351811e-01
1.388004057556351811e-01
1.388004057556351811e-01
1.388004057556351811e-01
1.388004057556351811e-01
1.388004057556351811e-01
1.388004057556351811e-01
1.388004057556351811e-01
1.388004057556351811e-01
1.388004057556351811e-01
1.388004057556351811e-01
1.388004057556351811e-01
1.388004057556351811e-01
1.388004057556351811e-01
1.388004057556351811e-01
1.388004057556351811e-01
1.388004057556351811e-01
1.388004057556351811e-01
1.388004057556351811e-01
1.388004057556351811e-01
1.388004057556351811e-01
1.388004057556351811e-01
1.388004057556351811e-01
1.388004057556351811e-01
1.388004057556351811e-01
1.388004057556351811e-01
1.388004057556351811e-01
1.102770306564735819e-01
1.102770306564735819e-01
1.102770306564735819e-01
1.102770306564735819e-01
1.102770306564735819e-01
1.102770306564735819e-01
1.102770306564735819e-01
1.102770306564735819e-01
1.102770306564735819e-01
1.102770306564735819e-01
1.102770306564735819e-01
1.003740796115085293e-01
1.003740796115085293e-01
1.003740796115085293e-01
1.003740796115085293e-01
1.003740796115085293e-01
1.003740796115085293e-01
1.003740796115085293e-01
1.003740796115085293e-01
1.003740796115085293e-01
1.003740796115085293e-01
1.003740796115085293e-01
1.003740796115085293e-01
9.714892155247233096e-02
9.714892155247233096e-02
9.714892155247233096e-02
9.714892155247233096e-02
9.714892155247233096e-02
9.714892155247233096e-02
9.714892155247233096e-02
9.496753130479421157e-02
9.496753130479421157e-02
9.435990025453605545e-02
9.435990025453605545e-02
9.435990025453605545e-02
9.435990025453605545e-02
9.435990025453605545e-02
9.435990025453605545e-02
9.435990025453605545e-02
9.435990025453605545e-02
9.435990025453605545e-02
9.435990025453605545e-02
9.435478156205845401e-02
9.435478156205845401e-02
9.435478156205845401e-02
9.435478156205845401e-02
9.435478156205845401e-02
9.435478156205845401e-02
9.435478156205845401e-02
9.435478156205845401e-02
9.426199672566461241e-02
9.426199672566461241e-02
9.426199672566461241e-02
9.426199672566461241e-02
9.426199672566461241e-02
9.426199672566461241e-02
9.426037310425806892e-02
9.426037310425806892e-02
9.426037310425806892e-02
9.425863932742339912e-02
9.425780590983767748e-02
9.425780590983767748e-02
9.425780590983767748e-02
9.425725543680969765e-02
9.425725543680969765e-02
9.425725543680969765e-02
9.425725543680969765e-02
9.425725543680969765e-02
9.425725543680969765e-02
8.443291659256195458e-02
8.443291659256195458e-02
8.443291659256195458e-02
8.443291659256195458e-02
8.443291659256195458e-02
8.443291659256195458e-02
8.443291659256195458e-02
8.443291659256195458e-02
8.443291659256195458e-02
8.443291659256195458e-02
8.443291659256195458e-02
7.183653936009444518e-02
7.183653936009444518e-02
7.165076446215480621e-02
7.165076446215480621e-02
7.153621642790090884e-02
7.153621642790090884e-02
7.153593952424780467e-02
7.153593952424780467e-02
7.153593952424780467e-02
7.153349886342996733e-02
7.153349886342996733e-02
7.153349886342996733e-02
7.153349886342996733e-02
7.153349886342996733e-02
7.153349886342996733e-02
7.153349886342996733e-02
7.139492937294188157e-02
7.139492937294188157e-02
7.133938186446808771e-02
7.133529846869990365e-02
7.133529846869990365e-02
7.133529846869990365e-02
7.133529846869990365e-02
7.133529846869990365e-02
7.133529846869990365e-02
7.133529846869990365e-02
7.133529846869990365e-02
7.076286788724261978e-02
