4.893974019900148420e+01
3.382601062114976997e+01
2.544616666572971297e+01
1.202135443082054778e+01
8.805521200303932261e+00
4.838482699169395218e+00
4.838482699169395218e+00
4.838482699169395218e+00
4.575998035143106435e+00
4.575998035143106435e+00
4.010146382545258348e+00
3.561359112129093507e+00
3.060915162323751826e+00
3.060915162323751826e+00
3.060915162323751826e+00
3.060915162323751826e+00
2.674556832975481857e+00
2.571018529597796753e+00
2.571018529597796753e+00
2.571018529597796753e+00
2.571018529597796753e+00
2.571018529597796753e+00
2.571018529597796753e+00
2.571018529597796753e+00
2.571018529597796753e+00
2.571018529597796753e+00
2.571018529597796753e+00
2.571018529597796753e+00
2.394157556561895994e+00
2.394157556561895994e+00
2.359299210649789202e+00
2.359299210649789202e+00
2.359299210649789202e+00
2.359299210649789202e+00
2.359299210649789202e+00
2.359299210649789202e+00
2.359299210649789202e+00
2.359299210649789202e+00
2.237618225585788156e+00
2.041697798835803823e+00
2.041697798835803823e+00
2.041697798835803823e+00
2.041697798835803823e+00
2.041697798835803823e+00
2.041697798835803823e+00
2.041697798835803823e+00
2.041697798835803823e+00
2.041697798835803823e+00
2.041697798835803823e+00
2.041697798835803823e+00
2.041697798835803823e+00
2.007475344505309067e+00
2.007475344505309067e+00
2.007475344505309067e+00
2.007475344505309067e+00
2.007475344505309067e+00
2.007475344505309067e+00
2.007475344505309067e+00
2.007475344505309067e+00
2.007475344505309067e+00
2.007475344505309067e+00
2.007475344505309067e+00
1.936337760531132490e+00
1.936337760531132490e+00
1.892648238953581696e+00
1.892648238953581696e+00
1.892648238953581696e+00
1.892648238953581696e+00
1.892648238953581696e+00
1.892648238953581696e+00
1.892648238953581696e+00
1.892648238953581696e+00
1.786834028959768839e+00
1.786834028959768839e+00
1.786834028959768839e+00
1.766804355081201372e+00
1.677936525176616067e+00
1.677936525176616067e+00
1.677936525176616067e+00
1.677936525176616067e+00
1.677936525176616067e+00
1.677936525176616067e+00
1.677936525176616067e+00
1.677936525176616067e+00
1.677936525176616067e+00
1.677936525176616067e+00
1.677936525176616067e+00
1.677936525176616067e+00
1.677936525176616067e+00
1.677936525176616067e+00
1.677936525176616067e+00
1.677936525176616067e+00
1.677936525176616067e+00
1.677936525176616067e+00
1.677936525176616067e+00
1.677936525176616067e+00
1.677936525176616067e+00
1.677936525176616067e+00
1.677936525176616067e+00
1.647345484417664707e+00
1.647345484417664707e+00
1.621731062986306426e+00
1.621731062986306426e+00
1.621731062986306426e+00
1.621731062986306426e+00
1.621731062986306426e+00
1.621731062986306426e+00
1.621731062986306426e+00
1.621731062986306426e+00
1.621731062986306426e+00
1.621731062986306426e+00
1.621731062986306426e+00
1.621731062986306426e+00
1.617580675259781220e+00
1.617580675259781220e+00
1.604062721477589770e+00
1.604062721477589770e+00
1.604062721477589770e+00
1.604062721477589770e+00
1.604062721477589770e+00
1.602056676228643672e+00
1.602056676228643672e+00
1.602056676228643672e+00
1.601194057436027496e+00
1.600369503270079319e+00
1.586246684774608617e+00
1.575103521258694128e+00
1.562040820455697476e+00
1.514565813203526012e+00
1.286714165229455809e+00
1.235383613491735311e+00
1.235383613491735311e+00
1.235383613491735311e+00
1.235383613491735311e+00
1.108623445946187669e+00
1.073956917278456880e+00
1.073956917278456880e+00
1.073956917278456880e+00
7.769857741893584357e-01
7.769857741893584357e-01
6.811385733163235479e-01
6.811385733163235479e-01
6.811385733163235479e-01
6.811385733163235479e-01
6.811385733163235479e-01
6.811385733163235479e-01
6.529898276485990305e-01
5.229836033513755034e-01
5.229836033513755034e-01
5.188950713436960571e-01
4.378925404430060730e-01
4.378925404430060730e-01
3.397248352823532547e-01
3.397248352823532547e-01
3.397248352823532547e-01
3.397248352823532547e-01
3.397248352823532547e-01
3.397248352823532547e-01
3.397248352823532547e-01
3.397248352823532547e-01
3.397248352823532547e-01
3.397248352823532547e-01
3.397248352823532547e-01
3.178915246708551301e-01
3.178915246708551301e-01
3.178915246708551301e-01
3.178915246708551301e-01
2.733399914397177111e-01
2.733399914397177111e-01
2.733399914397177111e-01
2.733399914397177111e-01
2.733399914397177111e-01
2.733399914397177111e-01
2.484345809130338034e-01
2.484345809130338034e-01
2.484345809130338034e-01
2.484345809130338034e-01
2.484345809130338034e-01
2.484345809130338034e-01
2.414542958514991899e-01
2.392965176447013065e-01
2.364755552859501841e-01
2.286558196464618664e-01
2.275496068712665465e-01
2.274667828945021730e-01
2.262993278767871097e-01
2.245802337382667990e-01
2.245802337382667990e-01
2.245802337382667990e-01
2.245802337382667990e-01
2.244258339998619900e-01
2.244258339998619900e-01
2.108064544834902521e-01
2.108064544834902521e-01
2.103418856861273556e-01
2.103418856861273556e-01
2.103418856861273556e-01
2.102244220253350060e-01
2.102244220253350060e-01
2.102186831898194552e-01
