2.154164890157627354e+01
1.982515474740135630e+01
1.880646719066912453e+01
9.983478279026655855e+00
6.533978978676969973e+00
6.533978978676969973e+00
5.733442692882949387e+00
5.733442692882949387e+00
4.349922669157169075e+00
3.963385678447879812e+00
3.534173439587519283e+00
2.610751127556041773e+00
2.610751127556041773e+00
2.610751127556041773e+00
2.610751127556041773e+00
2.610751127556041773e+00
2.610751127556041773e+00
2.312835760307016209e+00
2.312835760307016209e+00
2.124751359435290698e+00
1.974084751005963145e+00
1.974084751005963145e+00
1.387493969219073753e+00
1.271553400012976009e+00
1.271553400012976009e+00
1.271553400012976009e+00
1.271553400012976009e+00
1.271553400012976009e+00
1.271553400012976009e+00
1.271553400012976009e+00
1.078318336249225018e+00
1.078318336249225018e+00
7.463126433652911285e-01
5.942158039268616854e-01
5.942158039268616854e-01
3.630898047781549454e-01
3.630898047781549454e-01
3.630898047781549454e-01
3.630898047781549454e-01
3.630898047781549454e-01
3.630898047781549454e-01
3.401931671751189934e-01
3.401931671751189934e-01
3.401931671751189934e-01
3.401931671751189934e-01
2.114137446917593866e-01
2.114137446917593866e-01
2.114137446917593866e-01
2.114137446917593866e-01
2.114137446917593866e-01
2.114137446917593866e-01
2.114137446917593866e-01
2.114137446917593866e-01
2.114137446917593866e-01
2.114137446917593866e-01
2.114137446917593866e-01
2.114137446917593866e-01
2.114137446917593866e-01
2.114137446917593866e-01
2.114137446917593866e-01
2.114137446917593866e-01
1.965130645659091124e-01
1.965130645659091124e-01
1.965130645659091124e-01
1.965130645659091124e-01
1.965130645659091124e-01
1.965130645659091124e-01
1.965130645659091124e-01
1.965130645659091124e-01
1.965130645659091124e-01
1.965130645659091124e-01
1.965130645659091124e-01
1.965130645659091124e-01
1.965130645659091124e-01
1.965130645659091124e-01
1.965130645659091124e-01
1.965130645659091124e-01
1.965130645659091124e-01
1.965130645659091124e-01
1.965130645659091124e-01
1.965130645659091124e-01
1.965130645659091124e-01
1.965130645659091124e-01
1.965130645659091124e-01
1.965130645659091124e-01
1.965130645659091124e-01
1.965130645659091124e-01
1.965130645659091124e-01
1.837835953873306893e-01
1.837835953873306893e-01
1.711156599185033045e-01
1.711156599185033045e-01
1.711156599185033045e-01
1.711156599185033045e-01
1.711156599185033045e-01
1.711156599185033045e-01
1.711156599185033045e-01
1.478915226452951204e-01
1.478915226452951204e-01
1.358687608320744977e-01
1.358687608320744977e-01
1.358687608320744977e-01
1.358687608320744977e-01
1.358687608320744977e-01
1.358687608320744977e-01
1.358687608320744977e-01
1.358687608320744977e-01
1.358687608320744977e-01
1.358687608320744977e-01
1.358687608320744977e-01
1.358687608320744977e-01
1.358687608320744977e-01
1.358687608320744977e-01
1.358687608320744977e-01
1.245332983037242963e-01
1.245332983037242963e-01
1.245332983037242963e-01
1.245332983037242963e-01
1.245332983037242963e-01
1.245332983037242963e-01
1.245332983037242963e-01
1.245332983037242963e-01
1.245332983037242963e-01
1.245332983037242963e-01
1.245332983037242963e-01
1.245332983037242963e-01
1.157626028075528501e-01
1.157626028075528501e-01
1.147023155683651874e-01
1.147023155683651874e-01
1.147023155683651874e-01
1.147023155683651874e-01
1.147023155683651874e-01
1.121453274603436967e-01
1.121453274603436967e-01
1.121453274603436967e-01
1.121453274603436967e-01
1.121453274603436967e-01
1.121453274603436967e-01
1.121453274603436967e-01
1.121453274603436967e-01
1.116257287702682455e-01
1.115359086929831461e-01
1.115359086929831461e-01
1.112645497174068743e-01
1.111909207258284099e-01
1.111713214020561141e-01
1.111668133364517586e-01
1.111642648998464600e-01
1.111624759572812371e-01
1.111624759572812371e-01
1.111624759572812371e-01
1.111624759572812371e-01
1.111624759572812371e-01
1.111624759572812371e-01
1.111624759572812371e-01
1.111624759572812371e-01
1.111624759572812371e-01
1.111624411532878276e-01
1.111624411532878276e-01
1.111624411532878276e-01
1.111624411532878276e-01
1.111624411532878276e-01
1.111624411532878276e-01
1.111624411532878276e-01
1.111624411532878276e-01
1.111624411532878276e-01
1.111624411532878276e-01
1.111624411532878276e-01
1.111624411532878276e-01
1.111624411532878276e-01
1.111624411532878276e-01
1.111624411532878276e-01
1.111624411532878276e-01
1.111624411532878276e-01
1.111624411532878276e-01
1.111624411532878276e-01
1.111624411532878276e-01
1.111624411532878276e-01
1.111624411532878276e-01
1.111624411532878276e-01
1.111624411532878276e-01
1.111624411532878276e-01
1.111624411532878276e-01
1.111624411532878276e-01
1.111624411532878276e-01
1.111624411532878276e-01
1.111624411532878276e-01
1.111624411532878276e-01
1.111624411532878276e-01
1.111624411532878276e-01
1.111624411532878276e-01
1.111624411532878276e-01
1.111624411532878276e-01
1.111624411532878276e-01
1.111624411532878276e-01
1.111624411532878276e-01
1.111624411532878276e-01
1.111624411532878276e-01
1.111621501670301548e-01
