3.001736987270268742e+01
3.001736987270268742e+01
9.443465218875466860e+00
6.687010016749384000e+00
4.459702158249519321e+00
1.104955687540745579e+00
2.611268747579341687e-01
2.509030896802483812e-01
2.509030896802483812e-01
2.509030896802483812e-01
1.819842440568249509e-01
1.819842440568249509e-01
1.464243955910526085e-01
1.464243955910526085e-01
1.464243955910526085e-01
1.464243955910526085e-01
1.464243955910526085e-01
1.464243955910526085e-01
1.464243955910526085e-01
1.464243955910526085e-01
1.464243955910526085e-01
1.464243955910526085e-01
1.464243955910526085e-01
1.464243955910526085e-01
1.461294607999280848e-01
1.461294607999280848e-01
1.461294607999280848e-01
1.461294607999280848e-01
1.461294607999280848e-01
1.461294607999280848e-01
1.461294607999280848e-01
1.461294607999280848e-01
1.461294607999280848e-01
1.461294607999280848e-01
1.461294607999280848e-01
1.461294607999280848e-01
1.461294607999280848e-01
1.461294607999280848e-01
1.450317114343535607e-01
1.450317114343535607e-01
1.450317114343535607e-01
1.450317114343535607e-01
1.450317114343535607e-01
1.450317114343535607e-01
1.450317114343535607e-01
1.450317114343535607e-01
1.450317114343535607e-01
1.450317114343535607e-01
1.450317114343535607e-01
1.450317114343535607e-01
1.450317114343535607e-01
1.450317114343535607e-01
1.450317114343535607e-01
1.450317114343535607e-01
1.450317114343535607e-01
1.450317114343535607e-01
1.430823248873799025e-01
1.430823248873799025e-01
1.375325741376758060e-01
1.375325741376758060e-01
1.375325741376758060e-01
1.375325741376758060e-01
1.375325741376758060e-01
1.375325741376758060e-01
1.375325741376758060e-01
1.375325741376758060e-01
1.375325741376758060e-01
1.269623183363147445e-01
1.269623183363147445e-01
1.269623183363147445e-01
1.269623183363147445e-01
1.269623183363147445e-01
1.269623183363147445e-01
1.269623183363147445e-01
1.269623183363147445e-01
1.269623183363147445e-01
1.269623183363147445e-01
1.269623183363147445e-01
1.269623183363147445e-01
1.269623183363147445e-01
1.269623183363147445e-01
1.269623183363147445e-01
1.269623183363147445e-01
1.269623183363147445e-01
1.269623183363147445e-01
1.269623183363147445e-01
1.269623183363147445e-01
1.269623183363147445e-01
1.269623183363147445e-01
1.269623183363147445e-01
1.269623183363147445e-01
1.269623183363147445e-01
1.269623183363147445e-01
1.269623183363147445e-01
1.269623183363147445e-01
1.269623183363147445e-01
1.250247543238834358e-01
1.247609531783153841e-01
1.247609531783153841e-01
1.247609531783153841e-01
1.247609531783153841e-01
1.247609531783153841e-01
1.247609531783153841e-01
1.247609531783153841e-01
1.247609531783153841e-01
1.247609531783153841e-01
1.247609531783153841e-01
1.219226958357079865e-01
1.219226958357079865e-01
1.219226958357079865e-01
1.219226958357079865e-01
1.219226958357079865e-01
1.219226958357079865e-01
1.214936481223293507e-01
1.214936481223293507e-01
1.214936481223293507e-01
1.171597285377316833e-01
1.171597285377316833e-01
1.171597285377316833e-01
1.171597285377316833e-01
1.171597285377316833e-01
1.171597285377316833e-01
1.171597285377316833e-01
1.171597285377316833e-01
1.171597285377316833e-01
1.171597285377316833e-01
1.171597285377316833e-01
1.171597285377316833e-01
1.155957351863486915e-01
1.155957351863486915e-01
1.155957351863486915e-01
1.155957351863486915e-01
1.155730014380201703e-01
1.155730014380201703e-01
1.155730014380201703e-01
1.155730014380201703e-01
1.155730014380201703e-01
1.155730014380201703e-01
1.155730014380201703e-01
1.155730014380201703e-01
1.155730014380201703e-01
1.155730014380201703e-01
1.155730014380201703e-01
1.155730014380201703e-01
1.155730014380201703e-01
1.155730014380201703e-01
1.155730014380201703e-01
1.155048352864206096e-01
1.155048352864206096e-01
1.155048352864206096e-01
1.154358724706063127e-01
1.148495903539757251e-01
1.146454950737911538e-01
1.146454950737911538e-01
1.145525983556599514e-01
1.145298333426818527e-01
1.134342005063926073e-01
1.123631695817574050e-01
1.120974275178893836e-01
1.120974275178893836e-01
1.120974275178893836e-01
1.120974275178893836e-01
1.120974275178893836e-01
1.120974275178893836e-01
1.112661659147382298e-01
1.110648882312185309e-01
1.110369077813885830e-01
1.102132933663766412e-01
1.102132933663766412e-01
1.098231390821861470e-01
1.098231390821861470e-01
1.098222575156774516e-01
1.098222575156774516e-01
1.098093601474915970e-01
1.098089697828319722e-01
1.098089697828319722e-01
1.098089697828319722e-01
1.098049180786887374e-01
1.098040661903992021e-01
1.096851690956967690e-01
1.096851690956967690e-01
1.096808469041940931e-01
1.096795911499020559e-01
1.096795911499020559e-01
1.096610441854438678e-01
1.096528517921714907e-01
1.096521881152059535e-01
1.096521881152059535e-01
1.096521665833872783e-01
1.096515155534001501e-01
1.096510324141541509e-01
1.096505431385947360e-01
1.096500523761480966e-01
1.096500523761480966e-01
1.096500170677794789e-01
1.096493779531180907e-01
1.096493779531180907e-01
1.096493779531180907e-01
1.096493779531180907e-01
1.096493779531180907e-01
