2.578012097074957509e+01
2.578012097074957509e+01
1.307515367001489004e+01
4.147548626284820017e+00
2.321314907552551432e+00
2.321314907552551432e+00
2.321314907552551432e+00
2.238453396382824145e+00
2.238453396382824145e+00
2.238453396382824145e+00
1.513227750842515817e+00
1.411539513857582140e+00
1.411539513857582140e+00
1.278881698875372841e+00
1.019412052678129177e+00
7.883956298086021164e-01
7.883956298086021164e-01
4.850316001700240021e-01
4.850316001700240021e-01
4.850316001700240021e-01
4.850316001700240021e-01
4.850316001700240021e-01
4.850316001700240021e-01
4.850316001700240021e-01
4.850316001700240021e-01
4.850316001700240021e-01
4.850316001700240021e-01
4.850316001700240021e-01
4.850316001700240021e-01
4.850316001700240021e-01
4.850316001700240021e-01
4.850316001700240021e-01
4.850316001700240021e-01
4.850316001700240021e-01
4.850316001700240021e-01
4.850316001700240021e-01
4.850316001700240021e-01
4.850316001700240021e-01
4.850316001700240021e-01
4.850316001700240021e-01
4.850316001700240021e-01
4.850316001700240021e-01
4.850316001700240021e-01
4.850316001700240021e-01
4.850316001700240021e-01
4.850316001700240021e-01
4.850316001700240021e-01
4.850316001700240021e-01
4.850316001700240021e-01
4.850316001700240021e-01
4.850316001700240021e-01
4.850316001700240021e-01
4.850316001700240021e-01
4.850316001700240021e-01
4.850316001700240021e-01
4.850316001700240021e-01
4.850316001700240021e-01
4.850316001700240021e-01
4.850316001700240021e-01
4.850316001700240021e-01
4.850316001700240021e-01
4.821813311764483467e-01
4.821813311764483467e-01
4.193641495982649570e-01
4.193641495982649570e-01
4.193641495982649570e-01
4.193641495982649570e-01
3.774333735369965748e-01
3.774333735369965748e-01
3.774333735369965748e-01
3.774333735369965748e-01
3.774333735369965748e-01
3.774333735369965748e-01
3.774333735369965748e-01
3.774333735369965748e-01
3.774333735369965748e-01
3.774333735369965748e-01
3.442405461347559648e-01
3.442405461347559648e-01
3.442405461347559648e-01
3.442405461347559648e-01
3.070220866941117399e-01
3.070220866941117399e-01
3.070220866941117399e-01
3.070220866941117399e-01
3.070220866941117399e-01
3.070220866941117399e-01
2.918243463086792056e-01
2.918243463086792056e-01
2.918243463086792056e-01
2.918243463086792056e-01
2.644556608831584721e-01
2.644556608831584721e-01
2.644556608831584721e-01
2.644556608831584721e-01
2.644556608831584721e-01
2.644556608831584721e-01
2.644556608831584721e-01
2.644556608831584721e-01
2.644556608831584721e-01
2.644556608831584721e-01
1.915354068139634713e-01
1.915354068139634713e-01
1.915354068139634713e-01
1.915354068139634713e-01
1.915354068139634713e-01
1.915354068139634713e-01
1.915354068139634713e-01
1.915354068139634713e-01
1.915354068139634713e-01
1.915354068139634713e-01
1.915354068139634713e-01
1.915354068139634713e-01
1.915354068139634713e-01
1.810180823454596022e-01
1.810180823454596022e-01
1.677912305726354802e-01
1.677912305726354802e-01
1.676672830488583343e-01
1.676672830488583343e-01
1.676672830488583343e-01
1.676672830488583343e-01
1.676672830488583343e-01
1.676672830488583343e-01
1.676084842424136467e-01
1.676084842424136467e-01
1.621936364051057566e-01
1.596473706388698843e-01
1.596473706388698843e-01
1.559306984419581987e-01
1.559306984419581987e-01
1.478987014651779175e-01
1.478987014651779175e-01
1.478987014651779175e-01
1.478987014651779175e-01
1.478987014651779175e-01
1.478987014651779175e-01
1.478987014651779175e-01
1.446012160923108025e-01
1.446012160923108025e-01
1.446012160923108025e-01
1.444348134855409083e-01
1.444348134855409083e-01
1.444348134855409083e-01
1.443861265925330539e-01
1.443175199840260603e-01
1.443175199840260603e-01
1.443022923755765130e-01
1.443022923755765130e-01
1.443000173746936954e-01
1.443000173746936954e-01
1.443000173746936954e-01
1.442980748951468717e-01
1.442951994153117423e-01
1.442951994153117423e-01
1.442951994153117423e-01
1.442922150907753054e-01
1.442906746764504033e-01
1.442900734589437628e-01
1.442862025514939361e-01
1.442848509348691466e-01
1.442840760481995666e-01
1.442830565231807693e-01
1.442829351870884014e-01
1.439748568955607488e-01
1.439748568955607488e-01
1.439456548569812977e-01
1.439456548569812977e-01
1.439372692940649456e-01
1.438399699455556735e-01
1.438399699455556735e-01
1.438167381238364684e-01
1.438045627996131226e-01
1.437744129136797056e-01
1.437689743815065146e-01
1.437446000145739811e-01
1.437114893794825266e-01
1.437074260970022943e-01
1.436817355835108834e-01
1.436655066712733408e-01
1.436517685242871545e-01
1.436509229071078197e-01
1.434866663470092951e-01
1.434475471305780847e-01
1.434348936973473265e-01
1.434300715980758034e-01
1.434083067589169147e-01
1.433082118097666058e-01
1.432693639468876901e-01
1.432655879979878588e-01
1.432624465144547721e-01
1.432427260875270558e-01
1.432425769869549725e-01
1.432278694213864889e-01
1.430838649511753380e-01
1.430194529479328347e-01
1.430090905291825643e-01
1.430072881139655139e-01
1.429585526288685571e-01
1.429552087506641145e-01
