2.693571479988394657e+01
2.091769830713514011e+01
1.303257168297612623e+01
8.615881425958999529e+00
3.616265768400500846e+00
2.690088342630913232e+00
2.690088342630913232e+00
2.690088342630913232e+00
2.690088342630913232e+00
1.997415628101507412e+00
1.997415628101507412e+00
1.997415628101507412e+00
1.997415628101507412e+00
1.997415628101507412e+00
7.296532315319458339e-01
7.296532315319458339e-01
7.296532315319458339e-01
7.296532315319458339e-01
7.296532315319458339e-01
7.296532315319458339e-01
7.296532315319458339e-01
7.296532315319458339e-01
7.296532315319458339e-01
7.296532315319458339e-01
7.296532315319458339e-01
7.296532315319458339e-01
7.296532315319458339e-01
7.296532315319458339e-01
7.296532315319458339e-01
7.296532315319458339e-01
7.296532315319458339e-01
5.665457572833473288e-01
5.665457572833473288e-01
5.665457572833473288e-01
5.665457572833473288e-01
5.665457572833473288e-01
5.665457572833473288e-01
5.665457572833473288e-01
5.665457572833473288e-01
5.665457572833473288e-01
5.665457572833473288e-01
5.665457572833473288e-01
5.665457572833473288e-01
5.665457572833473288e-01
5.665457572833473288e-01
5.665457572833473288e-01
5.665457572833473288e-01
5.665457572833473288e-01
5.665457572833473288e-01
5.665457572833473288e-01
5.665457572833473288e-01
5.665457572833473288e-01
5.519212668392079468e-01
5.519212668392079468e-01
5.519212668392079468e-01
5.519212668392079468e-01
5.519212668392079468e-01
5.315248116355819619e-01
5.315248116355819619e-01
5.315248116355819619e-01
5.315248116355819619e-01
5.315248116355819619e-01
5.315248116355819619e-01
5.142410730699955579e-01
5.142410730699955579e-01
5.142410730699955579e-01
5.142410730699955579e-01
5.111623448207541776e-01
5.111623448207541776e-01
5.111623448207541776e-01
4.968233509191325448e-01
4.968233509191325448e-01
4.968233509191325448e-01
4.707084667621971863e-01
4.650284412778419862e-01
4.650284412778419862e-01
4.650284412778419862e-01
4.650284412778419862e-01
4.650284412778419862e-01
4.650284412778419862e-01
4.650284412778419862e-01
4.650284412778419862e-01
4.650284412778419862e-01
4.650284412778419862e-01
4.650284412778419862e-01
4.650284412778419862e-01
3.812181817659074934e-01
3.812181817659074934e-01
3.812181817659074934e-01
3.570773447157825076e-01
3.570773447157825076e-01
3.570773447157825076e-01
3.570773447157825076e-01
3.570773447157825076e-01
3.570773447157825076e-01
3.570773447157825076e-01
3.570773447157825076e-01
3.570773447157825076e-01
3.570773447157825076e-01
3.570773447157825076e-01
3.570773447157825076e-01
3.570773447157825076e-01
3.570773447157825076e-01
3.570773447157825076e-01
3.570773447157825076e-01
3.570773447157825076e-01
3.570773447157825076e-01
3.570773447157825076e-01
3.276866503989743773e-01
2.866312804948936144e-01
2.827746578814341327e-01
2.827746578814341327e-01
2.827746578814341327e-01
2.827746578814341327e-01
2.827746578814341327e-01
2.827746578814341327e-01
2.827746578814341327e-01
2.827746578814341327e-01
2.827746578814341327e-01
2.784106335495242779e-01
2.784106335495242779e-01
2.784106335495242779e-01
2.784106335495242779e-01
2.784106335495242779e-01
2.784106335495242779e-01
2.784106335495242779e-01
2.784106335495242779e-01
2.784106335495242779e-01
2.784106335495242779e-01
2.489766372607353506e-01
2.489766372607353506e-01
2.489766372607353506e-01
2.489766372607353506e-01
2.468762176014490384e-01
2.446377685922695999e-01
2.440021169496468245e-01
2.438096663581533208e-01
2.437487727657448311e-01
2.437296050157573002e-01
2.437237853163789492e-01
2.437218362707623820e-01
2.437212737423272435e-01
2.437212527265123219e-01
2.437212051328271623e-01
2.437211039503239529e-01
2.437211039503239529e-01
2.437211039503239529e-01
2.437211039503239529e-01
2.437210783382350310e-01
2.437210783382350310e-01
2.437209856390399332e-01
2.437209856390399332e-01
2.437209856390399332e-01
2.437209856390399332e-01
2.437209856390399332e-01
2.437209856390399332e-01
2.437209856390399332e-01
2.437209856390399332e-01
2.437209856390399332e-01
2.437209856390399332e-01
2.437209856390399332e-01
2.437209856390399332e-01
2.437209856390399332e-01
2.437209856390399332e-01
2.437209856390399332e-01
2.437209856390399332e-01
2.437209856390399332e-01
2.437209856390399332e-01
2.437209856390399332e-01
2.437209856390399332e-01
2.437209856390399332e-01
2.437209856390399332e-01
2.437209856390399332e-01
2.437209856390399332e-01
2.437209856390399332e-01
2.437209856390399332e-01
2.437209856390399332e-01
2.437209856390399332e-01
2.437209856390399332e-01
2.437209856390399332e-01
2.437209856390399332e-01
2.437209856390399332e-01
2.437209856390399332e-01
2.437209856390399332e-01
2.437209856390399332e-01
2.406429183502712954e-01
2.406429183502712954e-01
2.390119221079074208e-01
2.386887496223707439e-01
2.386290215428562289e-01
2.386260362383015865e-01
2.386257205582296981e-01
2.386256740605150195e-01
2.386256740605150195e-01
2.386256740605150195e-01
2.386256740605150195e-01
2.386256740605150195e-01
2.386256740605150195e-01
2.386256740605150195e-01
2.386256740605150195e-01
