1.086336960949928354e+01
1.086336960949928354e+01
5.640665394923990661e+00
2.259787914932159136e+00
1.931696543430759805e+00
1.931696543430759805e+00
1.931696543430759805e+00
1.931696543430759805e+00
1.931696543430759805e+00
1.931696543430759805e+00
1.380815522819454744e+00
1.380815522819454744e+00
1.380815522819454744e+00
1.371865931378057013e+00
1.371865931378057013e+00
1.371865931378057013e+00
1.371865931378057013e+00
1.040823942049345696e+00
1.040823942049345696e+00
1.040823942049345696e+00
1.040823942049345696e+00
1.040823942049345696e+00
1.040823942049345696e+00
1.040823942049345696e+00
6.497754568931154440e-01
6.497754568931154440e-01
6.497754568931154440e-01
6.497754568931154440e-01
6.497754568931154440e-01
6.497754568931154440e-01
6.497754568931154440e-01
6.497754568931154440e-01
6.497754568931154440e-01
6.497754568931154440e-01
6.177184476864200358e-01
4.974990710207282674e-01
4.974990710207282674e-01
3.525041267925390076e-01
3.525041267925390076e-01
3.525041267925390076e-01
3.525041267925390076e-01
3.525041267925390076e-01
3.525041267925390076e-01
3.525041267925390076e-01
3.525041267925390076e-01
3.525041267925390076e-01
3.525041267925390076e-01
3.525041267925390076e-01
3.525041267925390076e-01
3.525041267925390076e-01
3.525041267925390076e-01
3.525041267925390076e-01
3.525041267925390076e-01
3.525041267925390076e-01
3.525041267925390076e-01
3.525041267925390076e-01
3.525041267925390076e-01
3.525041267925390076e-01
3.525041267925390076e-01
3.525041267925390076e-01
3.525041267925390076e-01
3.525041267925390076e-01
2.470761923798045767e-01
2.470761923798045767e-01
2.414400766897644990e-01
2.414400766897644990e-01
2.414400766897644990e-01
2.414400766897644990e-01
2.414400766897644990e-01
2.414400766897644990e-01
2.414400766897644990e-01
2.414400766897644990e-01
2.414400766897644990e-01
2.414400766897644990e-01
2.414400766897644990e-01
2.414400766897644990e-01
2.414400766897644990e-01
2.414400766897644990e-01
2.414400766897644990e-01
2.414400766897644990e-01
2.414400766897644990e-01
1.865588414938049999e-01
1.865588414938049999e-01
1.151886777994085287e-01
1.151886777994085287e-01
1.151886777994085287e-01
1.151886777994085287e-01
1.151886777994085287e-01
1.151886777994085287e-01
1.107032568267406758e-01
1.107032568267406758e-01
1.107032568267406758e-01
1.107032568267406758e-01
1.107032568267406758e-01
8.679566371686159298e-02
8.679566371686159298e-02
8.679566371686159298e-02
8.679566371686159298e-02
8.679566371686159298e-02
8.679566371686159298e-02
8.679566371686159298e-02
8.679566371686159298e-02
8.679566371686159298e-02
8.679566371686159298e-02
8.679566371686159298e-02
8.679566371686159298e-02
8.679566371686159298e-02
8.679566371686159298e-02
8.679566371686159298e-02
8.679566371686159298e-02
8.679566371686159298e-02
8.139695772642319138e-02
8.139695772642319138e-02
8.139695772642319138e-02
8.139695772642319138e-02
8.139695772642319138e-02
8.139695772642319138e-02
8.139695772642319138e-02
8.139695772642319138e-02
8.139695772642319138e-02
8.139695772642319138e-02
8.139695772642319138e-02
7.990350789372516194e-02
7.990350789372516194e-02
7.990350789372516194e-02
7.990350789372516194e-02
7.990350789372516194e-02
7.990350789372516194e-02
7.990350789372516194e-02
7.990350789372516194e-02
7.990350789372516194e-02
7.990350789372516194e-02
7.990350789372516194e-02
7.990350789372516194e-02
7.990350789372516194e-02
7.990350789372516194e-02
7.990350789372516194e-02
7.990350789372516194e-02
7.990350789372516194e-02
7.990350789372516194e-02
7.970519752146769388e-02
7.970519752146769388e-02
7.970519752146769388e-02
7.970519752146769388e-02
7.970519752146769388e-02
7.948301814011891897e-02
7.937231513343930012e-02
7.934447508918060499e-02
7.933678867885479713e-02
7.933573657324437256e-02
7.933467533937416105e-02
7.897427993608957530e-02
6.930060969780142688e-02
6.930060969780142688e-02
6.930060969780142688e-02
6.930060969780142688e-02
6.930060969780142688e-02
6.930060969780142688e-02
6.930060969780142688e-02
6.930060969780142688e-02
6.930060969780142688e-02
6.435501768735467365e-02
6.435501768735467365e-02
6.435501768735467365e-02
6.435501768735467365e-02
6.435501768735467365e-02
6.435501768735467365e-02
6.435501768735467365e-02
6.435501768735467365e-02
6.435501768735467365e-02
6.398584815918326174e-02
6.390472122246614040e-02
6.389281706269160643e-02
6.389140683875402238e-02
6.389080095150437288e-02
6.389080095150437288e-02
6.389080095150437288e-02
6.389080095150437288e-02
6.389080095150437288e-02
6.389080095150437288e-02
6.389080095150437288e-02
6.389080095150437288e-02
6.389080095150437288e-02
6.389080095150437288e-02
6.389080095150437288e-02
6.389080095150437288e-02
6.389080095150437288e-02
6.389077800369322158e-02
6.389077800369322158e-02
6.389077800369322158e-02
6.389077800369322158e-02
6.389077800369322158e-02
6.389077800369322158e-02
6.389077800369322158e-02
6.389077800369322158e-02
6.389073210620982435e-02
6.389073210620982435e-02
6.211145501828544552e-02
6.189522029379094376e-02
6.189321120412833582e-02
