1.590591975845446981e+01
1.590591975845446981e+01
1.590591975845446981e+01
6.617209116286376869e+00
5.466399858765356612e+00
5.318011132645978023e+00
5.154560971191306962e+00
3.820364686949354383e+00
2.385332912622083690e+00
2.234144186597206261e+00
2.234144186597206261e+00
2.234144186597206261e+00
2.127026228841020217e+00
2.127026228841020217e+00
2.127026228841020217e+00
2.127026228841020217e+00
2.127026228841020217e+00
2.106281968769916801e+00
2.106281968769916801e+00
2.106281968769916801e+00
2.106281968769916801e+00
2.106281968769916801e+00
2.106281968769916801e+00
2.106281968769916801e+00
2.106281968769916801e+00
2.106281968769916801e+00
1.986003321761784290e+00
1.986003321761784290e+00
1.843562155762018762e+00
1.843562155762018762e+00
1.843562155762018762e+00
1.843562155762018762e+00
1.785162970736563715e+00
1.785162970736563715e+00
1.785162970736563715e+00
1.785162970736563715e+00
1.785162970736563715e+00
1.785162970736563715e+00
1.785162970736563715e+00
1.785162970736563715e+00
1.785162970736563715e+00
1.785162970736563715e+00
1.785162970736563715e+00
1.785162970736563715e+00
1.785162970736563715e+00
1.785162970736563715e+00
1.785162970736563715e+00
1.785153232110051391e+00
1.785153232110051391e+00
1.785153232110051391e+00
1.785153232110051391e+00
1.785153232110051391e+00
1.785153232110051391e+00
1.785153232110051391e+00
1.785153232110051391e+00
1.785153232110051391e+00
1.785153232110051391e+00
1.785153232110051391e+00
1.785153232110051391e+00
1.785153232110051391e+00
1.785153232110051391e+00
1.785153232110051391e+00
1.776537682868174484e+00
1.776537682868174484e+00
1.776537682868174484e+00
1.776537682868174484e+00
1.776537682868174484e+00
1.776537682868174484e+00
1.774385423074863244e+00
1.774385423074863244e+00
1.770253570332021020e+00
1.770253570332021020e+00
1.758005964588218450e+00
1.758005964588218450e+00
1.758005964588218450e+00
1.750927506391462440e+00
1.750927506391462440e+00
1.750927506391462440e+00
1.750927506391462440e+00
1.750927506391462440e+00
1.750927506391462440e+00
1.750927506391462440e+00
1.750927506391462440e+00
1.750927506391462440e+00
1.749115429285806433e+00
1.749115429285806433e+00
1.749115429285806433e+00
1.749115429285806433e+00
1.749115429285806433e+00
1.749115429285806433e+00
1.741604399484968368e+00
1.741604399484968368e+00
1.741604399484968368e+00
1.741604399484968368e+00
1.741604399484968368e+00
1.741604399484968368e+00
1.741604399484968368e+00
1.741604399484968368e+00
1.741604399484968368e+00
1.741604399484968368e+00
1.741604399484968368e+00
1.738242681738845663e+00
1.738242681738845663e+00
1.738242681738845663e+00
1.738242681738845663e+00
1.738242681738845663e+00
1.738242681738845663e+00
1.738242681738845663e+00
1.738242681738845663e+00
1.738242681738845663e+00
1.738242681738845663e+00
1.735425040312704281e+00
1.735425040312704281e+00
1.730609233446402939e+00
1.730338373640824434e+00
1.730338373640824434e+00
1.730225421415215736e+00
1.728803479971311008e+00
1.728803479971311008e+00
1.728620803232954195e+00
1.728620803232954195e+00
1.726131719088266347e+00
1.726131719088266347e+00
1.725375776488133672e+00
1.725375776488133672e+00
1.725130639389557796e+00
1.725130639389557796e+00
1.725130639389557796e+00
1.725130639389557796e+00
1.725043058132048168e+00
1.725011757962126691e+00
1.725011757962126691e+00
1.725011757962126691e+00
1.725011757962126691e+00
1.725011757962126691e+00
1.725011757962126691e+00
1.724957813218694902e+00
1.724754470520577065e+00
1.724295048951396181e+00
1.724036468768305408e+00
1.723931738896188115e+00
1.723910369273861543e+00
1.723868187394987261e+00
1.723487144315981157e+00
1.723487144315981157e+00
1.723487144315981157e+00
1.722658469700842021e+00
1.722658469700842021e+00
1.722658469700842021e+00
1.722413873587957056e+00
1.721126608600055174e+00
1.721126608600055174e+00
1.721126608600055174e+00
1.721126608600055174e+00
1.720929628491472352e+00
1.720430060197295274e+00
1.720430060197295274e+00
1.720430060197295274e+00
1.720430060197295274e+00
1.720430060197295274e+00
1.719966616601318998e+00
1.719182036054335505e+00
1.717779275394018867e+00
1.717593400797794212e+00
1.717593400797794212e+00
1.716928914544398665e+00
1.716928914544398665e+00
1.716910815268589241e+00
1.716125164942270187e+00
1.716064935409893355e+00
1.715646845359996897e+00
1.715513627628952875e+00
1.715112646596811841e+00
1.714810297365533032e+00
1.714449711530593001e+00
1.714449711530593001e+00
1.714387703129081064e+00
1.714071235267168314e+00
1.714065979629612047e+00
1.714060944689635546e+00
1.714003457313958201e+00
1.713946828762885843e+00
1.713946828762885843e+00
1.713832946765846854e+00
1.713778759471030089e+00
1.713778759471030089e+00
1.713778759471030089e+00
1.713778759471030089e+00
1.713778759471030089e+00
1.713778759471030089e+00
1.713778759471030089e+00
1.713728324290900717e+00
1.713518887861644968e+00
1.713398145984745380e+00
1.713395762410418133e+00
1.713372867969250812e+00
1.713266284095431358e+00
1.713174426050996457e+00
1.713174426050996457e+00
1.713174426050996457e+00
