2.026154972613120719e+01
1.059896696149247575e+01
3.227035342716878752e+00
2.443735851853133134e+00
9.426287855936447135e-01
9.426287855936447135e-01
9.426287855936447135e-01
9.426287855936447135e-01
9.426287855936447135e-01
9.426287855936447135e-01
9.426287855936447135e-01
9.426287855936447135e-01
9.426287855936447135e-01
9.426287855936447135e-01
9.426287855936447135e-01
4.128945675610455890e-01
4.128945675610455890e-01
4.128945675610455890e-01
4.128945675610455890e-01
4.128945675610455890e-01
4.128945675610455890e-01
4.128945675610455890e-01
4.128945675610455890e-01
4.128945675610455890e-01
4.128945675610455890e-01
4.128945675610455890e-01
4.128945675610455890e-01
4.128945675610455890e-01
4.128945675610455890e-01
4.128945675610455890e-01
4.128945675610455890e-01
4.128945675610455890e-01
4.128945675610455890e-01
4.128945675610455890e-01
4.128945675610455890e-01
4.128945675610455890e-01
4.128945675610455890e-01
4.128945675610455890e-01
4.128945675610455890e-01
4.128945675610455890e-01
4.128945675610455890e-01
4.128945675610455890e-01
4.128945675610455890e-01
4.128945675610455890e-01
2.929396797492634930e-01
2.929396797492634930e-01
2.929396797492634930e-01
2.929396797492634930e-01
2.557710803991437576e-01
2.557710803991437576e-01
2.557710803991437576e-01
2.557710803991437576e-01
2.150959179915192254e-01
2.150959179915192254e-01
2.150959179915192254e-01
2.150959179915192254e-01
2.150959179915192254e-01
2.150959179915192254e-01
2.150959179915192254e-01
2.150959179915192254e-01
2.150959179915192254e-01
2.150959179915192254e-01
2.150959179915192254e-01
2.150959179915192254e-01
2.150959179915192254e-01
2.150959179915192254e-01
2.150959179915192254e-01
2.150959179915192254e-01
2.150959179915192254e-01
2.150959179915192254e-01
2.150959179915192254e-01
2.150959179915192254e-01
2.150959179915192254e-01
2.150959179915192254e-01
2.150959179915192254e-01
2.150959179915192254e-01
2.150959179915192254e-01
2.150959179915192254e-01
2.150959179915192254e-01
2.150959179915192254e-01
2.150959179915192254e-01
2.104782973506560129e-01
2.104782973506560129e-01
2.104782973506560129e-01
2.104782973506560129e-01
2.104782973506560129e-01
2.104782973506560129e-01
2.104782973506560129e-01
2.104782973506560129e-01
1.087839303455730572e-01
1.087839303455730572e-01
1.087839303455730572e-01
1.087839303455730572e-01
1.087839303455730572e-01
1.087839303455730572e-01
1.087839303455730572e-01
1.087839303455730572e-01
1.087839303455730572e-01
1.087839303455730572e-01
1.087839303455730572e-01
1.087839303455730572e-01
1.087839303455730572e-01
1.087839303455730572e-01
1.087839303455730572e-01
1.087839303455730572e-01
1.087839303455730572e-01
1.087839303455730572e-01
1.087839303455730572e-01
1.087839303455730572e-01
1.087839303455730572e-01
1.087839303455730572e-01
1.087839303455730572e-01
1.087839303455730572e-01
1.087839303455730572e-01
1.087839303455730572e-01
1.087839303455730572e-01
1.087839303455730572e-01
1.087839303455730572e-01
1.087839303455730572e-01
1.087839303455730572e-01
1.087839303455730572e-01
1.087839303455730572e-01
1.054340036937282399e-01
1.054340036937282399e-01
1.054340036937282399e-01
1.054340036937282399e-01
1.053538530029558551e-01
1.053538530029558551e-01
1.053458029341130670e-01
1.053458029341130670e-01
1.053458029341130670e-01
1.053458029341130670e-01
1.053458029341130670e-01
1.045510813590814908e-01
1.045510813590814908e-01
1.045510813590814908e-01
1.017642677632291104e-01
1.017642677632291104e-01
1.011294396448512434e-01
1.011294396448512434e-01
9.701163902869851252e-02
9.701163902869851252e-02
9.701163902869851252e-02
9.474742756012295708e-02
9.474742756012295708e-02
9.445533208852156803e-02
9.445533208852156803e-02
9.437951896310789457e-02
9.437951896310789457e-02
9.430451118990798576e-02
9.425957045842638105e-02
9.424873891067342413e-02
9.424614449669396765e-02
9.424549736398983579e-02
9.400463608368857249e-02
9.400463608368857249e-02
9.400463608368857249e-02
9.400463608368857249e-02
9.393082946468726824e-02
9.295516907857957756e-02
9.267482455448873557e-02
9.267482455448873557e-02
9.267482455448873557e-02
9.267482455448873557e-02
9.267482455448873557e-02
9.258186776928468975e-02
9.258186776928468975e-02
9.258186776928468975e-02
9.251771039321569912e-02
9.250124136679646614e-02
9.249885578788263896e-02
9.249855190545373806e-02
9.249844307407895094e-02
9.249843227910022059e-02
9.249838114984863802e-02
9.249838114984863802e-02
9.249838114984863802e-02
9.249838114984863802e-02
9.242733944575518001e-02
9.202926899244129322e-02
8.697331062402974267e-02
8.593091653399680119e-02
8.579152500635361944e-02
8.532422497588708354e-02
8.512604656675684667e-02
8.511582116843631474e-02
8.511498433622603776e-02
8.511486362382143789e-02
8.511486362382143789e-02
8.511481724801985005e-02
8.511481724801985005e-02
8.511481724801985005e-02
8.511481724801985005e-02
8.511481724801985005e-02
8.511481724801985005e-02
8.511481724801985005e-02
8.511481724801985005e-02
8.511481724801985005e-02
8.511481724801985005e-02
8.511481724801985005e-02
