-6.866466116675757014e+00
-4.008577367329682062e+00
-5.142083945815614676e+00
-6.010483667601154600e+00
-2.805037182388808947e+00
-4.930123103752978575e-01
-6.810726210945758474e+00
-3.973692720229121456e+00
2.385712361789391611e-01
-6.279815702356967400e+00
-3.035438905715413860e+00
-6.162959902498884368e+00
-3.274720787532542587e+00
-1.660012593209003295e+00
-2.386415562419543335e+00
-2.047859534596166764e+00
-1.801324216228019859e+00
-5.468734429472818626e+00
-3.758750716947264259e+00
5.558593138049288118e-01
-7.241444711825169911e+00
-2.757586252207743893e+00
-7.456488864518561854e+00
-2.242987684275899785e+00
5.015993415260606714e-01
-5.835852237731979031e+00
-2.746357930676876169e+00
-5.227832066127741761e+00
-2.291505768979640312e+00
-6.872866288667958123e+00
-3.238630803834958272e+00
2.658491416949458896e-01
-6.249842074495479238e+00
-2.250873215123564641e+00
-5.910400746724688847e-01
-5.716695687308969376e+00
-2.180560403941671499e+00
5.949679326064799545e-02
-6.066291752180572594e+00
-3.640329905547863731e+00
3.720091756273125050e-01
-6.810943772576944610e+00
-3.025998694197738370e+00
1.447164193524284603e-01
-6.895567477810948809e-01
-2.903871113884581412e+00
-7.494079084594739371e+00
-3.688360182142060406e+00
-3.233344802369900739e-01
-7.683764060793816242e+00
-3.458958203258059250e+00
4.488701907217632625e-01
-7.092731220663385017e+00
-3.112494549698159751e+00
-2.038341731891182840e-02
-7.653107861213171326e+00
-3.535362941721827745e+00
-2.093030273803856145e-01
-7.725889959514141481e+00
-3.498617951038186291e+00
6.098118432049854931e-01
-5.786044088823835807e+00
-8.207806965914339337e-01
-6.206397517730406044e+00
-1.060312412700966878e+00
-4.255901502525164304e+00
-2.762947644317870655e+00
-5.648254348449878393e+00
-1.455727574901155119e+00
-6.747009080459839936e+00
-1.876989061847475160e+00
-6.026777591890663643e+00
-9.598536196834802636e-01
-5.094101806791410780e+00
-3.389269368484951528e+00
-5.947822000795103037e+00
-1.178806637472050278e+00
-5.177880691550048375e+00
-1.416183985062799744e+00
-6.358971409833798383e+00
-1.393155105241456360e+00
-3.816094991598742769e+00
-2.457119537149880184e+00
-3.338275568065364851e+00
-2.138582482772298565e+00
-4.372956282569012032e+00
-3.491253997724360847e+00
-3.699542512888929213e+00
-2.558001288390669981e+00
-3.121026393769667173e+00
-2.654552954897433814e+00
-3.324091075943641727e+00
-3.538632386546765041e+00
-4.982497192556850862e+00
-3.283132895945451768e+00
1.175960162889916782e+00
-4.624826938193590031e+00
-2.909597757122556860e+00
1.199580956199758575e+00
-4.393160463569790508e+00
-4.005458897411577013e+00
1.385002257809372583e+00
-3.277296278202096680e+00
-2.902600055102830812e+00
1.231021281927604960e+00
