-6.482827318896571711e+00
-2.995044735428667337e+00
-5.170300619594892844e+00
-6.134044045712045978e+00
-2.720182953804876291e+00
-1.654676685055582186e-01
-5.621118021494529771e+00
-4.071589928192266505e+00
-3.904868706444131199e-01
-5.515322781902239235e+00
-3.628670544394450026e+00
-6.051856200908281025e+00
-2.578472742667141659e+00
-1.444849567077598707e+00
-2.431898064411759819e+00
-2.059809252841096505e+00
-3.085877256300719740e+00
-4.976887548348814860e+00
-2.761044647062108837e+00
-3.671578400694646138e-01
-7.756474075901466314e+00
-2.390137463025669540e+00
-9.369771258824957982e+00
-4.322744442541938348e+00
3.479576805543343476e-01
-6.168613258075198225e+00
-2.393771971053399561e+00
-5.115423150512661721e+00
-3.084994042630105238e+00
-5.268898503131208777e+00
-3.940397128795668280e+00
-2.000000000000000000e+00
-5.098380017072228654e+00
-2.318735231584538869e+00
-2.104931559319417556e+00
-5.238512580224447213e+00
-2.024640779851336170e+00
4.982708170361704880e-01
-5.785030698090665169e+00
-3.168737050956889068e+00
-8.317080323218669635e-01
-7.699213222012397217e+00
-3.046343812107177751e+00
1.405132845896425176e-01
-7.166281584401992255e-01
-3.050222276266962407e+00
-6.263882663813439500e+00
-2.581544135715478472e+00
-1.171824639422640146e+00
-5.586996873647565032e+00
-2.493308527317600998e+00
-3.500276442470526828e-01
-7.862271091253581368e+00
-3.840271408066024961e+00
1.006763523177673370e-01
-7.065696689389784346e+00
-3.231871965332433483e+00
-1.180804101654561400e+00
-7.060133568367260359e+00
-3.346239473318956659e+00
-8.648347422023038022e-02
-5.069889495506843424e+00
-7.507137777844978821e-01
-4.825153894913632335e+00
-3.058377044760855146e+00
-7.060080198880179125e+00
-2.316836234624338520e+00
-7.206255866365110840e+00
-2.231203355724281412e+00
-5.004209341051390147e+00
-1.989374078028369075e+00
-5.824677379781916464e+00
-1.742087501309889763e+00
-4.927440095059292702e+00
-2.090722354721681331e+00
-6.383848073448313620e+00
-2.256888932202698594e+00
-5.581468025263231603e+00
-1.607837562168167311e+00
-6.679675802403689744e+00
-1.114043530986328578e+00
-5.237234860065718145e+00
-3.434842824048508714e+00
-4.050485682833546264e+00
-2.681679257082208778e+00
-3.074431317174028955e+00
-3.736587990702926021e+00
-4.412912884719520257e+00
-3.878299977351954642e+00
-3.031299220039571196e+00
-4.359168613762939515e+00
-2.530549543424454928e+00
-2.914758961264808601e+00
-3.472041146573117132e+00
-2.988480934521460686e+00
1.901727391358030983e-02
-4.831369745385549308e+00
-3.094707574733845945e+00
5.923977801863461456e-01
-5.735542239173507362e+00
-3.925378136537292395e+00
-4.239825925601068413e-01
-3.701915875702209036e+00
-2.643166100968801224e+00
1.790365460875740222e+00
