-6.544113116332986202e+00
-2.857313989907976470e+00
-5.040040538825051541e+00
-6.462790143518845731e+00
-2.861735495261831907e+00
-6.011621189563587375e-01
-6.345780803913934953e+00
-2.812414397630236707e+00
-1.424483700690855337e-02
-5.631352439911205821e+00
-2.782218311110350673e+00
-6.903346493521410387e+00
-3.749778245951794098e+00
-1.392110358534972114e+00
-2.547032920352657381e+00
-1.694557885665981090e+00
-2.333656090399058414e+00
-6.766143209543003856e+00
-3.672994256071284269e+00
7.543810588374685877e-02
-6.640414994522545911e+00
-3.023342229021233951e+00
-7.853460816588299309e+00
-3.258637120706900703e+00
-1.141181400139624075e-01
-4.986475819040292912e+00
-2.894687446942835418e+00
-4.369846500235551545e+00
-2.570506279143411010e+00
-6.368224057246078651e+00
-2.381389623961622348e+00
7.757711503726345548e-01
-5.467135332146946247e+00
-3.562356661794322754e+00
-1.357937657823857780e+00
-6.036132418587652815e+00
-1.945672026658470610e+00
3.058951230189427273e-01
-4.782341008018438089e+00
-2.422992992576908922e+00
1.569239017160810323e-01
-8.049526719411501219e+00
-2.507579954070774164e+00
7.643325842646711554e-02
-1.606993464478995826e+00
-3.358035265572759442e+00
-6.897351726379310044e+00
-2.313990494528690878e+00
3.680266846930214941e-02
-6.715133033118851458e+00
-3.816107767233883230e+00
-6.646690833384778507e-01
-7.724920529224714727e+00
-2.494282929616530087e+00
3.902030960313946917e-01
-6.901911741903417941e+00
-3.111461539725946412e+00
7.066455417403953998e-01
-7.486675541354986585e+00
-2.875676546755964402e+00
-3.895395160072513407e-01
-6.894737447333171509e+00
-1.737371077450548418e+00
-5.416906289215888570e+00
-2.151096472111015068e+00
-6.467215373635822218e+00
-2.851582536860955308e+00
-5.239505630245729684e+00
-2.821813367147366858e+00
-6.442787844360333693e+00
-3.150223302915617030e+00
-6.764864930521387265e+00
-6.228293559630141418e-01
-5.029570375876408761e+00
-3.186965930425477378e+00
-6.097041614635403839e+00
-1.676541722550781044e+00
-5.428963453577434706e+00
-2.366094332267879796e+00
-5.340052841143362095e+00
-1.240672188057955649e+00
-2.914683102882430266e+00
-3.116745631154870910e+00
-2.948017810610553902e+00
-2.648183139071347725e+00
-4.020280091898054131e+00
-2.691494332354567920e+00
-4.203442438819455340e+00
-2.304119640827621662e+00
-4.073147179225046877e+00
-3.667932501665277290e+00
-4.359556261150633993e+00
-3.438739200086032621e+00
-3.674206235037909440e+00
-2.666400548907790657e+00
-6.773115710661303801e-02
-4.795484346423020128e+00
-3.921762609925217635e+00
4.296525596570373584e-01
-4.497566529878837649e+00
-3.198866955167595005e+00
9.743815932792930790e-01
-3.629307806831923333e+00
-2.649374395956697104e+00
1.078286056388455538e+00
