-5.231390403931508004e+00
-2.114611986946481004e+00
-6.060895441131879835e+00
-5.729747003678174799e+00
-2.159241487253614533e+00
1.023677591545557597e+00
-6.720939511867687344e+00
-1.854957453997942096e+00
-5.221084675035693179e-01
-5.083145193664276640e+00
-2.594697006819189689e+00
-6.628402056145620058e+00
-2.894246961553118336e+00
-1.449349955889726260e+00
-2.774510426070300628e+00
-1.167699468872053226e+00
-2.533751766750561796e+00
-6.374067342969117256e+00
-3.111445714850772593e+00
4.240988423382453520e-01
-7.633412378223278338e+00
-3.633952780004099381e+00
-9.471742042187905497e+00
-2.339798393840289314e+00
7.835297268631419287e-01
-5.285081819896029209e+00
-3.855270689628408576e+00
-5.186166964303213334e+00
-2.764201402493686732e+00
-7.067010990637756507e+00
-2.484828546428579532e+00
1.417711221084147821e+00
-6.741963574351220068e+00
-3.930172080664767087e+00
-9.512055044463029185e-01
-5.962089400896712021e+00
-2.433462258111600551e+00
7.397613882500909677e-01
-5.953497972837525687e+00
-2.236007492566598920e+00
4.890135803732678088e-01
-7.164805476822863284e+00
-2.359629572944351938e+00
-1.253744183526805389e-01
-1.454403414814369189e+00
-2.423988569584529351e+00
-6.698788010080865440e+00
-4.220427996247106073e+00
8.164253439774538101e-02
-7.063743447186762836e+00
-1.477253879223971333e+00
3.862443856473826154e-01
-8.052587224962273638e+00
-2.082963041550900396e+00
9.943738680486361448e-01
-7.316659722208704864e+00
-2.690846019256736721e+00
9.436044958921231407e-01
-7.018349617058297518e+00
-3.854927363319933242e+00
-6.392737712557742258e-01
-6.228034846793450541e+00
-2.262169593299462877e-01
-6.385683500716481831e+00
-1.978944584401824525e+00
-4.976039669407070321e+00
-2.724154332469873374e+00
-6.166029837841206174e+00
-5.815333087470015982e-01
-5.174537521300754506e+00
-2.077741054186720060e+00
-5.764825618356348436e+00
-2.402603507055988796e+00
-5.817703740847190552e+00
-1.602661204164495645e+00
-5.072971778361778483e+00
-2.976510308882602818e+00
-5.758448176081242487e+00
-2.211039038083475905e+00
-5.693095314055831579e+00
-1.687962185538708360e+00
-3.846764053162609276e+00
-2.665317439420943124e+00
-3.535202442299349546e+00
-3.127896641143242284e+00
-3.450892116435871682e+00
-3.245751364765731672e+00
-2.784790635423088467e+00
-3.817996671639910300e+00
-2.953303195540219139e+00
-3.942773531625437311e+00
-4.383739524861359982e+00
-1.790850736783405672e+00
-4.589512199231284839e+00
-2.074066439749243873e+00
1.794574543783469922e+00
-3.864969787450340810e+00
-2.909178105391294178e+00
1.846574837265588132e+00
-3.733324044013749621e+00
-2.802709799442511862e+00
1.765158978604109752e+00
-4.936827680820332631e+00
-3.644092621138455446e+00
1.792860545950496487e+00
