-6.767429217055446422e+00
-3.096833956166913815e+00
-5.513896940494560361e+00
-5.986608552769870251e+00
-2.681653203575522504e+00
2.276131800114991055e-01
-4.927043251995587347e+00
-2.291753719077116003e+00
-1.046440986305273046e+00
-4.943464571776079453e+00
-2.391404811940670783e+00
-4.972771274932875407e+00
-2.632965858458201414e+00
-1.298240478064348391e+00
-2.475477248976706512e+00
-1.126459966454041117e+00
-1.820171154014642578e+00
-6.132112081714145013e+00
-2.916103267648588737e+00
-1.115236457377310808e+00
-6.786694683564321373e+00
-3.229955359493128508e+00
-8.589404215563451572e+00
-3.147732061074354881e+00
2.266943818332058658e-01
-5.810586608238553552e+00
-2.411866435632274541e+00
-5.394114563254400530e+00
-2.812383144548637581e+00
-7.260569835876525602e+00
-2.530838870229324744e+00
5.062028280426214000e-01
-5.711971129881210807e+00
-3.879384153121697487e+00
2.439639237005670203e-01
-5.144964905225132057e+00
-1.305568478124708554e+00
1.066175347683266716e+00
-6.262941894725354786e+00
-1.704320108589942429e+00
4.106007909942261946e-01
-7.371747437625184141e+00
-2.364108438297328973e+00
3.173320732184629067e-01
4.255607989887554288e-01
-2.725936738119747904e+00
-5.834758189838932907e+00
-3.265709184576698121e+00
-1.120014708237868639e-01
-5.634798843707023330e+00
-2.083109851723517369e+00
-9.865123956702432917e-01
-6.497843482583626873e+00
-2.776056393321094884e+00
8.058191538911926854e-02
-7.302402206646009475e+00
-3.877786888679156885e+00
1.603735574024452326e+00
-7.114399463930141998e+00
-3.119273038805695730e+00
-1.699138162891735471e+00
-6.560125073535187923e+00
-1.907675699059603103e+00
-6.640858713311855510e+00
-1.774354978080055378e+00
-4.217022028417395596e+00
-3.523584043461855941e+00
-6.513822298194774874e+00
-2.362491460679870592e+00
-6.323499049777115744e+00
-2.867061291673621781e+00
-5.927651034125437590e+00
-1.245320983038759266e+00
-6.915317591553691301e+00
-1.770333472572965805e+00
-5.225714286821228072e+00
-2.483263008587461407e+00
-6.061092753749448114e+00
-1.591663862642361593e+00
-6.850002697045229461e+00
-2.847945375751867125e+00
-3.434411322887631179e+00
-2.534972218889510742e+00
-3.501424750330670133e+00
-2.426515177130859513e+00
-3.797481067294750989e+00
-2.926765335363818110e+00
-3.391148278885404821e+00
-3.147590216725290713e+00
-4.278476873377340617e+00
-3.089429755446916559e+00
-4.159800516194991360e+00
-3.084471379903374721e+00
-4.208222530851033483e+00
-1.919219639740746608e+00
6.875246377146428944e-01
-4.814921860208557725e+00
-2.670349490588776131e+00
1.042373625401958659e+00
-4.201616579137207985e+00
-3.812324560491304748e+00
4.672354753170823161e-01
-5.246332216663164516e+00
-2.816705596853206206e+00
1.334335953335178848e+00
