-6.856249212813667171e+00
-3.956270301225820685e+00
-6.720949222386792599e+00
-4.872182769880053499e+00
-4.294598989767024477e+00
3.116619813674535444e-01
-6.166745261868445738e+00
-2.074382056198633695e+00
-2.400395107033773678e-01
-5.748787672347956956e+00
-2.845551047095128627e+00
-6.763894668095095319e+00
-2.379465260534950666e+00
-1.665519779109386311e+00
-2.755557816699655937e+00
-1.057200758128028273e+00
-1.076311539985189469e+00
-5.523810823491270838e+00
-1.773387483065795633e+00
-6.553283576092269747e-02
-8.271997780028492286e+00
-3.726632255889138268e+00
-7.736466816154018211e+00
-4.256887765834234116e+00
-5.828091443247338521e-01
-5.774199373576576200e+00
-2.165223760581903800e+00
-4.465860253385070422e+00
-1.345730085793583664e+00
-7.929771510339542751e+00
-3.895734523174543273e+00
8.157682376928310219e-01
-7.698970004336018746e+00
-4.474996887143828594e+00
-1.006183510982794349e+00
-5.838939098764033275e+00
-3.365249122027082596e+00
-7.969410881446353789e-02
-5.649127490551004271e+00
-3.727468606926405581e+00
-6.204838285685576604e-01
-7.869621378126534950e+00
-2.593985605391019522e+00
6.293993826182913143e-01
-1.681090872199925812e+00
-3.078069730175892360e+00
-6.835743505506797213e+00
-2.163199843672626521e+00
3.783993423696170311e-01
-5.782785470336648359e+00
-2.695685488589619982e+00
-9.357578984801805388e-01
-6.760852269769171308e+00
-3.898288872191738808e+00
-8.086983693696665476e-01
-7.630638075202392123e+00
-1.571337797999561525e+00
1.186454459230040781e-02
-6.761820023810837021e+00
-1.547347962450003278e+00
-7.397419354893141064e-01
-5.035217109753496345e+00
-1.948916568388018744e+00
-5.043666992449963082e+00
-2.600622044901628627e+00
-7.253124185544724156e+00
-2.920897885549855300e+00
-5.674016853075563915e+00
-2.384826423373339832e+00
-5.520111226900816348e+00
-3.796699504496294786e-01
-6.487027833708818747e+00
-3.049297313139206267e+00
-5.437042511263713962e+00
-2.302337775380733920e+00
-6.667382212697221533e+00
-9.016127852914721519e-01
-6.222210826603214784e+00
-3.364411241024314769e+00
-7.109921579722773721e+00
-8.582373904814032395e-01
-4.165825350771631186e+00
-3.146288740053893029e+00
-4.692737459318773396e+00
-4.103473607834832393e+00
-4.009364519979477848e+00
-3.889115195491363419e+00
-2.544117487765147345e+00
-3.674281160862458151e+00
-3.938443205426813254e+00
-3.130464085528575247e+00
-4.641612755223729181e+00
-1.134988675506972688e+00
-3.130916067287774496e+00
-2.651583180276789520e+00
4.640968880069148428e-01
-4.436192904752469524e+00
-3.086395195007336056e+00
1.653488860868482124e+00
-5.521768297077692900e+00
-3.573136868577782455e+00
2.050949888963442991e+00
-5.103961873129999383e+00
-2.351522920145938222e+00
-3.864538401629697972e-01
