-6.746586453808164130e+00
-3.481179491785529656e+00
-4.503889564052718342e+00
-6.831853501522248351e+00
-3.025097175975880681e+00
-6.873648260819327227e-01
-6.866277089983488402e+00
-2.258617805692902714e+00
8.050826431666567584e-02
-6.004787228994037385e+00
-2.434402606250376078e+00
-6.656214104961128086e+00
-3.445811451325077268e+00
-1.441089923554249363e+00
-2.277205645338835183e+00
-9.132562014965958097e-01
-2.126802930832246474e+00
-6.071282243359727104e+00
-2.651470110603155295e+00
-7.430216742568960253e-01
-6.742795278150683913e+00
-1.687638705572460873e+00
-9.656529222567595383e+00
-2.011902667305000669e+00
2.009226780788709310e-01
-5.855878035832939865e+00
-4.593674225039680259e+00
-3.895408649400232459e+00
-3.039299903741068842e+00
-7.471067097013063041e+00
-3.975223847890074325e+00
7.599376955410107326e-02
-5.899705704630854974e+00
-2.924500669338914616e+00
-1.952060897343997681e+00
-4.971787753669132393e+00
-3.453727429905398605e+00
2.461572581375868762e-01
-5.026025811722174552e+00
-3.871608991663818333e+00
1.527162201531140351e-01
-6.879511487789383928e+00
-3.562868761612103530e+00
-1.178963474423985636e+00
-2.066223550475525528e+00
-3.563706876831845172e+00
-6.865482959831896714e+00
-2.722867399780612541e+00
-1.914969479273993247e-01
-7.594270609342591349e+00
-4.407841658822162501e+00
-1.112366679816753301e+00
-8.399576746433163876e+00
-4.340205386798031917e+00
-4.290783643409739057e-01
-7.676333671939314485e+00
-4.133831930879034111e+00
1.452656802868198538e+00
-7.463351108661237632e+00
-2.948684757023267711e+00
9.167632995193651935e-01
-6.347580174581858969e+00
-1.167253203585467691e+00
-5.524428216108452361e+00
-3.150007746983844115e+00
-6.574798991404001036e+00
-2.593887323841527426e+00
-6.738679339309517680e+00
-1.470558957147253265e+00
-7.274625452174075413e+00
-1.935154929374109933e+00
-6.640292244686932577e+00
-2.113192264915248586e+00
-5.472724557990892080e+00
-2.716587222048374439e+00
-6.131533485143208395e+00
-2.757641635086980347e+00
-6.909246184841678406e+00
-1.254049918154071852e+00
-5.142488829893594904e+00
-3.294778575101057427e+00
-3.042698211597039126e+00
-2.821823890285111158e+00
-3.415806164081764962e+00
-4.094188997091663396e+00
-4.017203366132467757e+00
-4.119980366084234902e+00
-3.986654168567778989e+00
-3.728468686224223116e+00
-3.256013818998940046e+00
-2.941290828440621841e+00
-3.577677865978225569e+00
-3.386762042575054199e+00
-5.179874091250557200e+00
-2.793987505564333951e+00
2.314304259741013503e+00
-3.341330295601749878e+00
-2.934906347062423926e+00
8.438900128139276147e-01
-4.064205592582574411e+00
-3.437833059406238068e+00
6.353966247116588084e-01
-5.297319906078366003e+00
-4.594354666004020871e+00
-4.918854111572747156e-02
