-7.426443257764426598e+00
-4.022272297058707480e+00
-4.345887619188565587e+00
-6.186624941929472321e+00
-2.698047184452956770e+00
6.025338759325262750e-01
-6.338698344512389227e+00
-3.787217534615696657e+00
-1.515973792536331743e-01
-6.995035694353207489e+00
-3.698762044892175638e+00
-5.628519007768051807e+00
-3.485394926104909974e+00
-1.065353410111564925e+00
-2.029878377329209727e+00
-1.019921054068159361e+00
-1.578243612565208620e+00
-5.724309729679267988e+00
-2.688970857398295333e+00
-8.108410737719363715e-01
-7.203354366147257437e+00
-2.756356523020735416e+00
-7.869614288326053142e+00
-3.666206127757515976e+00
9.305446407130314457e-01
-5.886072539615929244e+00
-3.433302658048556388e+00
-4.932425952026918026e+00
-2.373203744306268348e+00
-6.786533463404086142e+00
-3.956441450809585092e+00
-5.343067623659928378e-01
-5.404884426156470134e+00
-3.174029978439051547e+00
-1.062939264633170122e+00
-5.551511763910067287e+00
-1.630619166769783357e+00
1.917975080452845038e-01
-5.587122778943887091e+00
-2.577677092791271551e+00
-7.355728672796829626e-01
-7.623499689628455478e+00
-2.532175489892255271e+00
5.057929004503748383e-01
-1.565132165997713765e+00
-3.592993752823971931e+00
-6.424647047556830692e+00
-2.833601821151675804e+00
2.526730110581239530e-01
-7.223715789340604765e+00
-2.328146926454980115e+00
-2.255292499627096214e-01
-6.491547626127882609e+00
-2.811505176814810714e+00
2.540831161218642942e-01
-7.644882636304864754e+00
-4.149011094009537715e+00
3.552006990763885708e-01
-6.688419436426525699e+00
-2.604832212308601402e+00
-5.103838996343880163e-01
-6.198245105503027652e+00
-1.235067990627787937e+00
-6.986344337443166630e+00
-1.897940875645466097e+00
-5.132394669081212335e+00
-2.812086882425238521e+00
-5.865792320561052264e+00
-1.378978273398787646e+00
-5.423587117237769206e+00
-2.527763131061239843e+00
-5.812058684984127588e+00
-6.618995328227467168e-01
-5.208310900362284279e+00
-1.435549194561411834e+00
-5.454555049919310505e+00
-2.111624407678622806e+00
-5.561495884605092144e+00
-1.971076687367231406e+00
-6.441618356984351479e+00
-3.141285751185008746e+00
-3.867100837313003581e+00
-2.600500052064444123e+00
-4.791279437651135176e+00
-2.360412675563789975e+00
-3.286990055704933411e+00
-3.511718127611686224e+00
-3.223035565387988299e+00
-3.567107760775793945e+00
-4.384748143894626971e+00
-2.406688865630391749e+00
-4.243115847291112352e+00
-2.280660238528193773e+00
-3.918018530536405031e+00
-3.607510730221189732e+00
1.845233619276211434e-01
-5.432477725723575013e+00
-2.810244306515867319e+00
1.294401013357639352e+00
-3.270674028298964586e+00
-2.960265636774891185e+00
-2.464051070037069913e-01
-4.676664538649458969e+00
-2.771474804105462653e+00
1.249759792398893676e+00
