-6.786038736007816929e+00
-3.281359974732942053e+00
-5.006678374289299960e+00
-6.399495375302613809e+00
-3.148920859617117873e+00
1.724308829227265694e-01
-5.923845291721557160e+00
-3.243713569265322061e+00
-3.041275960042567617e-01
-6.013872837955885231e+00
-3.219518453473751762e+00
-5.970841148799161502e+00
-3.022440197865399192e+00
-1.091929541479490062e+00
-1.587503021941881309e+00
-2.225020462837010715e+00
-1.370986309417016713e+00
-6.435180461475679792e+00
-4.073700309870948999e+00
5.220649849398959486e-01
-6.905026196718908160e+00
-2.477042651820498431e+00
-7.168577535004370560e+00
-3.846706547804544130e+00
1.887262961924826288e-01
-6.508004250460994733e+00
-2.704788518178769419e+00
-5.700934968967514394e+00
-2.554518850682292008e+00
-7.099409124958532047e+00
-2.887621379893448026e+00
3.094522161620111289e-01
-5.557782993250707015e+00
-3.474274310215033523e+00
-3.833028603049909444e-01
-6.450803466126016517e+00
-1.460680520809535698e+00
-5.339338191269112910e-01
-6.309377970113970058e+00
-1.851389777022510064e+00
7.883873264515417478e-02
-6.996662617773481863e+00
-3.200950908586301491e+00
2.367920681076146061e-01
-1.697237207773029333e+00
-3.546529835903303063e+00
-6.583987762225566698e+00
-3.512048028590994964e+00
-2.766769369154260527e-01
-6.897081780225500225e+00
-2.850256459871977288e+00
1.651299855912855552e-01
-7.659356986330524641e+00
-2.863818819496154688e+00
-8.154663625446738617e-01
-6.241062979636921249e+00
-3.448012185853593703e+00
2.859868222216662148e-01
-7.086944555364044440e+00
-3.177964453099213493e+00
-3.686436715298749833e-01
-5.947609192911604836e+00
-1.064393235499055068e+00
-6.133152325743815858e+00
-1.813437025608056974e+00
-5.236989636848297103e+00
-2.656989332225050404e+00
-6.512450421418565227e+00
-2.065842152944293186e+00
-6.014720087639596535e+00
-1.429842737624535065e+00
-4.698749669638777604e+00
-1.501376779784888704e+00
-6.082563910123702122e+00
-1.609211357004612486e+00
-6.297016629675668220e+00
-1.365307604257022245e+00
-7.108829320849553213e+00
-1.811369750635521081e+00
-6.522496774946203502e+00
-2.445581097994763198e+00
-2.384376217089079208e+00
-3.572637336030305200e+00
-3.933518150977678207e+00
-2.440020612755964713e+00
-3.919631039627791136e+00
-2.354073706203439365e+00
-4.810422028938953432e+00
-1.615832203670527933e+00
-3.553147178827185559e+00
-3.835711037479726304e+00
-2.800923245888866209e+00
-2.785684974097862643e+00
-2.979729802822032259e+00
-2.911587757727060577e+00
6.316079222598771636e-01
-4.174240511213620941e+00
-2.750415128599511760e+00
1.566330602187054222e+00
-4.132835759323620906e+00
-3.538848960267389376e+00
9.605104753749975355e-02
-4.762925602430028604e+00
-3.564941844567988571e+00
1.831480049296784429e+00
