-6.244595626075856387e+00
-2.868495483453414430e+00
-5.187362007340973413e+00
-7.166113406051309198e+00
-3.263108981928731556e+00
-2.076663414088721349e-01
-5.835073002579373558e+00
-3.234876283203590219e+00
1.729906510241942252e-02
-5.836842949037382766e+00
-1.596709515346194541e+00
-5.933764791516260573e+00
-1.442496728446041709e+00
-1.711007262170385568e+00
-1.913289991651877520e+00
-2.836756243693225876e+00
-1.240417123427719481e+00
-6.865763518733270843e+00
-2.511228909523822050e+00
-2.080901403314661391e-01
-7.072586520945153055e+00
-2.469176455400893477e+00
-7.684863109580483354e+00
-2.543389456427307849e+00
6.509126970870793283e-01
-5.734456652123992804e+00
-2.303483566377890757e+00
-3.865281196324673818e+00
-3.605344748060729021e+00
-6.901093113650859756e+00
-2.585257202585145464e+00
-4.018196214859982018e-01
-7.017581509260584660e+00
-3.435167940751617355e+00
-2.624615596910730431e-01
-4.979486117029649606e+00
-2.024521455226836686e+00
-5.421664147077254192e-01
-5.102697769055609456e+00
-2.627696070001920514e+00
-3.459262747819281669e-01
-8.065513187847894727e+00
-2.143220305442845586e+00
3.793861510038164520e-01
-1.983913750526171693e-01
-3.005803285362353083e+00
-6.844704892460197421e+00
-2.781656382281732842e+00
-4.506754897204661159e-01
-8.186602741129419769e+00
-4.589933708067286844e+00
6.280340147497532888e-01
-7.274953114412316957e+00
-2.583192780608166927e+00
1.336156130331345615e+00
-7.242638608142677903e+00
-3.338637156807091166e+00
-2.281210295490204154e-01
-7.439753925337083018e+00
-3.633861978405870552e+00
-4.579603496900003790e-01
-6.362244945090156811e+00
-1.921276152325727404e-01
-5.273847172823612262e+00
-1.908266303378006512e+00
-6.281782091261356449e+00
-2.112064673507724866e+00
-6.375856513585114627e+00
-2.004832638597555672e+00
-6.897975198551011822e+00
-1.425789706747752961e+00
-4.765860553103444808e+00
-1.732720639898913673e+00
-5.898997882771506163e+00
-1.570784272737033360e+00
-5.815102481389110345e+00
-2.446670160638483971e+00
-6.698075226735858756e+00
-1.771420955533866470e+00
-5.372287184510452285e+00
-2.722071224524757138e+00
-3.491505670959869967e+00
-4.250650704062717722e+00
-4.010362409104204495e+00
-1.920068079352010626e+00
-3.881670264379346591e+00
-1.933010800248107230e+00
-4.783083009431523536e+00
-3.191562368346680501e+00
-4.757403580745286575e+00
-2.087334884244696376e+00
-4.691902812092897612e+00
-3.849782992368299350e+00
-4.113346807824562745e+00
-3.076743003153781686e+00
8.176871545994018886e-01
-5.349681821160070072e+00
-2.903699662323749209e+00
1.162687763449864464e+00
-3.465367040065049586e+00
-1.669012895393136686e+00
3.468803669356549380e-01
-4.536704557094394019e+00
-3.555691678489731888e+00
1.511309364520553089e+00
