-7.472983815035624922e+00
-2.878431111121622976e+00
-5.189369265178823021e+00
-5.306197083338087594e+00
-1.968313327274199498e+00
-6.172352746229061715e-01
-6.387296831347725856e+00
-1.970114742503755734e+00
-6.264718441968859519e-01
-6.804889174299871613e+00
-3.041842316940396085e+00
-6.755696032175732668e+00
-1.425471585697491550e+00
-1.730515676278029380e+00
-1.350395860938271131e+00
-2.063984897961116616e+00
-1.298153288799527516e+00
-5.531140435358532059e+00
-2.274952612042620004e+00
-4.613734523157305145e-01
-7.036326130668072665e+00
-3.242286450973224099e+00
-8.805475929524643419e+00
-1.416142093056921070e+00
1.120686863858824989e+00
-4.552859443057153399e+00
-2.667537230987519159e+00
-5.844941159040815570e+00
-2.664554269437994449e+00
-6.790891202824007600e+00
-2.606737757775025699e+00
1.627515778209256414e-01
-6.091582493717571545e+00
-2.506454027902789150e+00
-1.055481189377925011e+00
-5.632810178043254012e+00
-1.865943033746894297e+00
2.364236188988965703e-01
-6.317399053866950887e+00
-2.857582999117597389e+00
-7.643114015931448124e-01
-6.849629135236165567e+00
-3.393477556429436603e+00
-9.927922244437881183e-02
-1.404742587625990469e+00
-2.401755062222539205e+00
-7.688572176875773323e+00
-3.220432390997522099e+00
-2.329920207767365858e-01
-7.447444392221979292e+00
-2.789757175914722165e+00
6.875518250397873177e-03
-6.303397406290700999e+00
-2.553661816650953487e+00
1.985960384152538616e-01
-6.833278877754877634e+00
-2.740687949149931857e+00
1.154208809639599709e+00
-5.997601468937040714e+00
-4.125416306915387743e+00
-4.538443539494287360e-01
-6.409450794134830431e+00
-2.526462879623512681e+00
-6.973906253201239913e+00
-1.407256688153097235e+00
-5.570680039488947521e+00
-3.647356719144448700e+00
-5.233513399518864517e+00
-2.847496279897535398e+00
-5.905182255019671089e+00
-1.493135465027823461e+00
-5.178565900216751672e+00
-1.965477181105680593e+00
-5.091185460812767793e+00
-2.964950266184065431e+00
-6.137716755951332814e+00
-2.484095684811627791e+00
-7.123678198774019421e+00
-2.883985704688146967e+00
-6.689800199196290542e+00
-1.553728035505494542e+00
-2.776046364775957009e+00
-3.002507202309413259e+00
-4.534254734993530711e+00
-3.144484344792126240e+00
-5.096346409801324917e+00
-3.735629091484606423e+00
-4.895475434831151773e+00
-2.656927201707285580e+00
-4.232778586090365280e+00
-2.058270918737019617e+00
-4.129006555173642568e+00
-3.413132103669975770e+00
-4.535089781238664131e+00
-2.431096752077291701e+00
4.089989379511830836e-01
-5.561073307428658907e+00
-3.546398709116498349e+00
1.995096272483323885e+00
-3.398355491785254756e+00
-2.084821685663928559e+00
-3.104400630542583639e-03
-4.816894450532068106e+00
-3.805221035870359980e+00
3.039094242148851488e-01
