-7.116772171209876596e+00
-3.650625889279224712e+00
-4.928023656798523611e+00
-5.516405392730841406e+00
-3.497443854495836835e+00
1.101254191404544391e+00
-6.233055112570763612e+00
-3.115989499118265726e+00
-3.618652225541815204e-01
-6.910964488546660789e+00
-2.670800768696146577e+00
-4.986148042963244542e+00
-3.631942060224706115e+00
-1.684636569985834997e+00
-2.510860265427262927e+00
-2.179523311412894682e+00
-1.605330832460064805e+00
-5.759244251627650968e+00
-2.472428523402588674e+00
-2.673923556337158836e-01
-6.499217984432686279e+00
-4.615679440361461161e+00
-8.322704024873992523e+00
-2.981690876422974146e+00
8.361134864164782021e-01
-6.815026489750904304e+00
-2.777283529224911174e+00
-5.056728749737176010e+00
-1.977368358369141266e+00
-5.944231049644487008e+00
-3.437674179389990758e+00
-7.389969192184678293e-02
-4.935741493890913212e+00
-2.754868097950887940e+00
-7.690040651633012203e-01
-5.765370635320969050e+00
-1.366228374347528085e+00
-2.147332928166635346e-01
-5.327440621796769804e+00
-3.393487286940823910e+00
-9.420113852087719231e-02
-8.305378358013472351e+00
-3.081147870646141484e+00
1.700263623301820348e-01
-5.320564298321378560e-01
-2.432544455891249235e+00
-5.926635903416024753e+00
-3.889429045882753844e+00
-3.405014523356048595e-01
-6.032351201325747425e+00
-2.488459437630521798e+00
1.357446768329185760e-01
-7.611859912710391640e+00
-3.595157235840598986e+00
9.363489537196866275e-01
-6.148359802318128509e+00
-2.092305211889271543e+00
3.448401254083658385e-01
-7.395737205765568589e+00
-2.399384420120893591e+00
-3.068089775801905450e-01
-6.075612243224024489e+00
-1.123288505508279966e+00
-4.754588178912299234e+00
-2.804234449879190016e+00
-6.364108458766009058e+00
-1.836486555709915702e+00
-4.045280181219443882e+00
-2.382509342199946367e+00
-6.154327778417630235e+00
-2.713807741446350175e+00
-5.428910423985546352e+00
-1.771672292513470248e+00
-5.789795886214091247e+00
-1.546880439700665022e+00
-5.288939129729306465e+00
-2.011614518207726299e+00
-5.053533127489821197e+00
-1.847188762668048989e+00
-5.209227556559440586e+00
-2.373117865098704371e+00
-3.157372595832318662e+00
-3.063767276465786171e+00
-3.564470479522740654e+00
-2.856700610011359220e+00
-4.125169053091118698e+00
-3.144293849102195004e+00
-2.891794214668891971e+00
-3.480764229666273302e+00
-3.924758979838933293e+00
-3.606081618080791085e+00
-4.609013445225842887e+00
-2.551675498520184604e+00
-4.316190403336426229e+00
-3.341444438518637483e+00
8.215421063884666975e-01
-5.037091819483087818e+00
-3.471287102542057301e+00
7.312995751117200571e-01
-5.435443876733485169e+00
-3.691713867145518524e+00
6.857936162602795704e-01
-4.980825304987642532e+00
-2.372297376786542067e+00
5.080238135607709760e-01
