-7.857055978828885401e+00
-1.867221319772931487e+00
-4.311262531425615663e+00
-5.595215490819605897e+00
-2.741532979773019463e+00
8.022964672599415259e-01
-6.153157580743721766e+00
-2.841449954969784919e+00
-7.393616684374713088e-01
-5.703799274416482490e+00
-3.412093223992738622e+00
-5.413452850627644253e+00
-1.859099665234898779e+00
-2.004476720260246037e+00
-3.542623193393144909e+00
-1.334286352404538745e+00
-2.852918363642587440e+00
-5.272287579469309371e+00
-3.927031944544909337e+00
2.349212706943596962e-01
-7.777861398190426101e+00
-2.169081350611116843e+00
-7.062158466896923059e+00
-3.810436914502720374e+00
1.570834674548711174e-01
-4.402820251284727426e+00
-2.354528420713249748e+00
-6.155932623508106438e+00
-2.302201057489277058e+00
-5.648768716596197059e+00
-4.012349288206658926e+00
-1.226081872010139184e+00
-5.630942306652028329e+00
-4.309395917581060331e+00
1.988430112368282099e-01
-6.566964092476885284e+00
-1.072743591380255879e+00
4.801579055807420060e-01
-5.598925947057521668e+00
-2.355280567046407203e+00
-7.170173594281424867e-01
-7.733504674712389004e+00
-2.031467040822333203e+00
4.477518756237283126e-01
-2.367007197139279651e+00
-1.651943900728672920e+00
-6.497155694476249188e+00
-2.063678731966350099e+00
5.713609870476377139e-01
-8.069976633988027004e+00
-2.837482308124998909e+00
-8.121063322256861783e-01
-6.907966374910244234e+00
-3.739558236188951224e+00
-2.921439204153108427e-01
-5.347384188060893884e+00
-4.104220156395054886e+00
1.015744244553049125e+00
-7.161435121792219860e+00
-2.599804613411159426e+00
-2.197362962518545348e-01
-4.662295196615569459e+00
-2.367875369723240642e+00
-6.722057274743197475e+00
-1.456789748161949394e+00
-7.136116370322639568e+00
-1.954150536202057697e+00
-6.671271289106082136e+00
-2.239969428455336420e+00
-5.741579928846666014e+00
-2.200179840377800122e+00
-6.634338912907357333e+00
-5.841990327417144746e-01
-5.135030909297293888e+00
-2.301363146450526198e+00
-5.957555527724695210e+00
-2.291620911718947884e+00
-6.326295319207509316e+00
-7.116590138454952363e-01
-5.334650926195474874e+00
-3.156075969942822579e-01
-4.347169069227009075e+00
-4.262233265754050926e+00
-2.829570432044606676e+00
-3.871248903867046121e+00
-3.391614757674946912e+00
-2.820375094571507368e+00
-2.460650912888267428e+00
-4.219770401877878108e+00
-3.771054219717265621e+00
-4.382689510303964475e+00
-4.705914778927874131e+00
-2.057248346668019590e+00
-5.797031300332740500e+00
-2.681195987776158862e+00
7.856817765325314618e-01
-4.056984232727873341e+00
-2.803358893731909163e+00
1.755328723005516567e+00
-4.517944072044705273e+00
-2.865664297216172329e+00
2.420835435633710730e+00
-4.143115576047990523e+00
-2.407605967474325315e+00
1.416789352791601453e-01
