-6.446419143254425776e+00
-3.995703378776819470e+00
-4.251050863954848325e+00
-6.611471380030040201e+00
-2.583633157691755944e+00
8.989868366157859336e-01
-5.917542542925423810e+00
-1.501011293221883758e+00
-4.550560416924913087e-01
-7.431124883630054967e+00
-2.191060846828483122e+00
-4.779008289123428455e+00
-3.966633301309438586e+00
0.000000000000000000e+00
-3.999848650130060079e+00
-2.776924203315695561e+00
-4.000000000000000000e+00
-6.994764562495673133e+00
-3.202206465394753732e+00
-4.132051220048006956e-01
-6.652386331242426287e+00
-2.923038181771345556e+00
-9.619938232516318521e+00
-3.153884337112570435e+00
-5.456748381987225338e-01
-5.043128687779665498e+00
-4.997823396226606540e+00
-4.708350970478806907e+00
-1.850023332312796143e+00
-5.797993687779044336e+00
-2.780535754208445010e+00
-1.304474865280992990e+00
-5.418818375097833595e+00
-2.613074531193988026e+00
-1.480252663654883394e+00
-5.605470757649626101e+00
-2.150251409123579371e+00
-7.744269482756491740e-01
-7.803979461223186753e+00
-4.297468983240384510e+00
7.467428013951528110e-01
-8.344924711156730623e+00
-2.079661337901776541e+00
7.066835990631033237e-02
-3.970927238755631028e-01
-2.977374590497705142e+00
-7.196902926318866633e+00
-2.358644866126582862e+00
-4.310138989211413363e-01
-6.596707347345072137e+00
-2.616992707446220923e+00
2.583011986291642303e-01
-7.134021115897065002e+00
-3.338737721982236728e+00
2.000000000000000000e+00
-6.915276268978109542e+00
-3.641511136594842934e+00
-3.785568819251259320e-01
-5.000000000000000000e+00
-2.583298376739207480e+00
5.765921221527762208e-01
-6.977825453382954457e+00
3.011193916810825377e-01
-4.095181342327836482e+00
-3.067149318704993188e+00
-7.064671653909566196e+00
-2.594085596405013128e+00
-6.244018766722049918e+00
-1.450338674861800792e+00
-5.718658250173823454e+00
-3.006997382461347179e+00
-4.000000000000000000e+00
-2.034092133839583205e+00
-7.494604246055495800e+00
-3.172810726390394631e+00
-5.540493422331519646e+00
4.113456295598990481e-02
-6.006504987216800373e+00
-2.182232957611887514e+00
-5.370262598712626456e+00
-3.721246399047171138e+00
-4.715883917148607551e+00
-2.766360278519021776e+00
-4.331967987554761201e+00
-1.145976296155679863e+00
-4.824977792042584923e+00
-3.231995555868767411e+00
-4.263358442839750850e+00
-2.250710751241077112e+00
-3.871768865747982957e+00
-2.881271046104641353e+00
-2.712524721769189906e+00
-2.952781597889062581e+00
-4.034149994623715152e+00
-2.781676564085482362e+00
3.934448060876793996e-01
-4.957192057538438945e+00
-3.598910965596447298e+00
1.668398657083751457e+00
-5.854597960136127988e+00
-3.332374543787231413e+00
1.028649952538564616e+00
-2.544068022635552317e+00
-3.084726221607446028e+00
1.090032715309107614e+00
