-7.468944247411385184e+00
-3.121608559942868677e+00
-6.686093913873172312e+00
-8.000000000000000000e+00
-2.055720159996822005e+00
5.877911145522175529e-01
-7.189932416410773186e+00
-3.013194490515945123e+00
5.450325768994579434e-01
-5.606875319265682833e+00
-2.278980588157433207e+00
-7.852592870257558033e+00
-3.441818263565143532e+00
-5.238553196524775579e-01
-4.000000000000000000e+00
-3.438445859216044287e+00
-1.818703020495773481e+00
-5.138449538697448915e+00
-2.503214869952783861e+00
-1.043260882791513522e-01
-8.591719535499882099e+00
-1.895774257779548666e+00
-8.102484986400485312e+00
-2.859841024056817727e+00
-9.787445555443290424e-01
-5.022035979708544318e+00
-4.289560839313867113e+00
-4.883526852772736682e+00
-5.000000000000000000e+00
-7.875892344596318040e+00
-3.352606208615247052e+00
-1.166380066841169239e+00
-5.461929829604898146e+00
-1.606013334333102449e+00
-2.255849861405066770e-01
-5.977973730512200490e+00
-2.871653330373048263e+00
-6.499788970116560094e-01
-4.714586724817408481e+00
-3.787285222221826952e+00
-1.067180456853997983e+00
-7.256558225266255491e+00
-3.304784308087894029e+00
-3.899693320836311594e-01
-1.261147726909726874e+00
-3.447191400936348238e+00
-7.608351237181056881e+00
-2.787995432056717959e+00
-9.361679383943234400e-01
-7.170126195109471468e+00
-2.949735637353538831e+00
-1.161916306424986223e+00
-7.538505453440489390e+00
-4.009308754969808319e+00
-3.061260304052722606e-02
-6.144547388257764808e+00
-3.739778309801331968e+00
2.490628689629841019e-02
-5.735427501756726443e+00
-2.890355756854602998e+00
-2.000000000000000000e+00
-5.344115391391749625e+00
-2.078415477911574605e-01
-5.982081271293974822e+00
-1.166359573644279779e+00
-4.530528821621857993e+00
-2.949105905492618085e+00
-7.314690791629042899e+00
-8.849372647253228585e-01
-6.639975108730697073e+00
-1.200384402674255835e+00
-6.001830829023679037e+00
-1.684836858477359645e+00
-5.443568057205378175e+00
-1.107742258548396252e+00
-6.142571213808811770e+00
-2.186178560971310247e+00
-5.786890365111484691e+00
-2.668479165511952633e+00
-6.854530762583756598e+00
-9.241152168715671689e-01
-4.216583871386512250e+00
-2.599027689887326797e+00
-3.824944460384631650e+00
-3.678708851514068900e+00
-2.596474436800717545e+00
-2.069987608844769955e+00
-5.690196149515636570e+00
-1.826911419275074611e+00
-3.470094938063137846e+00
-4.939913923455923062e+00
-4.818835461510962759e+00
-2.934941916931210315e+00
-4.163641776363379066e+00
-3.801169596611490675e+00
5.833535340447197903e-01
-4.446291359962516232e+00
-4.004277477753548808e+00
-1.268670706061088560e-01
-4.607939416453761261e+00
-1.000000000000000000e+00
1.757466915541457952e+00
-2.544760743922199531e+00
-1.220809379740551259e+00
1.077985241416280715e+00
