-5.869855401250968718e+00
-4.298070777980903756e+00
-6.033642818210062764e+00
-6.737987730164673117e+00
-5.000000000000000000e+00
-5.960832371134319185e-01
-5.236154474303283735e+00
-4.391621480216037376e+00
-3.201907704347516925e-01
-6.511631744315873327e+00
-2.112525639694093016e+00
-6.755449861762984121e+00
-3.047335759171234670e+00
-7.987049918936641735e-01
-3.278218144571328985e+00
-1.720635931423196929e+00
-1.415964278799625387e+00
-5.423862729030886065e+00
-4.498640538273249057e+00
-7.080185204999361881e-01
-8.741934555431864595e+00
-3.483694689156977997e+00
-8.948461933562830595e+00
-3.212148083812573329e+00
6.737321873250110560e-01
-6.184131257281378247e+00
-1.883951860423644264e+00
-4.154263818327238234e+00
-2.812360919264279779e+00
-6.818122881199059293e+00
-2.190231953087898642e+00
1.003740337499681612e+00
-6.620903025078006543e+00
-3.525969591156185690e+00
-1.013171356759497765e+00
-5.035759254008453922e+00
-2.453143856847551874e+00
7.319963041761209377e-01
-6.187818112441807017e+00
-2.570628317562862808e+00
-4.757416337167943432e-01
-7.630885811366693972e+00
-2.216289461400314131e+00
-1.983758735092130132e-01
-8.059434092297470542e-01
-3.625843234481677335e+00
-7.324572467408642318e+00
-2.412063466618988627e+00
7.753005019294948452e-01
-7.821428704712683810e+00
-2.748308311817549310e+00
-3.369947520002208319e-01
-6.933572404049640703e+00
-3.805934805455436276e+00
6.214408177925371257e-01
-6.512338595567647381e+00
-1.686710319906903566e+00
-1.098381455793165790e-01
-6.614508504607919726e+00
-3.135035699516021346e+00
8.236448827794586869e-01
-5.368757528805653934e+00
-1.815724939985142727e+00
-4.777023813706019695e+00
-2.260655998113922927e+00
-5.780749424918882440e+00
-1.704031369591852751e+00
-4.972079847723154700e+00
-2.647542115048256761e+00
-6.404912634639110536e+00
-2.638470884254981996e+00
-6.036247545029620021e+00
-4.524591229012601135e-01
-5.421250522397042637e+00
-1.942732327903906819e+00
-4.776517306965876841e+00
-2.776674998004108552e+00
-5.589023604180357374e+00
-1.515350654036221822e+00
-5.202588824640615783e+00
-2.619064116578569745e+00
-3.929525463452490985e+00
-3.327720021333020917e+00
-3.199188610961075430e+00
-4.010297368197851320e+00
-3.500169069033248537e+00
-2.388308633663760894e+00
-5.690196149515636570e+00
-2.682395068001046212e+00
-4.133448869250297086e+00
-3.363780958283250300e+00
-3.455211918710018981e+00
-2.692715697241189421e+00
-4.496058643268914246e+00
-4.163626271044277516e+00
1.795796237081252800e+00
-5.098375786328664283e+00
-3.969117024292817320e+00
4.535022316717444157e-01
-3.113144041126512995e+00
-1.738929839804910227e+00
-3.186242352577696446e-02
-4.706468574595200849e+00
-1.994561628561926758e+00
2.140117962829718667e+00
