-8.397940008672037493e+00
-3.308092919578045077e+00
-4.086019412341109103e+00
-6.819143889638218603e+00
-3.374132048884715296e+00
1.009199964103434821e+00
-4.525866432113447857e+00
-4.066008889547778615e+00
-1.336741655462507228e-01
-4.807574663184539965e+00
-2.819361339937425992e+00
-5.325075857327534301e+00
-2.935595263388643961e+00
-1.095644720387237259e+00
-4.000000000000000000e+00
-2.777501190809458453e+00
-2.352426133025493638e+00
-6.062115959779465157e+00
-2.858549914254012947e+00
-8.351955665318444577e-01
-7.193356750275554212e+00
-3.485404987251684794e+00
-8.031396571265881690e+00
-3.777532510282095135e+00
1.918889067113991043e-01
-6.131927137226615088e+00
-2.911126692132050664e+00
-3.154901959985743076e+00
-3.494462283239256450e+00
-5.000000000000000000e+00
-3.716673618005085444e+00
7.496176712194173586e-01
-6.803420363478298150e+00
-2.135617861264121231e+00
1.000000000000000000e+00
-5.896084341597284784e+00
-2.305860766952287921e+00
-3.504801757098741088e-01
-8.000000000000000000e+00
-2.352502450796681632e+00
1.177466474867832069e-01
-6.998152753123996206e+00
-4.482979402045809358e+00
-1.289629444396925617e+00
-2.792035465954557580e-02
-1.600454883792093996e+00
-6.623631337733248081e+00
-3.081966875895980174e+00
6.665634845710901590e-01
-6.787313691706385654e+00
-2.674275002991308714e+00
-1.257019576013529871e+00
-8.581151696219942338e+00
-3.285825957485891902e+00
-1.474074910737958266e+00
-7.190755178365227707e+00
-2.217406863784879167e+00
-1.681932022957741246e+00
-5.882428174548127942e+00
-2.891363643127891958e+00
7.637640156525143942e-01
-5.989706222354294063e+00
-1.775993661506830801e+00
-6.187821113209109214e+00
-2.329086468243881658e+00
-4.629851373706477702e+00
-2.987535236439589958e+00
-6.637445016287090382e+00
-1.693613359824654996e+00
-5.711067402462788323e+00
-1.853929262692334046e+00
-6.184439859912586712e+00
-7.989246495381574498e-01
-5.542668910514231939e+00
-3.832650159002614298e+00
-4.798756348022184426e+00
-2.892982290430504033e+00
-5.933935520199892011e+00
-1.839095369134061686e+00
-6.772400836687750392e+00
-3.013070077983437844e+00
-2.568758470737524835e+00
-3.317054631376755935e+00
-3.120878073918646134e+00
-3.584739255983300232e+00
-3.979887431227509431e+00
-1.864993473278249381e+00
-4.330975584909798393e+00
-3.706078639549559295e+00
-4.213290985381177300e+00
-2.046882082143000936e+00
-3.567094627700820197e+00
-2.977129053937475067e+00
-5.228874740026502543e+00
-2.624767096584591730e+00
1.584032360609701318e+00
-3.598305124179031367e+00
-2.379432509102669790e+00
7.225159319948256664e-01
-5.307644071455606571e+00
-4.480922357909312481e+00
2.018642725827965556e+00
-2.726332750078958700e+00
-2.137117320367238005e+00
1.741128641936926957e+00
