-7.132773564551783352e+00
-4.409707328234196311e+00
-5.991740263511139197e+00
-5.493296233368686110e+00
-3.249005028481208424e+00
6.054412199237543257e-01
-6.260037988587857427e+00
-3.305732760638834034e+00
1.171825629204714003e+00
-7.050561358436929105e+00
-3.728859422931837475e+00
-7.440130403321252750e+00
-3.547095037244610616e+00
-5.224351178416857255e-01
-4.000000000000000000e+00
-7.343295786082898458e-01
-1.175617287408815548e+00
-5.766336044122016169e+00
-2.641268604824752675e+00
-1.246870529311128628e+00
-7.616920441812811582e+00
-1.153052757671214179e+00
-8.585401151396206743e+00
-2.553212627510133892e+00
6.197428058355426428e-01
-6.449809991040801549e+00
-3.567260821545355842e+00
-5.623614843508622840e+00
-2.818695383653258002e+00
-7.552113989363046898e+00
-4.567343012252552903e+00
1.324619639288993289e+00
-6.253798494731547031e+00
-1.528736351261665849e+00
-3.878260002613580504e-01
-5.049446144499519562e+00
-2.291269568046345295e+00
1.291189989698283247e+00
-5.021605043322091788e+00
-3.817285237253987162e+00
-1.393342262356563055e-01
-7.800823901319006382e+00
-4.282275593785010770e+00
5.216095260523184729e-01
-1.132947324418667190e+00
-4.062302784136221590e+00
-6.670357324109923880e+00
-3.812401099250994019e+00
-1.940506731161148135e+00
-7.302688355680315269e+00
-2.492316681670314171e+00
1.110515949941600411e+00
-6.581842962913714956e+00
-4.100902150745397989e+00
-5.607032019252049526e-01
-6.249866965452162582e+00
-4.293983202302295688e+00
2.391871782303170157e-01
-6.280728218646897787e+00
-2.944884041499594485e+00
-9.208176027244076023e-01
-7.204773681957776787e+00
-1.461835390102976140e+00
-6.321019955980522020e+00
-3.185062913010576757e+00
-6.141782572143244856e+00
-3.018252607208111726e+00
-7.043872275102400771e+00
-2.447921195185352339e+00
-5.405009081384623215e+00
-3.122477808630016671e+00
-4.810378933608500773e+00
-2.333354419787304401e+00
-6.550581935422305158e+00
-1.578791704565621234e+00
-7.059002964399348379e+00
-2.867530621083210107e+00
-5.494969552034170590e+00
-1.897390649792470629e+00
-6.469009985096146664e+00
-2.299828356790476924e+00
-3.015158765680343578e+00
-2.574856199533628320e+00
-5.636786964790070797e+00
-1.453726541041991949e+00
-3.510763383038945307e+00
-4.368027877908401635e+00
-4.381207037748557909e+00
-4.239812413883575104e+00
-2.192347745241733037e+00
-1.746097269302520516e+00
-3.000553506497062983e+00
-1.788084235779547448e+00
-6.031335189945115083e+00
-4.588660230454055799e+00
1.506896321300042807e+00
-2.816481846972118230e+00
-1.728774835342311134e+00
8.589226421665276945e-01
-3.101622898299770448e+00
-1.393296456476930345e+00
-3.575415822599230520e-01
-5.056818388333833347e+00
-2.406546107359715858e+00
1.422301634599157483e+00
