-7.243744835385395930e+00
-3.596705736206692983e+00
-5.911266781460070341e+00
-5.624334938934737238e+00
-2.651906878827555936e+00
1.652057789832322321e+00
-5.900499258939526648e+00
-2.096623426079160968e+00
1.216988935085396628e+00
-5.684223173713702337e+00
-2.668123872846327682e+00
-5.051083387464617047e+00
-1.672903386770979939e+00
-9.861329076455249698e-01
-3.030809150691884390e+00
-1.592199332049354377e+00
-2.006486181474791408e+00
-6.777564855533215749e+00
-3.438738282652840983e+00
7.528758599378529981e-01
-8.774108312574130153e+00
-2.421482507986486343e+00
-1.030102999566398125e+01
-3.221600150669492013e+00
-5.006707625217109436e-01
-6.413896181826676646e+00
-1.000000000000000000e+00
-3.237916541937770898e+00
-3.232639026364316770e+00
-5.839868418755717272e+00
-4.460868916283001084e+00
-9.836529988577162875e-01
-6.160960270223561075e+00
-2.167770564411762191e+00
-1.504735888834441537e+00
-5.955030704765930771e+00
-1.475220439821321783e+00
-1.149566455734278014e-01
-6.758605209097212629e+00
-1.750504777402470458e+00
-7.478858725995192469e-02
-7.314010570382528442e+00
-3.299966752360456113e+00
2.251782464754833665e-02
-6.803046096663903364e-02
-3.387785302362785966e+00
-5.621878501825265495e+00
-2.786859643717157997e+00
-8.650494211110158760e-02
-6.356630948003808790e+00
-2.614705530603662620e+00
-1.542269674407988761e-02
-6.937711600882628282e+00
-2.691804507931804036e+00
-1.332712741533423007e+00
-7.156408548397933167e+00
-2.703087905786752287e+00
-1.455880742875724776e-01
-5.000000000000000000e+00
-2.305360145485247259e+00
-4.281365350070073239e-01
-4.000000000000000000e+00
-1.778304194971904950e+00
-6.430631724320978293e+00
-1.132465551856567665e-01
-7.528161197295400342e+00
-7.169946030191721720e-01
-4.173999569111727759e+00
-2.748933913799489925e+00
-6.075912283806470526e+00
-1.214833736487194393e+00
-4.000000000000000000e+00
-2.013838174071740816e+00
-5.809867703987220189e+00
-1.016519042827818797e+00
-5.998365375786894660e+00
-1.008213046358296783e+00
-5.635718927012842272e+00
-1.953036053995933052e+00
-6.167233878899605948e+00
-8.315437210490410624e-01
-3.442807487386918108e+00
-2.860096669663043656e+00
-4.196275287320123226e+00
-2.574274839205580534e+00
-3.874238835036923678e+00
-2.248219749007423385e+00
-4.535815673180146668e+00
-1.326493674756183294e+00
-5.223488736146465250e+00
-2.374521397096363895e+00
-4.698459324547726190e+00
-3.207341347590159319e+00
-3.526249862936907231e+00
-4.164485672236282632e+00
1.454949120556031872e+00
-4.884749048872130572e+00
-3.158322220663922320e+00
8.976245971894474263e-01
-4.924109760621765197e+00
-3.035149575231370189e+00
1.085193018644377672e+00
-2.544068022635552317e+00
-3.408037501027250116e+00
1.116618853371280862e+00
