-5.610269610984917499e+00
-3.111298369829265109e+00
-6.095460777217605930e+00
-5.862655521190681895e+00
-2.887658620285132205e+00
-3.350484244736632311e-01
-6.098711204722555124e+00
-2.352913589940919703e+00
-1.241751222493805429e+00
-4.864548496269121003e+00
-2.155700113373626881e+00
-7.319470728795525183e+00
-4.745777815471016403e+00
-2.950752953086531738e-01
-3.388647563149156383e+00
-1.828573217932065065e+00
-1.595842718003964711e+00
-8.008182533989087304e+00
-1.676746991329306713e+00
7.766399069511942255e-01
-8.137514762094035348e+00
-1.715809721504440555e+00
-8.814052091372564846e+00
-3.283015464003864903e+00
-1.163054380201211435e+00
-4.948820111247165698e+00
-2.371165911345928023e+00
-5.401700362945959455e+00
-3.707050090230783912e+00
-6.289458130610506181e+00
-1.590235140557368698e+00
-2.519207890168244021e-02
-6.321949274302254729e+00
-4.403882653081004683e+00
-1.594885196638962332e+00
-5.777917376885914003e+00
-8.920652246528175677e-01
7.935751834986187747e-02
-6.387497825381632133e+00
-3.467144900932239704e+00
-1.518341930532736694e-01
-7.293776058870582446e+00
-3.683938821371675054e+00
1.448241496447342458e+00
2.904699961633777638e-01
-2.638384840652654439e+00
-6.954698393081673480e+00
-2.494984480790004344e+00
-1.088632010775293368e+00
-5.884548951041567832e+00
-4.685645472042318183e+00
-7.144818972350622799e-01
-6.353257407023158443e+00
-3.040979589943513695e+00
-7.631823534789564656e-01
-7.034646805009087345e+00
-3.381419455283887654e+00
4.657703829033157938e-02
-6.890559521833402812e+00
-3.175925150139512709e+00
1.018746169573018445e+00
-4.900262589989814010e+00
-7.587861477654055387e-01
-7.445688754173578339e+00
-1.487778438714544960e+00
-4.233956587228511204e+00
-1.460413848416102223e+00
-4.767889482297671400e+00
-2.768465734328757311e+00
-4.948130295001416989e+00
-2.960784836264284348e+00
-4.904256118673339770e+00
-2.837868310504148006e+00
-5.812212486201554285e+00
-1.562960754936519869e+00
-7.058353422035546387e+00
-5.787842470183057753e-01
-5.708319704387284865e+00
-3.730195061479492646e-01
-6.442922456573599632e+00
-1.701874213553066895e+00
-2.937570968212503075e+00
-2.652396875182792435e+00
-3.416388355527853360e+00
-3.550716467466354498e+00
-3.525615092156659802e+00
-3.534470639560938654e+00
-4.726997933683064979e+00
-2.374474439294181227e+00
-2.408173769637032002e+00
-3.291867831837238967e+00
-3.731669960836170752e+00
-1.000002486566530013e+00
-2.961574357497903431e+00
-2.912511553512544538e+00
8.993653516910373735e-01
-4.226091007240651898e+00
-3.883927475275559704e+00
1.626399617617970250e+00
-5.344194438799970470e+00
-1.573407965105877215e+00
2.285395827462870955e+00
-6.544068022635552317e+00
-2.327660898271065815e+00
1.476732267724683467e+00
