-4.951796613411352688e+00
-2.179692842712842804e+00
-4.605180561156116958e+00
-7.317798838137859363e+00
-1.884105433009569674e+00
-1.987434832664762174e+00
-6.054727001854993240e+00
-1.992849564902049009e+00
1.651211851940107556e+00
-7.432493278525909908e+00
-4.707125954897533049e+00
-5.520957845448951851e+00
-2.071342431742872581e+00
0.000000000000000000e+00
-1.330521120960019177e+00
-3.574231710125275741e-01
-1.891552910694897616e+00
-7.561261019108082237e+00
-3.955325670764545887e+00
1.116999763663331757e+00
-8.595685839772515990e+00
-4.495240812301068090e+00
-7.396610271503273992e+00
-1.773223629434054649e+00
9.090800545976668312e-01
-6.216327878782369254e+00
-1.000000000000000000e+00
-3.539685153658544525e+00
-3.807799956525283136e+00
-5.766225705826534487e+00
-3.936488018008468259e+00
4.675177710101304229e-01
-5.781119411050749335e+00
-1.653346136083864604e+00
-4.225194976410220210e-02
-5.592331829234477247e+00
-2.916639613476000203e+00
1.646868678184793655e+00
-6.681193621136515048e+00
-1.676527338909723941e+00
2.000000000000000000e+00
-6.870165417015353881e+00
-2.772668215260508440e+00
-1.141156788535134581e+00
4.036863302559476341e-01
-2.825844341819828909e+00
-6.215919701677987241e+00
-1.584720576603246389e+00
7.306720172306994110e-01
-6.825124425879056211e+00
-3.488112205301674873e+00
3.275585589123121144e-01
-5.889122730914168713e+00
-4.707657124086035871e+00
-7.590632794389669258e-02
-7.693496794202406619e+00
-3.999485499456620019e+00
5.015757577164611097e-02
-6.379348092343197330e+00
-3.337317287391214027e+00
-3.391890913985231015e-01
-7.080895990760085468e+00
-2.919226170572815526e+00
-4.338165310401005392e+00
-3.221719872686754638e+00
-7.576703369192065551e+00
-2.599722404139413801e+00
-7.039815512277696641e+00
-1.553906025841391036e+00
-5.044917498469820849e+00
-7.673268672464492735e-01
-4.979928171340141319e+00
-5.092991739232567427e-01
-4.000000000000000000e+00
-1.927447691512911732e+00
-7.115857677064281184e+00
-8.852402884057269938e-01
-4.664770621880809820e+00
-2.727403188978672066e+00
-6.102190785465869460e+00
-6.339989311452907117e-01
-4.831051366174723860e+00
-2.399208163099895152e+00
-5.245742712564258170e+00
-4.500880818134199934e+00
-2.886246809144628500e+00
-4.999969313729052622e+00
-2.792846422676374285e+00
-1.650649097584546476e+00
-2.523842430842459628e+00
-2.859973360179054236e+00
-4.755449732032661636e+00
-4.780599117489095384e+00
-3.228531503231421684e+00
-2.307623704361630335e+00
2.915319031242676218e+00
-2.608717944613038409e+00
-4.580602966070091320e+00
1.918678476740395267e+00
-3.376525066052920021e+00
-3.054750406457022116e+00
1.810717129626039812e+00
-5.839618817591991196e+00
-1.945910095342009427e+00
1.291023722054922329e+00
