-6.888864188720296156e+00
-4.597560082253847824e+00
-5.494203025304583932e+00
-7.874011183893632193e+00
-2.509827584082242602e+00
4.141834345833065867e-01
-7.233221813909328723e+00
-3.675731941789767809e+00
1.277886968112794897e+00
-4.011932254506975326e+00
-2.663890779847595258e+00
-6.887446437043846181e+00
-3.902506679396299916e+00
-4.083577230942292413e-01
-4.000000000000000000e+00
-2.094583812853137328e+00
-1.841695762367358213e+00
-5.149592786931180832e+00
-2.612840382961860719e+00
1.192490981003254902e+00
-6.780830398417565519e+00
-3.252091290866691686e+00
-1.030102999566398125e+01
-4.138624720766189924e+00
-1.595858572448899393e-01
-5.964126918071976036e+00
-4.105653513057319515e+00
-3.760913470182778440e+00
-3.077898773510210351e+00
-8.023113492228368671e+00
-3.501975093754337021e+00
8.617428283117739563e-01
-6.292040904538038326e+00
-3.665015782304792857e+00
-2.711860977297872566e+00
-5.978628628427026470e+00
-2.467308657642214076e+00
-4.341846850302611416e-01
-4.677504806942345716e+00
-4.012457126812094543e+00
-4.318500318286160322e-01
-7.146390712133460887e+00
-3.890909898054482952e+00
5.310348440791886615e-01
-9.359880106299484082e-01
-2.797286606247295193e+00
-8.501378866347597096e+00
-1.364410556552590803e+00
-9.951768237803253481e-01
-8.268744710098852480e+00
-3.682695583621332425e+00
8.194178401521154953e-01
-8.523474751245224468e+00
-3.064575299222855431e+00
5.369236818772396003e-01
-7.769589944055875108e+00
-2.327359154817199460e+00
-6.546793668625726648e-01
-5.988943225644639767e+00
-3.361178146322652438e+00
1.275435455989455846e+00
-6.257191086219448195e+00
-5.618651334718054446e-01
-5.457518225625707764e+00
-2.733331117737525240e+00
-5.069725715504301178e+00
-2.326513479327342981e+00
-6.445305778954693920e+00
-1.796291751367599776e+00
-6.475415385290472337e+00
-1.046298905330811602e+00
-6.812358322005032996e+00
-2.013707750420628440e+00
-5.691728204328382112e+00
-2.151700575500568480e+00
-5.724015745386807907e+00
-1.907956712316969394e+00
-6.434047155197094803e+00
-2.700914572832826099e+00
-7.377668344085348551e+00
-1.421331877231285068e+00
-3.895597648659307133e+00
-3.244294871699362925e+00
-3.204123237949029868e+00
-3.105007424475913158e+00
-3.463034953152302808e+00
-3.258712156535934934e+00
-5.690196149515636570e+00
-2.412667400444035604e+00
-5.119460732073203069e+00
-2.787408205230794689e+00
-4.935408801049775640e+00
-2.457450154730767444e+00
-5.143601778217604448e+00
-3.674782088855871542e+00
4.420538996454964620e-01
-4.073284953673169895e+00
-5.000000000000000000e+00
1.317178144410241281e+00
-5.269846902972581404e+00
-3.367437164813939177e+00
1.122358913435820282e+00
-2.544068022635552317e+00
-2.955387047173930970e+00
1.372753043805461814e+00
