-7.472504856487977243e+00
-3.069333888656417653e+00
-5.210471818805750388e+00
-6.309587105441429422e+00
-3.010345511845136102e+00
5.723467070728321948e-01
-4.724456558416953555e+00
-3.849990324997210056e+00
-4.917358882069320924e-01
-6.283036077411956022e+00
-1.916886623199264950e+00
-4.999961661106318012e+00
-3.051235759027007610e+00
-1.124456288702495144e+00
-4.000000000000000000e+00
-8.798653941743697082e-01
-1.974635993392094502e+00
-5.210290141027250854e+00
-1.624736652761949118e+00
-1.098993000108017815e-01
-7.133264546791473926e+00
-2.730616669500718352e+00
-9.084318370287780553e+00
-2.370201738884414322e+00
1.122267080318819943e+00
-6.646859185199314624e+00
-2.820589241142946513e+00
-4.482701924090805257e+00
-3.000182192662505631e+00
-6.855129607740595432e+00
-3.234948541570834557e+00
1.888333134753377926e-02
-5.919249743060107427e+00
-3.158947572327362341e+00
-5.502986295430828401e-01
-5.187478149136505401e+00
-2.474635387018000898e+00
9.672299649223556894e-01
-6.302872174660930860e+00
-3.260196789827391584e+00
8.895734307564652221e-01
-7.585590776257089551e+00
-2.102715137429739478e+00
2.359917184890432396e-01
-1.263112740769130493e+00
-3.452846528563445094e+00
-7.053712314212051915e+00
-3.548558696937170964e+00
-7.974940614161054597e-01
-5.892155026701488829e+00
-3.117158090062987164e+00
9.070688627750400634e-01
-7.488959762002200371e+00
-3.229933395860030920e+00
-2.807405915878891656e-01
-7.559985313082878022e+00
-3.689908862052556415e+00
5.409228713193457994e-01
-6.823052079669718495e+00
-2.143571814782560203e+00
1.560050033921940305e-01
-4.966995633622203421e+00
-1.541266102651256853e+00
-5.123590984518734182e+00
-1.428591840444670469e+00
-6.214337157427059388e+00
-3.622866443464005659e+00
-5.863641960795536789e+00
-1.770331738955978951e+00
-6.107615482462280809e+00
-3.712175175421851048e+00
-6.778859750469886869e+00
-1.014585074384883212e+00
-6.388176339958204331e+00
-8.462674712332438620e-01
-6.383109496828697438e+00
-7.737173977357709731e-01
-4.256560856961362660e+00
-2.207423046554410906e+00
-7.190629069621969016e+00
-2.014996825889787679e+00
-5.179962458447763929e+00
-2.728956946935049643e+00
-4.310610500223519992e+00
-3.035146844646601672e+00
-3.501594000105858306e+00
-2.923674891324835379e+00
-2.719884616054521587e+00
-3.051866143957893129e+00
-3.513770138758206762e+00
-3.122416419676319776e+00
-4.287463592851492145e+00
-3.336246522863961061e+00
-2.719786941614512177e+00
-3.435693940785455425e+00
1.238049055187710190e-01
-4.208645455388162482e+00
-2.224207616252872999e+00
1.339644088461133142e+00
-4.106423294737629348e+00
-2.626167491963235179e+00
7.395839695467787411e-01
-6.267828183524815522e+00
-3.207704266225699374e+00
-3.175476238865108103e-01
