-6.131406980035596810e+00
-3.133557865642648377e+00
-5.214802547224445028e+00
-6.823844241507166508e+00
-3.777065732897610495e+00
6.131397521317559773e-01
-5.761906530376150748e+00
-3.058109190455969628e+00
2.316343863091351318e-01
-6.649492554529352617e+00
-3.272107929512741542e+00
-6.580911943174136525e+00
-3.728084351309515654e+00
-3.166166691036814002e-02
-2.950351996737800686e+00
-1.712040792591958738e+00
-2.883576875915359494e+00
-6.199674634805163009e+00
-3.501705775111161767e+00
2.991612560996052550e-01
-7.386162016134730557e+00
-2.803995202764141936e+00
-7.020634311342515588e+00
-1.751532677026800267e+00
4.521208728258166998e-01
-6.811350715041244896e+00
-2.461944430512110316e+00
-5.120667820963849870e+00
-2.965748918125277633e+00
-7.748215280720016196e+00
-4.359888329749542990e+00
-1.045737808674490760e-01
-6.317714603621792158e+00
-2.971144054971975645e+00
-9.482657786244864662e-01
-5.141813529234087632e+00
-1.349499501395732270e+00
5.248312916688632201e-01
-5.769071816262496988e+00
-2.730203389574269224e+00
5.897249484616446935e-01
-7.213578088961765111e+00
-2.226132379317355081e+00
-2.539686927341836542e-01
-9.906119979453338331e-01
-2.220250562044684628e+00
-6.765141801474227279e+00
-3.318622211464576477e+00
-7.088630870625696190e-01
-6.824705814650737778e+00
-1.999672841175750504e+00
7.190144264500906157e-01
-8.193539198915912536e+00
-3.678191166425155423e+00
-2.377452921359898275e-01
-6.549726616286411840e+00
-2.906716120965116446e+00
6.237724309428036573e-01
-7.027475029756644176e+00
-2.368166430787550070e+00
-4.665427986206979738e-01
-5.731026081252625026e+00
-1.820471860924635754e+00
-6.081039291689323889e+00
-1.735824043939689698e+00
-4.558233555952398319e+00
-3.283389350582055943e+00
-6.867147742556564793e+00
-1.893476785772277404e+00
-6.725517711995372849e+00
-1.520356192819149799e+00
-4.854433003852506090e+00
-1.238628536417329284e+00
-5.489970836411773192e+00
-2.648796398988132683e+00
-6.514787428640541833e+00
-2.139238455760296809e+00
-5.886444868494051796e+00
-1.674692479704773307e+00
-5.713427315630092096e+00
-8.240228987055893128e-01
-4.374009781516431161e+00
-2.739645839366698254e+00
-3.454875256319560606e+00
-3.762107742722139658e+00
-2.991998389347815923e+00
-2.940787539264482220e+00
-2.813116018409867802e+00
-3.183923677701710364e+00
-3.713521539422483198e+00
-2.403900126190430697e+00
-3.161041570094587527e+00
-2.386615107393904367e+00
-3.031168644100034726e+00
-3.389947334460187811e+00
9.155338910727877089e-01
-3.693267761815969497e+00
-3.064687392047583447e+00
8.194847600145473976e-01
-3.950726919649828695e+00
-2.861817364724025037e+00
1.238896291213390066e+00
-4.148517704996661948e+00
-2.991104063779836508e+00
1.893980486256059859e+00
