-7.069536499679645480e+00
-3.123408464158199394e+00
-4.828889865862484143e+00
-6.139558076237256579e+00
-2.514679467588279760e+00
-1.285746057777394091e-01
-4.908290629576721464e+00
-3.396529868683139775e+00
-1.344213846063027740e+00
-4.193819550160516663e+00
-2.482479108059950423e+00
-5.966381097796096711e+00
-2.963145874209689001e+00
-5.976525567801518335e-01
-3.512119621166078343e+00
-2.323129779233827463e+00
-1.507376531021690669e+00
-6.881570287174149314e+00
-3.555985027584149805e+00
4.866418708576021324e-01
-7.054391702222696736e+00
-3.598833196272495538e+00
-8.578772274776662599e+00
-2.802444076813888074e+00
1.437112493153477055e-01
-6.554609147576255346e+00
-2.419737548835224850e+00
-4.647953233676698659e+00
-3.334952810053056549e+00
-7.648984258981235129e+00
-3.536373060059056161e+00
-5.268695743454816505e-01
-6.159830186281938680e+00
-3.498353987268283838e+00
-1.343226156971066620e+00
-5.564429004241429055e+00
-3.521200069011541700e+00
3.058436738626155171e-01
-6.857314794765348331e+00
-3.522087511120857606e+00
8.335361142149634306e-01
-7.331681056046628342e+00
-3.432587168812042844e+00
1.190825778230693910e+00
-8.814285410121883713e-01
-3.097148915508261879e+00
-7.554163291174750938e+00
-2.370604454697354591e+00
2.261115983401564555e-01
-6.226126595769038374e+00
-3.905730225329605787e+00
6.258850721273177820e-02
-7.174731666678509256e+00
-1.742208860264821135e+00
2.628057261429523339e-01
-6.900899665860297461e+00
-2.685295402519150443e+00
3.795054430924976185e-01
-6.931150058060957520e+00
-2.184863538772959135e+00
7.875797484977560270e-01
-6.405204097890634607e+00
-1.953766235190325329e+00
-6.599668414790243354e+00
-2.311744869004901393e+00
-5.146932642838690342e+00
-2.738139020115331057e+00
-5.502435420809018929e+00
-1.479653326640627542e+00
-6.969429252121081220e+00
-1.381794675701651931e+00
-5.681015259058390221e+00
-6.612148099931847156e-01
-6.457911546650128010e+00
-1.770574583825607062e+00
-5.888190494222820703e+00
-2.295068906878119819e+00
-4.669567578037077560e+00
-1.334288980765000021e+00
-6.399668541807054467e+00
-9.840081410683597651e-01
-1.887453019000529642e+00
-3.156521506561974277e+00
-4.476291967686869988e+00
-2.297570440202814979e+00
-3.031221085152534744e+00
-2.573057190977892095e+00
-3.929221691178009568e+00
-3.735551626921388646e+00
-4.653905061090468642e+00
-2.677382646420268575e+00
-3.029202095695044061e+00
-2.470732426181225794e+00
-3.305870598932859394e+00
-2.619463906707049095e+00
1.599004502824097562e+00
-5.511688932408948638e+00
-2.992265447123672040e+00
1.379777560248796497e+00
-2.705202657311895909e+00
-2.908353768377524684e+00
4.873038689943647722e-02
-4.063220611472793564e+00
-1.970691850604034956e+00
1.612138071117485971e+00
