-6.155404898108631784e+00
-3.145013095693386163e+00
-6.108989830217402606e+00
-6.221221218395875496e+00
-2.399559268936760859e+00
-5.364923422754623861e-01
-5.385147757627814613e+00
-3.478656465976715850e+00
4.332838318901384156e-01
-5.513948431320401689e+00
-2.132030349638234679e+00
-6.401081939337902149e+00
-3.244114960808046622e+00
-4.639952960584186048e-01
-2.811060746367917140e+00
-2.815363145897467056e+00
-2.601396856565918458e+00
-5.142544112237490417e+00
-3.169627347636933212e+00
-4.263599433861131605e-01
-7.331045518311790410e+00
-3.333554432418359692e+00
-8.525941543762282748e+00
-3.335898909613032703e+00
-8.071071449593792968e-01
-6.987782105497570839e+00
-1.599694348784307385e+00
-5.019322713405576231e+00
-4.335409105388288609e+00
-9.000000000000000000e+00
-3.792494476307388229e+00
8.525898311827513343e-01
-6.905148024204632584e+00
-2.486558505459012025e+00
-2.848689905370855424e+00
-4.597667006590495653e+00
-1.441811217107496601e+00
-3.744976134896847997e-01
-4.150851828732460724e+00
-2.916035075452727554e+00
8.423025073292697007e-01
-8.539289324494957256e+00
-1.421301726813827271e+00
-1.041136492582348083e+00
2.446781206311842982e-01
-2.157231111217094988e+00
-6.034953086793001908e+00
-3.227172076180488958e+00
-5.887345277212032713e-01
-6.599524113816392479e+00
-2.824421724954532920e+00
1.657235277950008134e+00
-7.504168308677393817e+00
-1.825407843657367746e+00
1.104672172261790264e+00
-8.286452654061712053e+00
-3.923454719135928137e+00
4.480822045878260496e-01
-7.847149195219841111e+00
-2.938680183365497633e+00
-2.746960546198041753e-01
-5.446077236603894534e+00
-4.278030004613306847e-01
-4.000000000000000000e+00
-2.442642398983627672e+00
-6.517110385568045672e+00
-1.252946989383884935e+00
-5.172185648502262367e+00
-3.116709289525661841e+00
-6.153321359245764732e+00
-1.647868797841604893e+00
-5.185870686781433925e+00
-1.909477564173486908e+00
-6.828723170899981376e+00
-4.208865977785771206e-01
-5.488324798894505641e+00
-7.455547760082322784e-01
-4.907373945036854757e+00
-3.241354655079209834e+00
-5.743471490572876093e+00
-1.871737157883769376e+00
-3.092442236330693817e+00
-3.171851269884111257e+00
-4.773261261341971817e+00
-1.616365672661334463e+00
-3.095148274021532586e+00
-2.444182551962192917e+00
-5.690196149515636570e+00
-2.863772943955449346e+00
-3.682600865141544499e+00
-5.000000000000000000e+00
-2.494037134752912888e+00
-2.946526127899533609e+00
-6.218290900368740104e+00
-2.579817279492502724e+00
-5.236251902615162157e-01
-4.100618309480019263e+00
-2.396231214694842571e+00
1.101263935507296621e+00
-2.589768322776985876e+00
-3.143464713986291237e+00
1.688930535748971451e+00
-4.188329330846313425e+00
-4.490513523446084676e+00
9.657121402457486958e-01
