-6.144319649105685954e+00
-2.718314489968111758e+00
-5.330296597552844240e+00
-5.578540697534330128e+00
-3.425038875746492462e+00
1.614928956628537970e-01
-6.020304781581819142e+00
-2.227717434200851443e+00
5.207266966343230274e-01
-5.078065010124321432e+00
-2.335808948995403700e+00
-5.036467534162240689e+00
-3.251615089486870058e+00
-8.778656817192258266e-02
-3.324502636387699717e+00
-3.232683085459802985e+00
-2.556533556364802173e+00
-6.577301898579283268e+00
-3.955163511049221814e+00
1.322472981469462239e+00
-8.113923311800299132e+00
-2.534191161794886238e+00
-7.874227358728925097e+00
-3.971813734765516468e+00
-7.160118289794021873e-01
-5.893187768741706911e+00
-2.336496927871741569e+00
-5.041161679794010197e+00
-2.601874859557305797e+00
-6.540538812374560251e+00
-2.848676913100856467e+00
-3.124097657206029721e-01
-6.671529895351588912e+00
-1.434394852810076948e+00
-6.092012236018846671e-01
-5.915506072023889672e+00
-2.891275942168995972e+00
3.903111806302113629e-01
-6.617166638977854731e+00
-2.562785453822093995e+00
-3.096457274664410342e-01
-7.326250314946673114e+00
-3.126359249361582826e+00
8.783425808772779564e-02
-3.141574345155405679e-01
-2.758514668290781291e+00
-5.941116642471800269e+00
-3.673244140343983055e+00
-7.807501374924150639e-01
-6.995182928978862513e+00
-4.690185699441576261e+00
1.308327873375274786e+00
-8.783552726154342238e+00
-4.182955472547133624e+00
5.859373246807513258e-01
-6.854901036161137995e+00
-2.146764339002471544e+00
-6.071502415080999304e-01
-7.145406035664462863e+00
-2.621305790773707844e+00
-6.425315737575697517e-01
-5.570218323920076209e+00
-1.887251617330997222e-01
-5.701191028563316721e+00
-8.979732495873592457e-01
-4.962666211864920740e+00
-2.200222907216079271e+00
-5.510169625844234531e+00
-2.345510979009502783e+00
-4.865138715042112594e+00
-2.211681164853761317e+00
-7.663069074047204055e+00
-1.199382123323807781e+00
-6.566828343552104208e+00
-3.145332098035920509e+00
-6.025910529479545197e+00
-1.357629264765442212e+00
-6.349607560841867837e+00
-1.861196230318552081e+00
-6.249782965409647062e+00
-2.580159059461855531e+00
-3.868712551195089056e+00
-2.766670842672848796e+00
-4.323408563099381041e+00
-3.507022791407647500e+00
-5.228769806804917764e+00
-3.722868405476688736e+00
-2.972195738578335522e+00
-4.023279662925466127e+00
-2.579773219307080367e+00
-3.733191262175749259e+00
-2.970735373178405858e+00
-3.692139523563454429e+00
-2.812884535121776608e+00
-2.572245808843181436e+00
7.860108443595095196e-01
-4.231242476058351798e+00
-2.055029567412654856e+00
6.914423994664452566e-01
-3.842661287754483457e+00
-2.082166653558164437e+00
1.012856913258902036e+00
-5.989940316519102304e+00
-3.452472899959378339e+00
2.429824052196785988e+00
