3.187016422272612814e+01
3.187016422272612814e+01
3.187016422272612814e+01
3.062143886341645782e+01
3.062143886341645782e+01
2.568159817088329788e+01
1.278061239301027463e+01
3.836055056451718404e+00
3.836055056451718404e+00
2.442902939662381367e+00
2.442902939662381367e+00
1.901932949565134479e+00
1.511845639249313589e+00
1.338527388247817473e+00
1.303526452583158024e+00
1.303526452583158024e+00
1.303526452583158024e+00
1.303526452583158024e+00
1.020610815921549897e+00
1.020610815921549897e+00
1.020610815921549897e+00
8.398659912189873067e-01
8.398659912189873067e-01
8.398659912189873067e-01
8.398659912189873067e-01
8.398659912189873067e-01
8.398659912189873067e-01
8.077022753657335796e-01
7.113910376329667384e-01
7.113910376329667384e-01
6.884145470702743852e-01
6.583875936843106569e-01
6.498730872880263965e-01
6.498730872880263965e-01
6.059574458445087242e-01
5.718024365162908129e-01
5.504365515315130519e-01
5.504365515315130519e-01
5.348369690946391808e-01
5.153323910777626304e-01
4.591704682932018500e-01
4.563420766872877676e-01
4.303607290124401019e-01
4.303607290124401019e-01
4.157077315542434537e-01
3.470131700903774652e-01
3.470131700903774652e-01
3.470131700903774652e-01
3.470131700903774652e-01
3.470131700903774652e-01
3.235868907121840499e-01
3.003929351882452248e-01
2.739594517968836906e-01
2.654412481329975204e-01
2.463989543910019009e-01
2.463989543910019009e-01
2.463989543910019009e-01
2.223382777824648715e-01
2.104668851652544415e-01
2.104668851652544415e-01
2.104668851652544415e-01
2.058880290831956450e-01
1.805025993119945826e-01
1.805025993119945826e-01
1.766678852797088084e-01
1.766678852797088084e-01
1.766678852797088084e-01
1.660747348871297602e-01
1.597401937870217559e-01
1.434657950687318329e-01
1.379216013011775599e-01
1.342833241350276652e-01
1.342833241350276652e-01
1.342833241350276652e-01
1.342833241350276652e-01
1.342833241350276652e-01
1.342833241350276652e-01
1.320947826175532247e-01
1.320947826175532247e-01
1.298889080151697795e-01
1.251541748741610005e-01
1.251541748741610005e-01
1.251541748741610005e-01
1.251541748741610005e-01
1.187448641047841452e-01
1.187448641047841452e-01
1.187448641047841452e-01
1.187448641047841452e-01
1.187448641047841452e-01
1.187448641047841452e-01
1.187448641047841452e-01
1.181729201145392261e-01
1.160546037075103204e-01
1.160546037075103204e-01
1.160546037075103204e-01
1.160546037075103204e-01
1.107969390622853129e-01
1.107969390622853129e-01
1.107969390622853129e-01
1.107969390622853129e-01
1.089942619696677856e-01
1.089942619696677856e-01
1.042962213956760836e-01
1.042962213956760836e-01
1.042962213956760836e-01
1.042962213956760836e-01
1.042962213956760836e-01
9.639900868483095020e-02
9.639900868483095020e-02
9.639900868483095020e-02
9.639900868483095020e-02
9.639900868483095020e-02
9.325113559837290567e-02
9.191961508297587236e-02
9.191961508297587236e-02
9.191961508297587236e-02
9.191961508297587236e-02
9.191961508297587236e-02
9.079108514541732455e-02
9.079108514541732455e-02
9.079108514541732455e-02
8.770050549861480027e-02
8.770050549861480027e-02
8.770050549861480027e-02
8.770050549861480027e-02
8.770050549861480027e-02
8.770050549861480027e-02
8.410599961333850572e-02
8.410599961333850572e-02
8.410599961333850572e-02
8.410599961333850572e-02
8.410599961333850572e-02
8.410599961333850572e-02
8.401890872519054976e-02
8.241589641872219818e-02
8.241589641872219818e-02
8.073524118036851105e-02
8.073524118036851105e-02
8.073524118036851105e-02
7.685023796653421557e-02
7.685023796653421557e-02
7.685023796653421557e-02
7.685023796653421557e-02
7.680534098871755200e-02
7.650062581768110603e-02
7.650062581768110603e-02
7.650062581768110603e-02
7.650062581768110603e-02
7.650062581768110603e-02
7.650062581768110603e-02
7.650062581768110603e-02
7.650062581768110603e-02
7.587207604328588539e-02
7.587207604328588539e-02
7.587207604328588539e-02
7.460081213513222731e-02
7.445897345904968490e-02
7.445897345904968490e-02
7.445897345904968490e-02
7.445897345904968490e-02
7.433879958420619438e-02
7.429787533199797012e-02
7.429054873757148791e-02
7.428919528239745496e-02
7.428893433488059639e-02
7.428889147149667083e-02
7.428888966046218179e-02
7.428888966046218179e-02
7.336516236604642693e-02
7.336516236604642693e-02
7.300493796473117580e-02
7.300493796473117580e-02
7.300493796473117580e-02
7.287995980305415900e-02
7.281365443218160149e-02
7.281365443218160149e-02
7.281365443218160149e-02
7.281365443218160149e-02
7.253785890122985136e-02
7.177899268419445089e-02
7.177899268419445089e-02
7.147837703156878497e-02
7.121526512881914961e-02
7.121526512881914961e-02
7.121526512881914961e-02
7.121526512881914961e-02
7.121526512881914961e-02
7.121526512881914961e-02
7.121526512881914961e-02
7.112855857559938211e-02
7.086030194092778067e-02
7.086030194092778067e-02
6.964913476927057923e-02
6.818782451862763494e-02
6.813030952358387071e-02
6.812869343269628564e-02
6.812865869905368466e-02
6.808014853726727933e-02
6.808014853726727933e-02
6.805624092609084685e-02
