1.836743330202256175e+01
1.528032692500250711e+01
1.252446379263705012e+01
1.023848722789427335e+01
6.291571023522893213e+00
4.071056637215382246e+00
2.560675335828020316e+00
2.287145986714734125e+00
6.232965676750352735e-01
6.232965676750352735e-01
6.232965676750352735e-01
6.232965676750352735e-01
6.232965676750352735e-01
5.378637820349020382e-01
3.378637439243547536e-01
3.378637439243547536e-01
3.378637439243547536e-01
3.378637439243547536e-01
3.275201463142741187e-01
3.275201463142741187e-01
3.275201463142741187e-01
3.275201463142741187e-01
3.275201463142741187e-01
3.186923687015589257e-01
3.186923687015589257e-01
3.186923687015589257e-01
3.186923687015589257e-01
3.007629036459470995e-01
3.007629036459470995e-01
3.007629036459470995e-01
2.993621381416075033e-01
2.798569518517286525e-01
2.798569518517286525e-01
2.798569518517286525e-01
2.760328545549103341e-01
2.760328545549103341e-01
2.713420538590179953e-01
2.545890033305617806e-01
2.545890033305617806e-01
2.545890033305617806e-01
2.545553577947602952e-01
2.545553577947602952e-01
2.521630037950582381e-01
2.402477469293228529e-01
2.402477469293228529e-01
2.376095642504378325e-01
2.323966655318891739e-01
2.248569266097102115e-01
2.248569266097102115e-01
2.248569266097102115e-01
2.063331789814646100e-01
2.057713074363759498e-01
2.057713074363759498e-01
2.056174622087248993e-01
1.987412448540359089e-01
1.987412448540359089e-01
1.987412448540359089e-01
1.987412448540359089e-01
1.987412448540359089e-01
1.987412448540359089e-01
1.987412448540359089e-01
1.987412448540359089e-01
1.987412448540359089e-01
1.987412448540359089e-01
1.987412448540359089e-01
1.987412448540359089e-01
1.987412448540359089e-01
1.987412448540359089e-01
1.938946881011189838e-01
1.909483629535875526e-01
1.909483629535875526e-01
1.909483629535875526e-01
1.909483629535875526e-01
1.909483629535875526e-01
1.909483629535875526e-01
1.909483629535875526e-01
1.860052852930403622e-01
1.860052852930403622e-01
1.826119308764433957e-01
1.826119308764433957e-01
1.826119308764433957e-01
1.821604976035357815e-01
1.798784055357931511e-01
1.798784055357931511e-01
1.709812215173347749e-01
1.709812215173347749e-01
1.709812215173347749e-01
1.709812215173347749e-01
1.709812215173347749e-01
1.709812215173347749e-01
1.684722260565998386e-01
1.684722260565998386e-01
1.684722260565998386e-01
1.684722260565998386e-01
1.684722260565998386e-01
1.684722260565998386e-01
1.664701799727700549e-01
1.664701799727700549e-01
1.664701799727700549e-01
1.664701799727700549e-01
1.640178544487131684e-01
1.640178544487131684e-01
1.640178544487131684e-01
1.640178544487131684e-01
1.640178544487131684e-01
1.640178544487131684e-01
1.640178544487131684e-01
1.640178544487131684e-01
1.640178544487131684e-01
1.640178544487131684e-01
1.640178544487131684e-01
1.640178544487131684e-01
1.640178544487131684e-01
1.640178544487131684e-01
1.635566780728520131e-01
1.635566780728520131e-01
1.631067485203530898e-01
1.615957490733498647e-01
1.583630925690128199e-01
1.583630925690128199e-01
1.581519448052318977e-01
1.581519448052318977e-01
1.581519448052318977e-01
1.573352090785399837e-01
1.566681728628286918e-01
1.539337137299534586e-01
1.510030656867395460e-01
1.510030656867395460e-01
1.510030656867395460e-01
1.504505632495811707e-01
1.501233353404625159e-01
1.501233353404625159e-01
1.501233353404625159e-01
1.489367162792574750e-01
1.484297690668861802e-01
1.464208358748076699e-01
1.464208358748076699e-01
1.464208358748076699e-01
1.450449828350330872e-01
1.450449828350330872e-01
1.450449828350330872e-01
1.441832456462201206e-01
1.441832456462201206e-01
1.438658243828645489e-01
1.438658243828645489e-01
1.430365920675293612e-01
1.430365920675293612e-01
1.420195942653903476e-01
1.420195942653903476e-01
1.420195942653903476e-01
1.391088125789163021e-01
1.391088125789163021e-01
1.391088125789163021e-01
1.391088125789163021e-01
1.391088125789163021e-01
1.391088125789163021e-01
1.391088125789163021e-01
1.374376508655596740e-01
1.361628175303666310e-01
1.351891676150699106e-01
1.351891676150699106e-01
1.344280693459425635e-01
1.339929770112555651e-01
1.339288688427989482e-01
1.339176718533142962e-01
1.339157883125640103e-01
1.339153862862093314e-01
1.339153170055499276e-01
1.338198227500861093e-01
1.337346437559816803e-01
1.337245008370979149e-01
1.337234035283239864e-01
1.336135416092020800e-01
1.335840147196100114e-01
1.334968266167540496e-01
1.334732496731854401e-01
1.334408179924354287e-01
1.334244555936837662e-01
1.334140845522395757e-01
1.334091488554334792e-01
1.331821662196100431e-01
1.331499959825815926e-01
1.331311659151921400e-01
1.328918422749334471e-01
1.327854210636512655e-01
1.327854210636512655e-01
1.327854210636512655e-01
1.327145395001084194e-01
1.327145395001084194e-01
1.326857808516404003e-01
1.322674590705403275e-01
1.322674590705403275e-01
1.322355696180846085e-01
1.322289365770706604e-01
1.322285539905266871e-01
1.322285539905266871e-01
1.322285317806533300e-01
1.319668737235508427e-01
1.319668737235508427e-01
1.319366667461628340e-01
