4.735002862557985281e+01
4.137954267188349888e+01
2.236117126091737006e+01
1.914808624586567021e+01
1.914808624586567021e+01
1.896571404791235693e+01
1.896571404791235693e+01
1.759487828434139089e+01
1.432384707200901985e+01
1.102968891178733202e+01
9.471549503683393212e+00
8.855645312191464669e+00
8.787320233048035334e+00
8.787320233048035334e+00
8.787320233048035334e+00
8.787320233048035334e+00
7.214040279319394955e+00
3.556816987685093245e+00
3.398732497189635993e+00
3.398732497189635993e+00
2.740654011971502602e+00
2.342803440452958075e+00
2.342803440452958075e+00
1.815167652559115385e+00
1.535353688154119212e+00
1.133226341462880704e+00
1.133226341462880704e+00
1.133226341462880704e+00
1.133226341462880704e+00
1.031293622008944366e+00
1.031293622008944366e+00
9.585669057892458600e-01
8.851625705619123874e-01
7.322826676677230973e-01
6.084699580243431161e-01
6.074981087170051586e-01
5.421220511054762881e-01
4.963095354877806176e-01
4.478090567648306264e-01
4.179823356589530414e-01
3.581603524914293013e-01
3.322484302068445805e-01
3.013147024425174014e-01
2.826687113669902329e-01
2.826687113669902329e-01
2.662319044011344782e-01
2.662319044011344782e-01
2.662319044011344782e-01
2.662319044011344782e-01
2.491558295195375472e-01
2.400837176199323852e-01
2.069127781125053300e-01
2.066179556432569675e-01
1.829961093614275447e-01
1.829961093614275447e-01
1.829961093614275447e-01
1.829961093614275447e-01
1.829961093614275447e-01
1.829961093614275447e-01
1.807835080041892972e-01
1.807835080041892972e-01
1.740036230695627961e-01
1.620785192989350476e-01
1.514475847812821740e-01
1.508971463437852600e-01
1.345301973804642337e-01
1.345301973804642337e-01
1.266429018420327235e-01
1.266429018420327235e-01
1.266429018420327235e-01
1.266429018420327235e-01
1.266429018420327235e-01
1.266429018420327235e-01
1.266429018420327235e-01
1.266429018420327235e-01
1.242911024879756882e-01
1.242911024879756882e-01
1.242911024879756882e-01
1.242911024879756882e-01
1.242911024879756882e-01
1.234055723082655015e-01
1.144224965894992119e-01
1.144224965894992119e-01
1.144224965894992119e-01
1.144224965894992119e-01
1.144224965894992119e-01
1.144224965894992119e-01
1.144224965894992119e-01
1.097405975138146250e-01
1.097405975138146250e-01
1.097405975138146250e-01
1.097405975138146250e-01
1.097405975138146250e-01
1.097101236273444191e-01
1.075048111280931945e-01
1.055627563788247292e-01
1.055627563788247292e-01
1.026562532480091716e-01
1.026562532480091716e-01
1.006939521922047831e-01
1.006939521922047831e-01
9.974925452914217006e-02
9.865424488911042622e-02
9.721053729422135525e-02
9.721053729422135525e-02
9.607066490628507482e-02
9.607066490628507482e-02
9.607066490628507482e-02
9.607066490628507482e-02
9.508726392858794785e-02
9.508726392858794785e-02
9.508726392858794785e-02
9.463362891102693186e-02
9.366054799025812228e-02
9.366054799025812228e-02
9.356443676670056497e-02
9.237592810442692148e-02
9.237592810442692148e-02
9.237592810442692148e-02
9.237592810442692148e-02
9.237592810442692148e-02
9.237592810442692148e-02
9.064666133844220819e-02
9.064666133844220819e-02
9.064666133844220819e-02
9.064666133844220819e-02
8.915998928208529462e-02
8.915998928208529462e-02
8.915998928208529462e-02
8.915998928208529462e-02
8.915998928208529462e-02
8.915998928208529462e-02
8.915998928208529462e-02
8.731089968880165197e-02
8.675465913140648078e-02
8.455137494049770608e-02
8.455137494049770608e-02
8.455137494049770608e-02
8.455137494049770608e-02
8.455137494049770608e-02
8.455137494049770608e-02
8.454613446872122351e-02
8.400755043489166463e-02
8.400755043489166463e-02
8.307755054528438710e-02
8.307755054528438710e-02
8.307755054528438710e-02
8.307755054528438710e-02
8.307755054528438710e-02
8.269645134123834729e-02
8.250810072156722352e-02
8.236108985067007449e-02
8.118617145547042668e-02
8.034555066921554578e-02
8.020768376554386625e-02
8.019106607480624982e-02
8.018836448816063500e-02
8.018813250683848315e-02
8.018749552489143340e-02
8.018749552489143340e-02
8.018747032112918949e-02
7.877849093320835050e-02
7.851918485979328399e-02
7.712018573469757443e-02
7.712018573469757443e-02
7.702058483594187432e-02
7.702058483594187432e-02
7.687677384049468321e-02
7.684756931767590393e-02
7.684325235488038974e-02
7.684267448876926088e-02
7.684253267820659317e-02
7.684253267820659317e-02
7.655752724317148317e-02
7.621917359021393445e-02
7.621776505400996993e-02
7.606905983301340268e-02
7.606905983301340268e-02
7.497243137456773010e-02
7.497243137456773010e-02
7.491928661412813883e-02
7.490269873352299601e-02
7.421668204602331620e-02
7.404438172446740907e-02
7.403252611883739953e-02
7.387763925474230553e-02
7.383892571938389937e-02
7.339566967392356645e-02
7.271742856778945496e-02
7.270306077940058564e-02
7.270257554538719913e-02
7.265135924097557152e-02
7.265135924097557152e-02
7.257846384109174764e-02
7.242743628550270263e-02
7.225724008824020717e-02
7.216989865520655190e-02
7.216989865520655190e-02
7.216989865520655190e-02
7.216989865520655190e-02
