3.201430879905871052e+01
3.137026948687675798e+01
3.137026948687675798e+01
3.074315779076807686e+01
1.194943581553356360e+01
3.417568480901273631e+00
1.948306435903549128e+00
1.948306435903549128e+00
1.948306435903549128e+00
1.948306435903549128e+00
1.659317192114046602e+00
1.659317192114046602e+00
1.659317192114046602e+00
1.659317192114046602e+00
1.659317192114046602e+00
1.659317192114046602e+00
1.570453860584435812e+00
1.570453860584435812e+00
1.570453860584435812e+00
1.570453860584435812e+00
1.523877337994356429e+00
1.523877337994356429e+00
1.453440698254557351e+00
1.442994756430796777e+00
1.405107352776907792e+00
1.405107352776907792e+00
1.252284024280768238e+00
1.252284024280768238e+00
1.252284024280768238e+00
1.252284024280768238e+00
1.252284024280768238e+00
1.205684294645437360e+00
1.101121799094967324e+00
1.082244655009341416e+00
9.753519652340387758e-01
9.734889102738353284e-01
9.448241746242358463e-01
8.245352403858025037e-01
7.590255407571577795e-01
7.561744660244371641e-01
6.776404186949908093e-01
5.534008113888827518e-01
4.619656102931432029e-01
3.506226087797618129e-01
3.506226087797618129e-01
2.895808821644409448e-01
2.895808821644409448e-01
2.676162364284755957e-01
2.379489848046253686e-01
2.379489848046253686e-01
2.197792804841339209e-01
2.197792804841339209e-01
1.977033317813555180e-01
1.891190262429975344e-01
1.843673566186185275e-01
1.643953860075306472e-01
1.643953860075306472e-01
1.643953860075306472e-01
1.575074697588910166e-01
1.575074697588910166e-01
1.575074697588910166e-01
1.575074697588910166e-01
1.575074697588910166e-01
1.457381392382337548e-01
1.226295093903087691e-01
1.226295093903087691e-01
1.226295093903087691e-01
1.067757940192202715e-01
1.067757940192202715e-01
1.067757940192202715e-01
1.067757940192202715e-01
1.067757940192202715e-01
1.067757940192202715e-01
1.067757940192202715e-01
1.067757940192202715e-01
1.067757940192202715e-01
1.067757940192202715e-01
1.067757940192202715e-01
1.067757940192202715e-01
1.067757940192202715e-01
1.067757940192202715e-01
1.022311184986105931e-01
9.795103030580624981e-02
9.692726266236487143e-02
9.679222909011372944e-02
9.679222909011372944e-02
9.679222909011372944e-02
9.279189471968650460e-02
9.279189471968650460e-02
9.279189471968650460e-02
9.279189471968650460e-02
9.279189471968650460e-02
9.279189471968650460e-02
9.279189471968650460e-02
9.279189471968650460e-02
9.202469657507861278e-02
9.174046603683000400e-02
9.174046603683000400e-02
9.174046603683000400e-02
9.174046603683000400e-02
9.174046603683000400e-02
8.678291262722455379e-02
8.269535961024784831e-02
7.424116451969109409e-02
7.424116451969109409e-02
7.424116451969109409e-02
7.424116451969109409e-02
7.424116451969109409e-02
7.391387167060523011e-02
7.391387167060523011e-02
7.391387167060523011e-02
7.391387167060523011e-02
7.391387167060523011e-02
7.391387167060523011e-02
7.391387167060523011e-02
7.391387167060523011e-02
7.391387167060523011e-02
7.391387167060523011e-02
7.391387167060523011e-02
7.391387167060523011e-02
7.391387167060523011e-02
7.164234068569885761e-02
7.164234068569885761e-02
7.164234068569885761e-02
7.164234068569885761e-02
7.164234068569885761e-02
7.164234068569885761e-02
7.164234068569885761e-02
7.164234068569885761e-02
7.164234068569885761e-02
7.164234068569885761e-02
7.164234068569885761e-02
7.164234068569885761e-02
7.164234068569885761e-02
7.164234068569885761e-02
7.142575738426092113e-02
7.127425200065007349e-02
7.068662918266603590e-02
7.064698438005267978e-02
7.064698438005267978e-02
7.022242032557578229e-02
7.012037815494534532e-02
6.997557796357212201e-02
6.997557796357212201e-02
6.918913032526778639e-02
6.479639272055053023e-02
6.479639272055053023e-02
6.479639272055053023e-02
6.479639272055053023e-02
6.479639272055053023e-02
6.479639272055053023e-02
6.452673409195978926e-02
6.452673409195978926e-02
6.247441880380509571e-02
6.247441880380509571e-02
6.172613237590748175e-02
6.060135728083403117e-02
6.060135728083403117e-02
6.060135728083403117e-02
6.060135728083403117e-02
6.060135728083403117e-02
6.060135728083403117e-02
6.055390151560215845e-02
6.055390151560215845e-02
6.029881887294283316e-02
6.022324813506442498e-02
5.976091456467485380e-02
5.976091456467485380e-02
5.926734730230238946e-02
5.875539751164685770e-02
5.809163901638634414e-02
5.799146305130354478e-02
5.724406896414342000e-02
5.685069468108952528e-02
5.605811083773229453e-02
5.563691128922102630e-02
5.536186643680746089e-02
5.536186643680746089e-02
5.536186643680746089e-02
5.536186643680746089e-02
5.536186643680746089e-02
5.536186643680746089e-02
5.536186643680746089e-02
5.536186643680746089e-02
5.536186643680746089e-02
5.509951576151605329e-02
5.509024795493274590e-02
5.508818207774953540e-02
5.506435105603627728e-02
5.436859544569067060e-02
5.421056236505836234e-02
5.420527892888783034e-02
5.420500549776136739e-02
5.420500549776136739e-02
5.420498328921935505e-02
5.420493586123446145e-02
5.359800479672378187e-02
5.359800479672378187e-02
5.355850850742138736e-02
5.355806704562849491e-02
