3.162660587716160876e+01
3.162660587716160876e+01
1.437746576481324468e+01
5.381181279735632650e+00
5.381181279735632650e+00
5.381181279735632650e+00
5.381181279735632650e+00
4.864702341003972919e+00
3.734466715658391944e+00
3.039953487632804041e+00
2.288482545022557879e+00
1.731747444521279711e+00
1.731747444521279711e+00
1.648900941321462588e+00
1.648900941321462588e+00
1.648900941321462588e+00
1.648900941321462588e+00
1.648900941321462588e+00
1.648900941321462588e+00
1.648900941321462588e+00
1.648900941321462588e+00
1.648900941321462588e+00
9.283245567956968092e-01
9.283245567956968092e-01
9.283245567956968092e-01
7.601027861785919493e-01
7.601027861785919493e-01
5.907768987148447337e-01
4.549420225626094050e-01
4.549420225626094050e-01
2.542109459720739428e-01
2.542109459720739428e-01
2.542109459720739428e-01
2.542109459720739428e-01
2.464813353601341683e-01
2.464813353601341683e-01
2.464813353601341683e-01
1.558979102702073016e-01
1.558979102702073016e-01
1.558979102702073016e-01
1.558979102702073016e-01
1.295907465256301017e-01
1.295907465256301017e-01
1.295907465256301017e-01
1.295907465256301017e-01
1.295907465256301017e-01
1.295907465256301017e-01
1.164439211276280528e-01
1.164439211276280528e-01
1.164439211276280528e-01
1.164439211276280528e-01
1.164439211276280528e-01
1.164439211276280528e-01
1.164439211276280528e-01
1.162477497666189463e-01
1.041431340397067362e-01
1.041431340397067362e-01
1.018611028095145477e-01
1.018611028095145477e-01
1.018611028095145477e-01
1.018611028095145477e-01
1.018611028095145477e-01
1.018611028095145477e-01
1.018611028095145477e-01
9.862599666612287264e-02
9.862599666612287264e-02
9.739674154910227255e-02
9.619707100613264505e-02
9.619707100613264505e-02
9.619707100613264505e-02
9.142710086064688435e-02
9.142710086064688435e-02
9.142710086064688435e-02
8.507604547746464019e-02
8.507604547746464019e-02
8.507604547746464019e-02
8.507604547746464019e-02
8.507604547746464019e-02
8.507604547746464019e-02
8.507604547746464019e-02
8.507604547746464019e-02
8.507604547746464019e-02
8.507604547746464019e-02
8.507604547746464019e-02
8.507604547746464019e-02
8.245571727893317993e-02
8.245571727893317993e-02
8.245571727893317993e-02
8.245571727893317993e-02
8.245571727893317993e-02
8.245571727893317993e-02
8.245571727893317993e-02
8.245571727893317993e-02
8.245571727893317993e-02
8.245571727893317993e-02
8.245571727893317993e-02
8.245571727893317993e-02
8.245571727893317993e-02
8.177510664652923311e-02
8.177510664652923311e-02
8.177510664652923311e-02
8.177510664652923311e-02
8.117227524239564729e-02
8.081620872217278040e-02
8.081620872217278040e-02
8.081620872217278040e-02
7.941454007692889949e-02
7.941454007692889949e-02
7.941454007692889949e-02
7.941454007692889949e-02
7.941454007692889949e-02
7.941454007692889949e-02
7.941454007692889949e-02
7.941454007692889949e-02
7.901602000474110266e-02
7.890159750520699122e-02
7.887380713963147716e-02
7.785413972950259998e-02
7.741789687613784277e-02
7.741789687613784277e-02
7.446511256326873718e-02
7.323452226961189859e-02
7.312734594894193529e-02
7.312734594894193529e-02
7.312734594894193529e-02
7.312734594894193529e-02
7.303262245350214399e-02
7.293515118184744350e-02
7.292905659581283562e-02
7.292905659581283562e-02
7.292682785935011847e-02
7.292682785935011847e-02
7.292682785935011847e-02
7.292658177574347367e-02
7.209213836711099443e-02
7.209213836711099443e-02
7.209213836711099443e-02
7.209213836711099443e-02
7.209213836711099443e-02
7.209213836711099443e-02
7.209213836711099443e-02
7.209213836711099443e-02
7.209213836711099443e-02
7.209213836711099443e-02
7.209213836711099443e-02
7.209213836711099443e-02
7.209213836711099443e-02
7.209213836711099443e-02
7.209213836711099443e-02
7.209213836711099443e-02
6.582857561285623826e-02
6.582857561285623826e-02
6.582857561285623826e-02
6.332319261939496624e-02
6.332319261939496624e-02
6.332319261939496624e-02
6.332319261939496624e-02
6.332319261939496624e-02
6.332319261939496624e-02
6.332319261939496624e-02
6.332319261939496624e-02
6.332319261939496624e-02
6.265480858979928513e-02
6.259334393088417103e-02
6.258313687752181664e-02
6.258230996865773998e-02
6.258210557872843915e-02
6.258210557872843915e-02
6.258158746299528896e-02
6.202621936154265742e-02
6.202621936154265742e-02
6.114832775231515000e-02
6.114832775231515000e-02
6.030054233289616761e-02
6.026909150337396437e-02
6.026909150337396437e-02
6.026607279503137793e-02
6.023975244590354383e-02
6.023975244590354383e-02
5.924824376336755571e-02
5.924824376336755571e-02
5.915861475098078276e-02
5.914448688230294904e-02
5.914340537311903873e-02
5.895910244718931964e-02
5.890631887608692441e-02
5.890631887608692441e-02
5.865105120762309499e-02
5.863556364568455609e-02
5.863462783532093908e-02
5.863462463207640835e-02
5.863460263373275472e-02
5.743556567977997629e-02
5.735702028025337768e-02
5.735477998044574699e-02
5.735477878541584557e-02
5.735477878541584557e-02
5.735477245789145223e-02
5.735477245789145223e-02
5.735473147569034036e-02
