6.345961029651070362e+01
5.864339442845220418e+01
4.426552710044292382e+01
3.297378129012386694e+01
2.797791548371020554e+01
2.797791548371020554e+01
2.493592750692220150e+01
2.493592750692220150e+01
1.999925561687933495e+01
1.577071608609836240e+01
1.549244603757232142e+01
1.549244603757232142e+01
1.481968840825003397e+01
1.345217133985163649e+01
1.345217133985163649e+01
1.345217133985163649e+01
1.345217133985163649e+01
1.320980306689329531e+01
1.302635588150789836e+01
1.228807895608190925e+01
9.444049474995653171e+00
8.832376542069535930e+00
8.572296347726799937e+00
8.352175767199218726e+00
8.303617639731719180e+00
7.965899514744570808e+00
6.907927366646642753e+00
5.749646919768066411e+00
4.951590684661558939e+00
3.904572766859119248e+00
3.104583553570622101e+00
2.547470817548737720e+00
1.987496060612627957e+00
1.527974274022024570e+00
1.053054959508258559e+00
7.326779736096864504e-01
6.353437374866327536e-01
5.359377038011383654e-01
4.544944725654769258e-01
3.466844007607163269e-01
3.227879399708147856e-01
2.239051039213451610e-01
2.239051039213451610e-01
2.161302422329782202e-01
2.064243354520678420e-01
1.837937359367285417e-01
1.548360772623838533e-01
1.418455091621917963e-01
1.319131339950710691e-01
1.287363249650336772e-01
1.287363249650336772e-01
1.041621833256325264e-01
1.040917197813003847e-01
1.040917197813003847e-01
1.033117920391281724e-01
1.033117920391281724e-01
1.033117920391281724e-01
1.033117920391281724e-01
1.033117920391281724e-01
1.033117920391281724e-01
1.033117920391281724e-01
9.871615823575831394e-02
9.871615823575831394e-02
9.871615823575831394e-02
9.675266854560891916e-02
9.565072068995299215e-02
9.333177748215272518e-02
9.333177748215272518e-02
9.333177748215272518e-02
9.333177748215272518e-02
9.333177748215272518e-02
9.333177748215272518e-02
9.203542378880738561e-02
9.203542378880738561e-02
9.203542378880738561e-02
9.073782413192353624e-02
8.942179332167998762e-02
8.942179332167998762e-02
8.942179332167998762e-02
8.942179332167998762e-02
8.942179332167998762e-02
8.942179332167998762e-02
8.592647484439358552e-02
8.060534847325005747e-02
8.060534847325005747e-02
7.987728511412761634e-02
7.506360724999272538e-02
7.422318551392785568e-02
7.422318551392785568e-02
7.422318551392785568e-02
7.422318551392785568e-02
7.422318551392785568e-02
7.197717645376552897e-02
7.197717645376552897e-02
7.197717645376552897e-02
7.197717645376552897e-02
7.197717645376552897e-02
7.197717645376552897e-02
7.197717645376552897e-02
6.957489983054253313e-02
6.951210025262265224e-02
6.951210025262265224e-02
6.951210025262265224e-02
6.951210025262265224e-02
6.951210025262265224e-02
6.951210025262265224e-02
6.951210025262265224e-02
6.951210025262265224e-02
6.621192597461172946e-02
6.621192597461172946e-02
6.273679396575934653e-02
6.273679396575934653e-02
6.273679396575934653e-02
6.273679396575934653e-02
6.180801172252125414e-02
6.180801172252125414e-02
6.144492011978872764e-02
6.144492011978872764e-02
6.144492011978872764e-02
6.144492011978872764e-02
6.144492011978872764e-02
6.144492011978872764e-02
6.109517381280103743e-02
6.027839037582508747e-02
5.981949725366780823e-02
5.981949725366780823e-02
5.981949725366780823e-02
5.981949725366780823e-02
5.908558860378102656e-02
5.908558860378102656e-02
5.908558860378102656e-02
5.908558860378102656e-02
5.908558860378102656e-02
5.908558860378102656e-02
5.908558860378102656e-02
5.908558860378102656e-02
5.908558860378102656e-02
5.908558860378102656e-02
5.908558860378102656e-02
5.908558860378102656e-02
5.908558860378102656e-02
5.908558860378102656e-02
5.908558860378102656e-02
5.906191686146247677e-02
5.906191686146247677e-02
5.906191686146247677e-02
5.886600768356085173e-02
5.886600768356085173e-02
5.882778783518039650e-02
5.881899473511294218e-02
5.879713538896950975e-02
5.879713538896950975e-02
5.879713538896950975e-02
5.879691095857467187e-02
5.879691095857467187e-02
5.878475691174850359e-02
5.873363413645783793e-02
5.857217482727562763e-02
5.857217482727562763e-02
5.841335101044439759e-02
5.838596241716089569e-02
5.838278073079378183e-02
5.838211427739017911e-02
5.782299104823682145e-02
5.782299104823682145e-02
5.782299104823682145e-02
5.782299104823682145e-02
5.782299104823682145e-02
5.782299104823682145e-02
5.782299104823682145e-02
5.782299104823682145e-02
5.782299104823682145e-02
5.782299104823682145e-02
5.775447415850715194e-02
5.774510227839837334e-02
5.774421420403781646e-02
5.774412146264032430e-02
5.774412146264032430e-02
5.774412146264032430e-02
5.774396641603118246e-02
5.774396641603118246e-02
5.774396641603118246e-02
5.774396641603118246e-02
5.774396641603118246e-02
5.774396641603118246e-02
5.774396641603118246e-02
5.774396641603118246e-02
5.774396641603118246e-02
5.774396641603118246e-02
5.774396641603118246e-02
5.774396641603118246e-02
5.774396641603118246e-02
5.774396641603118246e-02
5.774396641603118246e-02
5.774396641603118246e-02
5.774396641603118246e-02
5.758054914814320080e-02
5.753160538199776630e-02
5.753124543050243400e-02
5.753124543050243400e-02
