5.101563632113688840e+01
3.964454448267039055e+01
2.675103082966974455e+01
1.457337705441494435e+01
1.098835150944547934e+01
1.066921408006692218e+01
1.066921408006692218e+01
1.066921408006692218e+01
1.066921408006692218e+01
1.066921408006692218e+01
9.870573694883264082e+00
9.240121556924087542e+00
9.240121556924087542e+00
9.240121556924087542e+00
7.818269996610974104e+00
6.860866022268421460e+00
6.599981195332307315e+00
5.677278485026095112e+00
3.730605506087407708e+00
3.254104236360898739e+00
3.254104236360898739e+00
3.254104236360898739e+00
3.254104236360898739e+00
3.211066918912027113e+00
2.745948031165529102e+00
2.739045099460765798e+00
2.564014506355520417e+00
2.431550157509551724e+00
2.377156537771278000e+00
2.227706840189340731e+00
2.165432464512996091e+00
2.044798289978837946e+00
1.998921012099694750e+00
1.953614709055428778e+00
1.892956585485141341e+00
1.782865674103867537e+00
1.779812215303608891e+00
1.675189667444894726e+00
1.590145143788067150e+00
1.517433979477721850e+00
1.481566609424795455e+00
1.471519333469891500e+00
1.468192419873104448e+00
1.457946392740235186e+00
1.410128601061250819e+00
1.410128601061250819e+00
1.410128601061250819e+00
1.400716374044127077e+00
1.400716374044127077e+00
1.388551949286625620e+00
1.387891137451334522e+00
1.387891137451334522e+00
1.387891137451334522e+00
1.356979627277796085e+00
1.356979627277796085e+00
1.356979627277796085e+00
1.334321859677329858e+00
1.316772730907560529e+00
1.302659979489953379e+00
1.302659979489953379e+00
1.302659979489953379e+00
1.302659979489953379e+00
1.281037150848005179e+00
1.279429080464563828e+00
1.260054532870291677e+00
1.260054532870291677e+00
1.260054532870291677e+00
1.260054532870291677e+00
1.260054532870291677e+00
1.260054532870291677e+00
1.249738246400689423e+00
1.244384795339839700e+00
1.244384795339839700e+00
1.222045185646026155e+00
1.222045185646026155e+00
1.219746573493851738e+00
1.194490509887121465e+00
1.187337300378476179e+00
1.170542433495369128e+00
1.170542433495369128e+00
1.151245026783093373e+00
1.151245026783093373e+00
1.142318539585056802e+00
1.142318539585056802e+00
1.140593006480933091e+00
1.140593006480933091e+00
1.140593006480933091e+00
1.137510214447967627e+00
1.137510214447967627e+00
1.134641847982957419e+00
1.134641847982957419e+00
1.134641847982957419e+00
1.134641847982957419e+00
1.131775456760411913e+00
1.121915871385721575e+00
1.121915871385721575e+00
1.117863150419195151e+00
1.116770635922829324e+00
1.110291013564402629e+00
1.110291013564402629e+00
1.106345506300971282e+00
1.106345506300971282e+00
1.097291404552236171e+00
1.097291404552236171e+00
1.092908412333297496e+00
1.086156155291404968e+00
1.068813091384024583e+00
1.046714868464101444e+00
1.033160012998701971e+00
1.030741511965742596e+00
1.027069088910640193e+00
1.026366947078840575e+00
1.020101276644268751e+00
1.015028736021434730e+00
1.001170651662656841e+00
9.952814029446627186e-01
9.952814029446627186e-01
9.952814029446627186e-01
9.867149778841119989e-01
9.710638144101328972e-01
9.710638144101328972e-01
9.664458096993443492e-01
9.664458096993443492e-01
9.597461767272618127e-01
9.521887943856903735e-01
9.501143749816201023e-01
9.473510768700524887e-01
9.423807733141397192e-01
9.392749020781689939e-01
9.299949236490725468e-01
9.274196539990691157e-01
9.262789746876034513e-01
9.243823315509251959e-01
9.185636786556238276e-01
9.185636786556238276e-01
9.075236851494352663e-01
9.075236851494352663e-01
9.029366034714031430e-01
8.875791746666201742e-01
8.830769856118156902e-01
8.830769856118156902e-01
8.830769856118156902e-01
8.808618611649599028e-01
8.800635069027531454e-01
8.773366092349346168e-01
8.773366092349346168e-01
8.700834276391377076e-01
8.653547550256779353e-01
8.653547550256779353e-01
8.653547550256779353e-01
8.653547550256779353e-01
8.567090383205682169e-01
8.550650888502298042e-01
8.550650888502298042e-01
8.550650888502298042e-01
8.532882732390804081e-01
8.532882732390804081e-01
8.479635590852439009e-01
8.445792420976002690e-01
8.430998277487629089e-01
8.429677239539457023e-01
8.393529058207174209e-01
8.371703274070488865e-01
8.361214620114671980e-01
8.361214620114671980e-01
8.361214620114671980e-01
8.361214620114671980e-01
8.361214620114671980e-01
8.358444498190880090e-01
8.324982490859422768e-01
8.255958939563601273e-01
8.226749894443472488e-01
8.211778978674624252e-01
8.154393142727810462e-01
8.146442815618252231e-01
8.132954273284328517e-01
8.124878485097013492e-01
8.124338566665416650e-01
8.124310894334916267e-01
8.092156760540969440e-01
8.067453098008637857e-01
8.028994678144589781e-01
8.028994678144589781e-01
8.015691508690202527e-01
8.013361795006279653e-01
7.994357281458291942e-01
7.929726364377862602e-01
7.926760169065960593e-01
7.926760169065960593e-01
7.925274767892542815e-01
7.925150389851465249e-01
7.925143774305842825e-01
7.925141789328222774e-01
7.889477320325339882e-01
7.889477320325339882e-01
7.871010050131777014e-01
7.870586352227608717e-01
7.870581215958383225e-01
7.862707254526977163e-01
7.862707254526977163e-01
