2.762083772972427909e+01
2.762083772972427909e+01
2.762083772972427909e+01
2.722352713303537897e+01
1.879583587260686173e+01
1.879583587260686173e+01
1.287014664097040395e+01
1.000237840400680689e+01
8.868985880241945452e+00
8.442388830888731377e+00
8.161654814671036817e+00
8.074065425174536514e+00
8.074065425174536514e+00
6.784102557215295093e+00
6.255531349858062029e+00
6.139799411545360464e+00
6.139799411545360464e+00
5.575205328411144023e+00
4.031364418765468471e+00
3.009805529229365284e+00
2.300375679933925888e+00
1.687224987738551452e+00
1.301693594260804998e+00
8.830408870746921934e-01
7.194418345872785059e-01
6.796428907667345642e-01
6.796428907667345642e-01
5.194641051855924951e-01
5.194641051855924951e-01
5.194641051855924951e-01
5.194641051855924951e-01
5.194641051855924951e-01
4.878244782652955691e-01
4.604074882230627108e-01
4.431307717757760889e-01
3.221913859771832200e-01
3.221913859771832200e-01
2.687005473752728246e-01
2.238127795664850428e-01
2.238127795664850428e-01
1.919839606395237763e-01
1.883876358243365967e-01
1.803694457960358655e-01
1.547568792443078101e-01
1.547568792443078101e-01
1.068622000691563101e-01
1.012068503072735687e-01
8.853878807819308416e-02
8.853878807819308416e-02
8.853878807819308416e-02
8.825961911707472241e-02
8.270236979990917836e-02
8.270236979990917836e-02
8.270236979990917836e-02
8.270236979990917836e-02
8.270236979990917836e-02
8.254955754280199343e-02
8.254955754280199343e-02
8.254955754280199343e-02
8.254955754280199343e-02
8.164648944742414205e-02
7.691160169096712684e-02
7.691160169096712684e-02
7.691160169096712684e-02
7.691160169096712684e-02
7.691160169096712684e-02
7.691160169096712684e-02
7.647165762865197614e-02
7.647165762865197614e-02
7.647165762865197614e-02
7.645501002667932922e-02
7.553275538865417138e-02
7.553275538865417138e-02
7.553275538865417138e-02
7.553275538865417138e-02
7.553275538865417138e-02
7.553275538865417138e-02
7.553275538865417138e-02
7.529945417324578061e-02
7.529945417324578061e-02
7.529945417324578061e-02
7.394723482181672636e-02
7.394723482181672636e-02
7.394723482181672636e-02
7.394723482181672636e-02
7.394723482181672636e-02
7.126857576863637744e-02
7.126857576863637744e-02
7.126857576863637744e-02
7.126857576863637744e-02
7.126857576863637744e-02
7.126857576863637744e-02
7.126857576863637744e-02
7.126857576863637744e-02
7.126857576863637744e-02
7.126857576863637744e-02
7.126857576863637744e-02
7.126857576863637744e-02
7.126857576863637744e-02
7.068995009279939457e-02
7.068995009279939457e-02
7.068995009279939457e-02
7.068995009279939457e-02
7.068995009279939457e-02
7.068995009279939457e-02
7.000293569380250380e-02
7.000293569380250380e-02
7.000293569380250380e-02
7.000293569380250380e-02
7.000293569380250380e-02
7.000293569380250380e-02
7.000293569380250380e-02
6.946134574006614104e-02
6.946134574006614104e-02
6.946134574006614104e-02
6.946134574006614104e-02
6.946134574006614104e-02
6.946134574006614104e-02
6.946134574006614104e-02
6.946134574006614104e-02
6.946134574006614104e-02
6.946134574006614104e-02
6.946134574006614104e-02
6.946134574006614104e-02
6.946134574006614104e-02
6.946134574006614104e-02
6.946134574006614104e-02
6.946134574006614104e-02
6.946134574006614104e-02
6.946134574006614104e-02
6.946134574006614104e-02
6.932592008129050132e-02
6.927270292030424104e-02
6.926632011541915268e-02
6.926632011541915268e-02
6.925781537014870370e-02
6.925621581312496611e-02
6.925588577941560464e-02
6.896536816516123103e-02
6.896536816516123103e-02
6.896536816516123103e-02
6.896536816516123103e-02
6.893395130185876740e-02
6.893395130185876740e-02
6.893395130185876740e-02
6.893395130185876740e-02
6.891933750525175428e-02
6.891933750525175428e-02
6.891933750525175428e-02
6.891933750525175428e-02
6.891933750525175428e-02
6.891933750525175428e-02
6.891933750525175428e-02
6.891933750525175428e-02
6.654702596281139582e-02
6.654702596281139582e-02
6.654702596281139582e-02
6.654702596281139582e-02
6.634831620219162895e-02
6.634831620219162895e-02
6.634831620219162895e-02
6.634831620219162895e-02
6.634831620219162895e-02
6.634831620219162895e-02
6.634831620219162895e-02
6.634831620219162895e-02
6.634831620219162895e-02
6.634831620219162895e-02
6.634831620219162895e-02
6.634831620219162895e-02
6.634831620219162895e-02
6.634831620219162895e-02
6.634831620219162895e-02
6.621383176300815743e-02
6.621383176300815743e-02
6.617469238765101569e-02
6.616956956083015762e-02
6.616924404430443718e-02
6.616900716356574619e-02
6.616900716356574619e-02
6.616900716356574619e-02
6.607860944837316841e-02
6.602073168970069850e-02
6.601762482404527344e-02
6.601751212934116320e-02
6.601739966575492780e-02
6.601720034060422349e-02
6.601720034060422349e-02
6.598246847034729134e-02
6.598246847034729134e-02
6.598246847034729134e-02
6.578234092060547544e-02
6.574137770837265582e-02
6.574088243733444692e-02
6.574086102401073550e-02
6.574086102401073550e-02
6.574086102401073550e-02
6.574083574694172816e-02
6.574083574694172816e-02
6.574083574694172816e-02
