6.151081984237797684e+01
5.213994526397904394e+01
4.107373601555193687e+01
3.434896835810302207e+01
2.939793339687486196e+01
2.666546805411520182e+01
2.666546805411520182e+01
2.666546805411520182e+01
2.523986643575712918e+01
1.136402683080775944e+01
1.029442651352002613e+01
1.029442651352002613e+01
1.029442651352002613e+01
9.581156257762266648e+00
9.581156257762266648e+00
9.581156257762266648e+00
9.581156257762266648e+00
9.581156257762266648e+00
8.982164788117199095e+00
8.832776060399890383e+00
6.690716228330928494e+00
6.690716228330928494e+00
6.200642139454357604e+00
6.200642139454357604e+00
5.954600499368227773e+00
4.720845059485723638e+00
3.811870569781254492e+00
3.004644219912848691e+00
2.520349519477218969e+00
1.948863593059115384e+00
1.808500650576230662e+00
1.622668664770620772e+00
1.502481926919207345e+00
1.304484085244572489e+00
1.200160606331359237e+00
1.157084720459282234e+00
1.099052287008764006e+00
1.008039850111299707e+00
1.002925203638086904e+00
9.124995692266908431e-01
9.124995692266908431e-01
8.393312304992708306e-01
7.968559953068387047e-01
7.282543146769780984e-01
6.724883062762796460e-01
5.687008790110207324e-01
5.647072138662162510e-01
5.194619224554543058e-01
5.008625445825415357e-01
4.932438020996130490e-01
4.647686370092511399e-01
4.535350207038668646e-01
4.096877629010152178e-01
3.868899656644621543e-01
3.781417796995109604e-01
3.415741307130860105e-01
3.310015444557485309e-01
3.162309202912726991e-01
3.162309202912726991e-01
2.929182309387980410e-01
2.909847883909309485e-01
2.576383077348258777e-01
2.316314160624137197e-01
2.316314160624137197e-01
2.216875802488056380e-01
2.216875802488056380e-01
2.216875802488056380e-01
2.121127136913485145e-01
2.074193009667069654e-01
1.971821369419466397e-01
1.904446308480257366e-01
1.880150812307536667e-01
1.811436354086174705e-01
1.529394281892540453e-01
1.529394281892540453e-01
1.412438644915228747e-01
1.307717097139369233e-01
1.236783436734223696e-01
1.236783436734223696e-01
1.236783436734223696e-01
1.236783436734223696e-01
1.026261743252174508e-01
9.043928562026254392e-02
8.916243038076544780e-02
7.400215916102698133e-02
7.400215916102698133e-02
7.023179038971165411e-02
7.023179038971165411e-02
7.023179038971165411e-02
7.023179038971165411e-02
7.023179038971165411e-02
7.023179038971165411e-02
7.023179038971165411e-02
6.929058880645597163e-02
6.929058880645597163e-02
6.929058880645597163e-02
6.683629223839410161e-02
6.683629223839410161e-02
6.683629223839410161e-02
6.683629223839410161e-02
6.683629223839410161e-02
6.683629223839410161e-02
6.486977505637771257e-02
6.280581139391527845e-02
6.168272618746604985e-02
6.168272618746604985e-02
6.168272618746604985e-02
6.168272618746604985e-02
6.168272618746604985e-02
6.091962682405038104e-02
6.074388914093913072e-02
6.074388914093913072e-02
6.074388914093913072e-02
6.009928375525516731e-02
6.009928375525516731e-02
6.009928375525516731e-02
6.009928375525516731e-02
5.782712640380002767e-02
5.782712640380002767e-02
5.782712640380002767e-02
5.782712640380002767e-02
5.782712640380002767e-02
5.689436062848668429e-02
5.689436062848668429e-02
5.689436062848668429e-02
5.657034115854885081e-02
5.657034115854885081e-02
5.657034115854885081e-02
5.657034115854885081e-02
5.657034115854885081e-02
5.657034115854885081e-02
5.657034115854885081e-02
5.615969813587429887e-02
5.502105344750900240e-02
5.502105344750900240e-02
5.502105344750900240e-02
5.502105344750900240e-02
5.502105344750900240e-02
5.502105344750900240e-02
5.502105344750900240e-02
5.502105344750900240e-02
5.502105344750900240e-02
5.502105344750900240e-02
5.502105344750900240e-02
5.447027478721792187e-02
5.447027478721792187e-02
5.432182066428356548e-02
5.361368299121072739e-02
5.361368299121072739e-02
5.361368299121072739e-02
5.361368299121072739e-02
5.361368299121072739e-02
5.361265479390541627e-02
5.361265479390541627e-02
5.361265479390541627e-02
5.352212118697535076e-02
5.348662826739920134e-02
5.347919633551061203e-02
5.347767236372045346e-02
5.347737319119388877e-02
5.347729077945163195e-02
5.347729077945163195e-02
5.347728274814755878e-02
5.318729059131360043e-02
5.318729059131360043e-02
5.318729059131360043e-02
5.318729059131360043e-02
5.277781706287164309e-02
5.277781706287164309e-02
5.277781706287164309e-02
5.277781706287164309e-02
5.277781706287164309e-02
5.277781706287164309e-02
5.277781706287164309e-02
5.277781706287164309e-02
5.277781706287164309e-02
5.244539402024996771e-02
5.238677514466925922e-02
5.238677514466925922e-02
5.238677514466925922e-02
5.235860068560972691e-02
5.235860068560972691e-02
5.231341802167368410e-02
5.231341802167368410e-02
5.231341802167368410e-02
5.231341802167368410e-02
5.231341802167368410e-02
5.231341802167368410e-02
5.231341802167368410e-02
5.231341802167368410e-02
5.231341802167368410e-02
5.231341802167368410e-02
5.231341802167368410e-02
5.231341802167368410e-02
5.231341802167368410e-02
5.231341802167368410e-02
5.231341802167368410e-02
5.231341802167368410e-02
5.231341802167368410e-02
5.231341802167368410e-02
