8.321282187752321136e+01
7.340209641870178814e+01
7.245334052583871198e+01
7.245334052583871198e+01
7.245334052583871198e+01
7.245334052583871198e+01
4.394468304463204333e+01
3.089433005911367047e+01
2.801101819986778096e+01
2.801101819986778096e+01
2.775098192926672880e+01
2.775098192926672880e+01
2.570687423913589953e+01
2.234501263578500740e+01
1.958043602881429024e+01
1.758492678524244823e+01
1.489852949867252718e+01
9.213854461140664753e+00
7.479889320197164793e+00
6.291888451071926625e+00
3.744933758450349259e+00
2.660896586376016337e+00
1.955842748615446602e+00
1.787711051361988268e+00
1.465181980560869013e+00
1.430357703042052453e+00
1.069503121868783158e+00
1.069503121868783158e+00
9.314733880686504319e-01
7.497716777644685138e-01
6.420616408882821036e-01
5.706654315580719228e-01
5.085188768561516026e-01
4.907870699047362506e-01
4.876683759903877591e-01
3.754217351126026836e-01
3.754217351126026836e-01
3.754217351126026836e-01
3.177788633290627995e-01
2.829678075996432396e-01
2.552029373372144971e-01
2.552029373372144971e-01
2.504324991461354677e-01
2.504324991461354677e-01
2.504324991461354677e-01
2.504324991461354677e-01
2.406604868527004171e-01
2.207303829262199646e-01
2.119178579504650550e-01
2.119178579504650550e-01
1.999558420823960014e-01
1.999558420823960014e-01
1.999558420823960014e-01
1.999558420823960014e-01
1.999558420823960014e-01
1.907779148083076359e-01
1.907779148083076359e-01
1.829277202486346843e-01
1.745009003307348705e-01
1.745009003307348705e-01
1.671957415324287766e-01
1.671957415324287766e-01
1.671957415324287766e-01
1.671957415324287766e-01
1.671957415324287766e-01
1.671957415324287766e-01
1.665488276903969167e-01
1.665488276903969167e-01
1.665488276903969167e-01
1.595744910342031531e-01
1.595744910342031531e-01
1.502119901578726491e-01
1.502119901578726491e-01
1.502119901578726491e-01
1.502119901578726491e-01
1.502119901578726491e-01
1.502119901578726491e-01
1.502119901578726491e-01
1.502119901578726491e-01
1.485051186149006219e-01
1.485051186149006219e-01
1.485051186149006219e-01
1.485051186149006219e-01
1.485051186149006219e-01
1.485051186149006219e-01
1.485051186149006219e-01
1.485051186149006219e-01
1.406312064692398500e-01
1.401062716112932149e-01
1.299040108348594458e-01
1.299040108348594458e-01
1.299040108348594458e-01
1.299040108348594458e-01
1.284027525657379931e-01
1.284027525657379931e-01
1.284027525657379931e-01
1.280295171848015723e-01
1.280295171848015723e-01
1.226341540434548044e-01
1.226341540434548044e-01
1.214893683310039052e-01
1.214893683310039052e-01
1.214893683310039052e-01
1.214893683310039052e-01
1.160097083061445156e-01
1.142968288995680065e-01
1.130672577643092869e-01
1.130672577643092869e-01
1.130672577643092869e-01
1.130672577643092869e-01
1.130672577643092869e-01
1.130672577643092869e-01
1.121991145165817799e-01
1.113576611220728346e-01
1.113576611220728346e-01
1.082989294368053440e-01
1.082989294368053440e-01
1.082989294368053440e-01
1.082989294368053440e-01
1.082989294368053440e-01
1.082272416457721737e-01
1.082272416457721737e-01
1.082272416457721737e-01
1.077950146697824046e-01
1.077950146697824046e-01
1.077950146697824046e-01
1.077950146697824046e-01
1.046386717829429075e-01
1.046386717829429075e-01
1.024652810295210437e-01
1.024652810295210437e-01
1.020023335818138338e-01
1.020023335818138338e-01
9.442004150637495208e-02
9.442004150637495208e-02
9.113934552901345465e-02
9.113934552901345465e-02
9.113934552901345465e-02
9.113934552901345465e-02
9.113934552901345465e-02
9.113934552901345465e-02
9.113934552901345465e-02
9.113934552901345465e-02
9.022919444394238153e-02
8.540643548312816524e-02
8.363708732051004791e-02
8.322877856055566070e-02
8.054830200206154756e-02
8.054830200206154756e-02
8.054830200206154756e-02
8.054830200206154756e-02
8.054830200206154756e-02
8.054830200206154756e-02
7.996087578024620168e-02
7.996087578024620168e-02
7.996087578024620168e-02
7.964845789025461198e-02
7.959301211805737408e-02
7.959070868737976034e-02
7.959030695158270108e-02
7.958973417545374407e-02
7.958973417545374407e-02
7.843783375344673403e-02
7.825170252362809165e-02
7.825170252362809165e-02
7.819664824264016545e-02
7.815059433364140995e-02
7.815059433364140995e-02
7.815059433364140995e-02
7.686711584251548768e-02
7.667422783226991723e-02
7.667422783226991723e-02
7.664913271691491115e-02
7.664193294507105902e-02
7.637270634376081002e-02
7.637270634376081002e-02
7.637270634376081002e-02
7.616018543896729831e-02
7.616018543896729831e-02
7.615048825411625810e-02
7.615048825411625810e-02
7.615048825411625810e-02
7.610353686537073281e-02
7.605096732932083159e-02
7.605096732932083159e-02
7.549382905143253719e-02
7.479691326092635650e-02
7.478694361438037452e-02
7.478630240184894196e-02
7.458411837997264149e-02
7.455833492234267834e-02
7.455833492234267834e-02
7.445711802776007471e-02
7.445335665116425972e-02
7.438545754827673162e-02
7.433672349545927815e-02
7.433657502327452316e-02
7.433657502327452316e-02
7.433657502327452316e-02
7.432916646151829787e-02
