5.162360665737925558e+01
5.162360665737925558e+01
4.425693674284200085e+01
4.011405656883126625e+01
4.011405656883126625e+01
3.424925524830862145e+01
2.779217424441128870e+01
1.809788598003725468e+01
1.403935123696800602e+01
1.403935123696800602e+01
1.064605742618713080e+01
8.288983162807063820e+00
7.899956462112033506e+00
7.899956462112033506e+00
7.899956462112033506e+00
4.306743059780700378e+00
2.775645213162868608e+00
2.775645213162868608e+00
2.775645213162868608e+00
2.775645213162868608e+00
1.976257715598390918e+00
1.976257715598390918e+00
1.874910872845106935e+00
1.712266012158671025e+00
1.449179242968793746e+00
1.262081148555379340e+00
1.203859593288252761e+00
1.106754268232317484e+00
6.771521565439829748e-01
4.680580234478305401e-01
3.173106189043412018e-01
2.572085998524250017e-01
2.199258946921595625e-01
2.199258946921595625e-01
2.051569728551737859e-01
1.910058471173540218e-01
1.910058471173540218e-01
1.909024986493161880e-01
1.909024986493161880e-01
1.879089114449122300e-01
1.728319167391155486e-01
1.396865047259516768e-01
1.198996079502968881e-01
1.198996079502968881e-01
1.198996079502968881e-01
1.198996079502968881e-01
1.198996079502968881e-01
1.198996079502968881e-01
1.171276046426708156e-01
1.171276046426708156e-01
1.171261123217312156e-01
1.034050303585102304e-01
9.688416007979054612e-02
9.688416007979054612e-02
9.688416007979054612e-02
9.688416007979054612e-02
9.504452537359225905e-02
9.504452537359225905e-02
9.504452537359225905e-02
9.504452537359225905e-02
9.504452537359225905e-02
8.905483443361952856e-02
8.470234546050248170e-02
8.470234546050248170e-02
8.470234546050248170e-02
8.470234546050248170e-02
8.470234546050248170e-02
8.470234546050248170e-02
8.470234546050248170e-02
8.470234546050248170e-02
8.470234546050248170e-02
8.125297523947043465e-02
8.125297523947043465e-02
7.917891930631028308e-02
7.917891930631028308e-02
7.917891930631028308e-02
7.917891930631028308e-02
7.916024786030984028e-02
7.916024786030984028e-02
7.916024786030984028e-02
7.916024786030984028e-02
7.916024786030984028e-02
7.916024786030984028e-02
7.746792215716630237e-02
7.746792215716630237e-02
7.746792215716630237e-02
7.746792215716630237e-02
7.746792215716630237e-02
7.746792215716630237e-02
7.746792215716630237e-02
7.746792215716630237e-02
7.685027997951671130e-02
7.406552563374385612e-02
7.406552563374385612e-02
7.406552563374385612e-02
7.406552563374385612e-02
7.322912290575153693e-02
7.322912290575153693e-02
7.322912290575153693e-02
7.322912290575153693e-02
7.300088926276528112e-02
7.300088926276528112e-02
7.242800404778666767e-02
7.242800404778666767e-02
7.242800404778666767e-02
7.179194868378080407e-02
7.179194868378080407e-02
7.179194868378080407e-02
7.179194868378080407e-02
7.179194868378080407e-02
7.179194868378080407e-02
7.179194868378080407e-02
7.179194868378080407e-02
7.179194868378080407e-02
7.179194868378080407e-02
7.179194868378080407e-02
7.179194868378080407e-02
7.179194868378080407e-02
7.179194868378080407e-02
7.179194868378080407e-02
7.179194868378080407e-02
7.179194868378080407e-02
7.179194868378080407e-02
7.179194868378080407e-02
7.179194868378080407e-02
7.119088652028071618e-02
7.119088652028071618e-02
7.058081237588080536e-02
7.058081237588080536e-02
7.058081237588080536e-02
7.058081237588080536e-02
6.914140539245650086e-02
6.895925988855698685e-02
6.895925988855698685e-02
6.895925988855698685e-02
6.895925988855698685e-02
6.895925988855698685e-02
6.895925988855698685e-02
6.895925988855698685e-02
6.876222306573792631e-02
6.780356596706052508e-02
6.778999457349020596e-02
6.778999457349020596e-02
6.778999457349020596e-02
6.724472591192191817e-02
6.583343852201402335e-02
6.583343852201402335e-02
6.583343852201402335e-02
6.583343852201402335e-02
6.583343852201402335e-02
6.583343852201402335e-02
6.583343852201402335e-02
6.583343852201402335e-02
6.583343852201402335e-02
6.583343852201402335e-02
6.583343852201402335e-02
6.583343852201402335e-02
6.583343852201402335e-02
6.583343852201402335e-02
6.565856655913390738e-02
6.565856655913390738e-02
6.565856655913390738e-02
6.495882471929993740e-02
6.495882471929993740e-02
6.457187689583360202e-02
6.457187689583360202e-02
6.457187689583360202e-02
6.450525036101124876e-02
6.449722153029850691e-02
6.416252728205761036e-02
6.416252728205761036e-02
6.408735405514176531e-02
6.408735405514176531e-02
6.408735405514176531e-02
6.408735405514176531e-02
6.404739596548618408e-02
6.404275089420649603e-02
6.404193499936747247e-02
6.404184461274312068e-02
6.404184461274312068e-02
6.404184461274312068e-02
6.404184461274312068e-02
6.404184461274312068e-02
6.336152058848315560e-02
6.336152058848315560e-02
6.336152058848315560e-02
6.336152058848315560e-02
6.336152058848315560e-02
6.326279888715959088e-02
6.325438056497853512e-02
6.325384565490485556e-02
6.325380931004982721e-02
6.325380931004982721e-02
6.325380931004982721e-02
6.311959703784797426e-02
6.311959703784797426e-02
6.311959703784797426e-02
6.311959703784797426e-02
6.305419587042819518e-02
6.305356901800644731e-02
