-5.217003694106999490e+00
-3.630584898787406090e+00
-7.000000000000000000e+00
-7.503517059454599902e+00
-2.739944929968944454e+00
-9.588525901520926764e-01
-6.036802561045971238e+00
-4.283910076575879522e+00
-2.619397314067907212e-01
-5.259632983086612867e+00
-1.501804946838568355e+00
-7.195922731520017379e+00
-3.655571957375138847e+00
-1.223578994241755202e+00
-2.718531558232644585e+00
-2.077699613730177752e+00
-2.895181657575115697e+00
-6.582846121612007551e+00
-3.696008203110059842e+00
-5.926542598142608975e-01
-7.576377322046346841e+00
-3.003860436239881082e+00
-7.392860244168484307e+00
-2.737130497172783894e+00
-1.545733169380275163e+00
-6.576663014157935194e+00
-1.437403328068563191e+00
-3.538393851761072018e+00
-4.770598712276877151e+00
-7.920472490399657062e+00
-3.925850917346451308e+00
-4.602627298623583330e-01
-5.944094633139020978e+00
-4.189906526228800665e+00
-6.712143193311418399e-01
-5.383034851613413885e+00
-1.489283697215716407e+00
4.465874061952309071e-01
-4.980463782596823208e+00
-2.239538542862450132e+00
9.037126401499329109e-01
-5.522878745280337398e+00
-3.150162516123883094e+00
-1.540605031410840597e+00
-9.285230593695710244e-01
-2.322957176960061876e+00
-7.640771419510979712e+00
-3.399086612966027321e+00
-1.100176163102002835e+00
-6.652005096784639804e+00
-2.593620533407149154e+00
2.322897205164828616e-01
-6.094893745404295515e+00
-3.059741467421548844e+00
4.489743927575342020e-01
-7.214448359332796379e+00
-2.792305016587265154e+00
1.646507654484569594e+00
-8.190772282329952247e+00
-2.460532270155169066e+00
5.813524043154459919e-01
-5.522583201501340966e+00
-6.444621779165277120e-01
-5.417969902876414778e+00
-7.087224980301582988e-01
-4.356528395273751464e+00
-2.746765065037571230e+00
-4.941517477853420104e+00
-3.244435100069760214e+00
-4.905661073541808470e+00
-3.777441816609417025e+00
-4.200627293565505127e+00
-2.715350134948041116e+00
-5.810525093891069304e+00
-3.187303042126741204e+00
-6.775885410931770991e+00
-3.554947092867813407e-02
-5.866608995208244970e+00
-1.019846479488971225e+00
-4.000000000000000000e+00
-5.416477826288290665e-01
-3.406673117758280966e+00
-2.969570413740138637e+00
-2.718905413988142783e+00
-2.090794498992557759e+00
-2.356235797882701988e+00
-3.061984238716554785e+00
-3.031956503640648393e+00
-2.914079819134342220e+00
-4.705887334878479322e+00
-3.039758991788569453e+00
-3.057933479933404808e+00
-3.305766158663218324e+00
-3.737953932914740207e+00
-2.315001396039186421e+00
-3.302961810344984817e-01
-4.966829819059137563e+00
-4.179174980730912203e+00
-8.067310136124461462e-01
-3.163338059618052256e+00
-3.773807042039417414e+00
1.760895390469386701e+00
-2.779540284531841099e+00
-2.679091076538567595e+00
1.591631385202191939e+00
