-7.115118343784466504e+00
-2.816773502806573681e+00
-5.237096859843952679e+00
-6.632000175853057122e+00
-3.145380398973093516e+00
4.895816842685846160e-01
-5.148888544192047334e+00
-1.998762658957093930e+00
-5.539539281547579685e-01
-6.186823263617125868e+00
-3.305603079478503847e+00
-5.861681356152361744e+00
-1.207557470599077698e+00
0.000000000000000000e+00
-3.237408561492697956e+00
-2.822177701296180174e+00
-4.296671983954540863e-01
-6.822381155271490805e+00
-1.000000000000000000e+00
-1.037773848561469592e+00
-8.711003313722878616e+00
-4.639669316301771929e+00
-7.307431726158304386e+00
-2.511409413789331246e+00
-5.385232184443645709e-01
-5.491608721572813323e+00
-3.647052283709903087e+00
-5.074002982738123890e+00
-2.587753347333884513e+00
-8.485196309545592896e+00
-2.816589732783834510e+00
4.346544683721692559e-01
-4.694777279828353578e+00
-1.328345440659167487e+00
-2.868342540246709316e+00
-4.685631634060123396e+00
-1.480868876134088907e+00
-1.092854933880882840e+00
-6.384339157763880834e+00
-2.445872716073704822e+00
1.540708258966941413e+00
-7.755118107775580860e+00
-3.345987118693847684e+00
-1.132470668508934075e+00
-1.031371953585471513e+00
-2.870299384890862449e+00
-8.213986749206309668e+00
-1.208290655519340451e+00
-3.655370435916830973e-01
-8.342532391991301921e+00
-3.817641900002915811e+00
6.697100024894514503e-01
-8.157157807855867304e+00
-3.062166549618027478e+00
3.665112503316286241e-01
-6.869293636493895683e+00
-3.469119655802807678e+00
1.703931800831509635e-01
-5.391056768833514035e+00
-2.541684997516158617e+00
-2.000000000000000000e+00
-7.224569966781405839e+00
-6.279551493230203785e-02
-5.355771260681325252e+00
-4.184661733666600325e-01
-5.028676587794600472e+00
-4.000000000000000000e+00
-5.802490578743498162e+00
-2.241031250457404145e+00
-8.000000000000000000e+00
-2.664625200087514578e+00
-5.968907151864490501e+00
-1.674873409089523868e+00
-7.743388448209199915e+00
-3.075482834274534394e+00
-5.961922463716867071e+00
-2.447002647224265637e+00
-6.298306758523694704e+00
-2.576474565087390811e+00
-6.793656545170162708e+00
-1.860338044171198302e+00
-4.760720215751187645e+00
-1.366116358672931241e+00
-4.546296917694806261e+00
-1.758218158135600007e+00
-2.879608048469490811e+00
-2.628420638485679639e+00
-4.704205345762461299e+00
-2.670754159279600248e+00
-5.690196149515636570e+00
-3.203183635667509854e+00
-3.158720676717226450e+00
-5.000000000000000000e+00
-4.253270527203491191e+00
-3.739113686299853967e+00
1.999561006353280934e-01
-5.562401283609800018e+00
-1.870353586194345885e+00
1.378385827276441544e-01
-4.992681924299872342e+00
-3.500649340822024058e+00
1.232451636481963542e+00
-3.914700228687090888e+00
-2.121122323949942157e+00
9.860967892498379017e-01
