-8.397940008672037493e+00
-4.543437040146607764e+00
-5.876425133804684009e+00
-4.627157622324438613e+00
-4.141815745849064534e+00
4.961511610714225418e-01
-5.869623259744344068e+00
-2.574631086669854074e+00
5.229171642440653134e-01
-5.455886717599132574e+00
-1.000000000000000000e+00
-8.000000000000000000e+00
-2.612997278460241546e+00
0.000000000000000000e+00
-2.152143691310997475e+00
-4.000000000000000000e+00
-3.607403734729117240e+00
-6.023957992418821128e+00
-2.064022995372650993e+00
1.665906965677183882e+00
-6.831931091527581934e+00
-2.984226062674225410e+00
-8.838853516167718638e+00
-4.131260173263510360e+00
9.045902690420410952e-01
-6.040698212376885756e+00
-1.627239560049450029e+00
-3.154901959985743076e+00
-3.309694419173407898e+00
-8.450872930244960557e+00
-3.157063564745855810e+00
6.406881745904015046e-01
-5.709663869824927573e+00
-3.831002521383993109e+00
-1.277173428529262411e+00
-5.435240886894566081e+00
-8.868639816514225505e-01
4.330191134664676533e-01
-4.011357837958708927e+00
-2.244279330323381227e+00
1.491776778404600767e+00
-8.330171650957185037e+00
-2.895578083614914089e+00
1.139861707381760070e+00
2.640523750527085795e-02
-4.248647518889042907e+00
-8.227786273970034259e+00
-2.261425545314354579e+00
-1.047965003277641083e+00
-7.008109337295197250e+00
-2.632072251506008875e+00
-2.257147303558126039e-01
-6.330393994716425610e+00
-1.004064673130232954e+00
2.565838667539062645e-01
-8.511222514759777980e+00
-3.477295542514040605e+00
3.331681795025139437e-03
-7.113510397159780396e+00
-1.910214775289396538e+00
-6.977614048806188296e-02
-6.337814280689040736e+00
-8.990338752887107043e-01
-6.392138278020690123e+00
-2.273955950007449989e+00
-4.758696121232932619e+00
-1.785709349393252321e+00
-5.384175672044658967e+00
-6.753188658154598567e-01
-5.904818665275531231e+00
-1.949827229648117832e+00
-7.415299169922630718e+00
-1.011517843625129087e+00
-4.000000000000000000e+00
-2.910979715455970229e+00
-8.000000000000000000e+00
-2.603424686115522135e+00
-5.466254491393477188e+00
-1.510752990392272732e+00
-5.261084083472405304e+00
-2.430300175758283832e+00
-4.927514633488378593e+00
-3.358214845583701980e+00
-3.487335999788584218e+00
-3.502054939671250811e+00
-2.998169439616741538e+00
-1.296081489154857769e+00
-4.875949905017052721e+00
-1.884303084353949664e+00
-4.309894176288330492e+00
-2.800271397444716648e+00
-4.346875168843401305e+00
-3.788952672796448873e+00
-2.544068022635552317e+00
-2.477024081261674837e+00
8.894079742485647699e-01
-3.365815391866699091e+00
-4.476163442521369440e+00
2.941975398585221058e+00
-4.459174087654858454e+00
-3.300923488399170491e+00
5.979449005480804713e-01
-5.870657168285151606e+00
-1.732640833854970364e+00
-1.571941533392669510e-01
