-6.827167244152136938e+00
-3.534334999891615592e+00
-5.405879882524327051e+00
-5.584119433284662648e+00
-2.034229181045769774e+00
-2.000000000000000000e+00
-6.028221000263283003e+00
-4.062682449061489010e+00
3.717976448029538528e-01
-7.231727524359336634e+00
-2.020593562023825562e+00
-7.327524686645626062e+00
-1.000000000000000000e+00
0.000000000000000000e+00
-3.509953286183197019e+00
-3.967933230033973691e-01
-2.652608667243664620e+00
-5.069164486526721802e+00
-2.430266927339337801e+00
1.048454656939925789e+00
-7.006967220912318162e+00
-3.827376312148421000e+00
-6.301029995663981254e+00
-1.640550550717163825e+00
-6.052520510339408633e-01
-4.789367806191983767e+00
-2.711635854525427991e+00
-4.725708314942735910e+00
-3.932661659740526172e+00
-7.137831197251427007e+00
-2.391686695061395529e+00
1.422662788000049305e+00
-7.698970004336018746e+00
-4.995200963598800392e+00
-1.504850778070004447e+00
-6.129282728980859574e+00
-3.295829073494864758e+00
-8.892513355514709561e-01
-6.019658208203644278e+00
-3.799276026915063387e+00
7.372839769710048952e-01
-7.919571270789953488e+00
-3.557119093695351175e+00
-1.518297055422595854e+00
1.000000000000000000e+00
-1.712101556564355143e+00
-7.895265889363145106e+00
-5.000000000000000000e+00
8.012309219949697026e-01
-7.114445106906336136e+00
-2.009278035612322544e+00
5.109747765343547465e-01
-6.876709847812425558e+00
-2.533176471635156801e+00
1.236674367721438905e+00
-5.000000000000000000e+00
-2.350833757678814528e+00
-2.000000000000000000e+00
-6.197911039479510720e+00
-2.960390302710319332e+00
-1.050674162302907222e+00
-6.511169106239556470e+00
-2.258804175308013917e+00
-6.114672599864678482e+00
-1.478088767266114045e+00
-4.974533155417563357e+00
-4.000000000000000000e+00
-5.414718670344250917e+00
-3.065218345745257977e+00
-6.842671453654603830e+00
-1.649435254509620696e+00
-7.778263798348280744e+00
-4.501345907034579041e-01
-4.000000000000000000e+00
-1.917809686125318214e+00
-4.156200766561441995e+00
-2.944272833050368909e+00
-4.927842166844905947e+00
-2.230348464415031096e+00
-5.307685680405081818e+00
-2.016762562956079474e+00
-4.266149272658675606e+00
-4.996976883406199832e+00
-2.066169107378649006e+00
-2.535269495674245643e+00
-2.328613698997876735e+00
-4.944244199228243097e+00
-4.137181423298175176e+00
-1.525710966791638201e+00
-4.147205405767641295e+00
-4.658404110504820395e+00
-3.225487335380712750e+00
-3.174477487766277584e+00
-6.520672487566165465e+00
-4.557190983455404520e+00
-5.873772940456239988e-02
-2.846467132668730748e+00
-5.000000000000000000e+00
-3.394891960012008103e-01
-5.114042167338044287e+00
-3.352474250778108900e+00
2.309566832622621746e+00
-2.544068022635552317e+00
-4.106037163240797483e+00
1.374677734915213723e+00
