-5.085956044702061085e+00
-3.163254166495995889e+00
-5.528667239558545887e+00
-6.119993904387931671e+00
-2.969308364820409718e+00
-5.823351311360139837e-01
-6.264915040861924744e+00
-1.735713853304114540e+00
1.017940407610250730e+00
-7.232747571243522522e+00
-1.682561155567262601e+00
-5.858914486760919083e+00
-3.858999213625694313e+00
-1.543655454623109602e+00
-4.000000000000000000e+00
-1.873000422433607204e+00
-2.471619513084073017e+00
-4.301029995663981254e+00
-3.300920649733019907e+00
-6.495644206191970582e-01
-8.213070562081426829e+00
-2.547370633813326180e+00
-8.336291775922864744e+00
-4.622238180800591678e+00
8.409907341257657487e-01
-6.488412911743403733e+00
-2.390956119132568780e+00
-5.532706014809225081e+00
-4.066395932484583753e+00
-6.604014548947438001e+00
-4.592036957131820252e+00
2.000000000000000000e+00
-5.762830059270421579e+00
-2.308027516173906779e+00
-1.139283280999422221e+00
-5.238772933390393405e+00
-1.332104378741957751e+00
9.369862572634369835e-01
-6.227215905548324493e+00
-4.050960621467138090e+00
-2.000000000000000000e+00
-6.465431517788849725e+00
-2.169926738492370166e+00
-4.822996539063396093e-01
-7.318592213896278897e-01
-1.806115446073459196e+00
-6.485480623318240490e+00
-2.531064454822432808e+00
5.684349237547791089e-01
-5.513937785411269665e+00
-5.000000000000000000e+00
-6.515036426049534146e-01
-9.000000000000000000e+00
-2.875276240680712636e+00
-2.000000000000000000e+00
-6.110281649208223698e+00
-5.000000000000000000e+00
1.662642862045321079e+00
-6.519225157183520025e+00
-3.476893081776414096e+00
-1.298244422148724153e+00
-6.584987614014155000e+00
-5.977517554728908333e-01
-5.188671715941144846e+00
-2.572564203434763552e+00
-4.720929197822116841e+00
-9.812802016020446549e-01
-4.000000000000000000e+00
-4.000000000000000000e+00
-7.447504116118743411e+00
-1.444041466971528243e+00
-5.360351904679981239e+00
-3.453796164364509869e-01
-6.451275037161610548e+00
0.000000000000000000e+00
-6.733684524989467235e+00
4.139268515822491779e-02
-6.311790292979228667e+00
-6.281567360049297166e-01
-5.705312882496384574e+00
-7.426476860013955239e-01
-4.574849278098878536e+00
-3.409001236829685144e+00
-5.214564188270476741e+00
-2.501928227257308013e+00
-4.845085328133111879e+00
-2.553694836815819880e+00
-1.690196149515636570e+00
-3.066842413048703975e+00
-4.608218376139931571e+00
-2.023608343341368965e+00
-4.629538944418953861e+00
-1.566053273523957401e+00
-3.814884853720128532e+00
-5.000000000000000000e+00
1.836283401836755758e+00
-4.030680510481068346e+00
-2.779095481365024156e+00
2.082814720240558692e+00
-4.507548942790069013e+00
-3.285907357691390640e+00
1.554809584655145072e+00
-4.479937042238749889e+00
-1.662890710625585466e+00
1.851956462011272175e-01
