-5.992773074244128750e+00
-2.979449464940009840e+00
-4.428418902065393681e+00
-6.951471912863135039e+00
-3.252743634381893401e+00
6.320972637750902345e-01
-6.466806124212791218e+00
-3.981982630730231953e+00
1.223099721332340239e-01
-4.776893124189821371e+00
-2.259034397811787276e+00
-6.309540087271777509e+00
-2.672464022963466856e+00
0.000000000000000000e+00
-3.241354982881697655e+00
-2.219864452314300962e+00
-1.466177255613179131e+00
-6.384050378529638969e+00
-4.348455580282089450e+00
-1.838310093859954808e+00
-7.291462500528271384e+00
-4.185940620269649415e+00
-7.113561781754457414e+00
-2.752766884116654378e+00
-4.243137639658051685e-01
-5.848260242857620028e+00
-3.046238959362361332e+00
-3.437566811570426317e+00
-2.783760022986164095e+00
-6.735589024859139684e+00
-2.983476352615788585e+00
5.576521014209772087e-01
-5.315316064728263790e+00
-4.945607576424883689e+00
-1.047146957201330053e-01
-5.776632863486371505e+00
-3.395808496459070458e+00
-1.750502596366696195e-01
-5.146096442350212463e+00
-4.591583370065647429e+00
-1.682513036035038212e-01
-7.433221928321149363e+00
-3.663021957146963548e+00
-6.857987393976727741e-02
7.408613297529460517e-01
-1.622794714648168268e+00
-5.498910972513810336e+00
-2.650426364435257920e+00
-6.415464449682580783e-01
-7.190198407935940672e+00
-2.965543998892737232e+00
8.038253063533726817e-01
-7.250685251965933276e+00
-1.420471769876095358e+00
-4.341526154048702679e-01
-7.710649091630263463e+00
-2.771908519532516824e+00
1.240259622048906829e+00
-7.410224190943214495e+00
-1.336748863128328413e+00
-2.487243955744458668e-02
-8.000000000000000000e+00
-1.007104424244278151e+00
-7.403494526866619907e+00
-9.147548556227105276e-01
-4.000000000000000000e+00
-2.616548858363730634e+00
-5.027323544840397673e+00
-7.945976037105291212e-01
-7.424846564804510329e+00
-1.056382904271722101e+00
-6.031442225928594247e+00
6.989671999132542890e-01
-5.562489770928616295e+00
-1.489890707193575636e+00
-4.938993178182760069e+00
-1.221648207813425202e+00
-4.000000000000000000e+00
-1.807033444444650749e+00
-4.759020461697876847e+00
-2.064914559380707004e+00
-4.848087209006084919e+00
-2.769116326183114207e+00
-3.083603861144294633e+00
-2.538634022019522707e+00
-3.172100345026691581e+00
-1.686657456915622744e+00
-1.727494640118137026e+00
-2.576065382301623963e+00
-2.321401491202661926e+00
-4.153772089305459048e+00
-5.564487012462802085e+00
-4.056408994470509732e+00
-2.544068022635552317e+00
-1.124050170985018804e+00
1.514088836373567393e+00
-3.602243251802944801e+00
-2.398720701460906657e+00
1.878566165847408653e+00
-4.864019442188728171e+00
-1.659119671972118182e+00
-1.000000000000000000e+00
-4.120405441803063340e+00
-2.517149568801612336e+00
-3.992466560650952956e-01
