-6.684743814643921311e+00
-3.672543801956657639e+00
-4.805263097943258011e+00
-6.438393809136022661e+00
-5.000000000000000000e+00
2.000000000000000000e+00
-7.104241236695997941e+00
-1.327569766839718834e+00
2.000000000000000000e+00
-5.279226278178547282e+00
-5.000000000000000000e+00
-8.000000000000000000e+00
-3.784295347726053471e+00
0.000000000000000000e+00
-2.773267481184813477e+00
-4.000000000000000000e+00
0.000000000000000000e+00
-7.431727746033137016e+00
-1.304437800397260983e+00
-1.903563551942932253e-01
-9.301029995663981254e+00
-2.110175405484406408e+00
-8.626535148296524014e+00
-1.000000000000000000e+00
-2.000000000000000000e+00
-6.763191807458136751e+00
-2.246633933750445955e+00
-5.194715230985798016e+00
-2.942705182869369995e+00
-8.323416533498209091e+00
-5.000000000000000000e+00
-4.349282287412333248e-01
-6.526692632638050995e+00
-5.000000000000000000e+00
-2.414056722827158552e+00
-4.950506825674049871e+00
-4.000000000000000000e+00
7.872342746451836959e-01
-5.204826217460599480e+00
-4.677326441543506519e+00
-7.826336499632433608e-01
-6.421073779287208794e+00
-1.000000000000000000e+00
4.438620124039517889e-01
-4.744850332188069175e-01
-2.339043556801436718e+00
-7.074946935878132948e+00
-4.368030456482384416e+00
-2.378702452676167145e-01
-7.834689708656082274e+00
-2.750145994261806948e+00
-2.000000000000000000e+00
-5.000000000000000000e+00
-2.454784169222800294e+00
-2.000000000000000000e+00
-5.000000000000000000e+00
-1.556465669484060621e+00
-2.000000000000000000e+00
-5.000000000000000000e+00
-2.627656237853481347e+00
-9.672939249983825150e-01
-6.622709678087905338e+00
-7.897688694672998222e-02
-5.101232249579047640e+00
-1.189227254186803417e+00
-4.794064568875740839e+00
-3.133223077573068949e+00
-6.113526807886729308e+00
0.000000000000000000e+00
-7.660425922121619102e+00
-5.655971096497673933e-01
-4.000000000000000000e+00
6.950591980286975335e-01
-4.642677309760892435e+00
-4.000000000000000000e+00
-4.000000000000000000e+00
-6.577980069773392557e-01
-6.510608522648157148e+00
-1.239173408297299384e+00
-4.030646905942080416e+00
-2.544269849909449377e+00
-5.690196149515636570e+00
-1.955752464554376902e+00
-4.052061062380364120e+00
-1.000000000000000000e+00
-3.541074633984847786e+00
-1.876600204814565798e+00
-3.926336702148625069e+00
-2.518413156752353999e+00
-4.746342016664880425e+00
-1.111050849255746709e+00
-5.475447969901211742e+00
-4.261663602109503124e+00
-6.254511149803844816e+00
-3.978298848083806849e+00
8.277565749682918028e-01
-3.690672612648025819e+00
-1.466806175974392445e+00
4.246051937265901688e-01
-4.580982045102080846e+00
-1.448953141369115460e+00
3.000000000000000000e+00
-6.544068022635552317e+00
-2.970680853195160953e+00
7.653827554221673823e-01
