-5.121257582408606623e+00
-4.157091389081148058e+00
-3.773962881988101259e+00
-6.992142658404886468e+00
-3.373199657016567432e+00
6.616622633478063120e-01
-6.130127146871223509e+00
-3.441838611459115516e+00
8.962048435588229056e-01
-8.000000000000000000e+00
-2.071253760433402480e+00
-4.096520906805444895e+00
-3.063409640445194260e+00
-3.023363697384495730e-01
-3.169806132862039050e+00
-1.607879028009713496e+00
-2.059023381210813408e+00
-6.736824718448316318e+00
-2.600272399740716889e+00
6.801420326681901773e-01
-9.301029995663981254e+00
-4.933998581945389539e+00
-8.209215815556568430e+00
-2.769950397721204549e+00
-1.568707313736952047e+00
-5.099082305323674902e+00
-2.411191598756349030e+00
-5.204589767058253713e+00
-3.611567765783126660e+00
-7.890822223343973540e+00
-1.759086863532034251e+00
-2.000000000000000000e+00
-7.361116799070825500e+00
-3.989220334695070758e+00
-7.240878060949624828e-01
-4.423193299077876617e+00
-2.801792616475276887e+00
-1.076810883833267951e+00
-7.059590901778160621e+00
-2.804215196193072135e+00
1.088783104768357823e+00
-8.297698432191584317e+00
-2.838752198807451776e+00
-1.040227634284795893e-01
-2.579311769352174988e+00
-3.993565197500810182e+00
-6.713442300310403787e+00
-3.600792430185864479e+00
1.082626354871431440e+00
-7.417926899185393275e+00
-3.471719314859472494e+00
-9.937589368379470267e-01
-7.716081867258525406e+00
-3.228668493432404585e+00
-1.787854179143687716e+00
-7.355135333061264546e+00
-3.301380396423312824e+00
-1.310733005599583390e+00
-5.000000000000000000e+00
-3.101288664321159683e+00
-4.862384355151739834e-01
-6.098025508630432689e+00
-1.089882703647667039e+00
-7.011824533657905256e+00
-1.781434495165733933e+00
-6.291170639442813517e+00
-2.891537492846387725e+00
-5.989778590733446428e+00
-2.957565047848167872e+00
-5.498389144218048585e+00
-2.011604363496549475e+00
-4.353664538823216468e+00
-1.832487098969920902e+00
-6.018052582036134801e+00
-3.338301917415370745e+00
-5.028663368445634774e+00
-7.481702798506810748e-01
-5.699241234635705311e+00
-3.186342014640828335e+00
-4.888698014079377430e+00
-2.175060527311766023e+00
-2.122541658326949854e+00
-3.523637792546690850e+00
-3.340646022870521925e+00
-3.959306960261155695e+00
-5.690196149515636570e+00
-2.307455114459968648e+00
-3.492636964867704918e+00
-3.611981158689939964e+00
-1.690196149515636570e+00
-4.193971082795354910e+00
-3.993448644385268587e+00
-3.436602855783520205e+00
-2.544068022635552317e+00
-2.099197986279779382e+00
1.880833722222850612e+00
-4.083784309529272960e+00
-1.658400662633438438e+00
2.027620684259352046e+00
-4.449180538747117275e+00
-3.025290426163345536e+00
1.568463212840955912e+00
-2.544068022635552317e+00
-2.539449277174890884e+00
1.734682841816358456e+00
