-4.640485119374770484e+00
-4.447490315805849193e+00
-4.790111859406332329e+00
-6.274159736677463961e+00
-2.424608622990721774e+00
-1.456942420881891076e+00
-4.579407343394925611e+00
-4.433694029721744201e+00
-2.000000000000000000e+00
-4.960203645205361944e+00
-3.424236403894874048e+00
-6.566295854514471841e+00
-5.000000000000000000e+00
0.000000000000000000e+00
-4.000000000000000000e+00
-9.183879894921375131e-01
-4.000000000000000000e+00
-8.301029995663981254e+00
-4.133316312807225223e+00
9.687323657551610845e-02
-6.373177969254271602e+00
-3.022454695020080351e+00
-8.674857315862332996e+00
-3.740565236527748638e+00
-4.893387130728980572e-01
-4.271011281960519490e+00
-5.000000000000000000e+00
-5.345112905087564314e+00
-3.519978360492962199e+00
-8.294007318738652046e+00
-1.000000000000000000e+00
-5.096200116952440684e-01
-5.640005276237054055e+00
-4.433416499234087205e+00
-3.000000000000000000e+00
-4.986206325209481705e+00
-1.103158849974546829e+00
-3.250527700643010554e-01
-4.000000000000000000e+00
-3.386514555342369004e+00
-2.000000000000000000e+00
-8.416936082842143563e+00
-3.681294247590347624e+00
-5.652459113045783523e-01
-5.003768295856725334e-02
-1.807318639431896967e+00
-7.435735886847397502e+00
-3.995965724538099728e+00
1.582742090504183796e+00
-7.764148759794616161e+00
-4.019594480070335152e+00
-6.230793817711252069e-01
-8.614563081582621962e+00
-3.840474864023994517e+00
1.441181052058500667e+00
-5.662571464453063363e+00
-5.000000000000000000e+00
1.444533834350798074e+00
-5.781722810514930977e+00
-2.921063585324001011e+00
7.121681417305745221e-01
-6.039598875133183498e+00
-7.898845406123811141e-01
-4.000000000000000000e+00
-2.277571352788426928e+00
-5.561462180051445436e+00
-2.019202747415619115e+00
-6.866931264707003102e+00
-4.000000000000000000e+00
-6.581921551333216769e+00
-9.242421759731243025e-01
-5.299089610484539747e+00
-2.178490870984904237e+00
-5.617403220655945439e+00
-2.164359412079488454e+00
-5.249243774701715992e+00
-1.966353734949068510e+00
-7.657216046863996262e+00
-1.534340181277733528e+00
-4.000000000000000000e+00
-3.721246399047171138e+00
-1.978193479801144017e+00
-4.126058030094292839e+00
-2.303939396927813021e+00
-2.293749891005447239e+00
-2.667603982899215520e+00
-3.714806569464391917e+00
-4.203293009842598238e+00
-3.053311174985625875e+00
-3.888532893361347220e+00
-1.797793536048811092e+00
-4.472747993317499393e+00
-5.000000000000000000e+00
-3.187656086467988814e+00
-3.384870054697530328e+00
2.274806371398256477e+00
-4.395657964509664950e+00
-2.820699951251798954e+00
6.847399355087492312e-01
-2.544068022635552317e+00
-2.009440820388959992e+00
1.444844106177178844e+00
-3.611184567677697910e+00
-2.953166881943862343e+00
1.440376564826507222e+00
