-6.254395170176271890e+00
-5.000000000000000000e+00
-4.322594323226979007e+00
-6.631891441883189131e+00
-3.238680203980325079e+00
-1.111750332387582585e+00
-5.693762612779975640e+00
-3.362884473943643204e+00
3.429262873474273055e-01
-5.853696025604540054e+00
-3.139784922559536451e+00
-4.801775838638909555e+00
-4.458722804348349555e+00
-3.504435376492616716e-01
-2.934801315819532075e+00
-1.926737189270652850e+00
-2.139772823607312358e+00
-4.301029995663981254e+00
-3.675587183906988908e+00
8.713408271302691688e-01
-6.850713086135597152e+00
-1.750182199357069868e+00
-7.815972049079281447e+00
-4.302106816835315151e+00
2.588594404774409719e-01
-6.930817898447929615e+00
-3.589527678119550202e+00
-4.111022316944599631e+00
-3.533233944684642136e+00
-8.916944530475166886e+00
-2.993682329596518255e+00
-9.268044981951362171e-01
-6.210582564524310456e+00
-1.965947436058822939e+00
-3.000000000000000000e+00
-5.851071311583652346e+00
-2.136032971150469528e+00
1.990812604126510399e+00
-6.102243184467888604e+00
-3.101835130257613482e+00
8.208700567533342429e-01
-8.640204127591246674e+00
-4.301147405964620418e+00
-5.559335422215296862e-01
1.000000000000000000e+00
-1.765006372656761746e+00
-8.989789011597519419e+00
-4.145726265744249517e+00
1.162311171980813462e+00
-7.394421258496753246e+00
-3.948677376288345364e+00
1.072468754839340788e+00
-5.393296546509668943e+00
-3.092479150314237923e+00
6.794558635397067725e-01
-7.466472846823291931e+00
-3.083812877173580880e+00
-9.141159046655529530e-02
-7.274946623762537534e+00
-5.000000000000000000e+00
6.058609730411352867e-01
-4.960408987979493922e+00
3.362582174364188714e-01
-7.396896287160979355e+00
-1.752033193745133888e+00
-4.236477063392276143e+00
-4.000000000000000000e+00
-5.192334505188154203e+00
-3.030078741743781112e+00
-6.695112654146166520e+00
-2.967803557767623612e+00
-4.035573601883925221e+00
-1.899981124882258454e+00
-4.859184526574487961e+00
-1.830246164938990283e+00
-5.449878348992030830e+00
-1.953024510719006734e+00
-5.508878971456012685e+00
-1.774299652656628368e+00
-5.482319431892556771e+00
-3.505768897453335420e+00
-4.227505336879839426e+00
-1.651411855018338093e+00
-4.261998075380224904e+00
-2.193156523492496568e+00
-5.690196149515636570e+00
-1.247897093983035166e+00
-4.913322309565647750e+00
-1.758734553583213955e+00
-3.156223606193508058e+00
-2.987781569712906649e+00
-2.585434155973945991e+00
-3.761952453504931793e+00
-4.949415498654802015e+00
-5.000000000000000000e+00
-4.016738065608937980e-01
-6.544068022635552317e+00
-2.798811559355658396e+00
2.271686375985166040e-01
-5.022032373407905759e+00
-2.315455908961439491e+00
1.964677597815240873e-01
-3.291963834489493479e+00
-4.531317386762462540e+00
6.983095026095063051e-01
