1.342604821646517443e+01
8.003976264647345573e+00
5.193237840279963713e+00
5.193237840279963713e+00
5.193237840279963713e+00
5.193237840279963713e+00
5.193237840279963713e+00
5.193237840279963713e+00
4.992907672318684931e+00
4.662835175433883705e+00
4.662835175433883705e+00
4.662835175433883705e+00
4.354495112000115853e+00
3.526910814082824253e+00
3.382433959558783343e+00
3.122990751482397798e+00
3.122990751482397798e+00
2.982855635409812578e+00
2.982855635409812578e+00
2.982855635409812578e+00
2.982855635409812578e+00
2.982855635409812578e+00
2.982855635409812578e+00
2.905688493810963280e+00
2.790773432420634137e+00
2.764332585967953726e+00
2.634767332093150838e+00
2.634767332093150838e+00
2.634767332093150838e+00
2.527743161997658472e+00
2.527743161997658472e+00
2.340640727963849699e+00
2.340640727963849699e+00
2.340640727963849699e+00
2.246982644772714366e+00
2.246982644772714366e+00
2.246982644772714366e+00
2.186658412723515355e+00
2.074180035994888982e+00
2.074180035994888982e+00
2.074180035994888982e+00
2.074180035994888982e+00
2.074180035994888982e+00
2.038601623587910083e+00
2.038601623587910083e+00
2.038601623587910083e+00
2.038601623587910083e+00
1.748770225231592867e+00
1.715917668726663514e+00
1.715917668726663514e+00
1.715917668726663514e+00
1.715917668726663514e+00
1.507523058072933075e+00
1.367731788369601187e+00
1.156566869674988673e+00
9.797803365473147785e-01
9.367081591695598508e-01
9.367081591695598508e-01
8.377216590705069965e-01
8.014055844920460192e-01
8.014055844920460192e-01
8.014055844920460192e-01
7.593718545705701040e-01
7.593718545705701040e-01
5.835715730644372989e-01
5.835715730644372989e-01
5.616421691869334376e-01
5.236708020753834125e-01
4.766861501852952543e-01
4.661947839041695740e-01
4.661947839041695740e-01
4.661947839041695740e-01
4.661947839041695740e-01
4.661947839041695740e-01
4.661947839041695740e-01
4.661947839041695740e-01
4.661947839041695740e-01
4.474390174232472095e-01
4.437746339674293328e-01
4.343868846129670391e-01
4.343868846129670391e-01
4.343868846129670391e-01
3.498591827879637406e-01
3.498591827879637406e-01
3.100316527046023118e-01
3.100316527046023118e-01
3.100316527046023118e-01
3.100316527046023118e-01
3.100316527046023118e-01
3.100316527046023118e-01
3.100316527046023118e-01
3.044889356670414937e-01
2.894352799038644175e-01
2.894352799038644175e-01
2.894352799038644175e-01
2.894352799038644175e-01
2.506378040531059836e-01
2.506378040531059836e-01
2.506378040531059836e-01
2.506378040531059836e-01
2.506378040531059836e-01
2.506378040531059836e-01
2.506378040531059836e-01
2.439099644613401119e-01
2.439099644613401119e-01
2.439099644613401119e-01
2.439099644613401119e-01
2.439099644613401119e-01
2.439099644613401119e-01
2.439099644613401119e-01
2.439099644613401119e-01
2.327621807522436137e-01
2.327621807522436137e-01
2.327621807522436137e-01
2.130969047303667985e-01
2.130969047303667985e-01
2.130969047303667985e-01
2.130969047303667985e-01
2.130969047303667985e-01
2.130969047303667985e-01
2.130969047303667985e-01
2.130969047303667985e-01
2.120852558962180723e-01
2.095951769084499761e-01
2.087325848641278514e-01
2.084182819855238677e-01
2.083025327605950994e-01
2.082596710890073366e-01
2.082442745873482604e-01
2.082386941134968805e-01
2.082367412854504440e-01
2.082360458170510187e-01
2.082359547688732160e-01
1.971617335683646943e-01
1.971617335683646943e-01
1.971617335683646943e-01
1.875340930392333516e-01
1.802278534563806767e-01
1.728428040519107145e-01
1.728428040519107145e-01
1.728428040519107145e-01
1.728428040519107145e-01
1.728428040519107145e-01
1.728428040519107145e-01
1.728428040519107145e-01
1.728428040519107145e-01
1.728428040519107145e-01
1.677292548110106418e-01
1.677292548110106418e-01
1.677292548110106418e-01
1.677292548110106418e-01
1.677292548110106418e-01
1.675205853178270421e-01
1.663296129284344005e-01
1.663296129284344005e-01
1.663296129284344005e-01
1.653270662847319550e-01
1.648940552796285541e-01
1.648152584498082107e-01
1.647993972413387687e-01
1.647962730876767756e-01
1.647954002633904291e-01
1.647953396238437951e-01
1.647953396238437951e-01
1.644259163063547524e-01
1.644259163063547524e-01
1.580035540071394462e-01
1.578509510749216693e-01
1.567049092915369646e-01
1.564653008702993897e-01
1.564506102734967985e-01
1.564489042600770152e-01
1.557173217683948674e-01
1.555076737473070625e-01
1.554618982586538634e-01
1.554338637346174834e-01
1.554281992347257002e-01
1.554108448134713660e-01
1.554084908792555675e-01
1.554083549786549612e-01
1.550654670965592175e-01
1.549327898994281028e-01
1.549267542730090874e-01
1.549267162045500634e-01
1.548438467290092491e-01
1.547961842329501070e-01
1.547859397177555885e-01
1.547747304277613534e-01
1.547612755137520446e-01
1.547601938771744068e-01
1.547595836688157589e-01
1.547594892356620455e-01
1.547592582376548509e-01
1.531884150409750234e-01
1.531806872891827709e-01
1.531614907932435377e-01
1.530877879090881688e-01
1.530877879090881688e-01
1.529925877235921161e-01
1.529921969718199271e-01
