1.406780084534798618e+02
1.406780084534798618e+02
6.853205263562142591e+01
6.853205263562142591e+01
6.853205263562142591e+01
6.853205263562142591e+01
6.853205263562142591e+01
6.853205263562142591e+01
5.033061580752694653e+01
2.081711168438877024e+01
2.081711168438877024e+01
1.590285336290387619e+01
1.017424427882387938e+01
9.968917047987584823e+00
9.968917047987584823e+00
9.305680395533764582e+00
9.305680395533764582e+00
7.730111886669075005e+00
5.636163255949354856e+00
4.751411920269353217e+00
3.264852205676154639e+00
2.613026548803498716e+00
2.613026548803498716e+00
2.613026548803498716e+00
2.613026548803498716e+00
1.472938465134056241e+00
1.472938465134056241e+00
1.472938465134056241e+00
1.472938465134056241e+00
1.472938465134056241e+00
1.212145722992765240e+00
1.212145722992765240e+00
1.212145722992765240e+00
1.145311526552226900e+00
6.025063164179317310e-01
5.426509919129646198e-01
5.426509919129646198e-01
4.919819131497589204e-01
4.919819131497589204e-01
4.919819131497589204e-01
4.919819131497589204e-01
4.256095160631922503e-01
4.256095160631922503e-01
3.084544173374671461e-01
3.084544173374671461e-01
3.084544173374671461e-01
3.084544173374671461e-01
3.084544173374671461e-01
3.084544173374671461e-01
3.084544173374671461e-01
3.084544173374671461e-01
3.084544173374671461e-01
3.084544173374671461e-01
3.084544173374671461e-01
3.084544173374671461e-01
3.084544173374671461e-01
2.400898419040454201e-01
2.400898419040454201e-01
2.400898419040454201e-01
2.400898419040454201e-01
2.400898419040454201e-01
2.400898419040454201e-01
2.400898419040454201e-01
2.400898419040454201e-01
2.400898419040454201e-01
2.400898419040454201e-01
2.400898419040454201e-01
2.400898419040454201e-01
2.400898419040454201e-01
1.644441562784980382e-01
1.644441562784980382e-01
1.644441562784980382e-01
1.644441562784980382e-01
1.644441562784980382e-01
1.644441562784980382e-01
1.644441562784980382e-01
1.644441562784980382e-01
1.644441562784980382e-01
1.644441562784980382e-01
1.611332532994124156e-01
1.611332532994124156e-01
1.611332532994124156e-01
1.611332532994124156e-01
1.521118902518725502e-01
1.521118902518725502e-01
1.521118902518725502e-01
1.521118902518725502e-01
1.521118902518725502e-01
1.035660087045007227e-01
1.035660087045007227e-01
1.035660087045007227e-01
1.035660087045007227e-01
1.035660087045007227e-01
1.035660087045007227e-01
1.035660087045007227e-01
1.035660087045007227e-01
1.035660087045007227e-01
1.035660087045007227e-01
1.035660087045007227e-01
1.035660087045007227e-01
1.035660087045007227e-01
1.035660087045007227e-01
1.014995966292556451e-01
1.014995966292556451e-01
1.014995966292556451e-01
1.014995966292556451e-01
1.014995966292556451e-01
9.273279471826248455e-02
9.273279471826248455e-02
9.273279471826248455e-02
9.273279471826248455e-02
8.989142462742269468e-02
8.989142462742269468e-02
8.989142462742269468e-02
8.989142462742269468e-02
8.989142462742269468e-02
8.989142462742269468e-02
8.989142462742269468e-02
8.989142462742269468e-02
8.989142462742269468e-02
8.989142462742269468e-02
8.136149864789792019e-02
8.136149864789792019e-02
8.136149864789792019e-02
6.203266731590988126e-02
6.203266731590988126e-02
6.203266731590988126e-02
6.203266731590988126e-02
6.203266731590988126e-02
6.203266731590988126e-02
6.203266731590988126e-02
6.203266731590988126e-02
6.203266731590988126e-02
6.203266731590988126e-02
6.203266731590988126e-02
6.203266731590988126e-02
6.203266731590988126e-02
6.091082231000660707e-02
6.091082231000660707e-02
6.091082231000660707e-02
6.083105487161670488e-02
5.909040341625024229e-02
5.909040341625024229e-02
5.763041565699811297e-02
5.763041565699811297e-02
5.682032842624958058e-02
5.682032842624958058e-02
5.682032842624958058e-02
5.638979207410802635e-02
5.595229189750465515e-02
5.595229189750465515e-02
5.566346634210711519e-02
5.559653810392516798e-02
5.558214290412740594e-02
5.557886274137640442e-02
5.160388468077607704e-02
5.119651602106848470e-02
5.116428712938828061e-02
5.015511695350288734e-02
5.015511695350288734e-02
4.652889266577300842e-02
3.942556926571509635e-02
3.942556926571509635e-02
3.942556926571509635e-02
3.942556926571509635e-02
3.920372514099862427e-02
3.920372514099862427e-02
3.826868756454505915e-02
3.808274849286227837e-02
3.763972711710095176e-02
3.763972711710095176e-02
3.763972711710095176e-02
3.763972711710095176e-02
3.734695930108559297e-02
3.677830624544154575e-02
3.590667928567158745e-02
3.572091799398536410e-02
3.571256067728680733e-02
3.571178537552380239e-02
3.562801540281042290e-02
3.561496791924723126e-02
3.560439537347307587e-02
3.559849566709294422e-02
3.559531501020866268e-02
3.559397212249984510e-02
3.559361097868320861e-02
3.559352183060124353e-02
3.559298548751728408e-02
3.559296701203334967e-02
3.559293990833326676e-02
3.559293990833326676e-02
3.559293990833326676e-02
3.559293990833326676e-02
3.559293990833326676e-02
3.559293990833326676e-02
3.559291756164104786e-02
3.559291756164104786e-02
3.559287120408077820e-02
3.559287120408077820e-02
3.559287120408077820e-02
