4.857216957459894502e+01
4.857216957459894502e+01
4.315680854763832031e+01
4.315680854763832031e+01
4.283042826610426346e+01
3.340693926916745227e+01
2.371924056208732168e+01
2.371924056208732168e+01
2.371924056208732168e+01
2.347135938826767187e+01
7.379990132923907709e+00
7.379990132923907709e+00
6.932679352967550557e+00
6.286020019276898019e+00
4.139588747299010052e+00
3.197859153540119959e+00
3.193349080787715621e+00
3.045255348594920086e+00
3.045255348594920086e+00
3.045255348594920086e+00
3.045255348594920086e+00
3.045255348594920086e+00
2.344019642241522039e+00
2.267553479089869928e+00
2.267553479089869928e+00
2.267553479089869928e+00
2.267553479089869928e+00
1.688237600306083941e+00
1.688237600306083941e+00
1.688237600306083941e+00
1.688237600306083941e+00
1.688237600306083941e+00
1.688237600306083941e+00
1.650981574254325679e+00
1.650981574254325679e+00
1.650981574254325679e+00
1.650981574254325679e+00
1.650981574254325679e+00
1.650981574254325679e+00
1.650981574254325679e+00
1.650981574254325679e+00
1.650981574254325679e+00
1.650981574254325679e+00
1.650981574254325679e+00
1.650981574254325679e+00
1.528568043829926726e+00
1.528568043829926726e+00
1.528568043829926726e+00
1.528568043829926726e+00
1.528568043829926726e+00
1.528568043829926726e+00
1.471131490526793151e+00
1.471131490526793151e+00
1.471131490526793151e+00
1.471131490526793151e+00
1.471131490526793151e+00
1.387620291210125645e+00
1.387620291210125645e+00
1.387620291210125645e+00
1.387620291210125645e+00
1.383728858082592605e+00
1.339302062376695579e+00
1.256705929615794526e+00
1.256705929615794526e+00
1.256705929615794526e+00
1.256705929615794526e+00
1.256705929615794526e+00
1.256705929615794526e+00
1.188830460030017022e+00
1.188830460030017022e+00
1.188830460030017022e+00
1.188830460030017022e+00
1.143857996782365882e+00
1.106098951946088427e+00
1.094076591414998356e+00
1.094076591414998356e+00
1.094076591414998356e+00
1.094076591414998356e+00
1.094076591414998356e+00
1.094076591414998356e+00
1.068291193794362659e+00
1.068291193794362659e+00
1.068291193794362659e+00
1.068291193794362659e+00
1.068291193794362659e+00
1.068291193794362659e+00
1.068291193794362659e+00
1.068291193794362659e+00
1.066678384525231227e+00
1.066678384525231227e+00
1.066678384525231227e+00
1.007976816584319479e+00
1.007976816584319479e+00
1.007976816584319479e+00
1.007976816584319479e+00
1.007976816584319479e+00
1.007976816584319479e+00
1.007976816584319479e+00
1.007976816584319479e+00
1.007976816584319479e+00
9.929119427626987848e-01
9.929119427626987848e-01
9.929119427626987848e-01
9.929119427626987848e-01
9.929119427626987848e-01
9.929119427626987848e-01
9.929119427626987848e-01
9.929119427626987848e-01
9.870836539425971168e-01
9.870836539425971168e-01
9.870836539425971168e-01
9.870836539425971168e-01
9.870836539425971168e-01
9.284305028096542234e-01
9.020251240080598976e-01
8.957490104967643640e-01
8.947814954474369031e-01
8.808742846347950017e-01
8.808742846347950017e-01
8.711208485422641257e-01
8.573436738078653585e-01
8.414841596435485016e-01
8.264391838263205337e-01
8.129353099215503864e-01
8.001376961961558232e-01
8.001376961961558232e-01
7.948256331017985454e-01
7.948256331017985454e-01
7.948256331017985454e-01
7.948256331017985454e-01
7.940845023987170848e-01
7.938190615800194694e-01
7.876517170106384080e-01
7.876517170106384080e-01
7.876517170106384080e-01
7.842650282389475036e-01
7.842650282389475036e-01
7.842650282389475036e-01
7.837040878205168148e-01
7.822724660325611756e-01
7.817895355199673268e-01
7.817895355199673268e-01
7.817895355199673268e-01
7.810198745002774334e-01
7.804949311223360331e-01
7.804738129718840067e-01
7.804458770631068631e-01
7.731897825740277064e-01
7.716428661345170470e-01
7.713736399312267622e-01
7.587249810475384937e-01
7.567582811697266543e-01
7.563239367819019066e-01
7.549819138528620632e-01
7.549819138528620632e-01
7.542352695389843431e-01
7.542352695389843431e-01
7.542352695389843431e-01
7.522084999334994748e-01
7.522084999334994748e-01
7.522084999334994748e-01
7.452093792158936969e-01
7.452093792158936969e-01
7.452093792158936969e-01
7.452093792158936969e-01
7.452093792158936969e-01
7.452093792158936969e-01
7.452093792158936969e-01
7.420694022423962588e-01
7.420694022423962588e-01
7.420694022423962588e-01
7.420694022423962588e-01
7.420694022423962588e-01
7.411682252667719517e-01
7.411682252667719517e-01
7.411682252667719517e-01
7.411682252667719517e-01
7.411627409638203989e-01
7.411627409638203989e-01
7.411613087237309827e-01
7.411613087237309827e-01
7.411613087237309827e-01
7.411590935345894193e-01
7.231567634264318700e-01
7.198703463953352033e-01
7.187235131158459245e-01
7.186598466246764128e-01
7.186556318795983556e-01
7.186552845520695065e-01
7.127984226205017482e-01
7.123368361006314764e-01
7.123368361006314764e-01
7.123368361006314764e-01
7.096933646545456886e-01
7.096810625336062994e-01
7.090584780794733089e-01
7.051311386150217464e-01
7.051311386150217464e-01
7.017088182948120201e-01
7.017088182948120201e-01
