2.634165215533918314e+01
2.634165215533918314e+01
2.634165215533918314e+01
1.290384181272806430e+01
1.290384181272806430e+01
8.946404605441685476e+00
8.946404605441685476e+00
8.942037498323850642e+00
8.942037498323850642e+00
8.942037498323850642e+00
8.942037498323850642e+00
8.942037498323850642e+00
8.942037498323850642e+00
8.942037498323850642e+00
7.038579632511029693e+00
5.521564205068330011e+00
4.080423108067448013e+00
3.347312995917021361e+00
3.347312995917021361e+00
3.285307233227162005e+00
3.285307233227162005e+00
3.285307233227162005e+00
3.285187260615656246e+00
3.285187260615656246e+00
3.202617869713417331e+00
3.202617869713417331e+00
3.202617869713417331e+00
3.202617869713417331e+00
3.202617869713417331e+00
3.202617869713417331e+00
3.202617869713417331e+00
3.202617869713417331e+00
3.129601381216887468e+00
3.129601381216887468e+00
3.129601381216887468e+00
3.077541600591767512e+00
3.077541600591767512e+00
2.901966886342616014e+00
2.901966886342616014e+00
2.901966886342616014e+00
2.901966886342616014e+00
2.901966886342616014e+00
2.889408920359700872e+00
2.889408920359700872e+00
2.848824304014487829e+00
2.848824304014487829e+00
2.848824304014487829e+00
2.848824304014487829e+00
2.826431883065903872e+00
2.826431883065903872e+00
2.826431883065903872e+00
2.719828652622862997e+00
2.719828652622862997e+00
2.719828652622862997e+00
2.719828652622862997e+00
2.716794290881787255e+00
2.716794290881787255e+00
2.716794290881787255e+00
2.716794290881787255e+00
2.716794290881787255e+00
2.716794290881787255e+00
2.556177935808053192e+00
2.460826060338674459e+00
2.408960602289903274e+00
2.408960602289903274e+00
2.408960602289903274e+00
2.408960602289903274e+00
2.342552164705971940e+00
2.342552164705971940e+00
2.342552164705971940e+00
2.326291002560149757e+00
2.294945719390352412e+00
2.294945719390352412e+00
2.294945719390352412e+00
2.294945719390352412e+00
2.294945719390352412e+00
2.294945719390352412e+00
2.294945719390352412e+00
2.294945719390352412e+00
2.294945719390352412e+00
2.294945719390352412e+00
2.294945719390352412e+00
2.261753409052283725e+00
2.261753409052283725e+00
2.261753409052283725e+00
2.261753409052283725e+00
2.261753409052283725e+00
2.211253507235412030e+00
2.211253507235412030e+00
2.211253507235412030e+00
2.113324012663900575e+00
2.113324012663900575e+00
2.073190682483363911e+00
1.904899310595120632e+00
1.811570358195381036e+00
1.759172650259659854e+00
1.678291172636755091e+00
1.678291172636755091e+00
1.678291172636755091e+00
1.678291172636755091e+00
1.678291172636755091e+00
1.678291172636755091e+00
1.678291172636755091e+00
1.644436818345381024e+00
1.629818325312549554e+00
1.598650936501839981e+00
1.547170382956202683e+00
1.533671406948279525e+00
1.531267367267026502e+00
1.531267367267026502e+00
1.523082222973608957e+00
1.523082222973608957e+00
1.464297837584338513e+00
1.451820224029509721e+00
1.451820224029509721e+00
1.405466035189728569e+00
1.405466035189728569e+00
1.405466035189728569e+00
1.405466035189728569e+00
1.405466035189728569e+00
1.386942173275333978e+00
1.371250508643477417e+00
1.371250508643477417e+00
1.326940529996361917e+00
1.323939955692094328e+00
1.315604291273356763e+00
1.314923223844605804e+00
1.314241788925626819e+00
1.314241788925626819e+00
1.314241788925626819e+00
1.301879621970203349e+00
1.283473607741062228e+00
1.260629073085704377e+00
1.257998889358169059e+00
1.257447086987496077e+00
1.257298180251081421e+00
1.256066388144637225e+00
1.251002642464092318e+00
1.251002642464092318e+00
1.251002642464092318e+00
1.249049482909382114e+00
1.240940091770698306e+00
1.238940820782427732e+00
1.224547853784961449e+00
1.220021985667343767e+00
1.217115221272832448e+00
1.216962504594436112e+00
1.216687439048432351e+00
1.216687439048432351e+00
1.216459906193860574e+00
1.215898588963020943e+00
1.213628056454482129e+00
1.211715036104883847e+00
1.211715036104883847e+00
1.208541982331659437e+00
1.204266409828895323e+00
1.204266409828895323e+00
1.204068017509934974e+00
1.201055820144693032e+00
1.200007770609475832e+00
1.196181597954303566e+00
1.192338661807567091e+00
1.191948581466858004e+00
1.189481370925752568e+00
1.185604391460391094e+00
1.183865346562446463e+00
1.179338352401421819e+00
1.178665976930680870e+00
1.176943794151787959e+00
1.176943794151787959e+00
1.176386416301988813e+00
1.176386416301988813e+00
1.176386416301988813e+00
1.174864417199630973e+00
1.171237552537782722e+00
1.170868709144620379e+00
1.166871615573763954e+00
1.165838804316015498e+00
1.164681072372771187e+00
1.164161648349673506e+00
1.162999171450911584e+00
1.161864964753186458e+00
1.161829161500439245e+00
1.160476748130841784e+00
1.160476748130841784e+00
1.159127809475925197e+00
1.155624581627393344e+00
1.152619702675757196e+00
1.144661468630325363e+00
1.141368001564063039e+00
1.140055061879595932e+00
1.140055061879595932e+00
1.135264068363859957e+00
1.134086746755998965e+00
1.132292078077186348e+00
1.130629994234556790e+00
1.129173396619920222e+00
1.125461925622193160e+00
1.124475522067420075e+00
1.124473619291649795e+00
