2.191527503324161898e+02
2.191527503324161898e+02
2.169946751587870324e+02
1.974425595170598058e+02
1.974425595170598058e+02
1.787131694262807287e+02
5.423510382179652112e+01
3.571431161882081540e+01
2.505928248708460515e+01
1.822284265835916983e+01
1.782801073851316076e+01
1.009898445086970398e+01
9.495835126642832691e+00
5.627872467573462600e+00
5.627872467573462600e+00
4.996319633580414532e+00
4.081397527284103433e+00
3.700894276676452765e+00
3.375377659421525234e+00
3.238128950915320381e+00
2.488998530749224170e+00
1.891824834487751517e+00
1.830023200126472016e+00
1.830023200126472016e+00
1.649904673533921340e+00
1.649904673533921340e+00
1.649904673533921340e+00
1.649904673533921340e+00
1.649904673533921340e+00
1.564259349131464916e+00
1.563373997118106651e+00
1.494286183891172071e+00
1.443943219152910462e+00
1.443943219152910462e+00
1.340790883169427516e+00
1.340790883169427516e+00
1.340790883169427516e+00
1.340790883169427516e+00
1.340790883169427516e+00
1.340790883169427516e+00
1.340790883169427516e+00
1.340790883169427516e+00
1.340790883169427516e+00
1.340790883169427516e+00
1.340790883169427516e+00
1.340790883169427516e+00
1.340790883169427516e+00
1.340790883169427516e+00
1.340790883169427516e+00
1.340790883169427516e+00
1.340790883169427516e+00
1.340790883169427516e+00
1.340790883169427516e+00
1.340790883169427516e+00
1.340790883169427516e+00
1.310299565212470041e+00
1.310299565212470041e+00
1.310299565212470041e+00
1.310299565212470041e+00
1.310299565212470041e+00
1.310299565212470041e+00
1.310299565212470041e+00
1.310299565212470041e+00
1.310299565212470041e+00
1.272653186636521161e+00
1.223475119749885875e+00
1.223475119749885875e+00
1.223475119749885875e+00
1.223475119749885875e+00
1.223475119749885875e+00
1.223475119749885875e+00
1.223475119749885875e+00
1.223475119749885875e+00
1.223475119749885875e+00
1.213509565236288612e+00
1.213509565236288612e+00
1.147339367505197938e+00
1.132826191417622530e+00
1.132826191417622530e+00
1.093050578014238550e+00
1.052569542186021501e+00
1.012428945437411798e+00
1.012428945437411798e+00
1.012428945437411798e+00
9.970687284856575294e-01
9.237752594075250290e-01
9.237752594075250290e-01
9.237752594075250290e-01
9.237752594075250290e-01
8.181724889228371156e-01
7.754425753234732710e-01
7.190541652475619383e-01
6.446358764636408445e-01
6.166495781561268652e-01
5.207670339407651783e-01
5.207670339407651783e-01
5.207670339407651783e-01
5.207670339407651783e-01
5.207670339407651783e-01
4.747522350372493927e-01
4.200492635599207825e-01
4.200492635599207825e-01
4.200492635599207825e-01
4.200492635599207825e-01
4.200492635599207825e-01
3.864526548073375367e-01
3.864526548073375367e-01
3.850047658686376328e-01
3.850047658686376328e-01
3.487087206615953061e-01
3.487087206615953061e-01
3.487087206615953061e-01
3.487087206615953061e-01
3.487087206615953061e-01
3.322323709295917915e-01
3.086356230191737993e-01
3.007946851922989606e-01
2.979035160168944096e-01
2.967206119627142091e-01
2.962409010079317118e-01
2.960499192983809813e-01
2.687260596590164141e-01
2.687260596590164141e-01
2.644821241842447157e-01
2.644821241842447157e-01
2.644821241842447157e-01
2.644821241842447157e-01
2.594553893428021007e-01
2.438589657969499058e-01
2.329349979081820343e-01
2.329349979081820343e-01
2.329349979081820343e-01
2.329349979081820343e-01
2.329349979081820343e-01
2.127280013517706403e-01
1.947411381872223846e-01
1.947411381872223846e-01
1.768786992977407213e-01
1.768786992977407213e-01
1.768786992977407213e-01
1.768786992977407213e-01
1.768786992977407213e-01
1.768786992977407213e-01
1.702878968455459330e-01
1.557751257653021137e-01
1.557751257653021137e-01
1.557751257653021137e-01
1.557751257653021137e-01
1.557751257653021137e-01
1.557751257653021137e-01
1.302555897107642302e-01
1.302555897107642302e-01
1.302555897107642302e-01
1.302555897107642302e-01
1.302555897107642302e-01
1.229258333197808806e-01
1.229258333197808806e-01
1.229258333197808806e-01
1.229258333197808806e-01
1.227058473945788764e-01
1.211265617015653689e-01
1.211265617015653689e-01
1.210827794508516353e-01
1.210827794508516353e-01
1.135194290130518147e-01
1.135194290130518147e-01
1.135194290130518147e-01
1.118257389711505151e-01
1.118257389711505151e-01
1.118257389711505151e-01
1.118257389711505151e-01
1.116048061984246248e-01
1.114911970810167213e-01
1.114757505997790443e-01
1.110918402844565667e-01
1.092591528663418715e-01
1.092591528663418715e-01
1.092591528663418715e-01
1.092591528663418715e-01
1.092591528663418715e-01
1.087370927645920915e-01
1.087094597060885570e-01
1.087070539696361471e-01
1.087067348125223126e-01
1.087067348125223126e-01
1.087067348125223126e-01
1.087067348125223126e-01
1.087067348125223126e-01
1.087067348125223126e-01
1.087067348125223126e-01
1.087067348125223126e-01
1.087067348125223126e-01
1.087067348125223126e-01
1.087067348125223126e-01
1.087067348125223126e-01
1.087067348125223126e-01
1.087067348125223126e-01
1.087067348125223126e-01
1.087067348125223126e-01
1.087067348125223126e-01
