2.730109444466858690e+02
2.730109444466858690e+02
2.730109444466858690e+02
1.572283933508774396e+02
7.216811692800504829e+01
3.312432174162091769e+01
2.486592533684972040e+01
2.195629089530260458e+01
1.580781137620920873e+01
1.462434713138315878e+01
1.462434713138315878e+01
1.354440156186918642e+01
1.354440156186918642e+01
9.593753667747009217e+00
9.057960769553915270e+00
4.645564809345959389e+00
4.645564809345959389e+00
4.025863037299712843e+00
4.025863037299712843e+00
3.774038755933431410e+00
3.553959666583559773e+00
3.553959666583559773e+00
3.195811299427107954e+00
3.082665539835558022e+00
2.799605342170987221e+00
2.799605342170987221e+00
2.723722305581995240e+00
2.669859343223858872e+00
2.669859343223858872e+00
2.601017022274275448e+00
2.601017022274275448e+00
2.601017022274275448e+00
2.601017022274275448e+00
2.546797406972251654e+00
2.546797406972251654e+00
2.546797406972251654e+00
2.505918700260359344e+00
2.505918700260359344e+00
2.505918700260359344e+00
2.505918700260359344e+00
2.505918700260359344e+00
2.492182365565943414e+00
2.492182365565943414e+00
2.492182365565943414e+00
2.492182365565943414e+00
2.492182365565943414e+00
2.492182365565943414e+00
2.492182365565943414e+00
2.492182365565943414e+00
2.492182365565943414e+00
2.492182365565943414e+00
2.492182365565943414e+00
2.492182365565943414e+00
2.492182365565943414e+00
2.492182365565943414e+00
2.476446788232964380e+00
2.476446788232964380e+00
2.476446788232964380e+00
2.476446788232964380e+00
2.476446788232964380e+00
2.476446788232964380e+00
2.429642804804895029e+00
2.429642804804895029e+00
2.429642804804895029e+00
2.429642804804895029e+00
2.429642804804895029e+00
2.429642804804895029e+00
2.429642804804895029e+00
2.403506111860862937e+00
2.380222489207147074e+00
2.366881074084737246e+00
2.334425203754380451e+00
2.334425203754380451e+00
2.334425203754380451e+00
2.334425203754380451e+00
2.334425203754380451e+00
2.334425203754380451e+00
2.334425203754380451e+00
2.334425203754380451e+00
2.333593521543451565e+00
2.333593521543451565e+00
2.333593521543451565e+00
2.333593521543451565e+00
2.296532022028001663e+00
2.282649168434158327e+00
2.282649168434158327e+00
2.282649168434158327e+00
2.282649168434158327e+00
2.282649168434158327e+00
2.281733592342316985e+00
2.281733592342316985e+00
2.281733592342316985e+00
2.281733592342316985e+00
2.272111726277640020e+00
2.272111726277640020e+00
2.272111726277640020e+00
2.272111726277640020e+00
2.254165452433698924e+00
2.254165452433698924e+00
2.254165452433698924e+00
2.254165452433698924e+00
2.254165452433698924e+00
2.254165452433698924e+00
2.254165452433698924e+00
2.254165452433698924e+00
2.231276428312577664e+00
2.231276428312577664e+00
2.231276428312577664e+00
2.231276428312577664e+00
2.231276428312577664e+00
2.231276428312577664e+00
2.231276428312577664e+00
2.231276428312577664e+00
2.231276428312577664e+00
2.229293627119265153e+00
2.229167690896463050e+00
2.229167690896463050e+00
2.229167690896463050e+00
2.228601819552753049e+00
2.228330590560096969e+00
2.228232352741049471e+00
2.228215760946837598e+00
2.228203267826992295e+00
2.228199610115814799e+00
2.228197919604972821e+00
2.228196884024315594e+00
2.228196884024315594e+00
2.228196140634453037e+00
2.228195639626471269e+00
2.228195639626471269e+00
2.228195639626471269e+00
2.228195639626471269e+00
2.228195639626471269e+00
2.227427814469558509e+00
2.226931948802604921e+00
2.222258432371833958e+00
2.222258432371833958e+00
2.222258432371833958e+00
2.222258432371833958e+00
2.222258432371833958e+00
2.222258432371833958e+00
2.221104172428817858e+00
2.221104172428817858e+00
2.221104172428817858e+00
2.221104172428817858e+00
2.220449334659112317e+00
2.220449334659112317e+00
2.220449334659112317e+00
2.220449334659112317e+00
2.220449334659112317e+00
2.220445808064217097e+00
2.220445808064217097e+00
2.220445808064217097e+00
2.220410994387009840e+00
2.220397694851802939e+00
2.220395743277612244e+00
2.220395304141708159e+00
2.220394686098567494e+00
2.220394686098567494e+00
2.219639161040936060e+00
2.219629878900688968e+00
2.219546729430751597e+00
2.219518425823638008e+00
2.219395198639914302e+00
2.219353169819568983e+00
2.219309425698928973e+00
2.219304877326737646e+00
2.219304528625150930e+00
2.219303924168062991e+00
2.219280558202401998e+00
2.219255557694936432e+00
2.219248265830843003e+00
2.216843522839981873e+00
2.216728229649417514e+00
2.216703498545754769e+00
2.216688840775501212e+00
2.216640525184709443e+00
2.216608566446068629e+00
2.215438544179151759e+00
2.214760955471032133e+00
2.214722265724306194e+00
2.214717746660473718e+00
2.214716573477618855e+00
2.211727911592915596e+00
2.211727911592915596e+00
2.211727911592915596e+00
2.211727911592915596e+00
2.211727911592915596e+00
2.211727911592915596e+00
2.211454615008509261e+00
2.211454615008509261e+00
2.211357442068496937e+00
2.211353232850258088e+00
2.211352712765766615e+00
2.211352712765766615e+00
2.211352712765766615e+00
2.211352712765766615e+00
2.211352712765766615e+00
2.211352712765766615e+00
2.211352195103391871e+00
