-5.870479128040739347e+00
-5.000000000000000000e+00
-4.197877439722332404e+00
-6.952154875232002595e+00
-2.073485024915311836e+00
-1.928941940714073322e+00
-6.025978795180929382e+00
-2.807444865642906073e+00
-1.788283877961897250e+00
-4.811685223330580463e+00
-1.534010832974609162e+00
-7.457776388006515766e+00
-5.000000000000000000e+00
0.000000000000000000e+00
-2.560384347248575665e+00
-4.866369177434047844e-01
-4.000000000000000000e+00
-5.187839381512214132e+00
-1.720385218096469382e+00
-1.999281766787393666e+00
-6.257032701358056670e+00
-3.872412926358127727e+00
-1.030083324808122569e+01
-5.000000000000000000e+00
5.095266255632235897e-01
-7.135789780733150067e+00
-4.486622403407640292e+00
-3.618363556782590695e+00
-5.000000000000000000e+00
-6.144594923201966985e+00
-4.998175266602334688e+00
5.497977628799338712e-01
-5.203607386238577881e+00
-3.302960301772636775e+00
2.866449385943233841e-01
-6.102704565007027071e+00
-2.496322078528964816e+00
-8.317598222713711020e-02
-5.642181497081958597e+00
-3.125033438045068390e+00
-2.000000000000000000e+00
-7.191827385619384394e+00
-1.555364195456325316e+00
-7.029899797462785260e-01
-2.684931226114150249e+00
-5.000000000000000000e+00
-7.101182857158179651e+00
-2.618001650329868202e+00
9.798174805114288066e-01
-5.544380655672184410e+00
-2.949395103614182556e+00
2.000000000000000000e+00
-7.461661597381565869e+00
-1.632502296894487337e+00
-1.791210026806417499e+00
-6.930365671850220899e+00
-3.099279506121640271e+00
4.428806823461206021e-01
-5.000000000000000000e+00
-1.009235825645776519e+00
7.088270287129275898e-03
-6.884001755208909223e+00
-1.324990030901954441e+00
-4.665916140638115550e+00
-2.344257471753246058e+00
-5.922105882921989917e+00
0.000000000000000000e+00
-6.672645698462881469e+00
0.000000000000000000e+00
-5.033806284854618340e+00
-4.000000000000000000e+00
-4.000000000000000000e+00
-2.121297615311968254e+00
-5.670220277355140226e+00
-1.911100575067983032e+00
-7.040109794599522353e+00
-2.295638282474329550e+00
-4.000509333793051070e+00
-2.300158605737593120e+00
-6.033129744668159766e+00
2.593197109585090310e-01
-4.493478656326392873e+00
-4.993953324721144504e+00
-1.690196149515636570e+00
-5.000000000000000000e+00
-4.125322772033960028e+00
-2.588887595715958945e+00
-5.688442947771834568e+00
-4.367121705463959280e+00
-3.145964747795018113e+00
-3.092919691846538033e+00
-3.236285422615058582e+00
-3.767362835364641338e+00
-6.544068022635552317e+00
-1.091863367932876638e+00
3.777197474147767076e-01
-5.023654262412174276e+00
-1.717664159769553445e+00
1.477278446846752136e+00
-5.234274260381899246e+00
-3.161070408874889548e+00
2.784949265036256616e+00
-3.966374549528208338e+00
-1.122606206862005518e+00
-5.773154955955687173e-01
