-4.819691766855026316e+00
-3.756580029638760809e+00
-6.337942254145013443e+00
-5.948597729399594414e+00
-1.747486688628824281e+00
-1.599091700764563306e+00
-5.142436863308184947e+00
-3.441746575281910303e+00
-4.916714549464716866e-01
-6.099198717741974640e+00
-1.974574320141564865e+00
-6.207237332667626895e+00
-1.600291868207350143e+00
-4.359999719958179698e-01
-4.000000000000000000e+00
-1.189540955800660660e+00
-3.153347537306476323e+00
-7.951627205770542162e+00
-2.837817263209852836e+00
-7.372156371329818825e-01
-8.315174489210708231e+00
-5.000000000000000000e+00
-7.919434251022057225e+00
-2.023390488323769887e+00
-5.032180141153532738e-01
-7.698970004336018746e+00
-4.131695171954321566e+00
-5.102870672260945817e+00
-2.174293370537359937e+00
-9.000000000000000000e+00
-3.194797039587939924e+00
-1.980332479513313926e+00
-5.962838268617040249e+00
-2.039457256569017662e+00
-1.906243280331665124e+00
-5.464823442082946237e+00
-1.836681294920109453e-01
4.922959304579718753e-01
-4.658651613807752057e+00
-2.136438784333377416e+00
-2.000000000000000000e+00
-9.194599130866263792e+00
-3.168543011916126861e+00
-2.188027890933348651e-01
-2.352357946075239958e+00
-5.000000000000000000e+00
-6.946068684768576418e+00
-1.000000000000000000e+00
5.644574419405699039e-01
-7.602288199286646453e+00
-2.761983434001269888e+00
3.349722283802271106e-01
-6.714165094474564555e+00
-3.121859872377645395e+00
3.738981000209091327e-02
-7.950437369836298451e+00
-3.934870777326173297e+00
-5.525884651278217818e-01
-7.376612405876073808e+00
-3.926870948064108191e+00
-6.511569452761680754e-01
-7.841099338127886398e+00
-2.463193430363943115e+00
-6.823556633813923078e+00
-6.794411388638247340e-01
-5.951320821221526280e+00
-3.988375360653807267e+00
-6.880160275127313874e+00
-1.620758870573174804e+00
-6.154632702303592495e+00
-2.228007095435677876e+00
-5.961432731147500164e+00
-1.665875295475912399e+00
-5.064309971739413996e+00
0.000000000000000000e+00
-7.749455618412055991e+00
-3.104951307371035973e+00
-5.141090213418836541e+00
-1.027807584524064177e+00
-6.439346514060256155e+00
-2.633106145729974479e+00
-2.226388018269285229e+00
-1.957102083254399938e+00
-5.690196149515636570e+00
-2.691981586800985315e+00
-4.786868436455179676e+00
-2.000499006100769250e+00
-4.078502653878173234e+00
-2.042811672870921136e+00
-5.131806163626210449e+00
-2.772023278143446845e+00
-5.263009043169150303e+00
-2.053041266821483468e+00
-5.544333292714485495e+00
-4.370337287406934834e+00
2.487219687351666320e+00
-5.183715720983460784e+00
-1.000000000000000000e+00
3.000000000000000000e+00
-2.544068022635552317e+00
-4.542011796308310423e+00
-1.884222785358108665e-01
-3.995588003200677196e+00
-1.996741643556583234e+00
2.067431395827491469e-01
