-5.644199664959136165e+00
-3.955941960767044296e+00
-7.000000000000000000e+00
-4.000000000000000000e+00
-3.518368546039931211e+00
1.628940458524970047e+00
-6.743360128073678794e+00
-2.024192542292836183e+00
1.620643570191778515e+00
-4.418457929161315079e+00
-2.983931334999639695e+00
-7.775592387109163006e+00
-3.390922076457190570e+00
-1.684288627086167611e-01
-2.596906759356317984e+00
-2.399719671333097271e+00
-2.285484913856105749e+00
-4.376770083320791649e+00
-3.088129913612253308e+00
1.938657949107380485e-01
-6.865529333902689046e+00
-2.004872764869868984e+00
-7.972024910680544529e+00
-2.141009697702143555e+00
2.000000000000000000e+00
-5.271254243625845604e+00
-1.000000000000000000e+00
-3.959663380960814827e+00
-4.838281937093628748e+00
-7.984848541513552611e+00
-5.000000000000000000e+00
7.008967848269920253e-01
-6.405214671111738589e+00
-4.099219394979110476e+00
-1.057530364537690559e+00
-5.331385597589450853e+00
-4.000000000000000000e+00
-3.009895962398717595e-01
-5.224238557716566866e+00
-2.658695838367345576e+00
1.509422713675060146e-01
-7.133786040510448956e+00
-1.905705466424126415e+00
1.065626037923946834e+00
-4.620426161985294877e-01
-2.897411137640089063e+00
-6.745841042001728738e+00
-4.025372970486338353e+00
-1.201998517211801953e+00
-9.000000000000000000e+00
-2.345950754266569849e+00
-1.232621431728267325e+00
-5.000000000000000000e+00
-3.024467086460074228e+00
8.839560178728317341e-01
-8.053824540797357656e+00
-1.128403517506982423e+00
-1.312837081424532260e+00
-7.092334374862370616e+00
-4.970866160437787507e+00
-1.194097323780391351e+00
-4.000000000000000000e+00
-2.210540935607563373e+00
-6.493114614916914107e+00
-3.610554325195977632e-01
-5.127721138214584862e+00
-3.477170832898099473e+00
-8.000000000000000000e+00
-2.851457674516895580e+00
-7.320559701978167411e+00
-4.000000000000000000e+00
-4.000000000000000000e+00
5.829820908325601403e-01
-4.000000000000000000e+00
-3.724081755037742081e+00
-5.276123633015322945e+00
-1.522979330138936493e+00
-4.005973202272753220e+00
-1.364866151287946083e+00
-4.000000000000000000e+00
-3.721246399047171138e+00
-4.149174824815148099e+00
-5.000000000000000000e+00
-1.695292614391734398e+00
-4.780778308401469445e+00
-3.314827098784917325e+00
-5.000000000000000000e+00
-4.646401913761894598e+00
-2.866956073055514143e+00
-5.494487620475204892e+00
-1.827691315714767839e+00
-2.102329613089674698e+00
-3.112948213993820712e+00
-5.180290646866295923e+00
-1.000000000000000000e+00
-1.000000000000000000e+00
-3.297878580296140338e+00
-2.290187072056538486e+00
8.466434426686656467e-01
-3.086318719397201704e+00
-4.142579752134137649e+00
1.673212277578581597e+00
-3.857015312150820385e+00
-1.053817477483889542e+00
1.853561589500105633e+00
