-5.603327147218433169e+00
-5.000000000000000000e+00
-4.688912658166247027e+00
-7.233123031434327999e+00
-3.177563234536324277e+00
1.392644373037255523e+00
-6.952216959013718167e+00
-5.000000000000000000e+00
5.138438006028599181e-02
-6.395812108367055160e+00
-1.254733886887019478e+00
-6.044856214763234981e+00
-2.788196063949834436e+00
0.000000000000000000e+00
-3.475310596940247798e+00
-4.000000000000000000e+00
-2.165167487558092407e+00
-8.301029995663981254e+00
-1.610148183794447796e+00
9.672754236193588373e-02
-8.077774799897882829e+00
-3.511283035350332593e+00
-9.394931073144892508e+00
-2.761746734601727926e+00
8.830133695641181335e-01
-5.316680224269087596e+00
-3.970593215365905149e+00
-4.755440787093943911e+00
-2.573621876231229066e+00
-8.213323424131118600e+00
-2.992652513963025118e+00
1.570314689351598680e+00
-6.821036498759678324e+00
-3.955717932699495787e+00
-9.528836458588345604e-01
-4.494628759677811836e+00
-3.272582431880100895e+00
-9.086119198233627570e-02
-4.696736854339460976e+00
-1.000000000000000000e+00
-4.381307679873858718e-01
-6.588835671307375463e+00
-3.804690281392604678e+00
9.246584924804289729e-01
1.000000000000000000e+00
-2.858806035837408110e+00
-5.001021073163156139e+00
-5.000000000000000000e+00
-1.949560714379124260e+00
-7.817207687675479022e+00
-1.751855739249643218e+00
6.920477467967328655e-01
-6.726571499131220655e+00
-3.213256829111720947e+00
-7.404749613437277000e-01
-6.508727847892102680e+00
-3.960958151821662998e+00
-4.365966941220629227e-01
-8.053775181010001560e+00
-2.995440159013562198e+00
-1.390624965207418962e+00
-5.031989116600677825e+00
-3.180456064458131227e+00
-4.000545523453901353e+00
-5.801183732367893864e-01
-6.533395875588541735e+00
0.000000000000000000e+00
-4.000000000000000000e+00
0.000000000000000000e+00
-5.917782517894640826e+00
-5.643646954229799423e-02
-6.810496796675120201e+00
6.989700043360187465e-01
-5.325710254677652244e+00
-6.965758928671863526e-01
-5.677151548870782882e+00
-1.345879722130537415e+00
-5.769453688468708208e+00
-3.769063769091787197e-01
-7.185195157653231135e+00
-1.269046875842947397e-01
-5.564260348631057340e+00
-2.036137391424307275e+00
-5.057522534772849632e+00
-1.997519801892008395e+00
-1.690196149515636570e+00
-3.969676553926515528e+00
-2.993992539435275102e+00
-3.624302319230411129e+00
-5.690127080876645316e+00
-1.390674543951283093e+00
-4.201441386308905734e+00
-5.000000000000000000e+00
-4.601110699369651336e+00
-2.703763867605176952e+00
8.179314820574067335e-01
-3.183422717473157082e+00
-2.596792422993342342e+00
1.528325271740326174e+00
-5.521381262660497669e+00
-5.000000000000000000e+00
1.136624417104550533e+00
-5.259525506322596300e+00
-4.693477392516100188e+00
2.954849162895714088e+00
