-5.693514367444913127e+00
-3.040548357294166504e+00
-3.684656666633773892e+00
-7.362779166142050968e+00
-2.501040597295744572e+00
-1.249802065618569769e+00
-6.298706517474308875e+00
-3.254802648927808573e+00
1.160343976503419805e+00
-5.904107515633468140e+00
-2.819533324507350613e+00
-4.000000000000000000e+00
-2.778942786071781246e+00
-5.661260814620762138e-01
-3.526202061602048854e+00
-3.739889372855596417e+00
-2.437251072645634231e+00
-5.638299263358520719e+00
-2.727285733012432267e+00
6.520498456352668004e-01
-6.169532983652023184e+00
-3.217684891241240575e+00
-9.555300782214430910e+00
-4.159851161369519268e+00
1.099349640136913608e+00
-5.251325800126267040e+00
-2.160301421847573344e+00
-3.847050971388838558e+00
-2.535107762212693405e+00
-6.600719222760813132e+00
-1.594350671461405966e+00
2.580734147544580526e-01
-7.582845051787752588e+00
-3.838162897284217667e+00
-1.146386341721405099e-02
-6.504007186930391704e+00
-2.185835818841398215e+00
-3.756587480004418000e-01
-4.504621462312000446e+00
-1.564872766947932536e+00
3.588803444818875477e-01
-8.654735323099473021e+00
-3.684149728091739462e+00
3.809204223961325519e-01
-4.582615366008453428e-01
-3.925504578350455631e+00
-5.709422354013667267e+00
-4.019767118554493202e+00
6.328935524323329176e-01
-6.956031748665482795e+00
-1.921308433037365093e+00
-1.019156277549339462e+00
-5.537789917228264969e+00
-2.046005563513766834e+00
1.079763725079103120e-01
-6.701159952791653218e+00
-1.683917367002613519e+00
-1.986684511222449379e+00
-6.533604950451265658e+00
-3.694595117391312744e+00
2.000000000000000000e+00
-5.601547333463935630e+00
-4.117640978045238875e-01
-4.630707967086627797e+00
-2.207217682881683629e+00
-6.508918158661479936e+00
-2.962187765941575623e+00
-5.538640664953817350e+00
-1.380925584362587388e+00
-5.108844296665306928e+00
-2.694167319920209192e+00
-7.059028912810748402e+00
-2.165130099987316648e+00
-6.197980097888406981e+00
-4.000000000000000000e+00
-7.717918769095518883e+00
-2.580791805276633877e+00
-5.323216443229976669e+00
-3.395738699881855727e+00
-8.000000000000000000e+00
1.878845081260162309e-01
-3.828733881491727775e+00
-2.516849665341037934e+00
-3.557971877402552607e+00
-5.000000000000000000e+00
-3.589848926997610157e+00
-4.957161704545847591e+00
-1.705876352949501795e+00
-3.827020714802717105e+00
-3.827201018119431808e+00
-2.055231607925648074e+00
-4.807760454857906041e+00
-2.759185588289238211e+00
-3.553989214251963347e+00
-3.344560334535879420e+00
1.969596550284733738e-01
-4.810640093176484555e+00
-4.055305399727139104e+00
-9.639822893424779826e-01
-3.015613607118009742e+00
-2.419823641021805027e+00
-2.491470079391414072e-01
-4.218872919559116141e+00
-3.616192349959990171e+00
1.566692253704324855e+00
