-8.397940008672037493e+00
-3.002976411987545280e+00
-3.399535651758209376e+00
-5.667989074434152563e+00
-1.436034922514666246e+00
-1.200443949218504835e+00
-6.916804646209692820e+00
-4.007729691651145565e+00
4.668478962823062739e-01
-5.840125251095484415e+00
-5.000000000000000000e+00
-6.392557915760220588e+00
-1.531569875324429342e+00
-5.214151782524693857e-02
-3.923000632644714436e+00
-3.904119853338014146e+00
-3.021791260758966313e+00
-5.005024223542573480e+00
-4.837817299250811942e+00
-2.690164330607844878e-01
-5.663746872742447813e+00
-4.971946659024553128e+00
-9.620443998956973886e+00
-1.003315289563027735e+00
8.533247735732273354e-01
-4.418998792488995520e+00
-1.879001935885192598e+00
-4.617523079766714389e+00
-2.431530705231412792e+00
-6.798828314823277985e+00
-2.250730861381196046e+00
-1.998938159616404864e+00
-5.943022793312946916e+00
-4.507434479066160016e+00
1.000000000000000000e+00
-5.469440746183511060e+00
-1.088710660173022760e+00
1.220928882176617769e+00
-5.504778917948969230e+00
-3.184546360965291534e+00
9.792046265609232192e-01
-6.542028439352251645e+00
-1.931978566889630322e+00
-2.000000000000000000e+00
-6.383771619768237038e-01
-2.135290354767207965e+00
-6.130062204694272765e+00
-4.966955098805634350e+00
7.915495327786398194e-02
-6.679245601787493491e+00
-2.092315876165630417e+00
2.000000000000000000e+00
-8.660740994857977881e+00
-2.412643951799073871e+00
1.999634589267612617e+00
-6.347698707808158147e+00
-3.359257375572023641e+00
-1.928047938242007708e+00
-8.956211894456526323e+00
-5.000000000000000000e+00
-1.348640973617320604e+00
-7.084487654125791956e+00
-2.275860804931185977e-02
-4.000000417324487856e+00
-2.786320404859867761e+00
-8.000000000000000000e+00
-3.577867488568030829e+00
-6.980164668658506599e+00
-3.695055837588659298e+00
-8.000000000000000000e+00
-9.630639858237823869e-01
-5.738101828617165445e+00
-5.221583207518158964e-01
-5.960390052267990235e+00
-7.492015965447070902e-04
-7.297513091283579278e+00
-2.332686822143925642e+00
-6.785946491159203120e+00
-4.000000000000000000e+00
-7.752523952045768496e+00
-3.190527404227630814e+00
-1.690196149515636570e+00
-2.316157608721099770e+00
-2.531975770172045781e+00
-1.000990274437711935e+00
-3.252421594066380095e+00
-3.210505195129617295e+00
-1.690196149515636570e+00
-3.199026787182111864e+00
-3.652391622091594403e+00
-3.268252155435034112e+00
-3.240786477977700919e+00
-4.210658069432430040e+00
-6.544068022635552317e+00
-1.959945747647066305e+00
-1.527543243284116836e-01
-3.254538774471857909e+00
-1.000000000000000000e+00
9.093829153286810962e-01
-5.648785309127188903e+00
-4.887244064929801901e+00
1.966867566020042979e+00
-5.895877065322968846e+00
-1.297036469042034845e+00
-4.991385228970433019e-01
