-5.899263760407509771e+00
-5.000000000000000000e+00
-4.525747191643585410e+00
-6.332825990090812596e+00
-2.463091135527080144e+00
6.211610363150901204e-01
-5.664507768188283166e+00
-3.049176412133805858e+00
-2.000000000000000000e+00
-6.101281019582354581e+00
-1.872301248987137789e+00
-4.620822018969903411e+00
-5.000000000000000000e+00
-4.280703423487585702e-01
-3.558486582951759569e+00
-6.636419749806904411e-02
-1.667003356092245259e+00
-6.405567885886366497e+00
-1.900685174940012878e+00
9.981297558624521171e-01
-5.908251880245928511e+00
-3.067373227545509895e+00
-6.719380825071135988e+00
-5.000000000000000000e+00
-1.078331178228200127e+00
-4.676434478437583309e+00
-1.690508383549947036e+00
-5.173588617458550587e+00
-4.081676200588289838e+00
-5.729086998967112265e+00
-1.793658465860679341e+00
-1.262772328691048607e+00
-5.262548638170413184e+00
-2.569023847565079510e+00
-2.161396490915906465e+00
-4.356798142119854056e+00
-7.199496694085754100e-01
-9.892591087159546825e-01
-7.112367714933270690e+00
-4.055841040704687650e+00
3.672979538223174467e-01
-6.142292486629035153e+00
-1.000000000000000000e+00
3.301948116975561478e-03
8.554213425379919578e-01
-4.384586866789873305e+00
-6.209357736646615500e+00
-3.492249694367826507e+00
-1.014776235910543001e+00
-7.270420739046842051e+00
-3.490288509405693240e+00
1.019891545550832002e-01
-5.000000000000000000e+00
-4.791478253736016768e+00
-7.125995317108565485e-01
-7.131761094468929585e+00
-2.041537061917738871e+00
9.945482158371734549e-01
-6.789856872448223335e+00
-2.937630450742522825e+00
-3.875745396642652496e-01
-4.892244879101713906e+00
-3.699802047060370830e-02
-5.415958277257042042e+00
-8.685858201323539696e-01
-4.000000000000000000e+00
-3.578709136677224123e+00
-7.757440668113526172e+00
0.000000000000000000e+00
-6.028886036731402776e+00
-3.106992317835665651e-01
-8.000000000000000000e+00
-1.605463460771987538e+00
-4.478446285100330826e+00
-2.816468856923193709e+00
-7.778865813973488308e+00
-6.577483438758706669e-01
-6.936184204344361781e+00
-2.513589043513835719e+00
-7.658892568680285784e+00
-1.508556064991704693e+00
-3.503535417178437861e+00
-4.415694410029368022e+00
-1.690196149515636570e+00
-4.320369464867126474e+00
-1.690196149515636570e+00
-4.312756381020393270e+00
-5.603558536089709996e+00
-3.681276416632131010e+00
-4.747384613768454997e+00
-2.498124192920623710e+00
-4.250901394903628727e+00
-2.252889961996565216e+00
-6.221627688178973159e+00
-3.673003285498304127e+00
1.134306059940037859e+00
-5.989239912745146555e+00
-3.029701850144159714e+00
-6.482834016270710986e-01
-3.205552558733886226e+00
-1.994133622035195730e+00
-3.173640070079752351e-01
-5.431533656797539855e+00
-1.572374890843507345e+00
4.227181640106444371e-01
