-8.236883576565082521e+00
-1.992350431630464325e+00
-7.000000000000000000e+00
-7.228957023719381425e+00
-4.600623015919838465e+00
8.030508252164481053e-01
-6.830317011311372255e+00
-2.543908671759209650e+00
1.588827212707823178e-01
-5.286809629376808317e+00
-1.195845307183840189e+00
-6.225941629829232049e+00
-2.622981211926224798e+00
-1.111693700770377768e+00
-2.919197770671825509e+00
-1.156857950631963838e+00
-2.606916143228888316e+00
-5.456770793959666577e+00
-2.064540942609627283e+00
1.003728159374447815e+00
-9.301029995663981254e+00
-3.360198021108934618e+00
-9.081544869926508667e+00
-1.991424602999127602e+00
1.480694517542451016e-01
-6.090433582874015705e+00
-2.668651344297519490e+00
-3.154901959985743076e+00
-4.116094097904829496e+00
-7.737977845449306002e+00
-4.235640274838172736e+00
6.085447682490632282e-01
-6.765682183090754975e+00
-2.430131338861477364e+00
-5.401273193726003896e-01
-6.224307019712427724e+00
0.000000000000000000e+00
1.115983381637617233e+00
-7.273006261257180860e+00
-3.393244116785723019e+00
8.766172281450864689e-01
-5.908705051126868391e+00
-3.520708587109170562e+00
6.943140483502510119e-01
5.966482652083344718e-01
-3.709084264069813841e+00
-6.613439450710241196e+00
-4.446078613646482935e+00
-1.999999997750217640e+00
-6.392694161616623738e+00
-1.960345689573180339e+00
2.403340934145736518e-01
-5.000000000000000000e+00
-2.668921502875404972e+00
3.872578264775780044e-01
-7.509727772423608450e+00
-1.000000000000000000e+00
-9.211049429160559354e-01
-5.103541828479697173e+00
-2.482393439758028286e+00
-5.186883106126577436e-01
-5.957436821564947138e+00
-4.386709941552937586e-01
-6.620130495050134734e+00
-2.321279901752570929e+00
-7.350273455059729066e+00
-1.912933806578797968e+00
-7.085029851668867451e+00
-1.740644439839057922e+00
-7.463107771551762859e+00
-8.509229844725754166e-01
-6.336626753447987426e+00
6.989700043360187465e-01
-4.000000000000000000e+00
-1.380851367553132203e+00
-6.776555344750216925e+00
-2.703398906965976511e+00
-4.840246247032941262e+00
-1.204972498953749804e+00
-4.908947175732469859e+00
-5.687690819920850904e-01
-5.055076590029174533e+00
-2.093773814583603343e+00
-5.017372532711146249e+00
-3.789186864428249368e+00
-3.136987242934223374e+00
-1.955964735131046517e+00
-4.830808978760732231e+00
-3.291656623819980698e+00
-4.041656262168206837e+00
-4.279823026347938431e+00
-4.589515472548070463e+00
-4.428731768923509726e+00
-4.507470467250959345e+00
-3.473862099027912986e+00
-1.000000000000000000e+00
-3.037886037447300236e+00
-1.206429416292239543e+00
1.804876249990593928e+00
-5.034061195747271178e+00
-2.047182574935141997e+00
2.083472409991252938e+00
-2.545642594858153362e+00
-5.000000000000000000e+00
1.498864672737219905e+00
