-7.578241581377064939e+00
-1.000000000000000000e+00
-5.609344392080220842e+00
-6.854430790932844353e+00
-1.000000000000000000e+00
-7.433612321627681707e-01
-5.798456664602156252e+00
-1.135471322786962167e+00
1.132475040477418926e-01
-6.497074621922031668e+00
-1.788885438273372541e+00
-6.224719882633293899e+00
-4.212491056559428237e+00
-1.478599115308994572e+00
-3.665685458840325150e+00
-2.194789559658894884e+00
-2.582903483889118945e+00
-6.013609391558943251e+00
-2.800035715560175387e+00
1.373434290571774907e+00
-7.549810389954733303e+00
-4.321885507406284965e+00
-9.662646442081362252e+00
-5.000000000000000000e+00
4.285224413860116988e-05
-6.078166688617467450e+00
-1.151290963276848212e+00
-3.632959414174272261e+00
-2.965799949859859286e+00
-6.498104516505313732e+00
-3.657850387635390277e+00
-3.514343514450923855e-01
-4.938145731801720117e+00
-1.297980794413564620e+00
-3.000000000000000000e+00
-5.643465537623909789e+00
0.000000000000000000e+00
-4.879440323408427149e-01
-7.090174642637899538e+00
-2.905782900339048958e+00
3.896224058758351316e-01
-7.095280098103407873e+00
-2.385173193333025132e+00
-2.400233716888244273e-01
-1.058981900280107080e-01
-3.133979519275824632e+00
-6.139481822430281177e+00
-2.368155940381487135e+00
4.297089588100962421e-01
-6.924888075966329382e+00
-1.784077913194970666e+00
-7.264758713696251036e-02
-8.269252854206962766e+00
-4.080612914845782591e+00
3.563991584261228529e-01
-6.198361253051266395e+00
-1.119129369016069520e+00
1.296436806093600680e+00
-5.307804078558358007e+00
-1.982163632797873332e+00
6.240597749468628219e-01
-7.983477601511955513e+00
-7.727401027517817322e-01
-6.720106369932203449e+00
-3.953590232583929498e-01
-5.607846786172674847e+00
-1.924689851445480215e+00
-4.429132521562465286e+00
-3.117827888919312507e+00
-8.000000000000000000e+00
-8.834705023328552898e-01
-4.728249076491513492e+00
-1.949485645096396658e+00
-7.488742281036906867e+00
-1.370959221652935600e+00
-4.932829138815131742e+00
-8.825035190347668701e-01
-5.537029201484270580e+00
-1.518353997713688841e+00
-5.036307978646090255e+00
-1.826680804810273617e+00
-4.138037849252041767e+00
-3.337315689799164264e+00
-3.128133153433350522e+00
-4.190862502546460533e+00
-3.736156375550330200e+00
-2.968977085506659286e+00
-5.682604208443908789e+00
-1.504809506219564552e+00
-4.114194647034766561e+00
-2.704976719716683853e+00
-3.725252278156455432e+00
-3.615053731111178781e+00
-5.203624358897652513e+00
-4.683946584410025871e+00
1.226770679786280072e+00
-2.544068022635552317e+00
-2.737426375986864446e+00
7.874690910238878461e-01
-4.963103364332420497e+00
-2.290825144580127759e+00
2.367546381784290332e+00
-2.544068022635552317e+00
-2.904565775118787663e+00
7.825206946458980184e-01
