-6.728114166044636413e+00
-3.706072478780391144e+00
-5.673971210521079556e+00
-5.860730026748143473e+00
-2.676364167175441011e+00
1.091471989304675150e+00
-6.465915360602210171e+00
-3.121883866702853449e+00
4.473830162125239651e-01
-5.772770999454740704e+00
-2.115208624308718921e+00
-6.253143179165533638e+00
-2.762219859851114734e+00
-1.046862333661405797e+00
-2.495439465924357503e+00
-2.214913565913497973e+00
-2.371311516616922077e+00
-6.534591412231499419e+00
-1.000000000000000000e+00
1.538673259536819549e+00
-6.904545304952820928e+00
-1.000000000000000000e+00
-7.429359655175855615e+00
-2.160300595770518139e+00
-7.251489386358000999e-01
-6.384457838473587721e+00
-1.000000000000000000e+00
-3.695104050903985637e+00
-4.006444048360632060e+00
-6.996973354373956511e+00
-2.553480177725533373e+00
2.201257258513058396e-02
-5.641835227620050297e+00
-2.980773398371151295e+00
-7.044120823848882829e-01
-4.616849623793735979e+00
-2.670601964893470903e+00
1.345101485773104455e-01
-6.118811766033891431e+00
-1.398360066589255934e+00
9.096278996293786223e-01
-6.219115031441542207e+00
-3.500029951688684360e+00
2.747100557203798199e-01
3.385756047872902630e-01
-3.367782298454225387e+00
-5.137567188923651607e+00
-2.969143010655891590e+00
2.690194233910911947e-01
-5.961416195776641835e+00
-4.517700648808339992e+00
4.152854375533240883e-03
-8.239720611296913688e+00
-2.654571879368658571e+00
-6.425182396658705164e-01
-5.406616582175081120e+00
-4.277409152778073320e+00
7.566979346009176099e-01
-6.555898459731997363e+00
-2.204192987228307476e+00
-6.838506675818077918e-01
-4.033213717252719377e+00
-2.966701858871909625e+00
-5.774251024635154828e+00
-1.818159980781806739e+00
-6.212731177329747112e+00
-2.540016602025949144e+00
-6.398976193206955543e+00
-3.912795864908079846e+00
-4.988902273793090814e+00
-2.745591535995489885e+00
-4.819728715458017732e+00
-2.043134156565660664e+00
-5.646594324369250018e+00
-6.322625656920520809e-01
-6.998248256038989368e+00
-2.846056937549885202e+00
-6.158613218299570313e+00
-2.463227991392791694e+00
-6.708503219040185428e+00
-2.065258624053908587e+00
-4.039616078317039616e+00
-4.153652492734696722e+00
-5.690196149515636570e+00
-3.229407593569150858e+00
-3.532944201775154447e+00
-4.619427961419823703e+00
-2.843167728228567448e+00
-1.000000000000000000e+00
-2.538563262484113459e+00
-3.027004916376268451e+00
-3.504368156897678777e+00
-1.877507857737703567e+00
-5.941486446736621296e+00
-1.686644339833661244e+00
1.165311686707646510e+00
-3.449672630455117073e+00
-3.429372040425919366e+00
3.266128782643405448e-01
-3.922019334623679576e+00
-2.887238381037536605e+00
-3.143058075842125598e-01
-4.861532650618888063e+00
-3.097380720998002879e+00
8.466021985474134759e-01
