3.512941872852488245e+01
3.512941872852488245e+01
2.478908345564986604e+01
2.478908345564986604e+01
1.851991127906357804e+01
1.785288390126091684e+01
4.256283329943785887e+00
4.090660018615302818e+00
3.112334432805053730e+00
2.098383683129351418e+00
2.098383683129351418e+00
1.435693023197161855e+00
1.290082548754168945e+00
1.290082548754168945e+00
1.290082548754168945e+00
1.290082548754168945e+00
1.268755167020922281e+00
9.774750469006037168e-01
7.698514654426896753e-01
7.698514654426896753e-01
7.698514654426896753e-01
7.698514654426896753e-01
7.698514654426896753e-01
7.698514654426896753e-01
7.698514654426896753e-01
7.698514654426896753e-01
5.258816483986343826e-01
5.258816483986343826e-01
5.258816483986343826e-01
5.258816483986343826e-01
5.258816483986343826e-01
5.258816483986343826e-01
5.258816483986343826e-01
5.258816483986343826e-01
5.258816483986343826e-01
5.258816483986343826e-01
5.258816483986343826e-01
5.258816483986343826e-01
5.097296448928797519e-01
5.097296448928797519e-01
5.097296448928797519e-01
5.097296448928797519e-01
5.097296448928797519e-01
5.097296448928797519e-01
3.772506404131462654e-01
3.772506404131462654e-01
3.772506404131462654e-01
3.772506404131462654e-01
3.772506404131462654e-01
3.772506404131462654e-01
3.593098044678630920e-01
3.593098044678630920e-01
3.593098044678630920e-01
3.593098044678630920e-01
3.593098044678630920e-01
3.593098044678630920e-01
3.593098044678630920e-01
3.593098044678630920e-01
3.593098044678630920e-01
3.593098044678630920e-01
3.593098044678630920e-01
3.593098044678630920e-01
3.583900424484200431e-01
3.583900424484200431e-01
3.583900424484200431e-01
3.583900424484200431e-01
3.583900424484200431e-01
3.583900424484200431e-01
3.583900424484200431e-01
3.294336514320393428e-01
3.294336514320393428e-01
3.105018548013654955e-01
3.103183524453251851e-01
3.103183524453251851e-01
3.103183524453251851e-01
3.103183524453251851e-01
3.103183524453251851e-01
3.103183524453251851e-01
3.103183524453251851e-01
3.103183524453251851e-01
3.103183524453251851e-01
3.103183524453251851e-01
3.103183524453251851e-01
3.103183524453251851e-01
3.103183524453251851e-01
3.103183524453251851e-01
3.103183524453251851e-01
3.103183524453251851e-01
2.880655135338458517e-01
2.880655135338458517e-01
2.880655135338458517e-01
2.880655135338458517e-01
2.880655135338458517e-01
2.880655135338458517e-01
2.880655135338458517e-01
2.880655135338458517e-01
2.880655135338458517e-01
2.880655135338458517e-01
2.880655135338458517e-01
2.880655135338458517e-01
2.880655135338458517e-01
2.880655135338458517e-01
2.880655135338458517e-01
2.880655135338458517e-01
2.880655135338458517e-01
2.880655135338458517e-01
2.880655135338458517e-01
2.880655135338458517e-01
2.880655135338458517e-01
2.880655135338458517e-01
2.854685239460674762e-01
2.854685239460674762e-01
2.840848568674931851e-01
2.690247161155827627e-01
2.690247161155827627e-01
2.690247161155827627e-01
2.690247161155827627e-01
2.690247161155827627e-01
2.690247161155827627e-01
2.690247161155827627e-01
2.554071691150219814e-01
2.554071691150219814e-01
2.554071691150219814e-01
2.445888182868702354e-01
2.445888182868702354e-01
2.445888182868702354e-01
2.445888182868702354e-01
2.348694275417885224e-01
2.167463679705143031e-01
2.093667079320886137e-01
2.067270847124841882e-01
2.058426231869646683e-01
1.946020518435044866e-01
1.946020518435044866e-01
1.946020518435044866e-01
1.946020518435044866e-01
1.946020518435044866e-01
1.925749002947815813e-01
1.912561165310043276e-01
1.897918482839124343e-01
1.894951530652956295e-01
1.894913891296693131e-01
1.894913891296693131e-01
1.887451325297277438e-01
1.884882048750343153e-01
1.880127460197369982e-01
1.876879525073588129e-01
1.873907372640050417e-01
1.872674408974417670e-01
1.871522325071802995e-01
1.869902021696216443e-01
1.865975652992933886e-01
1.865975652992933886e-01
1.731772219118093425e-01
1.731772219118093425e-01
1.727651085614301252e-01
1.727651085614301252e-01
1.672583319210517172e-01
1.612365172640339572e-01
1.598951997044165685e-01
1.591463668119766639e-01
1.582790829099320062e-01
1.577560321301349766e-01
1.476119531499510695e-01
1.404032653089221094e-01
1.377688165541876841e-01
1.372674176013131131e-01
1.372040982725321323e-01
1.371937490139242821e-01
1.371922846226748538e-01
1.371921783127219574e-01
1.371920271847322792e-01
1.371914490632665795e-01
1.371914490632665795e-01
1.371914490632665795e-01
1.371914490632665795e-01
1.367518571010443440e-01
1.212506721499381629e-01
1.209740381219378269e-01
1.209740381219378269e-01
1.209740381219378269e-01
1.208616117707361631e-01
1.208378281209596394e-01
1.208373506654580598e-01
1.208373506654580598e-01
1.208373506654580598e-01
1.208354663106037813e-01
1.208354663106037813e-01
1.208354663106037813e-01
1.208354663106037813e-01
1.208354663106037813e-01
1.208354663106037813e-01
1.208354663106037813e-01
1.208354663106037813e-01
1.208354663106037813e-01
1.208354663106037813e-01
1.208354663106037813e-01
1.208354663106037813e-01
1.208354663106037813e-01
1.208354663106037813e-01
