4.565374799017875773e+01
3.775663050527857934e+01
3.775663050527857934e+01
2.718999131643301581e+01
1.376364225795569141e+01
1.376364225795569141e+01
7.654516272826072054e+00
7.654516272826072054e+00
6.494491304757991301e+00
2.707383298164039331e+00
2.061588884927636478e+00
1.566005780393855407e+00
1.554367384964793652e+00
1.554367384964793652e+00
1.554367384964793652e+00
1.320450418665994885e+00
1.019805580966348657e+00
9.311647548097641280e-01
8.007881071362507042e-01
8.007881071362507042e-01
8.007881071362507042e-01
7.797142315471164986e-01
7.797142315471164986e-01
7.421421633350463454e-01
7.421421633350463454e-01
7.421421633350463454e-01
7.421421633350463454e-01
7.421421633350463454e-01
7.421421633350463454e-01
5.222664587533220049e-01
5.222664587533220049e-01
5.222664587533220049e-01
5.222664587533220049e-01
5.222664587533220049e-01
5.222664587533220049e-01
5.222664587533220049e-01
5.222664587533220049e-01
5.222664587533220049e-01
5.222664587533220049e-01
5.222664587533220049e-01
5.222664587533220049e-01
5.222664587533220049e-01
5.222664587533220049e-01
5.222664587533220049e-01
5.222664587533220049e-01
5.036326134038190405e-01
5.036326134038190405e-01
5.036326134038190405e-01
5.036326134038190405e-01
5.036326134038190405e-01
5.036326134038190405e-01
5.036326134038190405e-01
5.036326134038190405e-01
5.036326134038190405e-01
5.036326134038190405e-01
5.036326134038190405e-01
5.036326134038190405e-01
5.036326134038190405e-01
5.036326134038190405e-01
4.697064734658605856e-01
4.697064734658605856e-01
4.697064734658605856e-01
4.697064734658605856e-01
4.697064734658605856e-01
3.482398410928189691e-01
3.482398410928189691e-01
3.482398410928189691e-01
3.482398410928189691e-01
3.482398410928189691e-01
3.482398410928189691e-01
3.482398410928189691e-01
3.482398410928189691e-01
3.482398410928189691e-01
3.482398410928189691e-01
3.482398410928189691e-01
3.482398410928189691e-01
3.482398410928189691e-01
3.482398410928189691e-01
3.482398410928189691e-01
3.482398410928189691e-01
3.482398410928189691e-01
3.422405762493340720e-01
3.422405762493340720e-01
3.422405762493340720e-01
3.422405762493340720e-01
3.422405762493340720e-01
3.422405762493340720e-01
3.422405762493340720e-01
3.422405762493340720e-01
3.422405762493340720e-01
3.384766182257549771e-01
3.083468167541347227e-01
3.083468167541347227e-01
3.083468167541347227e-01
3.083468167541347227e-01
3.083468167541347227e-01
3.083468167541347227e-01
3.053569744956921017e-01
3.053569744956921017e-01
3.053569744956921017e-01
2.983365368262620443e-01
2.983365368262620443e-01
2.983365368262620443e-01
2.983365368262620443e-01
2.983365368262620443e-01
2.983365368262620443e-01
2.983365368262620443e-01
2.983365368262620443e-01
2.951342334839043846e-01
2.930138153926574729e-01
2.930138153926574729e-01
2.930138153926574729e-01
2.930138153926574729e-01
2.930138153926574729e-01
2.930138153926574729e-01
2.930138153926574729e-01
2.865535698591669678e-01
2.771294895037181849e-01
2.771294895037181849e-01
2.771294895037181849e-01
2.771294895037181849e-01
2.771294895037181849e-01
2.771294895037181849e-01
2.771294895037181849e-01
2.771294895037181849e-01
2.758463838095187581e-01
2.755386719769616910e-01
2.754706993708112006e-01
2.754239731085533216e-01
2.754169921651295483e-01
2.754138657546305047e-01
2.754137872425675426e-01
2.754137872425675426e-01
2.754135449847290307e-01
2.754135449847290307e-01
2.754135449847290307e-01
2.754135449847290307e-01
2.743257766179588719e-01
2.708875591566944907e-01
2.689776513066836072e-01
2.682875855848836921e-01
2.681455793210120175e-01
2.679785509846106528e-01
2.658952739330729953e-01
2.658952739330729953e-01
2.658952739330729953e-01
2.658952739330729953e-01
2.658952739330729953e-01
2.658952739330729953e-01
2.658952739330729953e-01
2.658952739330729953e-01
2.658952739330729953e-01
2.658952739330729953e-01
2.658952739330729953e-01
2.658952739330729953e-01
2.658952739330729953e-01
2.658952739330729953e-01
2.658952739330729953e-01
2.658952739330729953e-01
2.658952739330729953e-01
2.658952739330729953e-01
2.658952739330729953e-01
2.358563857860300761e-01
2.358563857860300761e-01
2.358563857860300761e-01
2.358563857860300761e-01
2.358563857860300761e-01
2.358563857860300761e-01
2.358563857860300761e-01
2.358563857860300761e-01
2.358563857860300761e-01
2.358563857860300761e-01
2.307839270443237112e-01
2.307839270443237112e-01
2.307839270443237112e-01
2.307839270443237112e-01
2.307839270443237112e-01
2.307839270443237112e-01
2.307839270443237112e-01
2.307839270443237112e-01
2.307839270443237112e-01
2.307839270443237112e-01
2.307839270443237112e-01
2.307839270443237112e-01
2.307839270443237112e-01
2.307839270443237112e-01
2.307839270443237112e-01
2.307839270443237112e-01
2.307839270443237112e-01
2.258362034643865424e-01
2.248024878823373374e-01
2.247451589179559894e-01
2.247411126737206832e-01
2.247411126737206832e-01
2.247411126737206832e-01
2.247411126737206832e-01
2.247411126737206832e-01
2.247411126737206832e-01
2.247411126737206832e-01
2.247411126737206832e-01
