1.889020863072743950e+01
1.889020863072743950e+01
1.889020863072743950e+01
1.290841128814410332e+01
1.290841128814410332e+01
1.092872468765697214e+01
7.599553587088396789e+00
5.856201441253775286e+00
4.030944065740896143e+00
1.739096499729707146e+00
1.470809955185854889e+00
1.470809955185854889e+00
4.711116871473410850e-01
3.179793275868436631e-01
3.179793275868436631e-01
3.179793275868436631e-01
3.179793275868436631e-01
2.894573180041926097e-01
2.894573180041926097e-01
2.894573180041926097e-01
2.894573180041926097e-01
2.894573180041926097e-01
2.894573180041926097e-01
2.894573180041926097e-01
2.894573180041926097e-01
2.894573180041926097e-01
2.894573180041926097e-01
2.894573180041926097e-01
2.894573180041926097e-01
2.894573180041926097e-01
2.894573180041926097e-01
2.894573180041926097e-01
2.049842277354605447e-01
2.049842277354605447e-01
2.049842277354605447e-01
2.049842277354605447e-01
2.049842277354605447e-01
2.049842277354605447e-01
2.049842277354605447e-01
2.049842277354605447e-01
2.049842277354605447e-01
2.049842277354605447e-01
2.049842277354605447e-01
2.049842277354605447e-01
2.049842277354605447e-01
2.049842277354605447e-01
2.049842277354605447e-01
2.049842277354605447e-01
1.726308994718804557e-01
1.726308994718804557e-01
1.615450309664779316e-01
1.615450309664779316e-01
1.615450309664779316e-01
1.543542256680117408e-01
1.206081899872001317e-01
1.206081899872001317e-01
1.206081899872001317e-01
1.206081899872001317e-01
1.206081899872001317e-01
1.206081899872001317e-01
1.206081899872001317e-01
1.206081899872001317e-01
1.206081899872001317e-01
1.206081899872001317e-01
1.206081899872001317e-01
7.546231801594520394e-02
7.546231801594520394e-02
7.546231801594520394e-02
7.546231801594520394e-02
7.546231801594520394e-02
7.546231801594520394e-02
7.546231801594520394e-02
7.546231801594520394e-02
7.546231801594520394e-02
7.546231801594520394e-02
7.546231801594520394e-02
7.546231801594520394e-02
7.546231801594520394e-02
7.546231801594520394e-02
7.546231801594520394e-02
7.546231801594520394e-02
7.546231801594520394e-02
7.546231801594520394e-02
7.546231801594520394e-02
7.546231801594520394e-02
7.546231801594520394e-02
7.546231801594520394e-02
7.546231801594520394e-02
7.546231801594520394e-02
7.546231801594520394e-02
7.546231801594520394e-02
6.857872033124456923e-02
6.857872033124456923e-02
6.857872033124456923e-02
6.857872033124456923e-02
6.857872033124456923e-02
6.857872033124456923e-02
6.857872033124456923e-02
6.857872033124456923e-02
6.857872033124456923e-02
6.857872033124456923e-02
6.857872033124456923e-02
6.857872033124456923e-02
6.857872033124456923e-02
6.857872033124456923e-02
6.857872033124456923e-02
6.857872033124456923e-02
6.857872033124456923e-02
6.857872033124456923e-02
6.857872033124456923e-02
6.857872033124456923e-02
6.857872033124456923e-02
6.857872033124456923e-02
6.857872033124456923e-02
6.857872033124456923e-02
6.857872033124456923e-02
6.857872033124456923e-02
6.857872033124456923e-02
6.854076713113665953e-02
6.854076713113665953e-02
6.854076713113665953e-02
6.854076713113665953e-02
6.854076713113665953e-02
6.854076713113665953e-02
6.839420718650553177e-02
6.839420718650553177e-02
6.839420718650553177e-02
6.839246178151323075e-02
6.838847504380253517e-02
6.838804972488904399e-02
6.838776174116922846e-02
6.838755363638965301e-02
6.838755363638965301e-02
6.838724227894690810e-02
6.838724227894690810e-02
6.838724227894690810e-02
6.838724227894690810e-02
6.838720154658485539e-02
6.838720154658485539e-02
6.838720154658485539e-02
6.838720154658485539e-02
6.838720154658485539e-02
6.838720154658485539e-02
6.838720154658485539e-02
6.838720154658485539e-02
6.838720154658485539e-02
6.838720154658485539e-02
6.838720154658485539e-02
6.838718311541770734e-02
6.838718311541770734e-02
6.838718311541770734e-02
6.838718311541770734e-02
6.838718311541770734e-02
6.838718311541770734e-02
6.838718311541770734e-02
6.838718311541770734e-02
6.838718311541770734e-02
6.838718311541770734e-02
6.838718311541770734e-02
6.838718311541770734e-02
6.838718311541770734e-02
6.838718311541770734e-02
6.838716961354623924e-02
6.838716961354623924e-02
6.529131194286683093e-02
6.529131194286683093e-02
6.529131194286683093e-02
6.529131194286683093e-02
6.529131194286683093e-02
6.529131194286683093e-02
6.529131194286683093e-02
6.529131194286683093e-02
6.529131194286683093e-02
6.529131194286683093e-02
6.529131194286683093e-02
6.529131194286683093e-02
6.529131194286683093e-02
6.529131194286683093e-02
6.529131194286683093e-02
6.529131194286683093e-02
6.529131194286683093e-02
6.529131194286683093e-02
6.529131194286683093e-02
6.529131194286683093e-02
6.529131194286683093e-02
6.529131194286683093e-02
6.529131194286683093e-02
6.529131194286683093e-02
6.503540871331309203e-02
6.503540871331309203e-02
6.501676496153419027e-02
6.501322846841879610e-02
6.501304336541334494e-02
6.501304336541334494e-02
6.501304336541334494e-02
6.501304336541334494e-02
6.501290784850680127e-02
6.501290784850680127e-02
6.501290784850680127e-02
6.501290784850680127e-02
