3.618954773219567755e+01
2.513167014284972822e+01
2.513167014284972822e+01
8.871597117899103324e+00
7.907254322777477640e+00
7.907254322777477640e+00
7.304688581086251631e+00
5.515663336845409326e+00
5.515663336845409326e+00
4.542487674111164608e+00
4.542487674111164608e+00
4.265314971173120639e+00
4.265314971173120639e+00
3.831432468369428079e+00
2.689871898967184816e+00
2.689871898967184816e+00
2.689871898967184816e+00
2.689871898967184816e+00
2.689871898967184816e+00
2.689871898967184816e+00
2.689871898967184816e+00
2.689871898967184816e+00
2.689871898967184816e+00
2.334556450600806521e+00
2.334556450600806521e+00
2.257357182712623533e+00
2.112171692504925424e+00
2.050801473719335632e+00
2.012115581789198693e+00
1.910500290692933145e+00
1.910500290692933145e+00
1.910500290692933145e+00
1.910500290692933145e+00
1.910500290692933145e+00
1.910500290692933145e+00
1.910500290692933145e+00
1.910500290692933145e+00
1.910500290692933145e+00
1.910500290692933145e+00
1.910500290692933145e+00
1.910500290692933145e+00
1.910500290692933145e+00
1.910500290692933145e+00
1.875803296970561806e+00
1.863343547921015197e+00
1.863343547921015197e+00
1.818074721512235703e+00
1.818074721512235703e+00
1.818074721512235703e+00
1.818074721512235703e+00
1.799377955369795501e+00
1.799377955369795501e+00
1.799377955369795501e+00
1.799377955369795501e+00
1.708209547550898488e+00
1.708209547550898488e+00
1.708209547550898488e+00
1.639869740639414708e+00
1.639869740639414708e+00
1.639869740639414708e+00
1.639869740639414708e+00
1.639869740639414708e+00
1.638997903363722974e+00
1.638997903363722974e+00
1.619516162961320838e+00
1.616584218441691423e+00
1.616584218441691423e+00
1.616584218441691423e+00
1.389847184472517094e+00
1.389847184472517094e+00
1.389847184472517094e+00
1.389847184472517094e+00
1.389847184472517094e+00
1.389847184472517094e+00
1.389847184472517094e+00
1.389847184472517094e+00
1.389847184472517094e+00
1.389847184472517094e+00
1.358663040962124979e+00
1.345001451169587803e+00
1.345001451169587803e+00
1.345001451169587803e+00
1.345001451169587803e+00
1.335565694457274022e+00
1.335565694457274022e+00
1.335565694457274022e+00
1.335565694457274022e+00
1.335565694457274022e+00
1.335565694457274022e+00
1.335565694457274022e+00
1.277914290868833458e+00
1.277914290868833458e+00
1.277914290868833458e+00
1.277914290868833458e+00
1.277914290868833458e+00
1.277914290868833458e+00
1.270997970472970362e+00
1.270997970472970362e+00
1.270997970472970362e+00
1.270997970472970362e+00
1.247805314662516318e+00
1.247805314662516318e+00
1.247805314662516318e+00
1.247805314662516318e+00
1.247805314662516318e+00
1.247805314662516318e+00
1.203600983300613381e+00
1.203600983300613381e+00
1.203600983300613381e+00
1.203600983300613381e+00
1.201711593758231000e+00
1.173106520837854827e+00
1.173106520837854827e+00
1.173106520837854827e+00
1.173106520837854827e+00
1.173106520837854827e+00
1.159233653680636689e+00
1.159233653680636689e+00
1.159233653680636689e+00
1.159233653680636689e+00
1.151961234524464306e+00
1.151961234524464306e+00
1.151961234524464306e+00
1.131470983251061657e+00
1.110738775384696009e+00
1.104568813990046472e+00
1.090922111989293786e+00
1.090922111989293786e+00
1.067535929548700135e+00
1.067535929548700135e+00
1.067535929548700135e+00
1.050584181228426672e+00
1.050584181228426672e+00
1.050584181228426672e+00
1.050584181228426672e+00
1.018094762325701508e+00
1.003838696919952422e+00
1.003459762159903512e+00
1.000015421618666522e+00
1.000015421618666522e+00
9.991285540490286721e-01
9.991285540490286721e-01
9.991285540490286721e-01
9.991285540490286721e-01
9.959121515379547596e-01
9.956094365920593603e-01
9.923177956503929087e-01
9.923177956503929087e-01
9.896355776115364211e-01
9.896355776115364211e-01
9.875847701653883703e-01
9.875847701653883703e-01
9.861175151677390449e-01
9.747188050822045424e-01
9.747188050822045424e-01
9.747188050822045424e-01
9.725934106104623389e-01
9.725934106104623389e-01
9.722206595053037859e-01
9.722206595053037859e-01
9.698805531799318258e-01
9.641750608183213833e-01
9.641750608183213833e-01
9.641750608183213833e-01
9.617345595673720826e-01
9.595277423226363789e-01
9.595277423226363789e-01
9.589604857966576024e-01
9.573334694384026955e-01
9.531877095128782340e-01
9.485488886008424103e-01
9.439354552328496073e-01
9.427750325333339454e-01
9.425501765041990332e-01
9.415370985583255692e-01
9.415370985583255692e-01
9.415370985583255692e-01
9.415370985583255692e-01
9.362426006915021137e-01
9.303183346515341290e-01
9.239013607558690389e-01
9.230917323239977712e-01
9.230176453858378594e-01
9.226068144702703755e-01
9.218252460495449663e-01
9.216781425773787895e-01
9.214257088904839188e-01
9.210951496381316606e-01
9.210066991778791401e-01
9.209448472046122269e-01
9.194350456569075902e-01
9.186891006525090830e-01
9.154335703623064369e-01
9.127252089656883172e-01
9.125484901097786761e-01
9.122284071338019329e-01
9.103240626493404042e-01
9.096903493585613010e-01
9.057314957473050487e-01
8.952270738128877969e-01
