6.487897140666812668e+00
6.487897140666812668e+00
4.444417801345522889e+00
3.242087906786700557e+00
2.229380101706739836e+00
2.229380101706739836e+00
1.829940120940593218e+00
1.701663954907426612e+00
1.701663954907426612e+00
1.701663954907426612e+00
1.543192249050623355e+00
1.327084418674138622e+00
1.119827108793381543e+00
1.119827108793381543e+00
8.503782082406494691e-01
8.503782082406494691e-01
8.177475900414805654e-01
8.177475900414805654e-01
8.177475900414805654e-01
8.177475900414805654e-01
8.177475900414805654e-01
7.901335656194347079e-01
7.901335656194347079e-01
7.901335656194347079e-01
7.901335656194347079e-01
4.985429344254303508e-01
4.985429344254303508e-01
4.985429344254303508e-01
4.985429344254303508e-01
4.985429344254303508e-01
4.985429344254303508e-01
4.985429344254303508e-01
4.985429344254303508e-01
4.985429344254303508e-01
4.985429344254303508e-01
4.985429344254303508e-01
4.985429344254303508e-01
4.985429344254303508e-01
4.985429344254303508e-01
4.985429344254303508e-01
4.985429344254303508e-01
4.985429344254303508e-01
4.985429344254303508e-01
4.985429344254303508e-01
4.985429344254303508e-01
4.985429344254303508e-01
4.985429344254303508e-01
4.985429344254303508e-01
4.985429344254303508e-01
4.278963581458317122e-01
3.922685339244824654e-01
3.565801944739466212e-01
3.565801944739466212e-01
3.565801944739466212e-01
3.565801944739466212e-01
3.565801944739466212e-01
3.565801944739466212e-01
3.565801944739466212e-01
3.565801944739466212e-01
3.565801944739466212e-01
3.565801944739466212e-01
2.557013421915133033e-01
2.557013421915133033e-01
2.557013421915133033e-01
2.557013421915133033e-01
2.557013421915133033e-01
2.557013421915133033e-01
2.557013421915133033e-01
2.557013421915133033e-01
2.557013421915133033e-01
2.470614921850608769e-01
1.840923265931840025e-01
1.840923265931840025e-01
1.840923265931840025e-01
1.825092531187143818e-01
1.825092531187143818e-01
1.825092531187143818e-01
1.825092531187143818e-01
1.825092531187143818e-01
1.726361257617220479e-01
1.627561498062308487e-01
1.587127184884977171e-01
1.557095092984046025e-01
1.552024372641526428e-01
1.552024372641526428e-01
1.552024372641526428e-01
1.552024372641526428e-01
1.552024372641526428e-01
1.552024372641526428e-01
1.552024372641526428e-01
1.552024372641526428e-01
1.552024372641526428e-01
1.552024372641526428e-01
1.539857486363435946e-01
1.539026661083297554e-01
1.538138050300578152e-01
1.537175253173423406e-01
1.537033774005743536e-01
1.537033774005743536e-01
1.536892108205809848e-01
1.536892108205809848e-01
1.536716608594372036e-01
1.536716608594372036e-01
1.536716608594372036e-01
1.536501362326413156e-01
1.536368422650446486e-01
1.536299122362871084e-01
1.320810093993168288e-01
1.320810093993168288e-01
1.320810093993168288e-01
1.320810093993168288e-01
1.320810093993168288e-01
1.320810093993168288e-01
1.320810093993168288e-01
1.320810093993168288e-01
1.320810093993168288e-01
1.320810093993168288e-01
1.196523228727410515e-01
1.181228399697507592e-01
1.181228399697507592e-01
1.181228399697507592e-01
1.181228399697507592e-01
1.181228399697507592e-01
1.167198672480087018e-01
1.167198672480087018e-01
1.167198672480087018e-01
1.151875909656758790e-01
1.151875909656758790e-01
1.151875909656758790e-01
1.142798308449387845e-01
1.132167604798826888e-01
1.127320710491840905e-01
1.125671382834351197e-01
1.125140377219809584e-01
1.124962996015457795e-01
1.124905838010306081e-01
1.124887200634708956e-01
1.124879741189416527e-01
1.030511177770365439e-01
1.030511177770365439e-01
1.030511177770365439e-01
1.030511177770365439e-01
1.030511177770365439e-01
1.030511177770365439e-01
1.030511177770365439e-01
1.030511177770365439e-01
1.030511177770365439e-01
1.030511177770365439e-01
1.030511177770365439e-01
1.030511177770365439e-01
1.030511177770365439e-01
1.030511177770365439e-01
1.022627899853667255e-01
1.018810662851746401e-01
1.018810662851746401e-01
1.014015515612789464e-01
9.900098096758867816e-02
9.838128568514684091e-02
9.838128568514684091e-02
9.838128568514684091e-02
9.318239237610449754e-02
9.318239237610449754e-02
9.318239237610449754e-02
9.318239237610449754e-02
9.318239237610449754e-02
9.318239237610449754e-02
9.318239237610449754e-02
9.318239237610449754e-02
9.318239237610449754e-02
9.318239237610449754e-02
9.318239237610449754e-02
9.318239237610449754e-02
9.318239237610449754e-02
9.318239237610449754e-02
9.318239237610449754e-02
9.318239237610449754e-02
9.318239237610449754e-02
9.154089227440015408e-02
9.154089227440015408e-02
9.154089227440015408e-02
9.154089227440015408e-02
9.154089227440015408e-02
9.154089227440015408e-02
9.154089227440015408e-02
9.154089227440015408e-02
9.154089227440015408e-02
8.952232033841252268e-02
8.876400040495706356e-02
8.876400040495706356e-02
8.725702800019867478e-02
8.717247987905239748e-02
8.716847624058825239e-02
8.716835512482150328e-02
8.716830572706590896e-02
8.716830572706590896e-02
8.716830572706590896e-02
8.716829021877639527e-02
8.716829021877639527e-02
8.716829021877639527e-02
8.716808069438330975e-02
