1.215443830527478042e+02
1.762332783372476541e+01
1.045301173248889448e+01
3.240817661682131146e+00
1.360534366130214945e+00
1.360534366130214945e+00
1.132914709282797583e+00
7.140028534740240351e-01
5.732441115645905416e-01
5.732441115645905416e-01
5.732441115645905416e-01
5.732441115645905416e-01
5.732441115645905416e-01
5.732441115645905416e-01
5.732441115645905416e-01
5.732441115645905416e-01
5.732441115645905416e-01
5.732441115645905416e-01
5.732441115645905416e-01
3.656158724760925627e-01
3.656158724760925627e-01
3.656158724760925627e-01
3.656158724760925627e-01
3.656158724760925627e-01
3.656158724760925627e-01
3.656158724760925627e-01
3.656158724760925627e-01
3.656158724760925627e-01
3.656158724760925627e-01
3.656158724760925627e-01
3.656158724760925627e-01
3.656158724760925627e-01
3.656158724760925627e-01
3.656158724760925627e-01
3.656158724760925627e-01
3.656158724760925627e-01
3.656158724760925627e-01
3.656158724760925627e-01
3.081355162078951992e-01
2.853435699519990543e-01
2.853435699519990543e-01
2.853435699519990543e-01
2.853435699519990543e-01
2.853435699519990543e-01
2.853435699519990543e-01
2.853435699519990543e-01
2.667833783193211405e-01
2.667833783193211405e-01
2.547074782306963381e-01
2.547074782306963381e-01
2.234143864649928979e-01
2.234143864649928979e-01
2.234143864649928979e-01
2.234143864649928979e-01
2.234143864649928979e-01
2.011250533192009138e-01
2.011250533192009138e-01
2.011250533192009138e-01
2.011250533192009138e-01
2.011250533192009138e-01
2.011250533192009138e-01
2.011250533192009138e-01
2.011250533192009138e-01
2.011250533192009138e-01
2.011250533192009138e-01
2.011250533192009138e-01
2.011250533192009138e-01
2.011250533192009138e-01
2.011250533192009138e-01
2.011250533192009138e-01
2.011250533192009138e-01
2.011250533192009138e-01
2.011250533192009138e-01
2.011250533192009138e-01
2.011250533192009138e-01
2.011250533192009138e-01
2.011250533192009138e-01
2.011250533192009138e-01
2.011250533192009138e-01
2.011250533192009138e-01
2.011250533192009138e-01
2.011250533192009138e-01
2.011250533192009138e-01
2.011250533192009138e-01
2.011250533192009138e-01
2.011250533192009138e-01
2.011250533192009138e-01
2.011250533192009138e-01
2.011250533192009138e-01
2.011250533192009138e-01
2.011250533192009138e-01
2.011250533192009138e-01
2.011250533192009138e-01
1.979068719055510628e-01
1.979068719055510628e-01
1.894895262133207414e-01
1.894895262133207414e-01
1.894895262133207414e-01
1.894895262133207414e-01
1.894895262133207414e-01
1.894895262133207414e-01
1.820785217970346537e-01
1.797060259768902823e-01
1.797060259768902823e-01
1.797060259768902823e-01
1.797060259768902823e-01
1.797060259768902823e-01
1.797060259768902823e-01
1.797060259768902823e-01
1.797060259768902823e-01
1.724292264552653164e-01
1.724292264552653164e-01
1.724292264552653164e-01
1.704257816087663691e-01
1.321444662295455097e-01
1.321444662295455097e-01
1.321444662295455097e-01
1.321444662295455097e-01
1.321444662295455097e-01
1.321444662295455097e-01
1.321444662295455097e-01
1.321444662295455097e-01
1.321444662295455097e-01
1.265272409835029865e-01
1.265272409835029865e-01
1.265272409835029865e-01
1.265272409835029865e-01
1.265272409835029865e-01
1.265272409835029865e-01
1.265272409835029865e-01
1.265272409835029865e-01
1.265272409835029865e-01
1.265272409835029865e-01
1.265272409835029865e-01
1.265272409835029865e-01
1.265272409835029865e-01
1.265272409835029865e-01
1.265272409835029865e-01
1.265272409835029865e-01
1.265272409835029865e-01
1.261667950243689496e-01
1.261602536062217395e-01
1.261602536062217395e-01
1.261602536062217395e-01
1.261602536062217395e-01
1.261602536062217395e-01
1.261602536062217395e-01
1.261602536062217395e-01
1.261602536062217395e-01
1.261602536062217395e-01
1.261602536062217395e-01
1.261452613969910597e-01
1.261452613969910597e-01
1.261452613969910597e-01
1.258219581811353405e-01
1.257818700919606236e-01
1.257764878354122318e-01
1.257761379698443815e-01
1.257758916248355452e-01
1.257757769129024816e-01
1.257757769129024816e-01
1.257757769129024816e-01
1.257757769129024816e-01
1.257757769129024816e-01
1.257757769129024816e-01
1.257757769129024816e-01
1.257757192525058576e-01
1.257757192525058576e-01
1.257757192525058576e-01
1.257757192525058576e-01
1.257757192525058576e-01
1.257757192525058576e-01
1.257757192525058576e-01
1.257757192525058576e-01
1.253183570608896458e-01
1.253183570608896458e-01
1.253183570608896458e-01
1.253183570608896458e-01
1.253183570608896458e-01
1.253183570608896458e-01
1.253183570608896458e-01
1.253183570608896458e-01
1.253183570608896458e-01
1.250588410453188914e-01
1.250588410453188914e-01
1.250588410453188914e-01
1.250019926790917058e-01
1.249979972248505822e-01
1.249975271033770541e-01
1.249973555016128945e-01
1.249973555016128945e-01
1.249972849934343905e-01
1.249972849934343905e-01
1.249972849934343905e-01
1.249972849934343905e-01
1.249972849934343905e-01
1.249972253630294294e-01
1.249972253630294294e-01
1.249972253630294294e-01
1.249972253630294294e-01
