5.951011114292444404e+01
6.571123697629598581e+00
6.571123697629598581e+00
6.571123697629598581e+00
5.536264766638400836e+00
2.646947811809245987e+00
1.681580701922353427e+00
4.803107020791951842e-01
4.803107020791951842e-01
4.803107020791951842e-01
4.803107020791951842e-01
4.803107020791951842e-01
4.803107020791951842e-01
4.803107020791951842e-01
4.803107020791951842e-01
3.095671573708385638e-01
3.095671573708385638e-01
3.095671573708385638e-01
3.095671573708385638e-01
3.095671573708385638e-01
3.095671573708385638e-01
3.095671573708385638e-01
3.095671573708385638e-01
3.095671573708385638e-01
3.095671573708385638e-01
3.095671573708385638e-01
3.095671573708385638e-01
3.095671573708385638e-01
3.095671573708385638e-01
3.095671573708385638e-01
3.095671573708385638e-01
3.095671573708385638e-01
3.095671573708385638e-01
2.855909517461655556e-01
2.855909517461655556e-01
2.855909517461655556e-01
2.855909517461655556e-01
2.855909517461655556e-01
2.855909517461655556e-01
2.855909517461655556e-01
2.855909517461655556e-01
2.855909517461655556e-01
2.855909517461655556e-01
2.855909517461655556e-01
2.855909517461655556e-01
2.855909517461655556e-01
2.855909517461655556e-01
2.313741563800686407e-01
2.313741563800686407e-01
2.313741563800686407e-01
2.313741563800686407e-01
2.313741563800686407e-01
2.313741563800686407e-01
2.313741563800686407e-01
2.313741563800686407e-01
2.240282453368371285e-01
2.240282453368371285e-01
2.240282453368371285e-01
2.240282453368371285e-01
2.240282453368371285e-01
2.240282453368371285e-01
2.240282453368371285e-01
2.240282453368371285e-01
2.240282453368371285e-01
2.240282453368371285e-01
2.240282453368371285e-01
2.240282453368371285e-01
1.948667925970338777e-01
1.948667925970338777e-01
1.720157562073408863e-01
1.720157562073408863e-01
1.720157562073408863e-01
1.720157562073408863e-01
1.720157562073408863e-01
1.720157562073408863e-01
1.720157562073408863e-01
1.720157562073408863e-01
1.720157562073408863e-01
1.720157562073408863e-01
1.720157562073408863e-01
1.720157562073408863e-01
1.720157562073408863e-01
1.592300272101819791e-01
1.592300272101819791e-01
1.592300272101819791e-01
1.520704329335818561e-01
1.520704329335818561e-01
1.513522631741736901e-01
1.513522631741736901e-01
1.513522631741736901e-01
1.513522631741736901e-01
1.513522631741736901e-01
1.395755191549459262e-01
1.382989501658936082e-01
1.382989501658936082e-01
1.355324306747816565e-01
1.355324306747816565e-01
1.355324306747816565e-01
1.355324306747816565e-01
1.345757860563454034e-01
1.345757860563454034e-01
1.345757860563454034e-01
1.345757860563454034e-01
1.345757860563454034e-01
1.345757860563454034e-01
1.342957913070112197e-01
1.340224714232336745e-01
1.338968725989764519e-01
1.338394946039749844e-01
1.338122627509334417e-01
1.338001824470120282e-01
1.337948466338525211e-01
1.337922615246535385e-01
1.337912812665167095e-01
1.337909136144220523e-01
1.337901211611849661e-01
1.337901211611849661e-01
1.337897713084090223e-01
1.337893611262260252e-01
1.223225237901873624e-01
1.057456590195479662e-01
1.057456590195479662e-01
1.057456590195479662e-01
1.057456590195479662e-01
1.057456590195479662e-01
9.967614253117466905e-02
9.967614253117466905e-02
9.967614253117466905e-02
9.543568822610493108e-02
9.543568822610493108e-02
9.543568822610493108e-02
9.543568822610493108e-02
9.543568822610493108e-02
9.543568822610493108e-02
9.506453366134842708e-02
9.506453366134842708e-02
9.506453366134842708e-02
7.020633437002812838e-02
7.020633437002812838e-02
7.020633437002812838e-02
7.020633437002812838e-02
6.599982971830514744e-02
6.587705570458494975e-02
6.587705570458494975e-02
6.583838951874911027e-02
6.579049605091916164e-02
6.459071299364359253e-02
6.459071299364359253e-02
6.459071299364359253e-02
6.459071299364359253e-02
6.459071299364359253e-02
6.459071299364359253e-02
6.376709265025226614e-02
6.212060386727623340e-02
6.212060386727623340e-02
6.212060386727623340e-02
6.123261070853097676e-02
6.123261070853097676e-02
6.123261070853097676e-02
6.123261070853097676e-02
6.123261070853097676e-02
6.123261070853097676e-02
6.123261070853097676e-02
6.123261070853097676e-02
6.119365160960622829e-02
6.118888073398856542e-02
6.118835592200636692e-02
6.118830157269350423e-02
6.118830157269350423e-02
6.118830157269350423e-02
6.118828101033185751e-02
6.118826431209824224e-02
6.118815116862957870e-02
6.118815116862957870e-02
6.118802801806433322e-02
6.118802801806433322e-02
6.118802801806433322e-02
6.118802801806433322e-02
6.118802801806433322e-02
6.115156111116918508e-02
6.115156111116918508e-02
6.114570308991817277e-02
6.114570308991817277e-02
6.114570308991817277e-02
6.114235463414555150e-02
6.114235463414555150e-02
6.114069672834230446e-02
6.114061254427222147e-02
6.112158759892821064e-02
6.109801039119253790e-02
6.109690191878539012e-02
6.109690191878539012e-02
6.109690191878539012e-02
6.108893409067055885e-02
6.108722912887698531e-02
6.108498442233699366e-02
6.108498442233699366e-02
6.108498442233699366e-02
6.108498442233699366e-02
6.108498442233699366e-02
