5.514485435371916822e+01
4.036073831257081679e+01
4.036073831257081679e+01
3.448022912271798646e+01
2.930897784970433406e+01
1.922011442250881430e+01
1.646746111195837159e+01
6.620418063977446366e+00
5.997071865413678537e+00
5.514005100853008656e+00
5.514005100853008656e+00
4.773458227886473892e+00
4.773458227886473892e+00
3.002407350536659969e+00
3.002407350536659969e+00
3.002407350536659969e+00
3.002407350536659969e+00
2.803447019826112108e+00
2.803447019826112108e+00
2.803447019826112108e+00
2.803447019826112108e+00
2.803447019826112108e+00
2.803447019826112108e+00
2.681674463570612232e+00
2.681674463570612232e+00
2.256515822720803754e+00
2.256515822720803754e+00
2.256515822720803754e+00
2.244898648665279772e+00
2.244898648665279772e+00
2.244898648665279772e+00
2.244898648665279772e+00
2.151892417738237029e+00
2.151892417738237029e+00
2.151892417738237029e+00
2.151892417738237029e+00
2.151892417738237029e+00
2.151892417738237029e+00
2.044371940411152000e+00
2.044371940411152000e+00
2.044371940411152000e+00
2.044371940411152000e+00
2.044371940411152000e+00
2.044371940411152000e+00
2.044371940411152000e+00
2.044371940411152000e+00
2.044371940411152000e+00
2.035634022095565321e+00
2.035634022095565321e+00
2.035634022095565321e+00
2.035634022095565321e+00
2.032230416774786885e+00
2.032230416774786885e+00
2.032230416774786885e+00
2.015708709261158749e+00
2.015708709261158749e+00
2.009691009179312093e+00
2.009691009179312093e+00
2.009691009179312093e+00
2.009691009179312093e+00
2.009691009179312093e+00
2.009691009179312093e+00
2.009691009179312093e+00
2.009691009179312093e+00
2.009691009179312093e+00
2.009691009179312093e+00
1.977710347357900744e+00
1.977710347357900744e+00
1.977710347357900744e+00
1.977710347357900744e+00
1.977710347357900744e+00
1.977710347357900744e+00
1.977710347357900744e+00
1.977710347357900744e+00
1.977710347357900744e+00
1.977710347357900744e+00
1.977710347357900744e+00
1.977710347357900744e+00
1.948749109157579262e+00
1.912564655574773065e+00
1.912564655574773065e+00
1.912404576609490814e+00
1.912404576609490814e+00
1.912404576609490814e+00
1.912404576609490814e+00
1.912404576609490814e+00
1.908739404966922848e+00
1.908739404966922848e+00
1.908739404966922848e+00
1.908739404966922848e+00
1.908739404966922848e+00
1.908739404966922848e+00
1.908739404966922848e+00
1.908739404966922848e+00
1.908739404966922848e+00
1.908739404966922848e+00
1.908739404966922848e+00
1.908739404966922848e+00
1.896361069445184677e+00
1.896361069445184677e+00
1.896361069445184677e+00
1.891851334587629552e+00
1.888294628047689994e+00
1.841534764841413541e+00
1.841534764841413541e+00
1.841534764841413541e+00
1.841534764841413541e+00
1.841534764841413541e+00
1.841534764841413541e+00
1.841534764841413541e+00
1.841534764841413541e+00
1.841534764841413541e+00
1.841534764841413541e+00
1.840294991006887537e+00
1.840294991006887537e+00
1.840294991006887537e+00
1.840294991006887537e+00
1.840294991006887537e+00
1.840294991006887537e+00
1.839117973295105735e+00
1.839117973295105735e+00
1.839117973295105735e+00
1.837246387723503904e+00
1.837246387723503904e+00
1.829809461783621360e+00
1.829809461783621360e+00
1.829809461783621360e+00
1.829809461783621360e+00
1.829809461783621360e+00
1.827666505881148762e+00
1.827666505881148762e+00
1.827666505881148762e+00
1.827666505881148762e+00
1.822394106701620498e+00
1.821456192105493699e+00
1.821417680182178866e+00
1.821417680182178866e+00
1.821417680182178866e+00
1.821369231620943108e+00
1.821282950830005465e+00
1.821259666949692546e+00
1.821250869367463165e+00
1.819749734455222479e+00
1.819749734455222479e+00
1.816048631242324962e+00
1.815201428820592211e+00
1.815201428820592211e+00
1.815201428820592211e+00
1.815201428820592211e+00
1.814550556134949977e+00
1.814298581891300000e+00
1.814298581891300000e+00
1.814298581891300000e+00
1.814298581891300000e+00
1.814298581891300000e+00
1.814298581891300000e+00
1.814298581891300000e+00
1.805764774065594880e+00
1.805764774065594880e+00
1.805764774065594880e+00
1.803742226726278819e+00
1.803742226726278819e+00
1.803742226726278819e+00
1.799502671184332492e+00
1.799502671184332492e+00
1.796474860986672084e+00
1.795712424675734109e+00
1.795712424675734109e+00
1.795712424675734109e+00
1.794290459449325192e+00
1.794290459449325192e+00
1.794101827809719829e+00
1.794101827809719829e+00
1.794101827809719829e+00
1.793929742175854214e+00
1.793899109806017078e+00
1.793895162117158160e+00
1.793894478215337429e+00
1.793894478215337429e+00
1.787154552312120837e+00
1.787154552312120837e+00
1.787154552312120837e+00
1.781052116614021852e+00
1.778065185802918391e+00
1.777088949111227167e+00
1.774569674314300904e+00
1.767228386388469907e+00
1.767228386388469907e+00
1.767228386388469907e+00
1.767228386388469907e+00
1.767228386388469907e+00
1.767228386388469907e+00
1.767228386388469907e+00
1.767195761704692725e+00
1.758387970468239692e+00
1.758326369559064073e+00
1.758326369559064073e+00
1.756061904111414940e+00
1.754255532315796895e+00
1.753978649060012440e+00
