3.789316111762722272e+01
3.711829263743704388e+01
1.050178400437475545e+01
6.886348727343039933e+00
5.004903949735263424e+00
4.421412511067275730e+00
3.236474260243225931e+00
1.798620049655193620e+00
1.798620049655193620e+00
1.529143220546546944e+00
1.413664194572380239e+00
1.413664194572380239e+00
1.413664194572380239e+00
1.143676479321751094e+00
1.143676479321751094e+00
1.130133411839666868e+00
6.772327003815227231e-01
6.772327003815227231e-01
6.772327003815227231e-01
6.772327003815227231e-01
6.772327003815227231e-01
6.772327003815227231e-01
6.772327003815227231e-01
5.455418040839428162e-01
5.455418040839428162e-01
5.455418040839428162e-01
5.455418040839428162e-01
5.455418040839428162e-01
5.455418040839428162e-01
5.455418040839428162e-01
5.455418040839428162e-01
5.389786510479042114e-01
5.055721269694516407e-01
5.055721269694516407e-01
5.055721269694516407e-01
5.055721269694516407e-01
5.055721269694516407e-01
5.055721269694516407e-01
5.055721269694516407e-01
5.055721269694516407e-01
5.055721269694516407e-01
4.981073206472847459e-01
4.981073206472847459e-01
4.981073206472847459e-01
4.981073206472847459e-01
4.981073206472847459e-01
4.981073206472847459e-01
4.249755535211315882e-01
4.207474970108667223e-01
4.207474970108667223e-01
4.207474970108667223e-01
3.699501223158385144e-01
2.891310406908302877e-01
2.542523055455339631e-01
2.542523055455339631e-01
1.293040381746366485e-01
1.293040381746366485e-01
1.293040381746366485e-01
1.293040381746366485e-01
1.293040381746366485e-01
1.293040381746366485e-01
1.293040381746366485e-01
1.293040381746366485e-01
1.293040381746366485e-01
1.293040381746366485e-01
1.293040381746366485e-01
1.293040381746366485e-01
1.293040381746366485e-01
1.293040381746366485e-01
1.293040381746366485e-01
1.293040381746366485e-01
1.293040381746366485e-01
1.293040381746366485e-01
1.293040381746366485e-01
1.293040381746366485e-01
1.293040381746366485e-01
1.293040381746366485e-01
1.293040381746366485e-01
1.293040381746366485e-01
9.701840799595416731e-02
9.701840799595416731e-02
9.701840799595416731e-02
9.224284127744099282e-02
9.224284127744099282e-02
9.224284127744099282e-02
9.224284127744099282e-02
9.224284127744099282e-02
9.224284127744099282e-02
9.224284127744099282e-02
9.224284127744099282e-02
9.224284127744099282e-02
9.224284127744099282e-02
9.224284127744099282e-02
9.224284127744099282e-02
8.806709471103459086e-02
8.806709471103459086e-02
8.806709471103459086e-02
8.806709471103459086e-02
8.806709471103459086e-02
8.806709471103459086e-02
8.806709471103459086e-02
8.806709471103459086e-02
8.806709471103459086e-02
8.806709471103459086e-02
8.806709471103459086e-02
8.806709471103459086e-02
8.806709471103459086e-02
8.806709471103459086e-02
8.806709471103459086e-02
8.806709471103459086e-02
8.806709471103459086e-02
8.806709471103459086e-02
8.154075751604721034e-02
8.154075751604721034e-02
8.154075751604721034e-02
8.154075751604721034e-02
8.154075751604721034e-02
8.154075751604721034e-02
8.115385389472354327e-02
8.115385389472354327e-02
8.115385389472354327e-02
8.115385389472354327e-02
8.115385389472354327e-02
8.115385389472354327e-02
8.115385389472354327e-02
8.115385389472354327e-02
8.115385389472354327e-02
8.115385389472354327e-02
8.115385389472354327e-02
8.115385389472354327e-02
8.115385389472354327e-02
8.115385389472354327e-02
8.115385389472354327e-02
8.115385389472354327e-02
8.115385389472354327e-02
8.115385389472354327e-02
8.115385389472354327e-02
8.093897064151736598e-02
8.087724249078945271e-02
8.080492047483642248e-02
8.076758840116983473e-02
8.075810917772034692e-02
8.075544755374010342e-02
8.075464608261999355e-02
8.075448276875361875e-02
8.075443103451082627e-02
8.075439830427555421e-02
8.075439830427555421e-02
8.075439830427555421e-02
8.075435812302569905e-02
8.075435812302569905e-02
8.075435812302569905e-02
8.075435812302569905e-02
8.075435812302569905e-02
8.075435812302569905e-02
8.075435812302569905e-02
8.075435812302569905e-02
8.074274579996744416e-02
8.071238166396710323e-02
8.070712255033543614e-02
8.070620355256910572e-02
8.070598601255268845e-02
8.070587657385862312e-02
8.070587657385862312e-02
8.070587657385862312e-02
8.070587657385862312e-02
8.070587657385862312e-02
8.070587657385862312e-02
8.029837354385649384e-02
8.029837354385649384e-02
8.029837354385649384e-02
8.029837354385649384e-02
8.029837354385649384e-02
8.029837354385649384e-02
8.029837354385649384e-02
8.029837354385649384e-02
8.029837354385649384e-02
7.980599813229041772e-02
7.980599813229041772e-02
7.980599813229041772e-02
7.976221279504161488e-02
7.976221279504161488e-02
7.975067708000371791e-02
7.974915417981004451e-02
7.974900957023564607e-02
7.974898237938141121e-02
7.974897786514516251e-02
7.974897786514516251e-02
7.974897786514516251e-02
7.974897242296813404e-02
7.869211302221562621e-02
7.869211302221562621e-02
7.869211302221562621e-02
7.869211302221562621e-02
7.869211302221562621e-02
7.869211302221562621e-02
7.869211302221562621e-02
7.869211302221562621e-02
7.869211302221562621e-02
7.869211302221562621e-02
