-7.430504383533701684e+00
-1.000000000000000000e+00
-4.253659049179200125e+00
-5.289854775072901916e+00
-5.000000000000000000e+00
3.367526805183636007e-01
-5.524764255039841032e+00
-3.458184920835156273e+00
-4.766766365182887322e-01
-5.864372413170960918e+00
-3.390995675546033983e+00
-6.934311697841597955e+00
-1.060928981753015421e+00
-1.962476553039305127e-01
-3.853038718883819769e+00
-2.639884677154145987e+00
-1.565082665905147330e+00
-6.417827712414790220e+00
-1.941977555173893144e+00
3.294937216976189798e-01
-7.513419260385857612e+00
-1.612623977055665847e+00
-8.324202535777592615e+00
-4.879717647232565625e+00
-1.484941761635726332e+00
-3.698970004336018746e+00
-2.186394595531375273e+00
-5.747495296111774898e+00
-4.630834610902564208e+00
-6.697917953159423732e+00
-3.590965170110572036e+00
-1.650715439194317735e+00
-5.921241908800768172e+00
-3.864292030461623284e+00
5.959788110241363013e-01
-4.961071247168106879e+00
-1.253214809876685765e+00
3.025678140233022950e-01
-6.371400899901168202e+00
-3.198163406504679784e+00
-2.000000000000000000e+00
-6.915569828582683876e+00
-2.446436743836411853e+00
-3.413049330371404899e-01
4.446315232981341847e-02
-2.672610024974502618e+00
-5.041004530536393524e+00
-2.304899540384157230e+00
2.000000000000000000e+00
-8.604941094488497200e+00
-1.911553187979547763e+00
1.042603650085053513e+00
-5.645866571119554145e+00
-2.319003072755833283e+00
2.000000000000000000e+00
-7.804898421133592556e+00
-5.000000000000000000e+00
-2.713808130213580805e-01
-9.000000000000000000e+00
-3.120145407132798976e+00
-1.405187987291340646e+00
-4.000000000000000000e+00
-2.586353173200940381e-01
-6.307608236377276079e+00
-2.672856837708211142e+00
-5.033609026991602953e+00
-1.748349055719197853e+00
-6.739461047187972120e+00
-2.785491616391875258e+00
-4.000000000000000000e+00
-1.589932224090505331e-02
-5.249492000840895400e+00
-2.925035874389153800e+00
-5.782077609813986108e+00
-2.344032264967569112e+00
-7.562167661967912125e+00
-2.043824679403685618e+00
-8.000000000000000000e+00
-3.993004779798259740e+00
-7.911534111324564300e+00
-3.061979590657410988e+00
-3.593006197915358690e+00
-2.737553627473412021e+00
-5.588755412195935968e+00
-3.442636958758910293e+00
-3.787875589714048363e+00
-2.036864656144293129e+00
-4.857716126745240892e+00
-4.992500946222495628e+00
-2.312813011492581783e+00
-4.125759772529052682e+00
-2.540697215365358197e+00
-1.000000000000000000e+00
-3.317546429019172738e+00
-1.687580656765284015e+00
2.350873954195238091e-01
-4.474626067877014890e+00
-1.934341696792633014e+00
1.915846265235545465e+00
-2.544068022635552317e+00
-1.000000000000000000e+00
-1.000000000000000000e+00
-4.352422858493146585e+00
-1.571901894837986369e+00
-4.425219120861095812e-01
