-6.293297703484072692e+00
-2.975980285089288468e+00
-5.824070146132053871e+00
-6.957900010527025891e+00
-3.347090213186075580e+00
-9.593776742158930393e-01
-6.131092657837536208e+00
-1.717622530549168358e+00
5.915681801009670115e-01
-6.276039579799316925e+00
-2.002232602123410032e+00
-5.765369579515133402e+00
-2.852978972634747645e+00
-5.992126166006145338e-01
-3.457623280458158810e+00
-2.766757721171187789e+00
-2.558390151529695178e+00
-6.173125475397784001e+00
-2.866284579362366802e+00
4.337883523197467173e-01
-9.301029995663981254e+00
-4.086736892691167355e+00
-8.831050188139318635e+00
-1.695392027526015699e+00
5.360171598691058081e-01
-5.217638569317323061e+00
-2.508788612100664395e+00
-4.046740072797131660e+00
-2.312281746660846515e+00
-6.048884551848055402e+00
-2.810887285015141845e+00
-1.097298078038702496e+00
-6.205668533622866079e+00
-3.926560904761791981e+00
-8.028825877533779520e-01
-5.788432475519109666e+00
-2.284397527575301456e+00
2.717234723518611728e-01
-5.213978725934254044e+00
-1.827931920546986388e+00
-1.191698594242089460e+00
-7.840728273635947154e+00
-4.377629191288546551e+00
2.693463307520057581e-01
-1.670602109744512953e+00
-4.900186996879927648e+00
-6.899187322049170845e+00
-2.501927701943391646e+00
-2.262040221003348284e-01
-7.204150923513297222e+00
-1.028959012380481486e+00
-3.790522972636742871e-01
-5.644254016426434539e+00
-3.287527399671296369e+00
1.305460565286921670e-01
-5.221494919206819851e+00
-3.154389746599243427e+00
-2.741294515976434865e-02
-6.143366283331058497e+00
-3.429300580675341159e+00
-1.330724686579931371e+00
-6.185703536860488683e+00
-4.970761292962674327e-01
-5.132756862602331438e+00
-2.873902050351893944e+00
-6.263405005136046810e+00
-2.020035375178423021e+00
-6.836788342011028696e+00
-1.368239512235259081e+00
-6.041037100159160289e+00
-2.192832878212078285e+00
-6.955106493134617374e+00
-1.388600190275570911e+00
-4.395502820233362584e+00
-1.660942741661197264e+00
-5.656809098494181676e+00
-7.822638479839736370e-01
-7.313688093674673318e+00
-1.259441681594316131e+00
-4.429164595596898124e+00
-1.512797496890128990e+00
-2.869853899431191735e+00
-3.692175984447128467e+00
-2.581035485372298321e+00
-4.127010767695291626e+00
-3.375114344977089953e+00
-2.710812421828328045e+00
-2.031966001776259301e+00
-4.077386207957315101e+00
-4.770461705174247946e+00
-3.802947960735181265e+00
-3.309899359142371988e+00
-3.335693185492186075e+00
-6.544068022635552317e+00
-3.050500137736348094e+00
-2.719687020173013892e-01
-4.910302167158114628e+00
-3.435129551684583671e+00
1.153832617357099632e+00
-2.592275201763113213e+00
-2.150228816235919549e+00
-3.593352656548551849e-01
-4.184127081532246883e+00
-2.897698575832085233e+00
1.481713641603219278e+00
