-8.397940008672037493e+00
-1.000000000000000000e+00
-3.201833786237152868e+00
-8.000000000000000000e+00
-4.141585988748059499e+00
-9.725597994032825211e-01
-4.000000000000000000e+00
-5.000000000000000000e+00
1.955148146865536063e+00
-4.654957940212877787e+00
-1.749407428557187449e+00
-6.416074333282826281e+00
-1.624866810064570011e+00
-4.811714539187913475e-01
-4.000000000000000000e+00
-1.539626820130223450e+00
-4.000000000000000000e+00
-4.301029995663981254e+00
-2.413509769729513366e+00
3.920151028199471699e-01
-5.301029995663981254e+00
-1.000000000000000000e+00
-8.977527446073384709e+00
-3.346789554884294748e+00
-2.000000000000000000e+00
-5.447254818340392823e+00
-1.000000000000000000e+00
-3.154901959985743076e+00
-5.000000000000000000e+00
-7.579365766771031687e+00
-3.796302040742418171e+00
1.310442047536578836e-01
-6.676168198422742783e+00
-2.320843722951551946e+00
1.000000000000000000e+00
-5.938262638728657450e+00
0.000000000000000000e+00
1.832500638252432923e+00
-7.373235452055665107e+00
-5.000000000000000000e+00
-1.068569192079617869e+00
-8.742777314911736042e+00
-1.000000000000000000e+00
1.544380340720832079e+00
8.086640170995579302e-01
-1.000000000000000000e+00
-8.149201404268886506e+00
-1.417425169125689832e+00
9.179896852022425557e-01
-9.000000000000000000e+00
-5.000000000000000000e+00
-1.413682460786469530e+00
-6.121444079676792605e+00
-5.000000000000000000e+00
-5.781491016657752668e-01
-5.000000000000000000e+00
-2.125949481562602106e+00
-2.000000000000000000e+00
-8.594822482801642849e+00
-3.030090844919568038e+00
2.000000000000000000e+00
-8.000000000000000000e+00
-3.180456064458131227e+00
-6.667784824354620277e+00
-7.415172895596465474e-02
-8.000000000000000000e+00
-7.476897379558252732e-01
-6.802476401666972095e+00
-4.000000000000000000e+00
-6.195215154470740337e+00
0.000000000000000000e+00
-5.079022058687312935e+00
-3.301029995663981254e+00
-8.000000000000000000e+00
-3.942145634302515411e+00
-6.562279581486597735e+00
4.139268515822491779e-02
-5.637981291323417743e+00
-4.000000000000000000e+00
-4.000000000000000000e+00
-3.475186286004009251e+00
-5.690196149515636570e+00
-2.320287567881377022e+00
-5.690196149515636570e+00
-2.728525642880690327e+00
-2.319706919635350584e+00
-2.934980993903992363e+00
-1.690196149515636570e+00
-5.000000000000000000e+00
-2.820372594419684908e+00
-3.087919885424226685e+00
-5.690196149515636570e+00
-2.827877807315485104e+00
-5.386467302341070074e+00
-5.000000000000000000e+00
2.333868810187533782e-01
-2.640825334002194769e+00
-1.000000000000000000e+00
1.178855646959854786e+00
-6.544068022635552317e+00
-4.930918052795934869e+00
2.192895309704514961e+00
-6.544068022635552317e+00
-1.000000000000000000e+00
4.884187307136035328e-01
