-6.737212831270733560e+00
-2.455629261879332503e+00
-5.085387533535092430e+00
-5.033543387635561750e+00
-2.093332564536330764e+00
-2.095980666305329310e-01
-5.900051963665483790e+00
-3.740988857383062971e+00
1.232146930524868900e+00
-6.622179332272100538e+00
-2.624442462574874124e+00
-4.304933697834271378e+00
-2.741567686898709333e+00
-1.243996780074943187e+00
-4.000000000000000000e+00
-3.969590082414443888e+00
-9.629475876555041447e-01
-6.449855052534341660e+00
-1.311938441661883337e+00
1.540402716424734142e-01
-5.454742485317329859e+00
-3.629840649084441928e+00
-8.696799224834393272e+00
-3.908869702690660031e+00
-2.204447658560465262e-01
-6.877744080170001162e+00
-1.743990177412453990e+00
-3.999480438444709129e+00
-3.038383895411928215e+00
-7.848409852242308027e+00
-3.970535973671496688e+00
9.324778166080101016e-01
-5.608810155214128734e+00
-3.465226455311727793e+00
1.000000000000000000e+00
-4.000000000000000000e+00
0.000000000000000000e+00
-5.163346728386077888e-01
-6.815694915666922427e+00
-2.342728138889939693e+00
-9.083807542021627990e-01
-7.618000821416038626e+00
-3.809726296609561302e+00
-9.640713379337648714e-01
1.000000000000000000e+00
-2.802741319652434004e+00
-7.679110630645594959e+00
-2.942712252706551013e+00
1.482861116596569662e-01
-8.141133023416092129e+00
-3.532807384085910218e+00
6.109272132046563719e-01
-6.248824510336189242e+00
-1.992309958148805737e+00
-2.000000000000000000e+00
-6.773441980687748831e+00
-3.233098074319459059e+00
-3.499678776233366428e-01
-7.475967095425581910e+00
-1.000146240647543872e+00
1.320883496440474314e+00
-6.308249525604614938e+00
4.615189185654680060e-01
-8.000000000000000000e+00
-1.480335975203749044e+00
-6.503615894058511593e+00
-9.512002448335213911e-01
-6.713231112048833715e+00
0.000000000000000000e+00
-6.807076125553516377e+00
-1.688188563471867631e+00
-5.129251831009238316e+00
-5.172774186420343590e-01
-5.054885800390025885e+00
-3.817353515585720558e+00
-6.821994625218396280e+00
-1.375230701495318675e+00
-8.000000000000000000e+00
-2.883105543877625632e+00
-5.269332556750635277e+00
-2.350761287765806173e+00
-3.471598076990287218e+00
-1.857370414775356693e+00
-5.185867626670408903e+00
-3.963254903652122962e+00
-1.811952349045461208e+00
-2.152607835706032535e+00
-2.372212042183444058e+00
-2.498197522425812611e+00
-2.049017059072638869e+00
-1.990946436583806989e+00
-3.705128377405947582e+00
-4.028907699832569911e+00
-5.041296314628102238e+00
-2.518101785642212320e+00
1.286447971847593630e+00
-4.000612881876072002e+00
-2.485413095541123329e+00
-1.000000000000000000e+00
-3.554933671144766549e+00
-4.946020016784967943e+00
-1.000000000000000000e+00
-5.230925668222026204e+00
-2.690461999473700683e+00
2.234187663650917699e+00
