-8.397940008672037493e+00
-1.000000000000000000e+00
-4.323589855634708989e+00
-4.000000000000000000e+00
-1.000000000000000000e+00
-1.605942398614734090e+00
-7.506019603243786698e+00
-5.000000000000000000e+00
-2.000000000000000000e+00
-8.000000000000000000e+00
-4.589996012502663980e+00
-5.182446914818857664e+00
-5.000000000000000000e+00
-9.328720382718257431e-01
-4.000000000000000000e+00
-1.796882108431618219e+00
-4.000000000000000000e+00
-4.301029995663981254e+00
-4.999999994426380212e+00
2.000000000000000000e+00
-9.286727300213099667e+00
-5.000000000000000000e+00
-7.467625671256864273e+00
-4.841703736609523467e+00
5.319245090267813447e-01
-7.698970004336018746e+00
-4.999999749187486131e+00
-3.154901959985743076e+00
-5.000000000000000000e+00
-5.000000000000000000e+00
-1.346707063485136358e+00
7.585193474475602528e-03
-5.907850649883080507e+00
-1.000000000000000000e+00
-3.000000000000000000e+00
-4.085520424505007853e+00
-4.000000000000000000e+00
-2.000000000000000000e+00
-4.991512433914650160e+00
-4.324958323292825924e+00
-2.000000000000000000e+00
-5.522878745280337398e+00
-5.000000000000000000e+00
7.127956938699119283e-01
-2.993280513229943374e+00
-5.000000000000000000e+00
-8.998837953938261691e+00
-1.000000000000000000e+00
-2.000000000000000000e+00
-8.709870654774665155e+00
-5.000000000000000000e+00
-4.585141991392361338e-01
-5.000000000000000000e+00
-4.738996616143660745e+00
4.779933291445513377e-01
-7.276731982217953920e+00
-1.000000000000000000e+00
8.059711277418122322e-01
-8.542866111289349362e+00
-1.244406830997598412e+00
2.712070091761565327e-01
-4.000000000000000000e+00
-9.282667488705281800e-01
-4.000000000000000000e+00
-3.189593698824199297e+00
-6.661574856389999688e+00
-3.992872078381025369e-03
-6.186832022970547129e+00
-1.367844592326561637e+00
-8.000000000000000000e+00
-3.548643480543659301e+00
-4.402661210258134616e+00
6.989700043360187465e-01
-6.934358622717756937e+00
0.000000000000000000e+00
-4.000000000000000000e+00
-3.958607314841775082e+00
-8.000000000000000000e+00
0.000000000000000000e+00
-5.687277978156093816e+00
-2.229339329144818471e+00
-5.690196149515636570e+00
-5.000000000000000000e+00
-1.690196149515636570e+00
-1.000000000000000000e+00
-5.690094071211553306e+00
-5.000000000000000000e+00
-5.690196149515636570e+00
-2.029416186902887720e+00
-4.755783553202670433e+00
-3.667038478830946246e+00
-1.690196149515636570e+00
-1.000000000000000000e+00
-6.308022079273334803e+00
-4.173444638173619659e+00
1.450813819223034207e+00
-2.544068022635552317e+00
-1.000000000000000000e+00
3.000000000000000000e+00
-2.544068022635552317e+00
-2.187326863003271615e+00
-6.912326003447069045e-01
-3.713340280977456498e+00
-5.000000000000000000e+00
1.970884184294554586e+00
