-7.674180786967597534e+00
-2.537780409987623109e+00
-6.504602628155184973e+00
-4.000000000000000000e+00
-3.979983041557096257e+00
-1.155995269603742548e+00
-8.000000000000000000e+00
-2.713045953169447522e+00
-1.269977382819695300e-01
-4.877646721831665033e+00
-2.385678592874382442e+00
-7.122228136520988073e+00
-1.331302632743025960e+00
0.000000000000000000e+00
-3.596958785380242052e+00
-1.268452152573139147e+00
-2.800021292547292262e+00
-5.393518731608529571e+00
-3.734527525895597222e+00
-2.942004669159534735e-01
-9.301029995663981254e+00
-3.313939516852501654e+00
-6.903753877027736685e+00
-2.495139204386054299e+00
-2.722808409398893084e-02
-6.418876181078372767e+00
-4.672699031036025019e+00
-3.154901959985743076e+00
-2.220358278865992130e+00
-9.000000000000000000e+00
-5.000000000000000000e+00
-9.073611558832800350e-01
-4.781162324600636282e+00
-1.000000000000000000e+00
-3.000000000000000000e+00
-5.691922292183750010e+00
-2.689957294338398253e+00
-1.004412492141497915e-01
-4.000000000000000000e+00
-2.718722532896231669e+00
2.132797821492443957e-01
-5.522878745280337398e+00
-1.615657786409394614e+00
2.000000000000000000e+00
1.488675919455905161e-01
-3.699690346548858422e+00
-7.449168001139623740e+00
-1.669788843981907300e+00
-2.853988355152485834e-01
-8.311860005101962656e+00
-1.681450278054065661e+00
-2.000000000000000000e+00
-7.680993395206010099e+00
-2.341959744049149528e+00
-1.402688960408067509e-01
-5.050237289467847113e+00
-1.096246672882025930e+00
-6.226320417958393083e-01
-7.407963771295644761e+00
-1.600059227974346854e+00
7.357206208273894266e-01
-5.031052648829125395e+00
-2.044385440357135764e+00
-6.602216148769515236e+00
-1.425559396745671670e+00
-8.000000000000000000e+00
-2.911592666676192209e+00
-4.000000000000000000e+00
-1.683051251418026251e+00
-7.711291978994769813e+00
-1.935652576936893299e+00
-7.483335266013884990e+00
-1.489707673175998170e+00
-7.949161636953997245e+00
-4.000000000000000000e+00
-4.273449460409429967e+00
-2.552410986965516937e+00
-7.237097735205779259e+00
-3.098640971348346707e+00
-4.816753287419239804e+00
-2.059998185567570417e+00
-4.041400164273563966e+00
-2.311785207951051468e+00
-2.839413565570767961e+00
-4.354177954977512144e+00
-5.107296421876747594e+00
-2.885402096309325870e+00
-3.792368789424397590e+00
-4.687157835142700790e+00
-4.645403016410971198e+00
-2.010935754597328096e+00
-4.194840285511016731e+00
-4.343181498479643743e+00
-4.169781968864944233e+00
-3.967236667771094183e+00
9.840693555844696183e-01
-2.544068022635552317e+00
-2.568294814353404565e+00
2.827234863313940583e+00
-2.996140366009290901e+00
-3.258487827756049171e+00
1.182978673829395033e+00
-6.544068022635552317e+00
-2.198606510483855025e+00
2.163918259514399089e+00
