-5.004478227283018832e+00
-3.673295803388280323e+00
-4.049145086189233744e+00
-7.859650940441018641e+00
-2.085184500708605171e+00
-9.329269561308501935e-01
-6.617969971466368229e+00
-3.743689264490400070e+00
9.437181521109901938e-01
-6.542648829366076058e+00
-3.207366078257580355e+00
-7.522545543986925765e+00
-2.176979490820252661e+00
-4.444845820446522988e-01
-1.971700065422596237e+00
-2.317038418764606700e+00
-2.661665546685280326e+00
-5.608980013693649624e+00
-1.883057709167464733e+00
-3.370736804754301819e-01
-8.193455154927395512e+00
-1.708030270484975688e+00
-6.388536917739950916e+00
-2.194156650954602661e+00
9.453071908850000371e-01
-6.843856379091838527e+00
-1.000000000000000000e+00
-4.982265158492997337e+00
-5.000000000000000000e+00
-6.942955268336298502e+00
-1.495064707134255988e+00
-7.249653414257187789e-01
-7.516343770083643072e+00
-1.000000000000000000e+00
-1.045233166280977732e+00
-4.333314114914586845e+00
-1.639001516687196736e+00
-1.211002172631529872e+00
-4.392867471261852508e+00
-2.891052251232823611e+00
-5.070482583474776872e-01
-7.476921310408823906e+00
-3.063682618071744912e+00
9.911199465063200709e-01
-2.481238726358792057e+00
-4.380262211774783587e+00
-8.038796099412747864e+00
-1.977677395634831470e+00
-4.530295757830030690e-01
-6.767133148391083708e+00
-1.236166185711190524e+00
9.881315419814556966e-02
-7.916206633597682618e+00
-2.084651868684075815e+00
-2.000000000000000000e+00
-6.558852718438532570e+00
-3.039207125171066615e+00
-9.998361767026986424e-01
-7.822371579028170707e+00
-4.093813657306002440e+00
9.340671130229737384e-01
-5.898250524459771604e+00
-2.889470883167459259e-01
-4.337855061967541559e+00
-3.920818753952374891e+00
-6.014026548509155745e+00
0.000000000000000000e+00
-6.223762998358369991e+00
-4.000000000000000000e+00
-6.270839543999729315e+00
-2.370512320220007574e+00
-7.141902536070297458e+00
6.989700043360187465e-01
-4.983831811360051489e+00
-4.505576476381981110e-01
-5.656121703567196235e+00
1.456404284798551614e-02
-6.309411787394609838e+00
-1.894321154046497924e+00
-5.570634618252992887e+00
-1.124195708689104789e+00
-3.635835915585137190e+00
-3.757057815896072572e+00
-3.239610794770774405e+00
-4.642137256285682412e+00
-5.690196149515636570e+00
-3.359434189173550855e+00
-3.235829219028791837e+00
-2.717657429332506425e+00
-3.944847168272082705e+00
-3.488551938547637121e+00
-3.789127794779019620e+00
-2.503525406811891063e+00
-3.595526441698022602e+00
-2.205462183055677095e+00
-1.000000000000000000e+00
-5.649092798763663659e+00
-4.354079124609135931e+00
1.899807406264293341e-01
-2.592098681309276120e+00
-2.920548249888702763e+00
1.142781518011016351e+00
-3.912252939119349016e+00
-4.996513851338002077e+00
1.714174075207994363e+00
