-6.742414203490556091e+00
-2.867943593298666549e+00
-5.982716703256993007e+00
-4.000000000000000000e+00
-3.121723091140971018e+00
-1.305868910359421431e+00
-5.893974339133388085e+00
-4.584225055443660324e+00
1.816985676725010546e+00
-7.376952748089772527e+00
-5.000000000000000000e+00
-5.484570569774486870e+00
-2.611321912492415631e+00
-8.893863777593846720e-01
-3.987060365982451060e+00
-1.816124373234803135e-01
-2.301352516503225587e+00
-7.790562516829320217e+00
-3.662142349559557974e+00
1.305357189126177708e+00
-9.285666097155170107e+00
-2.202223613077482156e+00
-8.523000010887912481e+00
-1.272191443744021155e+00
-2.000000000000000000e+00
-4.735402035817656063e+00
-1.000000000000000000e+00
-5.130316004162577492e+00
-2.638310721088164890e+00
-7.213526548143949668e+00
-2.252082912836072204e+00
1.529401010813885797e+00
-6.920373276576659904e+00
-3.564469190486585504e+00
7.398913145621479615e-01
-4.667948158927169189e+00
-3.104507364989508744e+00
-4.608734267733411438e-01
-5.724889025618464800e+00
-3.260314864644794586e+00
5.369682925963763509e-01
-6.546795482652308706e+00
-3.320561678045757414e+00
6.889133867550181201e-01
-2.999851074219812119e+00
-5.000000000000000000e+00
-7.566740631685585861e+00
-3.238013427446533310e+00
2.000000000000000000e+00
-8.762962709668267181e+00
-3.111023512191404272e+00
-1.105869243245228617e+00
-5.008397771726727399e+00
-3.331956473926588558e+00
7.630104797568869612e-01
-5.765539299214764490e+00
-2.904193579165552652e+00
1.403804139407367924e+00
-5.684434200399119952e+00
-3.080988454278661859e+00
2.153732034856061794e-01
-6.508547876865742765e+00
-4.079372455587364499e-01
-7.896565723827001726e+00
-2.783154447743886539e+00
-4.558316216892496442e+00
-8.068981158008603494e-01
-6.456222061222588238e+00
-3.043447697803068230e+00
-6.694234769802863916e+00
-1.116833124268028721e+00
-4.042103508969383974e+00
-2.039642460812501223e+00
-6.654487504500160355e+00
-1.346245654435313632e+00
-5.094141072939501136e+00
-2.064282686419445678e+00
-6.384912382701585898e+00
-1.458874207867110639e+00
-4.685976457081261870e+00
-1.014743593466874039e+00
-3.472529056185955199e+00
-2.291125921795607034e+00
-4.516331637675714106e+00
-2.855806037690491017e+00
-3.900713035440414256e+00
-2.574749791089595341e+00
-5.690196149515636570e+00
-1.817759426464921280e+00
-3.324198068553079199e+00
-3.786405112400569539e+00
-3.477216606278636490e+00
-2.363763759441189105e+00
-4.097999861935814891e+00
-2.769768738981272183e+00
-8.705279813257202348e-02
-4.524122062622823570e+00
-2.180156910866914100e+00
1.583695454709785011e+00
-3.224086486506272831e+00
-2.150240628628371287e+00
-7.781171883534974132e-01
-4.963992937018578466e+00
-1.397732095169873512e+00
1.329868833543129458e+00
