-6.910840199948578011e+00
-4.057397225775349447e+00
-5.802495281943617300e+00
-4.181375408231549962e+00
-2.704689227285190789e+00
-1.250188204502760358e+00
-5.472006929837301747e+00
-3.586155675564536072e+00
-1.700788984718276886e+00
-5.903200732629704461e+00
-4.236657514030198080e+00
-8.000000000000000000e+00
-1.093580309535171491e+00
0.000000000000000000e+00
-4.000000000000000000e+00
-2.363629474235228844e+00
-4.000000000000000000e+00
-4.694033984808553939e+00
-1.000000000000000000e+00
-1.045702833906817508e+00
-7.736012464167505875e+00
-2.341456518166726397e+00
-6.301029995663981254e+00
-2.302294976438714169e+00
-2.000000000000000000e+00
-5.572344577024367140e+00
-2.536462711365568889e+00
-6.934460604987401133e+00
-2.966830534782303186e+00
-9.000000000000000000e+00
-4.044611442017502334e+00
-1.199628868051994202e+00
-7.362038028155813763e+00
-3.131399064427351941e+00
-2.352139788988998781e+00
-5.969964084562953133e+00
-1.769249508772419599e+00
-5.152414995668540554e-01
-7.375243893453524713e+00
-3.067854278661085399e+00
-7.604400910822205484e-01
-6.820313591297725075e+00
-2.143631391433904021e+00
-1.260389991010742783e+00
-5.656252863778828965e-01
-2.012129634859645133e+00
-6.427422420362865374e+00
-1.639537170811801614e+00
-6.792040058554025261e-01
-5.763526332300086708e+00
-2.215554307038474668e+00
1.999822426034536527e+00
-7.060212896689924911e+00
-5.000000000000000000e+00
2.000000000000000000e+00
-8.029505552779111710e+00
-1.885722404358328275e+00
-5.682189583725245630e-01
-7.799007730648798820e+00
-1.000000000000000000e+00
-1.998689862937624406e+00
-5.386530619828285182e+00
-2.892585079495102462e+00
-6.431219669830659846e+00
-5.192100081358334007e-01
-5.495785255310461359e+00
-1.965393167243103756e+00
-6.094455991389724048e+00
-1.873766213726414387e+00
-4.000000000000000000e+00
-3.224365750854615964e+00
-6.846212467670517832e+00
-2.560803151534956079e+00
-8.000000000000000000e+00
-1.630756828537949898e+00
-4.534806018186567478e+00
-3.958607314841775082e+00
-8.000000000000000000e+00
0.000000000000000000e+00
-8.000000000000000000e+00
-3.721246399047171138e+00
-5.465343535295258626e+00
-2.430152965182743152e+00
-1.690196149515636570e+00
-4.908707408726417754e+00
-2.363707538078819947e+00
-1.560078379332341614e+00
-2.712650698456038345e+00
-5.000000000000000000e+00
-5.690196149515636570e+00
-4.991292774924445119e+00
-5.690196149515636570e+00
-5.000000000000000000e+00
-4.234537759135204915e+00
-3.457338426156949751e+00
1.400448837948010006e+00
-4.622628863994617809e+00
-4.947638295514614093e+00
3.000000000000000000e+00
-3.700052999589684699e+00
-2.596315926495117665e+00
5.451418274162204147e-01
-6.410117985678288832e+00
-4.708743040933171642e+00
1.238716817105081969e+00
