-4.407719054442903683e+00
-4.507953394733590358e+00
-7.000000000000000000e+00
-5.986276536584930419e+00
-2.106365542077024866e+00
-2.000000000000000000e+00
-4.643423418257720314e+00
-1.000000000000000000e+00
-1.137187419630303759e-01
-4.154616718391979546e+00
-2.094387713321038458e+00
-6.101349877986353754e+00
-2.112906488553941919e+00
-2.658619849516336486e-04
-2.763877702347130594e+00
-2.573294330392989604e+00
-1.818282473576569469e+00
-4.301029995663981254e+00
-3.194652110972568071e+00
2.000000000000000000e+00
-8.225867621554733944e+00
-5.000000000000000000e+00
-1.030102999566398125e+01
-4.492035394914074331e+00
-2.000000000000000000e+00
-6.975935632629338023e+00
-2.872954399173647921e+00
-3.154901959985743076e+00
-1.813253930987239304e+00
-5.726964485341733635e+00
-4.657211041214991631e+00
2.000000000000000000e+00
-7.290255809175354429e+00
-2.622480207953357567e+00
-2.581557188717620854e-01
-5.155114335852785779e+00
-3.758167892821838718e-01
6.807862105788264895e-01
-4.387777871512627215e+00
-2.846218024143158054e+00
-2.000000000000000000e+00
-9.522878745280337398e+00
-1.000000000000000000e+00
4.154363280783372747e-02
-1.957158228711329606e+00
-4.332003084819286975e+00
-8.300760994571703577e+00
-4.469942745999447631e+00
2.000000000000000000e+00
-7.367541014690499601e+00
-3.922306696719442431e+00
-2.000000000000000000e+00
-9.000000000000000000e+00
-1.000000000000000000e+00
2.000000000000000000e+00
-8.054872925200301736e+00
-1.614351778458025466e+00
2.000000000000000000e+00
-5.000000000000000000e+00
-1.000000000000000000e+00
-1.084629117820469446e+00
-4.738319530165165716e+00
-2.144938295508592052e+00
-8.000000000000000000e+00
-6.412051325083458764e-01
-6.804535093822718927e+00
-2.140307360678671333e+00
-6.566262679729890195e+00
-4.000000000000000000e+00
-6.985912008367832549e+00
-2.554307180484856499e+00
-4.000000000000000000e+00
-1.397657385274065689e+00
-8.000000000000000000e+00
-1.404277478716309924e+00
-4.000000000000000000e+00
4.139268515822491779e-02
-8.000000000000000000e+00
-3.146949792547828917e+00
-5.353837982086192326e+00
-2.528733681673749345e+00
-5.124182689418814718e+00
-1.000000000000000000e+00
-3.041005409044346575e+00
-1.530879121689785460e+00
-1.690196149515636570e+00
-3.449311484764368441e+00
-5.690196149515636570e+00
-1.000000000000000000e+00
-3.981625356700949858e+00
-1.000000000000000000e+00
-4.966243459167234420e+00
-3.082059248655745876e+00
-6.544068022635552317e+00
-1.000000000000000000e+00
3.000000000000000000e+00
-5.652974613774578216e+00
-2.757292797800496409e+00
3.000000000000000000e+00
-6.544068022635552317e+00
-1.000000000000000000e+00
-1.000000000000000000e+00
-3.280216232119121056e+00
-5.000000000000000000e+00
8.841184587277941542e-01
