-5.601272366459617125e+00
-4.239351280874570804e+00
-6.245860279656374026e+00
-6.852153739899517149e+00
-3.018612087870697458e+00
2.542221160112888012e-01
-5.764475536962345714e+00
-4.114269136029327534e+00
1.073256960942526428e+00
-6.073199080060602384e+00
-4.482764410829455315e+00
-5.702325614959864453e+00
-3.572234472125293880e+00
-6.338668685783824808e-01
-3.589364271854525779e+00
-8.359035660741613860e-01
-3.138287314521054139e+00
-5.755537918194597147e+00
-3.044632879521178559e+00
6.555534812031295067e-01
-7.520095367137792586e+00
-2.539629894807812427e+00
-9.070559370661175791e+00
-3.010534156371483583e+00
1.964482780535222295e+00
-6.676027075428241808e+00
-3.236659932891668756e+00
-5.953045368699390494e+00
-4.840823967770460534e+00
-8.829237956863517311e+00
-4.044874242185809265e+00
3.129465652400509890e-01
-7.115580705680230267e+00
-2.808823694546480620e+00
-1.860969181657239568e+00
-4.065915869287338502e+00
-2.792296427948883331e+00
-2.275198768321680387e-01
-4.677269435771001405e+00
-3.669908420928033266e+00
-8.868068147475550722e-01
-7.432007457328194455e+00
-2.716860690393994471e+00
-5.772048673567995447e-01
-5.365322662798645004e-01
-2.879010897336530039e+00
-7.502082867985902404e+00
-2.817773383747292915e+00
2.000000000000000000e+00
-5.885096793931331227e+00
-3.346818820912403680e+00
-1.279893549689595122e+00
-7.835016305081084376e+00
-3.463207939489847842e+00
-2.436328227031717419e-01
-7.733101979408920634e+00
-3.970252323516179516e+00
-3.545198067888183369e-01
-6.952443309350778478e+00
-3.059872565935487287e+00
8.598262940840947222e-01
-8.000000000000000000e+00
-1.251749353321605085e+00
-7.024334183250479313e+00
-2.580603333455365522e+00
-5.561863037960168121e+00
-1.784129763419449288e+00
-4.967699827277883173e+00
-1.737231040369087820e+00
-5.546666150185822985e+00
-2.038431207640048815e+00
-6.923675214366691755e+00
1.963809409477447754e-01
-7.052960987856913277e+00
-4.000000000000000000e+00
-5.669187952463769165e+00
-1.488664646649610512e+00
-5.511631169597457358e+00
-1.774519429003021953e+00
-7.283784060049500297e+00
-2.652988743233971825e+00
-4.009915415039751352e+00
-3.085834081600499879e+00
-3.890179769325304626e+00
-4.166948905526616898e+00
-1.690196149515636570e+00
-5.000000000000000000e+00
-4.869449746724813899e+00
-4.997964275048532912e+00
-3.671766095505242244e+00
-1.907535153083973700e+00
-3.713195181899583197e+00
-2.526330402949429121e+00
-2.544068022635552317e+00
-2.148754627965202335e+00
2.355240037328604874e+00
-4.373335936866642903e+00
-3.518115463389893449e+00
1.385083349524403706e+00
-2.612374873544255571e+00
-3.887743379645134389e+00
6.295193355762870313e-01
-3.300366261613745245e+00
-2.352864328076974321e+00
2.154206447183651285e+00
