-7.052833664275298453e+00
-3.151431815634027078e+00
-4.650346259035222474e+00
-7.169827518342923867e+00
-1.609802358937868716e+00
7.700997429493359192e-01
-5.712958382218737086e+00
-4.443721696052225667e+00
1.620060218113438255e+00
-6.443082074958070393e+00
-3.532581460931659034e+00
-6.259637167253689682e+00
-3.516490916999009286e+00
-2.544505076512889041e-01
-4.000000000000000000e+00
-2.944537251955172241e+00
-1.954055515049043512e+00
-6.263134550897288655e+00
-3.813926022195827326e+00
-6.372014845209991174e-01
-7.960363019746221624e+00
-5.000000000000000000e+00
-8.769048090552873376e+00
-4.197255080889743972e+00
6.985122838202630913e-01
-5.796262911381900196e+00
-4.971436765255933032e+00
-4.945819937455128823e+00
-3.067341286696482427e+00
-6.251680508144147552e+00
-1.897656286856677088e+00
6.102890204545018404e-01
-6.332289423728109767e+00
-3.127041160913856199e+00
1.000000000000000000e+00
-5.322883022471946113e+00
-9.561603131939768740e-01
-6.144580632289460276e-01
-6.178942501878717408e+00
-3.392761145952820634e+00
-2.792633895101613861e-01
-7.500992573060283775e+00
-4.577841711471831054e+00
-1.275014243664812863e+00
-6.982849668272528287e-01
-2.773187191396864204e+00
-6.915734232261294245e+00
-1.331791817399500699e+00
-1.714805809649598167e+00
-6.429408704028741539e+00
-1.000000000000000000e+00
-1.900674895754816296e+00
-6.123032485799533298e+00
-3.721738401583843725e+00
2.878495140826698440e-01
-6.324298470754960100e+00
-2.630821134930930505e+00
-3.234833674592107466e-01
-6.760079220406005618e+00
-3.504107401479214623e+00
-5.278741142587800583e-01
-6.800136287478023789e+00
-1.158828818456537180e+00
-5.874407469422195938e+00
1.764100138800106174e-02
-6.810907798839341609e+00
-2.277017447691223939e+00
-5.956754051061919242e+00
0.000000000000000000e+00
-4.000000000000000000e+00
-3.201920328335976951e+00
-5.146391823834740364e+00
-9.152520856200502264e-01
-4.956933980849244747e+00
-2.395858897369920193e+00
-7.849387476247425610e+00
-2.162656736570804039e+00
-7.023058336553223313e+00
-1.788106465343058726e+00
-6.279639925564798553e+00
-1.809133910390066768e+00
-3.025057930450129273e+00
-2.503309396611102411e+00
-2.405937372756613790e+00
-2.481134310573514856e+00
-4.786864654170058131e+00
-2.449891856645121546e+00
-2.342424188015063358e+00
-1.540235885229552570e+00
-4.423777181495896826e+00
-4.999033212540640925e+00
-5.690196149515636570e+00
-3.314405701415487737e+00
-4.363918700864900302e+00
-5.000000000000000000e+00
1.815907470656378031e+00
-3.141110056039798426e+00
-4.619103293488180384e+00
2.899674528062569312e+00
-2.564052744249597726e+00
-3.391116906287336974e+00
-8.016407567600857265e-01
-5.045666825357450591e+00
-3.739041998820596291e+00
5.170910417536048742e-01
