-8.097849418741338567e+00
-4.071175435249004160e+00
-6.271062124243704794e+00
-7.886625665369084714e+00
-1.147212956176586029e+00
-1.762415869698749527e+00
-6.260982335565202561e+00
-5.000000000000000000e+00
-1.920002511510081333e-01
-6.203233346809267523e+00
-1.000000000000000000e+00
-5.924735472723568819e+00
-4.071781612121625038e+00
0.000000000000000000e+00
-3.602117526718314533e+00
-1.773240933129500041e+00
0.000000000000000000e+00
-5.475378581931437338e+00
-3.252515602262739502e+00
2.000000000000000000e+00
-6.879735602661890326e+00
-2.638019649070920902e+00
-7.032561021339080121e+00
-4.906095960211883877e+00
2.622114560218561374e-01
-6.893553374478303297e+00
-4.048336192177409920e+00
-3.154901959985743076e+00
-4.453201383897712695e+00
-7.418216338352833894e+00
-5.000000000000000000e+00
-2.000000000000000000e+00
-6.935851508078483718e+00
-1.000247628412102685e+00
-1.699000996382618700e+00
-4.933120527222271789e+00
-2.533147687194969411e+00
-2.000000000000000000e+00
-6.633196443891032246e+00
-3.384300177391973641e+00
2.807545902678814098e-01
-6.604686347396817148e+00
-3.806332768822116464e+00
1.260849714509590491e+00
9.877467967866937482e-01
-3.665123657396764489e+00
-6.447072902087521484e+00
-2.366529884137682060e+00
-5.150654757724542065e-01
-5.051141397216438733e+00
-2.729456825832441424e+00
-1.193782531533607472e+00
-6.793393374543772900e+00
-4.910410356266380560e+00
-6.645978060164552392e-01
-9.000000000000000000e+00
-1.000000000000000000e+00
1.525781820699388502e+00
-5.000000000000000000e+00
-1.801361848775815622e+00
1.405514747311771215e-02
-5.850510951135103888e+00
-3.180456064458131227e+00
-6.568250024063139847e+00
-2.502009734541060126e+00
-8.000000000000000000e+00
-1.928288261618069654e+00
-8.000000000000000000e+00
-9.591551829772265725e-01
-5.907788319345841366e+00
-8.437959226214607200e-02
-6.319096588571937012e+00
-5.384100067076643681e-01
-4.433048017033874189e+00
-1.822325831479373992e+00
-5.834729429832057335e+00
-3.464833947180338658e+00
-4.000000000000000000e+00
-1.110035192653607616e+00
-4.600276544565431003e+00
-3.612077761574662649e+00
-5.215320199121476819e+00
-1.000000000000000000e+00
-2.529307984672355847e+00
-1.000000000000000000e+00
-3.596937081670780412e+00
-2.653805982305275535e+00
-5.028051840711511566e+00
-1.417764465146201802e+00
-1.730145191587860287e+00
-5.000000000000000000e+00
-4.679162047623874443e+00
-3.505993070416796975e+00
-4.881800357351516517e+00
-1.383364279060134816e+00
1.402036816252193230e+00
-3.015892624499856289e+00
-3.170444184700193180e+00
5.843712328456317495e-01
-4.059364261412701680e+00
-3.421582708104764947e+00
8.131244489069263670e-01
-3.894670947835709107e+00
-2.870330991186809566e+00
3.000000000000000000e+00
