-7.065034885508154616e+00
-4.865422221284590343e+00
-6.589392534277073388e+00
-6.826965416515771601e+00
-2.610923684295753944e+00
-2.000000000000000000e+00
-5.774685368793195828e+00
-2.294430110353275598e+00
-2.000000000000000000e+00
-7.423097621528734535e+00
-2.232627670133043640e+00
-4.000000000000000000e+00
-5.000000000000000000e+00
-8.764637025970017925e-01
-3.781830185337409223e+00
-2.480977310780712486e+00
-2.705035267058433224e+00
-6.765175888267870086e+00
-4.244593525908344489e+00
1.120175094433147889e+00
-6.269003387069880695e+00
-3.413721937149468921e+00
-8.321401424956512471e+00
-3.307836548240254526e+00
7.495479986331294864e-01
-7.296047928825979412e+00
-2.525923876277908153e+00
-4.993159420114328562e+00
-5.000000000000000000e+00
-5.412158841048945845e+00
-2.236648221314571305e+00
8.137379951592245142e-01
-4.732527331694345030e+00
-1.818890853538235985e+00
-3.000000000000000000e+00
-5.974664252966015887e+00
-1.213244577147914338e+00
-7.264628340905264492e-02
-5.673375600643601580e+00
-2.293126776649964782e+00
1.748911084227907919e-01
-5.522878745280337398e+00
-3.608750325010516402e+00
1.712287755433661962e+00
-3.000000000000000000e+00
-5.000000000000000000e+00
-5.000332716093729424e+00
-3.517868047382031627e+00
-2.000000000000000000e+00
-6.432526032288897966e+00
-3.096355319728528066e+00
-1.936369344835856765e+00
-7.078596745234918330e+00
-3.582757813557051918e+00
7.700977604233610885e-01
-7.496735559347538214e+00
-3.084638588910101564e+00
-1.999060897905088119e+00
-7.522534559214774319e+00
-3.727060864949316432e+00
-1.708240935042785180e+00
-4.435192247166885871e+00
-1.414333397097454537e+00
-5.693835636683889589e+00
7.918124604762488694e-02
-4.000000000000000000e+00
0.000000000000000000e+00
-6.218639674046404053e+00
-3.358592768801856643e+00
-6.778525561402012123e+00
-1.425816588847160560e+00
-5.255964522488747015e+00
-1.240050834926777146e+00
-8.000000000000000000e+00
-8.449101137578034493e-01
-4.777146984035042010e+00
-1.859750530672805935e+00
-5.407839240159248995e+00
-2.270951356306377011e+00
-7.364732581538113720e+00
-2.244325043822500199e+00
-4.378888617627453961e+00
-3.232938638932264741e+00
-5.233774020555369333e+00
-3.485583168677834021e+00
-3.676624417982176318e+00
-2.097803136647197864e+00
-4.861555978753594687e+00
-3.183873911369941911e+00
-1.731232325133686523e+00
-3.287814079020440428e+00
-1.690196149515636570e+00
-1.360751750203422539e+00
-4.245628753133405375e+00
-3.448086592455468669e+00
2.452949138334675094e+00
-3.180669261245632651e+00
-3.152879785367430632e+00
1.284010395803678817e+00
-4.886143680756801722e+00
-2.660734277611232379e+00
4.071373135662043063e-01
-4.122638404825240244e+00
-3.250488184414503490e+00
4.151650927283271897e-01
