5.164687670101825745e+01
4.523617967195941247e+01
1.689125367685252144e+01
1.689125367685252144e+01
1.689125367685252144e+01
1.689125367685252144e+01
1.371561299673705925e+01
1.105037201567805383e+01
1.105037201567805383e+01
1.044092835417734477e+01
9.337309512166989123e+00
9.337309512166989123e+00
9.337309512166989123e+00
7.611942444183203094e+00
7.018510001242116658e+00
6.495391216812448576e+00
6.495391216812448576e+00
6.480423678807600396e+00
6.480423678807600396e+00
5.889193881885047333e+00
5.889193881885047333e+00
5.694775371518889351e+00
5.694775371518889351e+00
5.694775371518889351e+00
5.694775371518889351e+00
5.694775371518889351e+00
5.694775371518889351e+00
5.694775371518889351e+00
5.694775371518889351e+00
5.694775371518889351e+00
5.694775371518889351e+00
5.694775371518889351e+00
5.022950218878621698e+00
5.022950218878621698e+00
5.022950218878621698e+00
5.022950218878621698e+00
5.022950218878621698e+00
5.022950218878621698e+00
4.522189628197988753e+00
4.522189628197988753e+00
4.522189628197988753e+00
4.434010489092269580e+00
3.941414168961951958e+00
3.941414168961951958e+00
3.413914426916217160e+00
3.413914426916217160e+00
3.413914426916217160e+00
3.413914426916217160e+00
3.413914426916217160e+00
3.413914426916217160e+00
3.413914426916217160e+00
3.141574137791437682e+00
3.141574137791437682e+00
3.141574137791437682e+00
3.141574137791437682e+00
3.070327692721118495e+00
3.070327692721118495e+00
3.070327692721118495e+00
3.070327692721118495e+00
3.070327692721118495e+00
3.070327692721118495e+00
3.070327692721118495e+00
3.070327692721118495e+00
3.070327692721118495e+00
3.070327692721118495e+00
2.973440336869972000e+00
2.973440336869972000e+00
2.973440336869972000e+00
2.973440336869972000e+00
2.973440336869972000e+00
2.973440336869972000e+00
2.973440336869972000e+00
2.973440336869972000e+00
2.973440336869972000e+00
2.973440336869972000e+00
2.973440336869972000e+00
2.973440336869972000e+00
2.973440336869972000e+00
2.973440336869972000e+00
2.947614624445781928e+00
2.947614624445781928e+00
2.947614624445781928e+00
2.947614624445781928e+00
2.947614624445781928e+00
2.874983514680342189e+00
2.874983514680342189e+00
2.874983514680342189e+00
2.874983514680342189e+00
2.874983514680342189e+00
2.874983514680342189e+00
2.874983514680342189e+00
2.874983514680342189e+00
2.874983514680342189e+00
2.874983514680342189e+00
2.874983514680342189e+00
2.874983514680342189e+00
2.874983514680342189e+00
2.874983514680342189e+00
2.874983514680342189e+00
2.874983514680342189e+00
2.874983514680342189e+00
2.874983514680342189e+00
2.864448303029427212e+00
2.864448303029427212e+00
2.864448303029427212e+00
2.864448303029427212e+00
2.864448303029427212e+00
2.864448303029427212e+00
2.864448303029427212e+00
2.864448303029427212e+00
2.848907461302371047e+00
2.848907461302371047e+00
2.848907461302371047e+00
2.818343587089647606e+00
2.795779994693482706e+00
2.786388276402739450e+00
2.785407752913144019e+00
2.772259943648906599e+00
2.732609552148250742e+00
2.688779589752454235e+00
2.659749399017098170e+00
2.642265725899199502e+00
2.642265725899199502e+00
2.641741598182729689e+00
2.641741598182729689e+00
2.639189017016683625e+00
2.619271879141446213e+00
2.597951051316357951e+00
2.558093333582315942e+00
2.546220087901659213e+00
2.546220087901659213e+00
2.546220087901659213e+00
2.501156564975569374e+00
2.463625071665379807e+00
2.435110648571329861e+00
2.435110648571329861e+00
2.399577974035195460e+00
2.385943074422693044e+00
2.353280494125488342e+00
2.353280494125488342e+00
2.353280494125488342e+00
2.353280494125488342e+00
2.321948031489297293e+00
2.310032187165433015e+00
2.297146152869320890e+00
2.294068846634363723e+00
2.269659662752383955e+00
2.262779219602843561e+00
2.227208510841083289e+00
2.215467722749838941e+00
2.213424267185247096e+00
2.212968795075795914e+00
2.212876701617068065e+00
2.212853447373665627e+00
2.212846396967902862e+00
2.212846396967902862e+00
2.152643430569484373e+00
2.124964143355692947e+00
2.118439119992435060e+00
2.114978237058928734e+00
2.099647352170356029e+00
2.083203482878666968e+00
2.083203482878666968e+00
2.074784921088440814e+00
2.057817995061792526e+00
2.039993886777923482e+00
2.036937972625808335e+00
2.017287274038856992e+00
1.997936994231702901e+00
1.975344539271134181e+00
1.962767504737587210e+00
1.959806222930224884e+00
1.958602857251424467e+00
1.950487376322582289e+00
1.942274172222740791e+00
1.938895261491178523e+00
1.920842723847753231e+00
1.904395308119254615e+00
1.898684852645090348e+00
1.881819756815313216e+00
1.879158951742395445e+00
1.878106578596365317e+00
1.876616568743656011e+00
1.875216368773275466e+00
1.873611849135507601e+00
1.852318921359500603e+00
1.834080479790705098e+00
1.834080479790705098e+00
1.829886229738170833e+00
1.808167472335351800e+00
1.806581145965329593e+00
1.774037179034355649e+00
1.767828011503162156e+00
1.767585209962479365e+00
1.767576365882630451e+00
1.684486637399338349e+00
1.649907405781039005e+00
1.649153952918386512e+00
1.593843952232909755e+00
1.545232439139806679e+00
