5.264282317605120198e+01
5.264282317605120198e+01
2.464559751193280945e+01
1.394810338009740214e+01
1.394810338009740214e+01
1.300869501349478163e+01
1.300869501349478163e+01
1.037987999573797815e+01
1.037987999573797815e+01
3.790716440106265406e+00
3.790716440106265406e+00
3.790716440106265406e+00
3.457006003892279189e+00
3.031312238888772548e+00
2.057598105439245373e+00
2.057598105439245373e+00
1.457512925826705441e+00
1.457512925826705441e+00
1.457512925826705441e+00
1.457512925826705441e+00
1.457512925826705441e+00
1.457512925826705441e+00
1.457512925826705441e+00
1.457512925826705441e+00
1.457512925826705441e+00
1.457512925826705441e+00
1.457512925826705441e+00
1.139536645927151870e+00
1.139536645927151870e+00
8.538566389063426687e-01
8.538566389063426687e-01
7.941411123542594375e-01
7.941411123542594375e-01
7.776280828076665985e-01
7.776280828076665985e-01
7.776280828076665985e-01
7.776280828076665985e-01
7.573374623861823807e-01
7.573374623861823807e-01
7.311565428110931020e-01
7.311565428110931020e-01
7.311565428110931020e-01
7.311565428110931020e-01
7.311565428110931020e-01
7.311565428110931020e-01
6.565832451321718111e-01
6.305667974454037816e-01
6.305667974454037816e-01
6.305667974454037816e-01
6.305667974454037816e-01
6.305667974454037816e-01
6.305667974454037816e-01
6.305667974454037816e-01
6.153632310112951975e-01
6.153632310112951975e-01
6.153632310112951975e-01
6.153632310112951975e-01
6.153632310112951975e-01
6.153632310112951975e-01
6.153632310112951975e-01
6.153632310112951975e-01
5.883848180348920653e-01
5.883848180348920653e-01
5.883848180348920653e-01
5.883848180348920653e-01
5.883848180348920653e-01
5.883848180348920653e-01
5.883848180348920653e-01
5.883848180348920653e-01
5.883848180348920653e-01
5.883848180348920653e-01
5.883848180348920653e-01
5.883848180348920653e-01
5.883848180348920653e-01
5.883848180348920653e-01
5.883848180348920653e-01
5.883848180348920653e-01
5.883848180348920653e-01
5.883848180348920653e-01
5.883848180348920653e-01
5.883848180348920653e-01
5.883848180348920653e-01
5.883848180348920653e-01
5.883848180348920653e-01
5.883848180348920653e-01
5.883848180348920653e-01
5.720256514818886640e-01
5.351237937848887238e-01
5.351237937848887238e-01
5.351237937848887238e-01
5.351237937848887238e-01
5.351237937848887238e-01
5.351237937848887238e-01
5.351237937848887238e-01
5.351237937848887238e-01
5.351237937848887238e-01
5.351237937848887238e-01
5.351237937848887238e-01
5.351237937848887238e-01
5.351237937848887238e-01
5.351237937848887238e-01
5.351237937848887238e-01
5.351237937848887238e-01
5.351237937848887238e-01
5.351237937848887238e-01
5.351237937848887238e-01
5.351237937848887238e-01
5.232131902542113133e-01
5.232131902542113133e-01
5.232131902542113133e-01
5.232131902542113133e-01
5.232131902542113133e-01
5.232131902542113133e-01
5.232131902542113133e-01
4.913522766812157827e-01
4.839576713844770950e-01
4.832701870283808709e-01
4.832701870283808709e-01
4.832701870283808709e-01
4.712067917710119347e-01
4.691023076078345566e-01
4.691023076078345566e-01
4.688508359457320696e-01
4.688508359457320696e-01
4.687697649014315182e-01
4.687697649014315182e-01
4.687670126400328430e-01
4.687670126400328430e-01
4.686357855819349161e-01
4.686025422970761523e-01
4.686025422970761523e-01
4.686011022476637700e-01
4.686011022476637700e-01
4.685949678315711742e-01
4.685893843387173296e-01
4.685893843387173296e-01
4.685893843387173296e-01
4.685881019827031757e-01
4.685881019827031757e-01
4.685874542119087827e-01
4.685874542119087827e-01
4.685874542119087827e-01
4.685874542119087827e-01
4.685874542119087827e-01
4.685874542119087827e-01
4.685866533134315781e-01
4.685866533134315781e-01
4.685866533134315781e-01
4.561388513791818644e-01
4.561388513791818644e-01
4.561388513791818644e-01
4.560910665671393249e-01
4.560910665671393249e-01
4.559954203794828742e-01
4.559954203794828742e-01
4.484632115743799607e-01
4.444534988494791561e-01
4.444534988494791561e-01
4.444534988494791561e-01
4.444534988494791561e-01
4.444534988494791561e-01
4.444534988494791561e-01
4.444534988494791561e-01
4.444534988494791561e-01
4.444534988494791561e-01
4.360947849511606633e-01
4.360947849511606633e-01
4.022420441887804565e-01
4.022420441887804565e-01
4.022420441887804565e-01
4.022420441887804565e-01
3.978437168060885432e-01
3.978437168060885432e-01
3.873666516662942483e-01
3.862390362182475112e-01
3.861267094968127145e-01
3.861267094968127145e-01
3.861267094968127145e-01
3.861267094968127145e-01
3.861267094968127145e-01
3.861099217512606874e-01
3.861063222884270063e-01
3.861054392806785307e-01
3.861040252662067407e-01
3.861040252662067407e-01
3.861040252662067407e-01
3.861040252662067407e-01
3.861040252662067407e-01
3.861040252662067407e-01
3.861040252662067407e-01
3.861040252662067407e-01
3.861040252662067407e-01
3.861040252662067407e-01
3.861040252662067407e-01
3.861040252662067407e-01
3.861040252662067407e-01
3.861040252662067407e-01
3.861040252662067407e-01
3.861040252662067407e-01
3.861040252662067407e-01
