1.793147383646043025e+01
1.752558023810160392e+01
1.547836851745666031e+01
1.547836851745666031e+01
6.066816523535390360e+00
3.457876594279324145e+00
3.043188018215303714e+00
3.043188018215303714e+00
3.043188018215303714e+00
2.584337034037501812e+00
2.235741747855285233e+00
2.235741747855285233e+00
2.235741747855285233e+00
2.235741747855285233e+00
2.124956262345268243e+00
2.124956262345268243e+00
1.982475897393112252e+00
1.005624782520682992e+00
1.005624782520682992e+00
1.005624782520682992e+00
1.005624782520682992e+00
1.005624782520682992e+00
1.005624782520682992e+00
1.005624782520682992e+00
1.005624782520682992e+00
1.005624782520682992e+00
1.005624782520682992e+00
1.005624782520682992e+00
1.005624782520682992e+00
1.005624782520682992e+00
1.005624782520682992e+00
1.005624782520682992e+00
1.005624782520682992e+00
1.005624782520682992e+00
1.005624782520682992e+00
1.005624782520682992e+00
1.005624782520682992e+00
1.005624782520682992e+00
1.005624782520682992e+00
1.005624782520682992e+00
1.005624782520682992e+00
9.033064513580443267e-01
9.033064513580443267e-01
9.033064513580443267e-01
9.033064513580443267e-01
9.033064513580443267e-01
9.033064513580443267e-01
9.033064513580443267e-01
8.913917952854381044e-01
8.913917952854381044e-01
8.913917952854381044e-01
8.913917952854381044e-01
8.567039183958129467e-01
8.567039183958129467e-01
8.567039183958129467e-01
8.567039183958129467e-01
8.567039183958129467e-01
8.567039183958129467e-01
8.567039183958129467e-01
8.567039183958129467e-01
8.567039183958129467e-01
8.567039183958129467e-01
8.567039183958129467e-01
8.567039183958129467e-01
8.567039183958129467e-01
8.567039183958129467e-01
8.567039183958129467e-01
8.567039183958129467e-01
8.567039183958129467e-01
8.439786765591051898e-01
8.439786765591051898e-01
7.998408234236438208e-01
7.998408234236438208e-01
7.998408234236438208e-01
7.998408234236438208e-01
7.998408234236438208e-01
7.998408234236438208e-01
7.998408234236438208e-01
7.998408234236438208e-01
7.998408234236438208e-01
7.998408234236438208e-01
7.927047039592850508e-01
7.927047039592850508e-01
7.927047039592850508e-01
7.752976010262218054e-01
7.752976010262218054e-01
7.752976010262218054e-01
7.752976010262218054e-01
7.752976010262218054e-01
7.752976010262218054e-01
7.752976010262218054e-01
7.473203583582989085e-01
7.473203583582989085e-01
7.473203583582989085e-01
7.473203583582989085e-01
7.473203583582989085e-01
7.473203583582989085e-01
7.452872259437997027e-01
7.452872259437997027e-01
7.452872259437997027e-01
6.572019299047098251e-01
6.572019299047098251e-01
6.572019299047098251e-01
6.572019299047098251e-01
6.572019299047098251e-01
6.572019299047098251e-01
6.572019299047098251e-01
6.572019299047098251e-01
6.572019299047098251e-01
6.572019299047098251e-01
6.572019299047098251e-01
6.572019299047098251e-01
6.572019299047098251e-01
6.572019299047098251e-01
6.572019299047098251e-01
6.572019299047098251e-01
6.572019299047098251e-01
6.572019299047098251e-01
6.572019299047098251e-01
6.480793477278449233e-01
6.480793477278449233e-01
6.480793477278449233e-01
6.475066312116380951e-01
6.475066312116380951e-01
5.921379971421754096e-01
5.921379971421754096e-01
5.921379971421754096e-01
5.921379971421754096e-01
5.921379971421754096e-01
5.921379971421754096e-01
5.921379971421754096e-01
5.921379971421754096e-01
5.921379971421754096e-01
5.921379971421754096e-01
5.921379971421754096e-01
5.921379971421754096e-01
5.921379971421754096e-01
5.921379971421754096e-01
5.921379971421754096e-01
5.663040538460324402e-01
5.663040538460324402e-01
5.663040538460324402e-01
5.663040538460324402e-01
5.663040538460324402e-01
5.663040538460324402e-01
5.663040538460324402e-01
5.663040538460324402e-01
5.557829756363518170e-01
5.557829756363518170e-01
5.557829756363518170e-01
5.557829756363518170e-01
5.557829756363518170e-01
5.557829756363518170e-01
5.545936164999851758e-01
5.536709985848743409e-01
5.468870580756097777e-01
5.339540406219646096e-01
5.339540406219646096e-01
5.226676846714772839e-01
5.226676846714772839e-01
5.226676846714772839e-01
5.226676846714772839e-01
5.226676846714772839e-01
5.226676846714772839e-01
4.914278498967060149e-01
4.914278498967060149e-01
4.914278498967060149e-01
4.914278498967060149e-01
4.914278498967060149e-01
4.914278498967060149e-01
4.914278498967060149e-01
4.903730957912234012e-01
4.901618320746270463e-01
4.901335522824323276e-01
4.901307181890665610e-01
4.901286932284778519e-01
4.901286932284778519e-01
4.901286932284778519e-01
4.901286932284778519e-01
4.901286932284778519e-01
4.901286932284778519e-01
4.901286932284778519e-01
4.901286932284778519e-01
4.901286932284778519e-01
4.901286932284778519e-01
4.901286932284778519e-01
4.901286932284778519e-01
4.837399594408035020e-01
4.837399594408035020e-01
4.814243295484368357e-01
4.812842113884197581e-01
4.812785590304779482e-01
4.812778339044767040e-01
4.812770889805832453e-01
4.812770889805832453e-01
4.812770738911834600e-01
4.812770738911834600e-01
4.812770738911834600e-01
4.812770738911834600e-01
4.812770738911834600e-01
