1.022996427490922855e+02
6.217661050848207793e+01
3.369766128460066312e+01
3.369766128460066312e+01
3.369766128460066312e+01
2.700486708109245981e+01
2.222579997178870315e+01
1.211370873142717386e+01
7.730010265511143785e+00
7.730010265511143785e+00
6.164083736920744627e+00
3.050609070692837044e+00
3.050609070692837044e+00
3.050609070692837044e+00
3.050609070692837044e+00
1.422568199130805899e+00
1.422568199130805899e+00
6.835355604473927205e-01
6.835355604473927205e-01
6.669321429680145075e-01
6.669321429680145075e-01
6.669321429680145075e-01
6.669321429680145075e-01
6.669321429680145075e-01
6.309033729383616285e-01
5.372344510219697611e-01
5.372344510219697611e-01
5.372344510219697611e-01
5.372344510219697611e-01
5.372344510219697611e-01
5.372344510219697611e-01
5.372344510219697611e-01
2.909687125128714302e-01
2.909687125128714302e-01
2.909687125128714302e-01
2.909687125128714302e-01
2.909687125128714302e-01
2.909687125128714302e-01
2.909687125128714302e-01
2.909687125128714302e-01
2.909687125128714302e-01
2.909687125128714302e-01
2.909687125128714302e-01
2.909687125128714302e-01
2.909687125128714302e-01
2.909687125128714302e-01
2.909687125128714302e-01
2.909687125128714302e-01
2.909687125128714302e-01
2.102454619159244142e-01
2.102454619159244142e-01
2.102454619159244142e-01
2.102454619159244142e-01
2.102454619159244142e-01
2.102454619159244142e-01
2.102454619159244142e-01
2.102454619159244142e-01
2.102454619159244142e-01
2.102454619159244142e-01
2.102454619159244142e-01
2.102454619159244142e-01
2.102454619159244142e-01
2.102454619159244142e-01
2.102454619159244142e-01
2.102454619159244142e-01
2.102454619159244142e-01
2.102454619159244142e-01
2.102454619159244142e-01
2.102454619159244142e-01
2.102454619159244142e-01
2.102454619159244142e-01
2.102454619159244142e-01
2.102454619159244142e-01
2.102454619159244142e-01
2.102454619159244142e-01
2.102454619159244142e-01
2.102454619159244142e-01
1.655146798901978022e-01
1.655146798901978022e-01
1.655146798901978022e-01
1.655146798901978022e-01
1.655146798901978022e-01
1.655146798901978022e-01
1.655146798901978022e-01
1.655146798901978022e-01
1.310921184727358579e-01
1.310921184727358579e-01
1.310921184727358579e-01
1.310921184727358579e-01
1.310921184727358579e-01
1.310921184727358579e-01
1.310921184727358579e-01
1.310921184727358579e-01
1.286981070861182574e-01
1.253265747072039027e-01
1.149094087712586032e-01
1.149094087712586032e-01
1.149094087712586032e-01
1.149094087712586032e-01
1.149094087712586032e-01
1.074512240703816568e-01
1.074512240703816568e-01
1.074512240703816568e-01
1.074512240703816568e-01
1.074512240703816568e-01
1.074512240703816568e-01
1.067132955588034893e-01
1.067132955588034893e-01
1.067132955588034893e-01
1.067132955588034893e-01
1.067132955588034893e-01
1.067132955588034893e-01
1.067132955588034893e-01
1.067132955588034893e-01
1.067132955588034893e-01
1.067132955588034893e-01
1.067132955588034893e-01
1.067132955588034893e-01
1.067132955588034893e-01
1.067132955588034893e-01
1.065289701286908086e-01
1.062300851959377679e-01
1.062300851959377679e-01
1.062300851959377679e-01
1.059075502592747159e-01
1.058327891185895375e-01
1.058327891185895375e-01
1.058327891185895375e-01
1.058036471211112467e-01
1.057986413568393486e-01
1.057983846271020323e-01
1.057983205928591242e-01
1.057983205928591242e-01
1.057983205928591242e-01
1.057922265745415286e-01
1.057878754110941344e-01
1.057867285232714227e-01
1.057862476607317054e-01
1.057862476607317054e-01
1.057862476607317054e-01
1.057858283959767498e-01
1.057858283959767498e-01
1.057858283959767498e-01
1.057858283959767498e-01
1.057858283959767498e-01
1.057858283959767498e-01
1.057858283959767498e-01
1.057858283959767498e-01
1.057858283959767498e-01
1.057858283959767498e-01
1.057858283959767498e-01
1.057858283959767498e-01
1.057858283959767498e-01
1.057858283959767498e-01
1.057858283959767498e-01
1.057858283959767498e-01
1.057858283959767498e-01
1.057858283959767498e-01
1.057858283959767498e-01
1.047318846118890784e-01
1.044582794685157967e-01
1.040519776953505865e-01
1.038564843890623091e-01
1.038564843890623091e-01
1.038366740781372921e-01
1.038366740781372921e-01
1.037708249695247636e-01
1.037365159215934973e-01
1.036919585383829778e-01
1.036883051519439658e-01
1.036749576233824133e-01
1.036727360040869128e-01
1.036724861757069432e-01
1.036681823435843114e-01
1.036670002024424608e-01
1.036664377617457916e-01
1.036658512843092739e-01
1.036656572583415370e-01
1.036655720341131126e-01
1.036655720341131126e-01
1.036655720341131126e-01
1.036655720341131126e-01
1.036655720341131126e-01
1.036655720341131126e-01
1.036655720341131126e-01
1.036655720341131126e-01
1.036654945722155774e-01
1.036654945722155774e-01
1.036654945722155774e-01
1.036653918104886163e-01
1.036653258447762793e-01
1.036653258447762793e-01
1.036652654307751442e-01
1.036652654307751442e-01
1.036652654307751442e-01
1.036652654307751442e-01
1.036652581286985203e-01
1.036652581286985203e-01
1.036652581286985203e-01
1.036652581286985203e-01
