4.497710008955623096e+01
2.471309902285419469e+01
2.471309902285419469e+01
2.471309902285419469e+01
2.471309902285419469e+01
1.629676688766900128e+01
1.629676688766900128e+01
1.424167676953407380e+01
7.499454213257291002e+00
7.069223637487105805e+00
3.361006188888012947e+00
2.019998954305614269e+00
1.146440261980127051e+00
1.146440261980127051e+00
1.146440261980127051e+00
1.146440261980127051e+00
1.146440261980127051e+00
1.146440261980127051e+00
1.146440261980127051e+00
1.146440261980127051e+00
7.053068005087710368e-01
7.053068005087710368e-01
7.053068005087710368e-01
7.053068005087710368e-01
7.053068005087710368e-01
7.053068005087710368e-01
7.053068005087710368e-01
7.053068005087710368e-01
7.053068005087710368e-01
7.053068005087710368e-01
7.053068005087710368e-01
7.053068005087710368e-01
7.053068005087710368e-01
7.053068005087710368e-01
7.053068005087710368e-01
7.053068005087710368e-01
7.053068005087710368e-01
7.053068005087710368e-01
7.053068005087710368e-01
7.053068005087710368e-01
7.053068005087710368e-01
7.053068005087710368e-01
4.000505135697042802e-01
2.602625746442758792e-01
2.602625746442758792e-01
2.602625746442758792e-01
2.602625746442758792e-01
2.602625746442758792e-01
2.602625746442758792e-01
2.602625746442758792e-01
2.602625746442758792e-01
2.602625746442758792e-01
2.602625746442758792e-01
2.602625746442758792e-01
2.176858452772387764e-01
2.176858452772387764e-01
2.176858452772387764e-01
2.176858452772387764e-01
2.176858452772387764e-01
2.176858452772387764e-01
2.176858452772387764e-01
2.176858452772387764e-01
2.176858452772387764e-01
2.176858452772387764e-01
2.176858452772387764e-01
2.140104993788558008e-01
1.762263259378465119e-01
1.762263259378465119e-01
1.762263259378465119e-01
1.762263259378465119e-01
1.762263259378465119e-01
1.762263259378465119e-01
1.762263259378465119e-01
1.762263259378465119e-01
1.762263259378465119e-01
1.762263259378465119e-01
1.762263259378465119e-01
1.762263259378465119e-01
1.762263259378465119e-01
1.762263259378465119e-01
1.762263259378465119e-01
1.762263259378465119e-01
1.762263259378465119e-01
1.762263259378465119e-01
1.762263259378465119e-01
1.762263259378465119e-01
1.762263259378465119e-01
1.762263259378465119e-01
1.762263259378465119e-01
1.762263259378465119e-01
1.762263259378465119e-01
1.762263259378465119e-01
1.762263259378465119e-01
1.762263259378465119e-01
1.762263259378465119e-01
1.762263259378465119e-01
1.762263259378465119e-01
1.762263259378465119e-01
1.625744611720340016e-01
1.625744611720340016e-01
1.625744611720340016e-01
1.625744611720340016e-01
1.625744611720340016e-01
1.625744611720340016e-01
1.625744611720340016e-01
1.625744611720340016e-01
1.625744611720340016e-01
1.625744611720340016e-01
1.625744611720340016e-01
1.625744611720340016e-01
1.625744611720340016e-01
1.625744611720340016e-01
1.625744611720340016e-01
1.618335714129986447e-01
1.618335714129986447e-01
1.612999638496989685e-01
1.612999638496989685e-01
1.612999638496989685e-01
1.612999638496989685e-01
1.612999638496989685e-01
1.612999638496989685e-01
1.612999638496989685e-01
1.610310312580251479e-01
1.610310312580251479e-01
1.610310312580251479e-01
1.610310312580251479e-01
1.318698307652608759e-01
1.318698307652608759e-01
1.274062428937508817e-01
1.274062428937508817e-01
1.274062428937508817e-01
1.274062428937508817e-01
1.274062428937508817e-01
1.274062428937508817e-01
1.274062428937508817e-01
1.274062428937508817e-01
1.274062428937508817e-01
1.274062428937508817e-01
1.274062428937508817e-01
1.274062428937508817e-01
1.274062428937508817e-01
1.274062428937508817e-01
1.246918839049686312e-01
1.008731934673272046e-01
1.008731934673272046e-01
1.008731934673272046e-01
1.008731934673272046e-01
1.008731934673272046e-01
1.008731934673272046e-01
1.008731934673272046e-01
1.008731934673272046e-01
1.008731934673272046e-01
1.008731934673272046e-01
1.008731934673272046e-01
1.008731934673272046e-01
1.008731934673272046e-01
1.008731934673272046e-01
1.008731934673272046e-01
1.008731934673272046e-01
1.008731934673272046e-01
9.494715321824674648e-02
9.494715321824674648e-02
8.849638920843568013e-02
8.849638920843568013e-02
8.752522408505079843e-02
8.752522408505079843e-02
8.752522408505079843e-02
8.746927264331692820e-02
8.745509216578423173e-02
8.745343789291545877e-02
8.745322893471028924e-02
8.745317336989158474e-02
8.745315372304407475e-02
8.745315359031544111e-02
8.745315359031544111e-02
8.745315359031544111e-02
8.745315055090478740e-02
8.745315055090478740e-02
8.745314780621676887e-02
8.745314780621676887e-02
8.745314780621676887e-02
8.745314490566742649e-02
8.745314490566742649e-02
8.745314490566742649e-02
8.745314490566742649e-02
8.745314490566742649e-02
8.745314490566742649e-02
8.745313944788651872e-02
8.745313944788651872e-02
8.745313944788651872e-02
8.745313944788651872e-02
8.745313944788651872e-02
8.745313944788651872e-02
8.745313944788651872e-02
8.745313944788651872e-02
8.745313944788651872e-02
8.745313944788651872e-02
8.745313944788651872e-02
8.745313944788651872e-02
8.745313944788651872e-02
