2.947695998952065466e+01
2.618260243944249410e+01
2.618260243944249410e+01
2.618260243944249410e+01
1.439947852709812892e+01
1.439947852709812892e+01
7.159353905924228378e+00
5.305632258146459002e+00
5.305632258146459002e+00
5.305632258146459002e+00
5.305632258146459002e+00
5.305632258146459002e+00
5.305632258146459002e+00
5.305632258146459002e+00
5.305632258146459002e+00
5.305632258146459002e+00
5.305632258146459002e+00
5.305632258146459002e+00
5.099109323658323589e+00
4.318610983809460180e+00
4.318610983809460180e+00
4.318610983809460180e+00
3.574077071874687483e+00
3.574077071874687483e+00
3.454219076108267394e+00
3.454219076108267394e+00
3.454219076108267394e+00
2.486943048152849833e+00
2.486943048152849833e+00
2.486943048152849833e+00
2.486943048152849833e+00
2.486943048152849833e+00
2.486943048152849833e+00
2.486943048152849833e+00
2.486943048152849833e+00
2.486943048152849833e+00
2.486943048152849833e+00
2.486943048152849833e+00
2.486943048152849833e+00
2.486943048152849833e+00
2.486943048152849833e+00
2.486943048152849833e+00
2.486943048152849833e+00
2.486943048152849833e+00
2.370502152784942140e+00
2.370502152784942140e+00
2.370502152784942140e+00
2.370502152784942140e+00
2.370502152784942140e+00
2.288959443368907110e+00
1.737677283886559065e+00
1.373923960165893909e+00
1.373923960165893909e+00
1.373923960165893909e+00
1.373923960165893909e+00
1.373923960165893909e+00
1.373923960165893909e+00
1.373923960165893909e+00
1.373923960165893909e+00
1.373923960165893909e+00
1.373923960165893909e+00
1.373923960165893909e+00
1.373923960165893909e+00
1.373923960165893909e+00
1.373923960165893909e+00
1.373923960165893909e+00
1.373923960165893909e+00
1.373923960165893909e+00
1.373923960165893909e+00
1.373923960165893909e+00
1.373923960165893909e+00
1.373923960165893909e+00
1.373923960165893909e+00
1.373923960165893909e+00
1.373923960165893909e+00
1.373923960165893909e+00
1.347856475749765970e+00
1.347856475749765970e+00
1.347856475749765970e+00
1.347856475749765970e+00
1.347856475749765970e+00
1.347856475749765970e+00
1.347856475749765970e+00
1.347856475749765970e+00
1.347856475749765970e+00
1.347856475749765970e+00
1.347856475749765970e+00
1.347856475749765970e+00
1.347856475749765970e+00
1.347856475749765970e+00
1.347856475749765970e+00
1.261568253639843817e+00
1.261568253639843817e+00
1.261568253639843817e+00
1.140701954616810232e+00
1.140701954616810232e+00
1.140701954616810232e+00
1.140701954616810232e+00
1.140701954616810232e+00
1.140701954616810232e+00
1.140701954616810232e+00
1.140701954616810232e+00
1.119254943291896787e+00
1.119254943291896787e+00
1.119254943291896787e+00
1.115330444055448567e+00
1.115330444055448567e+00
1.115330444055448567e+00
1.115330444055448567e+00
1.113589156401928681e+00
1.113589156401928681e+00
1.110349229457828768e+00
1.108626471701072536e+00
1.107743925992108691e+00
1.107616337695307207e+00
1.107599386801794150e+00
1.107591178875014126e+00
1.097433785700919984e+00
1.097433785700919984e+00
1.097433785700919984e+00
1.097433785700919984e+00
1.097433785700919984e+00
1.097433785700919984e+00
1.097433785700919984e+00
1.097433785700919984e+00
1.097433785700919984e+00
1.093121085033807116e+00
1.088397229967599245e+00
1.088397229967599245e+00
1.088397229967599245e+00
1.088397229967599245e+00
1.088397229967599245e+00
1.088397229967599245e+00
1.088397229967599245e+00
1.088397229967599245e+00
1.088397229967599245e+00
1.088397229967599245e+00
1.088397229967599245e+00
1.088397229967599245e+00
1.088397229967599245e+00
1.088397229967599245e+00
1.088397229967599245e+00
1.088397229967599245e+00
1.088322704212082215e+00
1.088322704212082215e+00
1.088322704212082215e+00
1.081218715073004377e+00
1.081218715073004377e+00
1.081218715073004377e+00
1.080120085200100499e+00
1.073994052787699882e+00
1.072774038571502997e+00
1.070336461391675487e+00
1.067757919222903862e+00
1.067608006599983339e+00
1.067576977316955666e+00
1.067420171311825650e+00
1.066711875803107334e+00
1.064970851363546966e+00
1.063719595151590092e+00
1.062446729987597482e+00
1.062107414831372054e+00
1.061392086582294114e+00
1.060712793731862780e+00
1.050407544507012236e+00
1.048131040916895351e+00
1.048040426629378130e+00
1.048040426629378130e+00
1.047992264003079654e+00
1.047983094375241508e+00
1.046193800172307009e+00
1.045441647705078747e+00
1.045058107372924816e+00
1.045013725991148501e+00
1.045005443901847686e+00
1.045001539126699797e+00
1.045001539126699797e+00
1.045001539126699797e+00
1.045001539126699797e+00
1.045001539126699797e+00
1.045001539126699797e+00
1.045001539126699797e+00
1.044211515046077787e+00
1.044134085180182581e+00
1.044004915750556872e+00
1.043810406436849192e+00
1.043717132842512330e+00
1.043701185484700922e+00
1.043700213979840807e+00
1.043700147307134118e+00
1.043699730608922849e+00
1.043699533810378277e+00
1.005374441102439231e+00
1.002659631574914112e+00
1.002659631574914112e+00
1.002659631574914112e+00
9.913406397275232873e-01
9.910207769353395202e-01
9.853829006420131709e-01
9.834345458838299470e-01
