1.880103010196494040e+01
1.880103010196494040e+01
4.848877623499252110e+00
4.848877623499252110e+00
4.848877623499252110e+00
3.738997315966877455e+00
3.495820577358028203e+00
3.495820577358028203e+00
3.495820577358028203e+00
2.880364865851531508e+00
2.088359340192974756e+00
2.088359340192974756e+00
9.824982817750724795e-01
9.824982817750724795e-01
9.824982817750724795e-01
9.824982817750724795e-01
9.824982817750724795e-01
9.824982817750724795e-01
9.824982817750724795e-01
9.824982817750724795e-01
9.824982817750724795e-01
9.824982817750724795e-01
7.260674654764724956e-01
7.260674654764724956e-01
7.260674654764724956e-01
7.260674654764724956e-01
7.260674654764724956e-01
7.260674654764724956e-01
7.260674654764724956e-01
7.260674654764724956e-01
7.260674654764724956e-01
4.663557893880376226e-01
3.964252729012076593e-01
3.964252729012076593e-01
3.964252729012076593e-01
3.964252729012076593e-01
3.964252729012076593e-01
3.964252729012076593e-01
3.964252729012076593e-01
3.964252729012076593e-01
3.964252729012076593e-01
3.964252729012076593e-01
3.964252729012076593e-01
3.964252729012076593e-01
3.964252729012076593e-01
3.964252729012076593e-01
3.964252729012076593e-01
3.964252729012076593e-01
3.964252729012076593e-01
3.964252729012076593e-01
3.964252729012076593e-01
3.964252729012076593e-01
3.964252729012076593e-01
3.964252729012076593e-01
3.964252729012076593e-01
3.964252729012076593e-01
3.964252729012076593e-01
2.803679940124562675e-01
2.803679940124562675e-01
2.803679940124562675e-01
2.803679940124562675e-01
2.803679940124562675e-01
2.803679940124562675e-01
2.803679940124562675e-01
2.803679940124562675e-01
2.803679940124562675e-01
2.803679940124562675e-01
2.803679940124562675e-01
2.803679940124562675e-01
2.803679940124562675e-01
2.803679940124562675e-01
2.803679940124562675e-01
2.803679940124562675e-01
2.803679940124562675e-01
2.803679940124562675e-01
2.803679940124562675e-01
2.803679940124562675e-01
2.803679940124562675e-01
2.803679940124562675e-01
2.803679940124562675e-01
2.803679940124562675e-01
2.803679940124562675e-01
2.803679940124562675e-01
2.803679940124562675e-01
2.712174474468978524e-01
2.712174474468978524e-01
2.712174474468978524e-01
2.712174474468978524e-01
2.712174474468978524e-01
2.712174474468978524e-01
2.712174474468978524e-01
2.193809500374132027e-01
2.193809500374132027e-01
2.061193621755558758e-01
2.061193621755558758e-01
2.061193621755558758e-01
2.061193621755558758e-01
2.061193621755558758e-01
2.061193621755558758e-01
2.061193621755558758e-01
2.030688384004479541e-01
2.030688384004479541e-01
2.030688384004479541e-01
2.030688384004479541e-01
2.030688384004479541e-01
2.030688384004479541e-01
2.027487554405708325e-01
2.020506610926380564e-01
2.020506610926380564e-01
2.020506610926380564e-01
2.020506610926380564e-01
2.014903896687622598e-01
2.010779321506757922e-01
2.010779321506757922e-01
2.010779321506757922e-01
2.010779321506757922e-01
2.010779321506757922e-01
2.010779321506757922e-01
2.010779321506757922e-01
2.010779321506757922e-01
2.010779321506757922e-01
2.010779321506757922e-01
2.010779321506757922e-01
2.010779321506757922e-01
2.010779321506757922e-01
2.010779321506757922e-01
2.010779321506757922e-01
2.010779321506757922e-01
2.010779321506757922e-01
2.010334008977641695e-01
2.010334008977641695e-01
1.663883835883454565e-01
1.663883835883454565e-01
1.663883835883454565e-01
1.663883835883454565e-01
1.663883835883454565e-01
1.663883835883454565e-01
1.663883835883454565e-01
1.338050726237271504e-01
1.338050726237271504e-01
1.338050726237271504e-01
1.338050726237271504e-01
1.338050726237271504e-01
1.338050726237271504e-01
1.338050726237271504e-01
1.338050726237271504e-01
1.338050726237271504e-01
1.338050726237271504e-01
1.338050726237271504e-01
1.338050726237271504e-01
1.338050726237271504e-01
1.338050726237271504e-01
1.338050726237271504e-01
1.338050726237271504e-01
1.337737813365483530e-01
1.337737813365483530e-01
1.327303456201322229e-01
1.327303456201322229e-01
1.327144357592546231e-01
1.327144357592546231e-01
1.327144357592546231e-01
1.326753997395456741e-01
1.326668772098370808e-01
1.326652410298303775e-01
1.326648513294349241e-01
1.326647569345472955e-01
1.326647054702538575e-01
1.326646634761277921e-01
1.326646634761277921e-01
1.326646634761277921e-01
1.326646634761277921e-01
1.326646634761277921e-01
1.326646634761277921e-01
1.326646634761277921e-01
1.326646634761277921e-01
1.326646634761277921e-01
1.326646634761277921e-01
1.326646634761277921e-01
1.326646634761277921e-01
1.326646634761277921e-01
1.326646634761277921e-01
1.117062885250404980e-01
1.090299833780114247e-01
1.088540010380508738e-01
1.088400500680372918e-01
1.088389389234632187e-01
1.088388556070159774e-01
1.088388497330589622e-01
1.088388493379137678e-01
1.088388493379137678e-01
1.088388493379137678e-01
1.088388493379137678e-01
1.088388493379137678e-01
1.088388493379137678e-01
1.088388493379137678e-01
1.088388493379137678e-01
1.088388493379137678e-01
1.088388493379137678e-01
1.088388493379137678e-01
1.088388493379137678e-01
