4.898532398711797953e+01
4.898532398711797953e+01
3.961419414851030041e+01
1.538958917719117281e+01
5.742246448766337608e+00
4.225293182492854349e+00
4.225293182492854349e+00
2.394637447077889281e+00
2.394637447077889281e+00
1.620552334570698694e+00
1.452937290849111385e+00
1.452937290849111385e+00
9.408793984802283905e-01
9.408793984802283905e-01
9.408793984802283905e-01
9.408793984802283905e-01
9.408793984802283905e-01
9.408793984802283905e-01
9.408793984802283905e-01
9.408793984802283905e-01
9.408793984802283905e-01
9.408793984802283905e-01
9.408793984802283905e-01
8.829161926473475530e-01
8.037450651526018008e-01
8.037450651526018008e-01
8.037450651526018008e-01
8.037450651526018008e-01
8.037450651526018008e-01
8.037450651526018008e-01
8.037450651526018008e-01
8.037450651526018008e-01
8.037450651526018008e-01
8.037450651526018008e-01
8.037450651526018008e-01
8.037450651526018008e-01
8.037450651526018008e-01
8.037450651526018008e-01
8.037450651526018008e-01
8.037450651526018008e-01
8.037450651526018008e-01
8.037450651526018008e-01
8.037450651526018008e-01
8.037450651526018008e-01
8.037450651526018008e-01
8.037450651526018008e-01
8.037450651526018008e-01
7.393731925160721419e-01
7.393731925160721419e-01
7.393731925160721419e-01
7.393731925160721419e-01
7.393731925160721419e-01
7.393731925160721419e-01
7.393731925160721419e-01
7.393731925160721419e-01
7.393731925160721419e-01
7.393731925160721419e-01
7.393731925160721419e-01
7.204192710655024090e-01
7.204192710655024090e-01
7.204192710655024090e-01
7.204192710655024090e-01
7.093498506629968281e-01
7.093498506629968281e-01
7.093498506629968281e-01
7.093498506629968281e-01
7.093498506629968281e-01
7.093498506629968281e-01
7.093498506629968281e-01
7.093498506629968281e-01
7.093498506629968281e-01
7.093498506629968281e-01
7.093498506629968281e-01
7.093498506629968281e-01
7.093498506629968281e-01
7.093498506629968281e-01
7.093498506629968281e-01
6.730850782703081681e-01
6.730850782703081681e-01
6.730850782703081681e-01
6.577075775601622931e-01
6.577075775601622931e-01
6.577075775601622931e-01
6.577075775601622931e-01
5.600242905396345394e-01
5.600242905396345394e-01
5.600242905396345394e-01
5.600242905396345394e-01
5.600242905396345394e-01
5.600242905396345394e-01
5.600242905396345394e-01
5.600242905396345394e-01
5.600242905396345394e-01
5.600242905396345394e-01
5.600242905396345394e-01
5.600242905396345394e-01
5.600242905396345394e-01
5.600242905396345394e-01
5.600242905396345394e-01
5.600242905396345394e-01
5.600242905396345394e-01
5.600242905396345394e-01
5.600242905396345394e-01
5.498323547720933568e-01
5.413618524015296751e-01
5.413618524015296751e-01
5.413618524015296751e-01
5.413618524015296751e-01
5.390057924702807979e-01
5.382615392743800298e-01
5.382615392743800298e-01
5.370758782190960812e-01
5.370758782190960812e-01
5.370758782190960812e-01
5.369765750238740809e-01
5.369581790294920554e-01
5.369581790294920554e-01
5.369581790294920554e-01
5.368314238319189524e-01
5.367524551476708927e-01
5.367217172459730623e-01
5.367096187897922865e-01
5.367049291944134826e-01
5.367029602075722439e-01
5.367023658769037864e-01
5.367020772931804240e-01
5.367019880171303159e-01
5.366527734229644686e-01
5.366527734229644686e-01
5.366527734229644686e-01
5.355082399861897935e-01
5.353829234949855076e-01
5.353820928900047127e-01
5.353820928900047127e-01
5.347110899547372620e-01
5.347110899547372620e-01
5.343218408444738721e-01
5.340949868816300405e-01
5.340030218740100532e-01
5.339816160330494998e-01
5.339756766981990088e-01
5.339740089752899044e-01
5.339735192849176526e-01
5.338105342030089462e-01
5.331793024175772722e-01
5.331793024175772722e-01
5.178820815397342514e-01
5.178820815397342514e-01
5.177703949049448084e-01
5.177703949049448084e-01
5.127656021549855669e-01
5.127656021549855669e-01
5.127656021549855669e-01
5.127656021549855669e-01
5.127656021549855669e-01
5.127656021549855669e-01
4.986756059898034832e-01
4.936735757969100691e-01
4.927719640592402306e-01
4.925902035381056199e-01
4.924752074133939561e-01
4.918537564291199371e-01
4.918243003943968406e-01
4.918216622516821679e-01
4.918215941192737306e-01
4.918215892387159949e-01
4.913260853532959160e-01
4.911967659103089190e-01
4.911773400523933297e-01
4.905843636155631793e-01
4.904905488154518434e-01
4.904781549406195817e-01
4.901931281626559223e-01
4.900388149633269630e-01
4.898489003289774324e-01
4.895630060421025664e-01
4.895022177911199646e-01
4.894945920534571338e-01
4.893819452310175233e-01
4.892666274892258915e-01
4.892407936232986421e-01
4.892351646788689057e-01
4.879773256225442557e-01
4.877430923072036406e-01
4.875754126777426256e-01
4.874706736950772945e-01
4.873768155844964700e-01
4.873052193759121464e-01
4.872538259374901704e-01
4.872329710674612180e-01
4.871851356916945819e-01
4.871523331594173611e-01
4.871494202282793951e-01
4.871366907390161094e-01
4.871291435186400065e-01
4.871287290855833008e-01
4.871280136080441969e-01
4.871274749718844665e-01
4.871272160613930868e-01
4.871271540842974646e-01
