3.204388314057742093e+01
3.186551673149944008e+01
2.414607103737474247e+01
1.708417812343403241e+01
1.164093405212751620e+01
8.675846995903743419e+00
4.701062340781057003e+00
3.890192188318503774e+00
3.890192188318503774e+00
2.985005452213435273e+00
2.849440461102634714e+00
2.849440461102634714e+00
2.849440461102634714e+00
2.849440461102634714e+00
2.849440461102634714e+00
2.849440461102634714e+00
2.849440461102634714e+00
2.445211045097997804e+00
2.093017742126150882e+00
1.683709423451313025e+00
1.683709423451313025e+00
1.683709423451313025e+00
1.246466921113543513e+00
1.246466921113543513e+00
1.246466921113543513e+00
1.246466921113543513e+00
1.246466921113543513e+00
1.246466921113543513e+00
1.246466921113543513e+00
1.246466921113543513e+00
1.194482545182364408e+00
1.194482545182364408e+00
1.194482545182364408e+00
1.194482545182364408e+00
1.194482545182364408e+00
1.194482545182364408e+00
1.194482545182364408e+00
1.194482545182364408e+00
6.996620507065565153e-01
6.996620507065565153e-01
6.996620507065565153e-01
6.996620507065565153e-01
6.996620507065565153e-01
6.996620507065565153e-01
6.996620507065565153e-01
6.996620507065565153e-01
6.996620507065565153e-01
6.996620507065565153e-01
6.996620507065565153e-01
6.996620507065565153e-01
6.996620507065565153e-01
6.996620507065565153e-01
6.996620507065565153e-01
5.401600922246823089e-01
5.401600922246823089e-01
5.401600922246823089e-01
5.401600922246823089e-01
5.401600922246823089e-01
5.401600922246823089e-01
5.401600922246823089e-01
5.401600922246823089e-01
5.401600922246823089e-01
5.401600922246823089e-01
5.401600922246823089e-01
5.401600922246823089e-01
5.401600922246823089e-01
5.401600922246823089e-01
4.226924026169315840e-01
2.909976343961407363e-01
2.594237654610067612e-01
2.594237654610067612e-01
2.594237654610067612e-01
2.594237654610067612e-01
2.594237654610067612e-01
2.594237654610067612e-01
2.594237654610067612e-01
2.594237654610067612e-01
2.594237654610067612e-01
2.480324885757831943e-01
2.480324885757831943e-01
2.480324885757831943e-01
2.480324885757831943e-01
2.480324885757831943e-01
2.480324885757831943e-01
2.480324885757831943e-01
2.480324885757831943e-01
2.480324885757831943e-01
1.314787298587601350e-01
1.314787298587601350e-01
1.314787298587601350e-01
1.314787298587601350e-01
1.314787298587601350e-01
1.314787298587601350e-01
1.314787298587601350e-01
1.314787298587601350e-01
1.314787298587601350e-01
1.314787298587601350e-01
1.314787298587601350e-01
1.314787298587601350e-01
1.314787298587601350e-01
1.314787298587601350e-01
1.216556296391260866e-01
1.216556296391260866e-01
1.216556296391260866e-01
1.216556296391260866e-01
1.202293865266462064e-01
1.202293865266462064e-01
1.202293865266462064e-01
1.202293865266462064e-01
1.202293865266462064e-01
1.200934088319036419e-01
1.197813556558353643e-01
9.980875917002868247e-02
9.980875917002868247e-02
9.980875917002868247e-02
9.980875917002868247e-02
9.980875917002868247e-02
9.980875917002868247e-02
9.980875917002868247e-02
9.980875917002868247e-02
9.980875917002868247e-02
9.980875917002868247e-02
9.980875917002868247e-02
9.980875917002868247e-02
9.980875917002868247e-02
9.908294599600328545e-02
9.908294599600328545e-02
9.908294599600328545e-02
9.908294599600328545e-02
9.908294599600328545e-02
9.893316029805712675e-02
9.893316029805712675e-02
9.889540024024688625e-02
9.889540024024688625e-02
9.849935027739624427e-02
9.849935027739624427e-02
9.849935027739624427e-02
9.849935027739624427e-02
9.849935027739624427e-02
9.849935027739624427e-02
9.849935027739624427e-02
9.849935027739624427e-02
9.849935027739624427e-02
9.849935027739624427e-02
9.849935027739624427e-02
9.849935027739624427e-02
9.849935027739624427e-02
9.849935027739624427e-02
9.849935027739624427e-02
9.849935027739624427e-02
9.849935027739624427e-02
9.849935027739624427e-02
9.849935027739624427e-02
9.849935027739624427e-02
9.849935027739624427e-02
9.499372470118613854e-02
9.499372470118613854e-02
9.499372470118613854e-02
9.499372470118613854e-02
9.499372470118613854e-02
9.499372470118613854e-02
9.499372470118613854e-02
9.499372470118613854e-02
9.499372470118613854e-02
9.499372470118613854e-02
9.499372470118613854e-02
9.499372470118613854e-02
8.989826894579258654e-02
8.197291349080547407e-02
8.197291349080547407e-02
8.197291349080547407e-02
8.197291349080547407e-02
8.197291349080547407e-02
7.691100406188017269e-02
7.691100406188017269e-02
7.638728725541306386e-02
7.638728725541306386e-02
7.565461864858989693e-02
7.553207060707745057e-02
7.551881213447740604e-02
7.551749441038019262e-02
7.551714741285778243e-02
7.551714741285778243e-02
7.551714741285778243e-02
7.551714741285778243e-02
7.551714741285778243e-02
7.551714741285778243e-02
7.551714741285778243e-02
7.551714741285778243e-02
7.551714741285778243e-02
6.506422021335536710e-02
6.506422021335536710e-02
6.506422021335536710e-02
6.506422021335536710e-02
6.506422021335536710e-02
6.175227750701942075e-02
6.175227750701942075e-02
6.175227750701942075e-02
6.117606044197212989e-02
6.116871087896211950e-02
