7.029711906660078569e+01
6.650369185417784479e+01
4.848782680224064734e+01
1.145452547932776355e+01
1.145452547932776355e+01
1.077470603704577279e+01
2.129342158497799176e+00
2.129342158497799176e+00
2.129342158497799176e+00
2.129342158497799176e+00
2.129342158497799176e+00
2.129342158497799176e+00
2.129342158497799176e+00
2.129342158497799176e+00
2.129342158497799176e+00
2.129342158497799176e+00
2.129342158497799176e+00
2.129342158497799176e+00
2.129342158497799176e+00
2.129342158497799176e+00
2.129342158497799176e+00
2.129342158497799176e+00
2.129342158497799176e+00
2.129342158497799176e+00
2.129342158497799176e+00
1.040452519474866611e+00
1.040452519474866611e+00
1.040452519474866611e+00
1.040452519474866611e+00
1.040452519474866611e+00
1.040452519474866611e+00
1.040452519474866611e+00
8.774574172580388298e-01
8.774574172580388298e-01
8.774574172580388298e-01
8.774574172580388298e-01
8.774574172580388298e-01
8.774574172580388298e-01
8.774574172580388298e-01
8.774574172580388298e-01
8.774574172580388298e-01
8.774574172580388298e-01
8.774574172580388298e-01
8.774574172580388298e-01
8.774574172580388298e-01
8.774574172580388298e-01
8.774574172580388298e-01
7.980405676799980919e-01
7.454271896588620105e-01
7.454271896588620105e-01
7.454271896588620105e-01
6.973192368748314385e-01
6.973192368748314385e-01
6.973192368748314385e-01
6.973192368748314385e-01
6.973192368748314385e-01
6.973192368748314385e-01
6.476825844044712399e-01
6.476825844044712399e-01
6.476825844044712399e-01
4.630345951300008922e-01
4.630345951300008922e-01
4.630345951300008922e-01
4.630345951300008922e-01
4.630345951300008922e-01
4.630345951300008922e-01
3.735455519565580307e-01
3.735455519565580307e-01
3.735455519565580307e-01
3.735455519565580307e-01
3.735455519565580307e-01
3.555343165719517806e-01
3.555343165719517806e-01
3.555343165719517806e-01
3.555343165719517806e-01
3.555343165719517806e-01
3.555343165719517806e-01
3.214826038401455977e-01
3.214826038401455977e-01
3.214826038401455977e-01
3.214826038401455977e-01
3.214826038401455977e-01
2.584035235073398606e-01
2.584035235073398606e-01
2.584035235073398606e-01
2.098694586848118548e-01
2.098694586848118548e-01
2.098694586848118548e-01
2.098694586848118548e-01
2.098694586848118548e-01
2.098694586848118548e-01
2.098694586848118548e-01
2.098694586848118548e-01
2.098694586848118548e-01
2.098694586848118548e-01
2.098694586848118548e-01
2.098694586848118548e-01
2.098694586848118548e-01
2.098694586848118548e-01
2.098694586848118548e-01
2.098694586848118548e-01
2.098694586848118548e-01
2.098694586848118548e-01
2.098694586848118548e-01
2.098694586848118548e-01
2.098694586848118548e-01
1.691389199947364308e-01
1.691389199947364308e-01
1.691389199947364308e-01
1.691389199947364308e-01
1.691389199947364308e-01
1.684651333904527148e-01
1.684651333904527148e-01
1.684651333904527148e-01
1.684651333904527148e-01
1.684651333904527148e-01
1.684651333904527148e-01
1.684651333904527148e-01
1.684651333904527148e-01
1.673610561578321165e-01
1.673610561578321165e-01
1.673610561578321165e-01
1.673610561578321165e-01
1.673610561578321165e-01
1.673610561578321165e-01
1.673610561578321165e-01
1.673610561578321165e-01
1.673610561578321165e-01
1.663610476135713723e-01
1.657823912153719159e-01
1.657823912153719159e-01
1.656004047603717166e-01
1.656004047603717166e-01
1.656004047603717166e-01
1.656004047603717166e-01
1.656004047603717166e-01
1.656004047603717166e-01
1.656004047603717166e-01
1.654299171084303022e-01
1.653563188170694143e-01
1.653345450450491305e-01
1.653284576172542875e-01
1.653265308606371442e-01
1.653261514899958540e-01
1.653257869290234439e-01
1.653257869290234439e-01
1.653257367478147000e-01
1.653257367478147000e-01
1.653257367478147000e-01
1.653257367478147000e-01
1.642496452390075079e-01
1.560150998550102197e-01
1.560150998550102197e-01
1.560150998550102197e-01
1.560150998550102197e-01
1.560150998550102197e-01
1.506268238820431815e-01
1.506268238820431815e-01
1.506268238820431815e-01
1.491301090465687873e-01
1.491301090465687873e-01
1.491301090465687873e-01
1.491301090465687873e-01
1.491301090465687873e-01
1.397539869114126365e-01
1.397539869114126365e-01
1.397539869114126365e-01
1.397539869114126365e-01
1.397539869114126365e-01
1.387384443448143878e-01
1.387384443448143878e-01
1.387384443448143878e-01
1.387384443448143878e-01
1.387384443448143878e-01
1.387176259773476861e-01
1.387176259773476861e-01
1.387176259773476861e-01
1.387176259773476861e-01
1.381743014898794419e-01
1.381743014898794419e-01
1.381743014898794419e-01
1.379576363569909037e-01
1.379268330435687862e-01
1.379237985796011590e-01
1.379235907621222390e-01
1.379235907621222390e-01
1.379235076358192036e-01
1.379235076358192036e-01
1.379233180472834164e-01
1.379231812596906359e-01
1.379231812596906359e-01
1.379231812596906359e-01
1.379231812596906359e-01
1.379229134622708131e-01
1.379229134622708131e-01
1.379229134622708131e-01
1.379229134622708131e-01
1.379229134622708131e-01
1.379229134622708131e-01
1.379229134622708131e-01
