4.291093731972055281e+01
3.623318017432055882e+01
1.221867190966811378e+01
8.923753792045808098e+00
5.374847804453745326e+00
5.374847804453745326e+00
5.374847804453745326e+00
3.772577154807059685e+00
2.243253512686342432e+00
1.395738856868681710e+00
1.395738856868681710e+00
1.395738856868681710e+00
1.395738856868681710e+00
1.395738856868681710e+00
1.166068585409752778e+00
1.166068585409752778e+00
1.166068585409752778e+00
1.166068585409752778e+00
1.166068585409752778e+00
1.166068585409752778e+00
1.166068585409752778e+00
1.166068585409752778e+00
1.166068585409752778e+00
1.166068585409752778e+00
1.166068585409752778e+00
8.051196795488853031e-01
8.051196795488853031e-01
6.264976219827037562e-01
6.264976219827037562e-01
6.264976219827037562e-01
6.264976219827037562e-01
6.264976219827037562e-01
6.264976219827037562e-01
6.264976219827037562e-01
6.264976219827037562e-01
6.264976219827037562e-01
6.264976219827037562e-01
6.264976219827037562e-01
6.264976219827037562e-01
6.264976219827037562e-01
6.264976219827037562e-01
6.264976219827037562e-01
6.264976219827037562e-01
6.264976219827037562e-01
6.264976219827037562e-01
6.264976219827037562e-01
6.264976219827037562e-01
6.264976219827037562e-01
6.264976219827037562e-01
6.264976219827037562e-01
6.264976219827037562e-01
6.264976219827037562e-01
6.264976219827037562e-01
6.264976219827037562e-01
6.264976219827037562e-01
5.754475543190028519e-01
5.754475543190028519e-01
5.754475543190028519e-01
5.754475543190028519e-01
5.754475543190028519e-01
5.754475543190028519e-01
5.754475543190028519e-01
5.754475543190028519e-01
5.754475543190028519e-01
5.754475543190028519e-01
5.754475543190028519e-01
5.660066989404656246e-01
5.660066989404656246e-01
5.660066989404656246e-01
5.660066989404656246e-01
5.660066989404656246e-01
3.844353144627763452e-01
3.844353144627763452e-01
3.844353144627763452e-01
3.844353144627763452e-01
3.844353144627763452e-01
3.844353144627763452e-01
3.844353144627763452e-01
3.844353144627763452e-01
3.844353144627763452e-01
3.844353144627763452e-01
3.844353144627763452e-01
3.844353144627763452e-01
3.844353144627763452e-01
3.844353144627763452e-01
3.844353144627763452e-01
3.844353144627763452e-01
3.844353144627763452e-01
3.844353144627763452e-01
3.844353144627763452e-01
3.844353144627763452e-01
3.844353144627763452e-01
3.844353144627763452e-01
3.844353144627763452e-01
3.844353144627763452e-01
3.844353144627763452e-01
3.844353144627763452e-01
3.844353144627763452e-01
3.844353144627763452e-01
3.844353144627763452e-01
3.844353144627763452e-01
3.844353144627763452e-01
3.844353144627763452e-01
3.844353144627763452e-01
3.844353144627763452e-01
3.844353144627763452e-01
3.844353144627763452e-01
3.844353144627763452e-01
3.781563825124688027e-01
3.781563825124688027e-01
3.734573286238975776e-01
3.734573286238975776e-01
3.734573286238975776e-01
3.734573286238975776e-01
3.734573286238975776e-01
3.538926564338408243e-01
2.855644140769694750e-01
2.855644140769694750e-01
2.855644140769694750e-01
2.855644140769694750e-01
2.855644140769694750e-01
2.855644140769694750e-01
2.855644140769694750e-01
2.855644140769694750e-01
2.855644140769694750e-01
2.855644140769694750e-01
2.855644140769694750e-01
2.855644140769694750e-01
2.846057666363822625e-01
2.846057666363822625e-01
2.802035409747836714e-01
2.802035409747836714e-01
2.443223371531267896e-01
2.443223371531267896e-01
2.443223371531267896e-01
2.443223371531267896e-01
2.443223371531267896e-01
2.443223371531267896e-01
2.443223371531267896e-01
2.443223371531267896e-01
2.443223371531267896e-01
2.443223371531267896e-01
2.246666464867441426e-01
2.246666464867441426e-01
2.246666464867441426e-01
2.246666464867441426e-01
2.246666464867441426e-01
2.246666464867441426e-01
2.246666464867441426e-01
2.246666464867441426e-01
2.246666464867441426e-01
2.246666464867441426e-01
2.246666464867441426e-01
2.246666464867441426e-01
2.246666464867441426e-01
2.246666464867441426e-01
2.246666464867441426e-01
2.246666464867441426e-01
2.234782577686257876e-01
2.234782577686257876e-01
2.234782577686257876e-01
2.234782577686257876e-01
2.234782577686257876e-01
2.216141348456253934e-01
2.211896831640449423e-01
2.211222267360310467e-01
2.211097695952325692e-01
2.211081064065524571e-01
2.211078603344946991e-01
2.211078603344946991e-01
2.211074634707568820e-01
2.211074634707568820e-01
2.211074634707568820e-01
2.211069215172431490e-01
2.211069215172431490e-01
2.211069215172431490e-01
2.211069215172431490e-01
2.211069215172431490e-01
2.211069215172431490e-01
2.211069215172431490e-01
2.211069215172431490e-01
2.211069215172431490e-01
2.211069215172431490e-01
2.211069215172431490e-01
2.211069215172431490e-01
2.211069215172431490e-01
2.211069215172431490e-01
1.882390099081746315e-01
1.864669977020267932e-01
1.864669977020267932e-01
1.864669977020267932e-01
1.861406361393969366e-01
1.861376972431746379e-01
1.861373336376576648e-01
1.443579115807213931e-01
1.425262103418543647e-01
1.425262103418543647e-01
1.423635782780654224e-01
1.423591902873154458e-01
1.423589647785242496e-01
