-5.811019472264870700e+00
-1.756346834161915726e+00
-5.048673324382175309e+00
-6.159130867028160594e+00
-2.422984704056687200e+00
-3.233006933297145058e-01
-6.282825949531120280e+00
-3.529743623752902071e+00
-1.193254193171507271e+00
-5.194268155907425744e+00
-2.298245536312509163e+00
-6.967686077592742500e+00
-3.178625991154369945e+00
-1.440848593795914234e-01
-3.550822689690622980e+00
-2.048262246128390807e+00
-1.836872490550470527e+00
-5.374626449964901909e+00
-3.964515326159763653e+00
1.997008369278561402e+00
-5.856390976161257811e+00
-2.816077331093867375e+00
-7.597812837976590572e+00
-3.979246186442643829e+00
-9.276586983201515202e-02
-6.457218742586653626e+00
-2.965696890641201122e+00
-5.569256384644053703e+00
-3.256997039870381805e+00
-7.151951393598801943e+00
-2.063141768660086584e+00
-4.451730358325255432e-01
-6.333025457320111684e+00
-2.786818948088408465e+00
4.942823149087154921e-01
-4.946021449714343099e+00
-1.197809698323591077e+00
-6.281210375775718724e-01
-5.994889786145728650e+00
-3.309951401252180236e+00
1.125793390217518786e+00
-6.766626307612060742e+00
-4.064718245649716621e+00
-5.978994224966435733e-02
-9.469281410477689009e-01
-3.943844985237242806e+00
-7.220017614286193819e+00
-3.734973858446843042e+00
1.029406070501831083e+00
-5.987868725578211482e+00
-3.153857983877858207e+00
-8.682138846142280209e-03
-8.065227008939846343e+00
-3.605179287342466399e+00
4.593698825658221185e-02
-5.807649486306081243e+00
-4.656513325277049198e+00
-8.860944698769845917e-01
-7.048984375202246078e+00
-2.441104096337661122e+00
-2.336056885453705045e-02
-5.856699502735404295e+00
-1.484394747769574252e+00
-7.178208166866461681e+00
-2.537439318502969332e+00
-4.196404722438521695e+00
-2.507040821234264083e+00
-7.525451752434719310e+00
-1.044275719556001514e+00
-6.953062413307972811e+00
-7.843262655150144980e-01
-7.569388262376449461e+00
-1.839608226580923267e+00
-5.467605419982147552e+00
-2.217624847674945610e+00
-5.890612988365337976e+00
-2.596091376065621681e+00
-6.740751329764410826e+00
-2.511394641257025384e+00
-6.587625813599606417e+00
-3.197416007128077720e+00
-3.948583354469436202e+00
-2.257308803485669646e+00
-4.260163952083751759e+00
-2.438928698601898315e+00
-4.503314561917147962e+00
-3.094780591992958296e+00
-4.411608801729555829e+00
-4.499058669965832813e+00
-2.426547777502079395e+00
-2.412413170693882947e+00
-3.715798873355507848e+00
-2.514578205182176340e+00
-3.341488880932488748e+00
-2.498983785506345701e+00
8.061526482947032335e-01
-4.336291395399180182e+00
-1.969855467897634771e+00
1.135742535500130268e+00
-4.589729823323835944e+00
-3.741553700017289597e+00
2.286507153164546169e-01
-5.536337150882437719e+00
-2.254961846324571084e+00
2.805795505101969400e+00
