-6.117631192575784027e+00
-3.261674351612503742e+00
-4.328650538406591863e+00
-7.378769739358870261e+00
-4.167579934412262155e+00
-8.449395463962386943e-01
-5.739563187507300768e+00
-2.568012506048686028e+00
-1.625296720328625266e+00
-5.222234772474544151e+00
-2.831885776091242590e+00
-6.704037366500178230e+00
-2.468471661352368063e+00
-1.935276557900512603e-02
-3.623151026771793681e+00
-2.579280464184678046e+00
-2.931348872054661658e+00
-6.477225962206464516e+00
-2.189119225618368247e+00
1.424779718711058352e-02
-9.199609592412715031e+00
-3.328985442454662547e+00
-8.310046410678751272e+00
-2.391067330661575951e+00
3.486796751996885657e-01
-4.241523850947707786e+00
-3.202870755550891513e+00
-4.087733713764422738e+00
-3.109811545727115600e+00
-6.007028185299779111e+00
-1.528196342780975270e+00
1.447598309603962408e+00
-6.392152657711125840e+00
-3.014631047255413421e+00
-5.875829262442272549e-01
-5.811536944221562528e+00
-1.467606078087009269e+00
2.831929118224117414e-01
-5.863468597333408638e+00
-2.313115836103367240e+00
5.610508224297977575e-01
-7.952218491588063820e+00
-3.379459325181071172e+00
-7.778140925490143465e-01
-6.600368582514652971e-01
-2.757126781282705608e+00
-6.146961006826777485e+00
-3.254091542327924191e+00
-1.127614607665634816e+00
-5.567171461161936286e+00
-2.926325199850070558e+00
-1.320122725037498945e+00
-7.804461616665612667e+00
-1.758751589085963296e+00
-8.149790346381279305e-01
-6.581552773444170334e+00
-2.184740926552167117e+00
1.281863154587988163e+00
-5.000000000000000000e+00
-3.893831115106161533e+00
2.106812614823864727e-01
-6.496676325280552611e+00
-6.691387234625141289e-01
-6.973645981102008840e+00
-1.412414676796861501e+00
-4.500360140224514360e+00
-2.885869140963841950e+00
-5.613343534008556901e+00
-1.984162701891881264e+00
-6.274161203981709178e+00
-6.296787176727661750e-01
-4.000000000000000000e+00
-1.885031001166292519e+00
-6.807639618355934452e+00
-1.520476587258448475e+00
-6.135116037937291544e+00
-1.593014442014461851e+00
-5.053784394980111117e+00
-2.702942123111367501e+00
-5.874761289230764127e+00
-2.591482798366041340e+00
-4.853851490177712336e+00
-3.860736399839359123e+00
-3.593286743595224486e+00
-3.004453315822427584e+00
-3.978232665260613921e+00
-2.870758294072771832e+00
-5.690196149515636570e+00
-1.234330705276017293e+00
-4.704649992399740022e+00
-4.332080868075085078e+00
-1.690196149515636570e+00
-3.165921628088938622e+00
-3.453162136824562634e+00
-2.389349386134891340e+00
-2.131630791704549055e-01
-4.485077907550251375e+00
-1.841395362717545225e+00
1.293797135686949540e+00
-5.724165947492277695e+00
-2.977776760388323396e+00
9.233242207833914916e-01
-3.174838629992030814e+00
-2.787459733371654202e+00
7.065235744870332901e-01
