-6.489799622865718653e+00
-1.382035248377618819e+00
-7.000000000000000000e+00
-6.879471567687215128e+00
-4.752927831434710981e+00
1.485414383848758790e+00
-6.519169361808346608e+00
-3.449769068928065785e+00
-6.374924378562819571e-01
-5.118835534394237108e+00
-1.688929857153441239e+00
-6.396574766448152261e+00
-2.967006350592801933e+00
0.000000000000000000e+00
-3.550765577217122715e+00
-1.273670739870903290e+00
-5.770973614049259570e-01
-7.126139977193349573e+00
-3.666732593913650806e+00
-2.000000000000000000e+00
-5.789199486809275541e+00
-4.138866182536342642e+00
-9.268005077417829085e+00
-2.014169787684862989e+00
1.575989383574320390e+00
-4.810635891411725318e+00
-4.997411085367197359e+00
-3.902706926592923065e+00
-3.979582141209810686e+00
-6.492761739751707672e+00
-2.787658682404493771e+00
-3.491761033850371843e-01
-6.492749417065525108e+00
-4.591257046997502478e+00
-1.327649401248409022e+00
-6.017379149447400266e+00
-1.686502457492419005e+00
-1.464637358154249336e-01
-4.005549970526006476e+00
-3.431165842603669081e+00
1.075089933767659156e+00
-8.429059017908437923e+00
-2.989070697837061363e+00
-1.082058224637114430e+00
-1.467849717116854080e+00
-4.135917082920729015e+00
-7.598063756606190822e+00
-1.814444663317637430e+00
-1.310933978393193922e+00
-7.553773009113483816e+00
-1.628596342364638128e+00
1.324358945804845700e+00
-7.593053399133951942e+00
-3.027768706638851892e+00
-1.282199560805642236e+00
-7.164108575179874094e+00
-3.899121894603100102e+00
-1.683841541933123465e-01
-5.000000000000000000e+00
-2.133491746094654307e+00
-2.000000000000000000e+00
-6.884399819065546211e+00
-2.632226220631962210e+00
-7.582563765732643013e+00
-2.362456530630490104e+00
-4.255318503258404661e+00
-2.395804643176348669e+00
-6.420323029924003500e+00
-2.390792563542075075e-02
-7.510258142177597129e+00
-6.603885913943680075e-01
-4.987530199729607538e+00
-2.311064249675714333e+00
-6.979066509212353608e+00
-1.197994360079332576e+00
-4.130530374879151978e+00
-1.897104184840999963e+00
-6.561191983425461949e+00
-2.980077210146560240e+00
-5.260306484119634973e+00
-1.331905215716521651e+00
-4.374307437405702714e+00
-2.864707831385613801e+00
-3.535028160292177812e+00
-3.221013074087634820e+00
-2.355166930642146994e+00
-3.480916789596094407e+00
-4.691713730997985721e+00
-2.299850275868880356e+00
-5.169427066814841432e+00
-4.097043288077351519e+00
-3.584393496712290794e+00
-3.883434305142052345e+00
-4.990994507815116776e+00
-1.739884932208804580e+00
2.131612485498010301e+00
-3.106952192291155601e+00
-2.515056426689749269e+00
3.544440330298732622e-01
-3.663542304898518953e+00
-2.922731243649506094e+00
1.992916840415165092e-01
-4.920259376604986912e+00
-3.342475754231970075e+00
2.147816492401776856e+00
