-7.383751503863848598e+00
-3.790691702098660354e+00
-3.989653902897155824e+00
-6.513752638478063517e+00
-3.384118417378144006e+00
-6.564654683510323663e-01
-5.855371713776032827e+00
-2.348351022533595955e+00
-1.561844485316595532e-01
-6.978198693137378505e+00
-3.503212965980325055e+00
-5.118543279851840211e+00
-3.437147089369809727e+00
-6.460116177612695854e-01
-3.244872342853962532e+00
-3.096943512760241823e-01
-8.127233627788323922e-01
-7.493490813164035202e+00
-2.713492241827597518e+00
-2.356568832069921016e-01
-7.163138036679140619e+00
-3.178591598609601387e+00
-7.411944481533939921e+00
-1.611392750921578410e+00
-1.786097478730812316e-01
-6.050141583569880410e+00
-3.057834372260937350e+00
-5.055089182065592546e+00
-4.997510711862140020e+00
-7.738422705435524129e+00
-1.796362993644617267e+00
1.479382850128812876e+00
-5.662039659229067823e+00
-2.683496672182833720e+00
-5.409535117636180557e-01
-5.195426002150764333e+00
-8.529337817265866262e-01
-3.865922173032201314e-01
-6.127602146629200774e+00
-3.420726169368141889e+00
3.760884795604680919e-01
-7.391765475604160862e+00
-2.126102393198092244e+00
-5.119461628215397214e-02
-6.060957304322166506e-01
-3.853412652054909682e+00
-6.314589265811336283e+00
-3.890029032937287745e+00
-6.716172646205156305e-01
-6.337698404518690154e+00
-2.968373943199476894e+00
-1.577356622647676732e+00
-6.306508775211566942e+00
-1.203206477173597966e+00
1.279746159392422200e+00
-8.326041791990332896e+00
-3.556629893162731815e+00
-9.253203512227432537e-01
-6.477099454188863348e+00
-2.594281953374284022e+00
7.875152973594372607e-01
-4.000000000000000000e+00
-2.703181999828188964e+00
-5.903875487577875170e+00
-1.473610465514979984e+00
-5.844593454875326444e+00
-7.195493613032736269e-01
-5.283503661090996673e+00
-2.418065345301438906e+00
-5.877233226073412808e+00
-2.365088661183542662e+00
-6.181293687520558855e+00
-9.286199436831128473e-01
-5.954220060045845919e+00
-2.530236474421960757e+00
-5.128464531820370098e+00
-2.990014060661422945e+00
-5.725565187620888175e+00
-1.227334072497105355e+00
-5.611739536472198253e+00
-8.805105895280858075e-01
-3.182386058912725968e+00
-2.343700898343418881e+00
-3.044620731070440289e+00
-3.447633433058787222e+00
-3.784469915160704634e+00
-3.369460033881922278e+00
-2.629794427336386242e+00
-3.310759093461691283e+00
-4.051482481249865764e+00
-3.470994795173089731e+00
-3.979590729337866062e+00
-3.002492878835130163e+00
-4.188467737092314458e+00
-3.152314300586827933e+00
-9.919641726335941545e-01
-3.347330831948563734e+00
-4.586851062506651644e+00
8.433933985672025235e-01
-3.336380809230387268e+00
-1.629254300503001796e+00
5.157116749693011482e-01
-5.123251775324015433e+00
-2.449984592313440679e+00
1.927716937822914645e+00
