-6.735511144280064144e+00
-2.955325382563991354e+00
-4.569683003355891060e+00
-6.688893724206051772e+00
-3.187932977053504757e+00
-3.792847333291759493e-01
-5.833167523301057145e+00
-2.062896283782195805e+00
-1.411908939495170934e+00
-5.847423183742153974e+00
-3.907782029768530840e+00
-5.959437771066523837e+00
-2.751259445521631264e+00
0.000000000000000000e+00
-2.853673752722672763e+00
-1.460428320309843819e+00
-1.299825888140331731e+00
-4.986312836239095603e+00
-2.454368277592979819e+00
3.805106126156999058e-01
-6.861537432321810570e+00
-1.692138526938954612e+00
-7.918377779367474112e+00
-2.679695288281283005e+00
-9.261009746398051606e-03
-5.427525970794889965e+00
-2.543021337425409367e+00
-5.183081141604997555e+00
-3.906063169226300147e+00
-9.000000000000000000e+00
-3.392073299522639918e+00
-5.728952499110876451e-01
-5.859245193210338876e+00
-2.876745445002259149e+00
-1.082619327020209354e+00
-5.699942435306573962e+00
-2.275770076605178716e+00
5.656180779012240367e-02
-5.704402570039273535e+00
-2.156288448944573055e+00
-5.907545348430094379e-01
-7.882493324435574600e+00
-3.156830858940998574e+00
4.046068319732173957e-01
-8.398573730111755786e-01
-3.661730002480684920e+00
-5.864860026712227281e+00
-3.746478791695064814e+00
-1.830390884906132776e+00
-6.756853538594241648e+00
-2.526441311933561806e+00
-4.917217682198090634e-01
-6.813467147325160234e+00
-2.137042779877091458e+00
-9.529392536302760952e-01
-6.107639299986567849e+00
-2.813421316549826745e+00
-4.486579740688779738e-01
-6.969186235892189885e+00
-3.043740779822646125e+00
-7.449399194408075076e-01
-5.654441199199881751e+00
-1.131679837226658547e+00
-6.237977895028106623e+00
-1.841820389121676671e+00
-5.009507106504032414e+00
-2.998623702312741557e+00
-6.209137033635281355e+00
-2.057006230634634836e+00
-6.999118315206750651e+00
-1.375185123095130413e+00
-6.105475309830590724e+00
-1.269443813756620854e+00
-6.224147869899714358e+00
-2.046863123864159917e+00
-5.765311596979649345e+00
-1.990773136284862854e+00
-5.179853483357219623e+00
-1.135250705145574912e+00
-6.195036393794566720e+00
-1.456053898976322092e+00
-3.614751746984834035e+00
-3.650161469117431334e+00
-2.759541209113922200e+00
-2.768513566132270398e+00
-4.150045557174636635e+00
-3.682409442363188123e+00
-3.530226479244177984e+00
-3.767368979199184231e+00
-3.575632838408536962e+00
-2.702261311061232352e+00
-4.052743993110139442e+00
-3.965492355611240249e+00
-2.544068022635552317e+00
-3.060413024962483242e+00
3.573897200806108732e-01
-4.540166727577799044e+00
-2.613602318397578728e+00
1.571508793610521648e+00
-4.049797396333413069e+00
-2.477610284850584765e+00
-3.824455539954274008e-01
-4.830829522923643538e+00
-2.665217040948230753e+00
5.469137660438972981e-01
