-6.941351174195110829e+00
-4.875214052495473460e+00
-5.304614492975060713e+00
-5.824759470360514335e+00
-2.956332766102885756e+00
8.934610882339844018e-01
-4.749177967119387667e+00
-2.067712493639008997e+00
-2.000000000000000000e+00
-6.230858281116585573e+00
-4.195485962622816700e+00
-7.066026889504986919e+00
-3.472185128128784992e+00
-1.175655648419978494e+00
-4.000000000000000000e+00
-7.016428507555948491e-01
-2.167019538038711612e+00
-5.764454275105274306e+00
-1.510010648491001417e+00
6.449127126553952372e-02
-6.137530208115913766e+00
-1.518991888505074828e+00
-7.728646192621199340e+00
-2.573521746594389814e+00
-2.607174549209017034e-01
-6.595372100710912733e+00
-2.895208836171232480e+00
-5.039677138565398451e+00
-5.000000000000000000e+00
-6.217057631245960891e+00
-3.307088131025066602e+00
2.103647177426075099e-01
-5.684400302901992497e+00
-3.014515059874307124e+00
-2.229757685173599402e+00
-5.620235213927238682e+00
-2.570820302910584942e+00
-2.863437672702637271e-01
-4.638932838286165428e+00
-3.048791034866157101e+00
3.199988163532864749e-01
-8.731547101929272969e+00
-4.999996076107787957e+00
-8.580709245392548201e-01
-6.263071907344849309e-01
-2.788278441967174892e+00
-6.264536507375495056e+00
-1.000000000000000000e+00
3.153180890576885442e-01
-6.125992848656561129e+00
-2.549030729687077113e+00
-1.476928432359196908e-01
-8.290908596712538881e+00
-4.605518169818734187e+00
-4.167254266955414121e-01
-8.053705103727841319e+00
-3.660126473010221648e+00
5.499893803681330517e-01
-6.402270812886079909e+00
-1.997503874926280121e+00
-1.133931429733554985e+00
-5.963686344322972843e+00
-4.271784917413837812e-01
-6.854716467817799419e+00
-2.353064459573186884e+00
-4.641168860571624144e+00
-2.920016236385824637e+00
-7.542146677681816236e+00
-1.810745417171425897e+00
-5.856806021225639647e+00
-3.236533849202788637e+00
-6.198145915860210131e+00
-1.744131648933585410e+00
-5.606066248032865573e+00
-1.891910464103541800e+00
-4.000669216062544997e+00
-6.784125226381724216e-01
-5.080967975320167085e+00
-4.511425994370512060e-01
-4.401654343811292058e+00
-5.677927881807040000e-01
-3.462584942735906335e+00
-4.482750534513721519e+00
-3.157528929873666179e+00
-2.300531279388404737e+00
-4.998640310770552375e+00
-3.161780143097765894e+00
-5.690196149515636570e+00
-3.202436209942060241e+00
-3.799535907688502689e+00
-1.798519122780711355e+00
-2.594844584975017465e+00
-2.513861989413785913e+00
-3.686123613220869899e+00
-3.724525856771994992e+00
1.029215983791535338e+00
-2.907021208384301225e+00
-4.306034963281200945e+00
1.375557070123092918e-01
-3.007917929587764494e+00
-2.679734766200309259e+00
1.259706136711264968e-01
-4.854406328547081984e+00
-1.772299875955760440e+00
1.219832116625005680e+00
