-6.422794406470204720e+00
-3.437371003303191230e+00
-5.830430866880120355e+00
-6.539319178990701253e+00
-3.483954364682519511e+00
-1.545964857696791039e-01
-5.521437455053247234e+00
-4.475805087899644263e+00
1.184123459766619701e+00
-5.312242274929659835e+00
-3.841275019628628495e+00
-5.638181953925949230e+00
-2.075365761755842531e+00
-7.779578684741028649e-01
-4.000000000000000000e+00
-8.379381033444603943e-01
-2.675898536403278349e+00
-6.243207955407442000e+00
-5.000000000000000000e+00
1.903528049503798281e+00
-8.787610275995648479e+00
-2.549731741482333280e+00
-9.838751875653494849e+00
-3.709580618864505741e+00
8.419263152508243975e-01
-5.783035441716874558e+00
-2.797571937373544149e+00
-4.910920768428630012e+00
-4.652012175325318744e+00
-5.910163259107579670e+00
-2.249206372611236571e+00
6.118095459209708098e-01
-6.446195147443005702e+00
-3.522212874686863504e+00
-9.844652599663312742e-01
-5.713590514230175721e+00
-3.382376940626424577e+00
4.360250798704359276e-01
-6.949222345746489893e+00
-2.545622913941495646e+00
-4.745512442446381818e-01
-7.043552445423575392e+00
-1.712502624620441782e+00
-1.527918287481096593e+00
-1.249260959549786110e+00
-3.743269732401376171e+00
-7.019082170452868752e+00
-2.539724803904660266e+00
7.378060080737286475e-01
-8.144315727986173314e+00
-2.950629494993092017e+00
-2.372178495863467296e-01
-8.998398669004545880e+00
-4.416806454201497090e+00
-1.035434262497593405e+00
-7.641279935219587038e+00
-3.147436259668658920e+00
-2.842900772867713033e-01
-5.000000000000000000e+00
-3.853973770178179770e+00
-2.000000000000000000e+00
-5.973780874262653029e+00
-3.637938719686732991e-01
-4.748835402648592385e+00
-2.925729232477442210e+00
-4.914653963203403642e+00
-2.798689579756679535e+00
-7.230983659121668516e+00
-1.651739298842821668e+00
-6.089806977931573329e+00
-2.623294711329585027e+00
-4.690410508214895025e+00
-4.602940227632782988e-01
-4.735802356307895700e+00
-2.547009021938908990e+00
-6.941845560161381989e+00
-5.530261507066860371e-01
-6.439480448915401389e+00
-2.726564430396142047e+00
-6.391686261045514961e+00
-2.852662355825391405e+00
-3.973109963183456106e+00
-2.078681015782494867e+00
-4.852520172816162436e+00
-1.046846016218046627e+00
-3.125250758003254692e+00
-3.077061179084228382e+00
-4.600421612941527627e+00
-1.000000000000000000e+00
-5.194376201385228597e+00
-2.626324398941690674e+00
-3.802789864826182420e+00
-3.078322756956902939e+00
-3.964812767823203910e+00
-3.523160379618923699e+00
-3.233205780078866054e-01
-4.885282626910280257e+00
-2.084614425396257520e+00
5.582716642839045118e-01
-4.432193317304575331e+00
-3.649756583718104519e+00
1.597496779567533221e+00
-3.260462886065503163e+00
-1.488028069462471903e+00
6.202440392043881978e-01
