-7.185149440528930675e+00
-2.489115168107250753e+00
-4.643989777444653022e+00
-6.707580491423597913e+00
-3.815175108802964399e+00
-3.780777210510887221e-01
-5.694411993895082347e+00
-2.539306435783712512e+00
7.385257755217129461e-01
-7.113620361840847117e+00
-2.995522606652545772e+00
-5.983511879956188828e+00
-1.977677610032600564e+00
-8.326599597053164770e-01
-3.998762161546574934e+00
-1.909367007151867357e+00
-1.917216829356500396e+00
-6.673927761216715382e+00
-3.850645437977270991e+00
1.720759473227114755e-01
-7.377043694197668700e+00
-3.557805798040705181e+00
-8.747189736754162226e+00
-2.548984478033228029e+00
8.256081408133379984e-01
-5.928492591380705612e+00
-2.827807968784922465e+00
-4.704549016378239301e+00
-3.256732759069987715e+00
-6.280590810132499868e+00
-3.367755823865409504e+00
-6.299636103093149142e-01
-6.355923462339093000e+00
-2.930857410515423478e+00
-6.258858118720648234e-01
-5.542389447515993162e+00
-6.827488450501871808e-01
2.340520831678462033e-01
-5.909792009350572251e+00
-1.892237732490184676e+00
-1.102281686652482495e+00
-7.926291387923905418e+00
-3.358618293738569793e+00
-2.729382960754682119e-01
-1.199473491091731958e+00
-4.270939727495482785e+00
-6.408416086572280790e+00
-3.194673550894397085e+00
3.396915491247458063e-01
-6.866606125771849811e+00
-2.422123403132668606e+00
-2.792914307821805497e-01
-8.585521473957818728e+00
-2.071850613689309117e+00
3.910890658228233924e-02
-6.271687620277836217e+00
-2.767100534007895796e+00
5.889057238593190524e-01
-7.322827059081933321e+00
-1.756442093106824087e+00
5.626558956375435905e-01
-5.925825430114359804e+00
-7.343162909138050143e-01
-4.686256670358813992e+00
-2.039384464783722262e+00
-5.714220134701544218e+00
-2.461565002870913954e+00
-5.627188396278584470e+00
-2.206872308704102448e+00
-5.554798418517306935e+00
-1.809913315690901969e+00
-6.731671457722917751e+00
-1.174235711539079796e+00
-7.017611525120247329e+00
-2.329937931351174996e+00
-5.343625139451441797e+00
-1.363396728963150561e+00
-6.518863029499738282e+00
-2.457473708394554812e+00
-5.410191470205797160e+00
-1.150277837737580411e+00
-3.749736310611844647e+00
-2.159888833720033929e+00
-3.438687695220167928e+00
-3.160940686712933712e+00
-3.868316327499734975e+00
-3.862390876362221448e+00
-2.737644724766799431e+00
-2.559265619723787744e+00
-3.425257948343369385e+00
-3.314878790187827828e+00
-4.508018544112111670e+00
-3.747697399937181206e+00
-2.928198597931822356e+00
-1.660703669444045572e+00
4.280785342176932629e-01
-4.196354575758672212e+00
-3.107569727727929720e+00
1.416519437377498081e+00
-4.331336598439512464e+00
-3.423269305279141417e+00
8.971165430899180615e-01
-4.296714451114243438e+00
-2.677072675314875028e+00
4.120674647547192260e-01
