-5.647077945119803211e+00
-3.262157872740380160e+00
-5.161493679219151254e+00
-6.499046825998326504e+00
-2.364531818708810906e+00
-2.454090686417022271e-01
-6.027907021758920791e+00
-2.017710041912211150e+00
-7.572321957525521841e-01
-4.583910769113510142e+00
-2.288392443053730130e+00
-5.832217843310291805e+00
-3.626208120304317717e+00
-2.225305040723700445e-01
-3.968835747581223927e+00
-1.561482789568175544e+00
-1.475777817043738782e+00
-5.573605702421534858e+00
-2.354249849182354026e+00
1.170571169986223403e-01
-6.570384881190257431e+00
-1.524369707325074152e+00
-8.207640677510859462e+00
-1.269464431291182471e+00
3.446669934174398930e-01
-4.727677127673407753e+00
-3.685078759559599515e+00
-4.639504899648349223e+00
-3.371737214462110277e+00
-5.950303288789171141e+00
-3.014070612881220690e+00
1.994480432081001953e-01
-5.625761094790115102e+00
-4.570006755487061589e+00
-1.734535295037279157e-01
-5.344170940346782750e+00
-1.451910296092884911e+00
-5.864324109480771874e-01
-6.074113632096870496e+00
-4.048813114060981988e+00
-7.992930257200238087e-01
-7.061129199969894188e+00
-3.796434666806007829e+00
-2.040849814517944893e-01
-2.023102826948174116e+00
-3.732347679266112994e+00
-6.411348816112006688e+00
-3.511442417134631455e+00
-4.334909245040384773e-01
-6.030912879048852204e+00
-2.638173495730341322e+00
-9.969416112970048705e-01
-6.790026950030640052e+00
-1.725923178739116715e+00
-5.006128106079168333e-02
-6.287636472759933426e+00
-3.123266507452231000e+00
1.022835666320790926e+00
-6.761357703969634869e+00
-4.053552404883625115e+00
4.707383940153326285e-01
-6.162474925940931492e+00
-1.235393108411173113e+00
-6.500746526847571261e+00
-2.012810608390431355e+00
-4.260692278536711619e+00
-2.760594063068912085e+00
-7.096391900791831020e+00
-1.995459434854519154e+00
-5.973166387683237488e+00
-2.010169467161610601e+00
-5.014899412049522276e+00
-2.012906205300073026e+00
-5.452989425505148091e+00
-1.632829085625424170e+00
-6.623256918685292760e+00
-2.589208106238320095e+00
-6.136993908773860085e+00
-1.246529640069455214e+00
-6.330332413408438441e+00
-1.527573719476614134e+00
-4.030818934264957853e+00
-2.878447868738509108e+00
-3.644350821185710743e+00
-3.087918951317887739e+00
-3.979544038882466328e+00
-3.271434662575252172e+00
-3.433497604207661258e+00
-3.126622681864720921e+00
-4.780671696839752904e+00
-4.245706714378565394e+00
-4.585818302032937055e+00
-4.096864494109857979e+00
-2.577515823692830388e+00
-3.085260475100527700e+00
1.102997482084716818e+00
-3.630978393258137427e+00
-3.084109515436625149e+00
1.185528251092905938e+00
-4.679312835422590133e+00
-2.317970029997242332e+00
9.569231063838451457e-01
-4.010900261094770158e+00
-3.050129932115294373e+00
1.551350557162228527e-01
