-6.854002728331032301e+00
-3.764965608843480638e+00
-4.763279547215070409e+00
-6.828773524076507506e+00
-3.262214751088216236e+00
7.604471471838880614e-01
-5.986270896968576949e+00
-3.390359299308606023e+00
1.260586031619448821e+00
-6.159914631266850904e+00
-3.657537157600183164e+00
-6.888840238019497519e+00
-3.325575332981442145e+00
-8.472637799014840487e-01
-3.999758456032402432e+00
-1.685929404772610996e+00
-1.893933336917980048e+00
-7.064266060183446605e+00
-3.196431109025662742e+00
-3.329530691138357645e-01
-7.612688515182060023e+00
-2.878435731217787286e+00
-6.804774412961649865e+00
-3.243805904950830321e+00
-1.366513575917156942e+00
-6.031544478569824008e+00
-3.158216462627166710e+00
-4.985248176206310333e+00
-3.070567562908206760e+00
-7.488957185119498483e+00
-3.584107155228898112e+00
1.663810358376854037e-01
-5.401857043375340339e+00
-2.078727165674433053e+00
-2.916863448182561158e-01
-5.603851245938939130e+00
-1.981578564498231110e+00
-8.822519260377649220e-01
-6.502947970853028892e+00
-2.595428990393086721e+00
-1.167665561905041338e+00
-6.946169224638428119e+00
-3.067118104356211017e+00
1.001891590892528994e+00
-2.109391070559196724e-01
-2.400294606059531155e+00
-6.410515404118747540e+00
-2.563635807780565212e+00
7.147203081164368310e-01
-7.528791892636276017e+00
-3.268369021026406251e+00
1.155631941284269049e+00
-6.834464749164219199e+00
-4.040813911003157344e+00
8.858157755100219966e-01
-5.273902510289929957e+00
-1.861550354559847076e+00
1.305991249766388362e-01
-7.050542892013972995e+00
-3.320892664942894701e+00
-1.900596105538412406e-01
-5.073453136132745733e+00
-1.964757296889526827e+00
-6.736887028465359251e+00
-2.509550192976492067e+00
-6.976290890780385112e+00
-2.132659362329758945e+00
-6.116237503247938356e+00
-1.834974299076531201e+00
-4.345546893948322165e+00
-2.577517329187677841e+00
-5.907809506652851539e+00
-1.195671371379222858e+00
-4.582937530966962214e+00
-3.259207791538603516e+00
-5.141386119096961416e+00
-2.994346664093221921e+00
-6.530772468331413450e+00
-9.463689961416658081e-01
-5.586972254779182911e+00
-2.627273062883271226e+00
-3.732907774510474841e+00
-1.751292664145095213e+00
-5.314961174913358732e+00
-3.873750151539630870e+00
-2.365830717065696476e+00
-4.307083754829517552e+00
-3.099853640797551435e+00
-3.676819755014505198e+00
-3.324121844743147758e+00
-3.001388115603147000e+00
-3.837690127216697444e+00
-2.854001997619109332e+00
-5.328140480443688709e+00
-3.490533049182183767e+00
2.096623393405682434e-01
-4.242419888341036227e+00
-2.160894526698181828e+00
1.513776588085268271e+00
-3.376204737473959216e+00
-2.718344367965622510e+00
6.161146621119019118e-01
-4.460414974544407052e+00
-3.597920306863203521e+00
1.401419096524584962e+00
