-5.614642419350263758e+00
-3.585987057352239660e+00
-5.793110640772989761e+00
-5.904214937085732195e+00
-2.821677539347700936e+00
-8.024303968211653204e-02
-6.638907160839638166e+00
-3.768932274736310095e+00
-3.848414058176082286e-01
-6.590021363733025161e+00
-1.797180474507782399e+00
-6.412516762691397254e+00
-1.985428853630234691e+00
-2.043280728986434092e-01
-3.075580115705043305e+00
-1.335348371093449060e+00
-1.727075992158730200e+00
-7.493008373069226735e+00
-1.762205330218709509e+00
1.081520843161258405e+00
-6.431443692030289760e+00
-3.677359734816210590e+00
-8.521359354361786487e+00
-3.196969404142338878e+00
1.954584930205775783e-01
-6.059939786981612286e+00
-2.042804744981632226e+00
-4.709407652642836339e+00
-3.138727035860522374e+00
-7.868671602954312227e+00
-2.594592794522272428e+00
2.845679181347247622e-01
-6.957240066124417588e+00
-4.176107953319972310e+00
-1.066846266311928471e+00
-5.371132501934013703e+00
-1.061158648100556379e+00
-3.232464874258578758e-01
-5.798940560410564160e+00
-4.334703772010489509e+00
-2.819536366965413321e-01
-6.954201195515460121e+00
-3.503481570539138001e+00
-5.633881204283646138e-01
5.764308503612610053e-03
-2.617950538792422233e+00
-6.092515111731787947e+00
-4.078881214166147018e+00
2.787595288892942835e-01
-5.825815413058740511e+00
-2.167490374743450854e+00
-2.397881541622558232e-01
-8.081094779463532163e+00
-1.947678507025163430e+00
1.143589554520514362e+00
-7.761243988466675070e+00
-3.182203815137010672e+00
-1.177520696908856523e+00
-8.428112799330305549e+00
-1.920777773901061636e+00
1.340677990512411766e+00
-5.393251363029057721e+00
-1.127030578225164392e+00
-5.262469362147699670e+00
-2.694988935624824666e+00
-5.610747749207900092e+00
-2.967758280822447858e+00
-4.654028980415713335e+00
-2.859031110682261900e+00
-7.146860575552704375e+00
-1.803486759157687080e+00
-4.618806103852603151e+00
-1.077754020093574905e+00
-5.758157913046758836e+00
-9.179986234570300940e-01
-5.655778729284943296e+00
-1.721840418886986912e+00
-4.894118332969148000e+00
-1.363948035109430634e+00
-5.731043735890509083e+00
-2.065686837061037728e+00
-3.350885056244109261e+00
-2.781456025994803127e+00
-3.719764486105623824e+00
-4.042243312063606986e+00
-3.541836000632396786e+00
-3.313589168232334181e+00
-3.078755256666375395e+00
-2.113745224256264432e+00
-4.093398589956498412e+00
-2.594148734850180382e+00
-2.972331224733906208e+00
-1.552008332591452877e+00
-3.148703618543701843e+00
-3.211367758285011753e+00
4.254754413720386319e-01
-4.705556952474204913e+00
-1.802969739041477171e+00
1.188837366759962100e+00
-3.275997043926061281e+00
-2.846465082219672205e+00
-6.692900890829334148e-02
-5.102730370442705166e+00
-2.486102245183119841e+00
1.458365377821716491e+00
