-5.116746304752896712e+00
-2.219431683830128232e+00
-5.825136422053377672e+00
-5.607629078167565950e+00
-2.268931244963626082e+00
-3.745623225679701740e-01
-6.539470336826937569e+00
-1.516296055493219219e+00
1.066515252275061609e+00
-5.238331465015926725e+00
-3.158290532865291489e+00
-6.319929512900015034e+00
-4.491993323286882500e+00
0.000000000000000000e+00
-2.880499356959403290e+00
-7.940371253085590775e-01
-2.663499361339312532e+00
-6.347334462485000550e+00
-2.288577860690012677e+00
-8.113259893114882493e-01
-5.969196581049606820e+00
-4.917148662311619844e+00
-9.267214992972274246e+00
-3.983882154380284479e+00
1.251523480632467766e+00
-4.737051387588534723e+00
-3.443913870938465127e+00
-3.508182175673687286e+00
-4.555706116926929283e+00
-6.895962539693076820e+00
-1.350821119007028948e+00
-7.830345885395979533e-01
-6.231753119526850071e+00
-3.530370758507169970e+00
-4.835568520191199093e-01
-5.493139109567636069e+00
-2.490986359065392897e+00
8.934160860819800876e-01
-6.046720882033712385e+00
-1.764710210476857055e+00
-6.249952388445759732e-01
-6.769205576558813497e+00
-2.580907021226611420e+00
4.649095779260484784e-01
-1.223623175230594828e+00
-3.035797192689489776e+00
-6.083375470593618495e+00
-3.175721532326374330e+00
-6.184142372317416037e-01
-6.277672424657977146e+00
-1.998935079524967406e+00
-6.045774902726058775e-01
-7.481231147119068225e+00
-4.489342073529559052e+00
1.069111133811252001e+00
-6.368921769594809490e+00
-2.169920841208241136e+00
1.023636117687566127e+00
-6.131532716603488531e+00
-3.536943213608353620e+00
7.444309062485440220e-01
-7.852536558254154642e+00
-9.134193331843064312e-02
-5.138837486951176814e+00
-8.076588996766522754e-01
-5.201733406166496820e+00
-3.672706467468787483e+00
-6.141938411569312528e+00
-9.674290505015133157e-02
-4.943546998178046437e+00
-2.765554039108497175e+00
-5.532286158373201701e+00
-2.516010084210036801e+00
-5.620501087787087791e+00
-2.311578349351489425e+00
-6.547537347986512657e+00
-1.148763074062534306e+00
-4.636201974228653988e+00
-2.875150254671822836e+00
-7.174908330099827758e+00
-2.794734663844052225e+00
-4.797086780028769759e+00
-1.454589758910755481e+00
-4.322571628222198648e+00
-1.625930237210263973e+00
-2.698854697320270279e+00
-4.489689104948991094e+00
-2.921044842609244352e+00
-3.442467093253612109e+00
-5.040693201253099609e+00
-2.119374277573281340e+00
-2.933397364091415049e+00
-3.875197901644332088e+00
-4.778378625865277840e+00
-1.508691050106477194e+00
1.969279960317724454e+00
-4.083930881192873841e+00
-2.182578382346912260e+00
-3.457333852851836586e-01
-5.552944308023127107e+00
-4.519712481801986037e+00
1.971745445873100966e+00
-6.210456519863678970e+00
-3.063473675001564089e+00
-1.233549030335248514e-01
