-5.978839632217419542e+00
-3.988018602913968369e+00
-5.624507000219332475e+00
-5.965075870111525624e+00
-3.154304654248951678e+00
6.701688927080141911e-02
-5.615011781197599028e+00
-3.173145049260490680e+00
-1.973869248665788279e+00
-5.989851308119296114e+00
-2.762342598041167108e+00
-6.827529949012462573e+00
-2.650683148455261318e+00
0.000000000000000000e+00
-3.547547329331181665e+00
-1.272682359384511575e+00
-2.293812710034798030e+00
-5.418544353832981386e+00
-4.340045974660795558e+00
-2.478252560144286187e-01
-6.159976351094161195e+00
-4.249577734941756724e+00
-7.443994526789864175e+00
-1.875340735629226430e+00
3.112784959573962618e-01
-4.554070778048720847e+00
-2.510640729752233735e+00
-5.006503579050454178e+00
-3.843129191682513213e+00
-5.823545168499250302e+00
-3.331327799655327215e+00
1.046566716104527117e+00
-6.140747829790328183e+00
-2.258423725498454271e+00
-9.950048262058813764e-01
-5.665363975014379605e+00
-1.884716723620394996e+00
3.839401248253434540e-01
-6.050807920179357424e+00
-4.068708156997055347e+00
2.630632294205558774e-01
-7.494282461746081481e+00
-4.409166405504951314e+00
6.858046080682690393e-01
-8.754601057537684250e-01
-2.896735981295806006e+00
-6.640977795699719799e+00
-2.464961084827069993e+00
-1.266741252302775012e+00
-7.299577172281271231e+00
-2.558615669579558549e+00
3.650313546701546841e-01
-7.910549177769315321e+00
-2.898356705089153440e+00
2.478829964251671736e-01
-6.586979242011323343e+00
-1.551057418480373595e+00
1.898149472676563532e-01
-7.186535088258270143e+00
-2.814467896880627595e+00
-4.708628480291057739e-01
-6.966782790025176197e+00
-2.262398942839270344e+00
-6.781281965028597369e+00
-2.080549788166114744e-01
-4.731010313123164224e+00
-3.360273049500470677e+00
-6.944087874420842077e+00
-2.500948227463308804e+00
-6.394081153781248084e+00
-1.248982286533236064e+00
-5.765218681013107194e+00
-1.596028271854387004e+00
-6.290544515670416281e+00
-1.933262447871145540e+00
-5.488822546885546494e+00
-3.612783753896883887e+00
-6.468731188532856891e+00
-1.524792952062767215e+00
-6.545720101079039566e+00
-2.043329902187959846e+00
-5.137065533213164059e+00
-1.727289406595657884e+00
-4.912862217094127182e+00
-3.531414476891949317e+00
-5.339275047684102660e+00
-3.289668107731565705e+00
-4.503268623196760245e+00
-3.016171200179431633e+00
-4.541293558875161729e+00
-3.620579715558503331e+00
-3.134591951873057170e+00
-4.054119659010786414e+00
-3.741839011766653567e+00
-2.612510802094130558e+00
1.836165618637528807e+00
-3.543241822028608379e+00
-2.275250945557711013e+00
1.007600958337933061e+00
-4.319234512975309137e+00
-2.218327652230020153e+00
1.776791554842470922e-01
-5.393144831827956232e+00
-4.656726269367737814e+00
3.993879997709027796e-01
