4.031718420346904708e+01
4.031718420346904708e+01
3.700446776944497174e+01
3.276655317388846811e+01
2.632374282425887912e+01
2.314244716927935386e+01
1.896152888454439278e+01
1.043269105540708175e+01
9.647066875375859496e+00
9.647066875375859496e+00
9.448584588261846662e+00
9.235613872491947873e+00
8.635796275501657959e+00
6.923097229026807575e+00
6.923097229026807575e+00
6.923097229026807575e+00
6.649504909976137412e+00
6.649504909976137412e+00
6.362748933892270919e+00
6.217651593838005475e+00
3.973081829758157824e+00
3.973081829758157824e+00
2.670107930322509038e+00
2.433632227768094403e+00
1.741472153476299134e+00
1.461085736990408002e+00
1.153152586812717040e+00
1.043979782695897196e+00
1.043979782695897196e+00
9.738167053547081009e-01
9.222248422642533860e-01
8.754336181882106382e-01
7.453935474164165020e-01
7.452498023132754223e-01
7.011686390685155645e-01
6.247494939216389209e-01
6.247494939216389209e-01
6.247494939216389209e-01
6.043632284028874757e-01
5.839720526704147430e-01
5.839720526704147430e-01
5.493342611665664732e-01
5.493342611665664732e-01
5.480811073717773985e-01
4.898893922557584490e-01
4.724793448056332501e-01
4.331496365440072882e-01
4.331496365440072882e-01
4.331496365440072882e-01
4.280776308553647658e-01
4.280776308553647658e-01
4.006108849555248819e-01
3.800607760470554042e-01
3.800607760470554042e-01
3.543775366472061150e-01
3.287799005908761396e-01
3.200480624385800832e-01
3.003909587589859709e-01
2.850764247440219501e-01
2.818040331158430112e-01
2.796940291213619312e-01
2.473545371754968802e-01
2.473545371754968802e-01
2.306042193266938378e-01
2.048004431240167955e-01
1.986184696709100694e-01
1.848882455054019769e-01
1.848882455054019769e-01
1.818205401192806991e-01
1.730721502011301205e-01
1.544669983507143129e-01
1.544669983507143129e-01
1.450941186930008453e-01
1.450941186930008453e-01
1.450941186930008453e-01
1.393921568086043672e-01
1.393921568086043672e-01
1.386638595002917251e-01
1.224475187398816056e-01
1.189407360512039352e-01
1.114819894199395034e-01
1.040624835755941391e-01
1.023630322705454537e-01
1.000219732929773231e-01
9.995299035789673159e-02
9.995299035789673159e-02
9.995299035789673159e-02
9.624754144029018521e-02
9.624754144029018521e-02
9.573507892395809182e-02
9.209618739890085282e-02
8.900472179325240318e-02
8.613494903031940209e-02
8.018460043006207794e-02
8.018460043006207794e-02
8.018460043006207794e-02
8.018460043006207794e-02
8.018460043006207794e-02
7.725422740604678817e-02
7.725422740604678817e-02
7.332026371735883563e-02
7.332026371735883563e-02
7.332026371735883563e-02
7.332026371735883563e-02
7.332026371735883563e-02
7.332026371735883563e-02
7.332026371735883563e-02
6.910539853227173901e-02
6.910539853227173901e-02
6.499878564350561327e-02
6.499878564350561327e-02
6.499878564350561327e-02
5.994738503656300843e-02
5.763605494553834807e-02
5.709055821120710694e-02
5.690777271093459821e-02
5.507412673856475205e-02
5.507412673856475205e-02
5.437015990395964449e-02
5.378753196365695932e-02
5.378753196365695932e-02
5.378753196365695932e-02
5.378753196365695932e-02
5.378753196365695932e-02
5.328599999544196553e-02
5.328599999544196553e-02
5.328599999544196553e-02
5.328599999544196553e-02
5.268907071237241557e-02
5.268907071237241557e-02
5.268907071237241557e-02
5.268907071237241557e-02
5.268907071237241557e-02
5.266490320031243233e-02
5.246492933461938124e-02
5.246492933461938124e-02
5.246492933461938124e-02
5.246492933461938124e-02
5.246492933461938124e-02
5.246492933461938124e-02
5.246492933461938124e-02
5.227414116780588343e-02
5.194657878081324065e-02
5.194657878081324065e-02
5.194657878081324065e-02
5.194657878081324065e-02
5.194657878081324065e-02
5.160978606158363180e-02
5.160978606158363180e-02
5.160978606158363180e-02
5.160978606158363180e-02
5.144777184567476958e-02
5.120999447124154058e-02
5.120999447124154058e-02
5.120999447124154058e-02
5.083652890843369521e-02
5.070427090723848146e-02
5.067969626516043852e-02
5.060100588258809734e-02
5.054725424481368301e-02
5.025791233471936514e-02
5.025791233471936514e-02
5.009895672414575035e-02
5.009895672414575035e-02
5.009895672414575035e-02
4.959930387160210730e-02
4.932859523114585532e-02
4.932859523114585532e-02
4.932859523114585532e-02
4.932859523114585532e-02
4.932859523114585532e-02
4.932859523114585532e-02
4.932859523114585532e-02
4.932859523114585532e-02
4.907255128415276973e-02
4.899175708514700439e-02
4.898293357865500519e-02
4.898188490998953842e-02
4.898176208944467203e-02
4.898176049172586755e-02
4.898172633314214902e-02
4.898172633314214902e-02
4.898172633314214902e-02
4.898172633314214902e-02
4.887077755093994363e-02
4.887077755093994363e-02
4.857353026450757227e-02
4.857292440061794503e-02
4.857292440061794503e-02
4.857276605885525733e-02
4.857263326674186171e-02
4.857263326674186171e-02
4.857263326674186171e-02
4.857260823791682142e-02
4.857258514361244284e-02
4.857258514361244284e-02
4.857258514361244284e-02
4.857258514361244284e-02
4.857258514361244284e-02
4.857258514361244284e-02
