2.827885774002758268e+01
2.508958079561825016e+01
2.289653584407755460e+01
2.189381043038948604e+01
2.058009230162936376e+01
1.640108032328374321e+01
1.358323250364113655e+01
1.231298762795567647e+01
1.228718596044254063e+01
1.228718596044254063e+01
1.228718596044254063e+01
1.088290295084561343e+01
7.964065521230596190e+00
7.310776197502049101e+00
5.278180509827671507e+00
5.278180509827671507e+00
5.251998138982325592e+00
4.923023057050626150e+00
4.085930921628673218e+00
4.085930921628673218e+00
4.065771197774330048e+00
4.052791709815688037e+00
3.606979913918710423e+00
3.105148521223735081e+00
2.793106878957262396e+00
2.502000200258751583e+00
2.260815667741895574e+00
2.131102132883963218e+00
1.810317546505931130e+00
1.658494923934627607e+00
1.547541273199831702e+00
1.438735011966843169e+00
1.346058113159851022e+00
1.106376372411121078e+00
8.999209805549656105e-01
7.091299704363569489e-01
4.146527971930387135e-01
3.320242101364100362e-01
2.475378203977737224e-01
2.120542321596217417e-01
1.934578442831320355e-01
1.625772110870171150e-01
1.612668004177282843e-01
1.573769950112597071e-01
1.341621362055521460e-01
1.288028732490017758e-01
1.287440449239384277e-01
1.287440449239384277e-01
1.101806946322463482e-01
1.101806946322463482e-01
1.101806946322463482e-01
1.101806946322463482e-01
1.101806946322463482e-01
1.099816505073531597e-01
1.099816505073531597e-01
1.099816505073531597e-01
1.099816505073531597e-01
1.099816505073531597e-01
1.099816505073531597e-01
1.074447418840631108e-01
1.007081000483642519e-01
1.007081000483642519e-01
1.007081000483642519e-01
1.007081000483642519e-01
1.007081000483642519e-01
1.007081000483642519e-01
8.867526723872432015e-02
8.867526723872432015e-02
8.867526723872432015e-02
8.867526723872432015e-02
8.867526723872432015e-02
8.867526723872432015e-02
8.415325404284491884e-02
8.415325404284491884e-02
8.415325404284491884e-02
8.415325404284491884e-02
8.415325404284491884e-02
7.964223966000183452e-02
7.964223966000183452e-02
7.834222650442941582e-02
7.646566016011757672e-02
7.646566016011757672e-02
7.552636033610295174e-02
7.339645243594949964e-02
7.339645243594949964e-02
7.339645243594949964e-02
7.339645243594949964e-02
7.339645243594949964e-02
7.339645243594949964e-02
7.339645243594949964e-02
6.685717954357009440e-02
6.685717954357009440e-02
6.685717954357009440e-02
6.685717954357009440e-02
6.685717954357009440e-02
6.438331011920854496e-02
6.438331011920854496e-02
6.438331011920854496e-02
6.438331011920854496e-02
6.438331011920854496e-02
6.438331011920854496e-02
6.438331011920854496e-02
6.292259458077271994e-02
6.292259458077271994e-02
6.292259458077271994e-02
6.292259458077271994e-02
6.292259458077271994e-02
6.292259458077271994e-02
6.292259458077271994e-02
6.292259458077271994e-02
6.292259458077271994e-02
6.136481229942963161e-02
6.109542292767884686e-02
6.109542292767884686e-02
5.833554389232709775e-02
5.833554389232709775e-02
5.760314071909278938e-02
5.760314071909278938e-02
5.760314071909278938e-02
5.699849882291289221e-02
5.658327595300239460e-02
5.658327595300239460e-02
5.658327595300239460e-02
5.658327595300239460e-02
5.528490739032784762e-02
5.502266401548275288e-02
5.502266401548275288e-02
5.502266401548275288e-02
5.502266401548275288e-02
5.480735034553699259e-02
5.431329974298186591e-02
5.431329974298186591e-02
5.431329974298186591e-02
5.422330547864291639e-02
5.280706790601415179e-02
5.280706790601415179e-02
5.280706790601415179e-02
5.280706790601415179e-02
5.280706790601415179e-02
5.280706790601415179e-02
5.280706790601415179e-02
5.280706790601415179e-02
5.280706790601415179e-02
5.240273826587669992e-02
5.240273826587669992e-02
5.240273826587669992e-02
5.165638796915507369e-02
5.088995025447431292e-02
5.088995025447431292e-02
5.088995025447431292e-02
5.020431441212631213e-02
5.020431441212631213e-02
4.962555083129120692e-02
4.962555083129120692e-02
4.788073939137542367e-02
4.755024661501765920e-02
4.755024661501765920e-02
4.755024661501765920e-02
4.755024661501765920e-02
4.755024661501765920e-02
4.755024661501765920e-02
4.755024661501765920e-02
4.755024661501765920e-02
4.755024661501765920e-02
4.755024661501765920e-02
4.755024661501765920e-02
4.755024661501765920e-02
4.755024661501765920e-02
4.755024661501765920e-02
4.755024661501765920e-02
4.755024661501765920e-02
4.755024661501765920e-02
4.755024661501765920e-02
4.755024661501765920e-02
4.755024661501765920e-02
4.717389756052607630e-02
4.717389756052607630e-02
4.717389756052607630e-02
4.717389756052607630e-02
4.692109680310416198e-02
4.645126477824391281e-02
4.645126477824391281e-02
4.645126477824391281e-02
4.645126477824391281e-02
4.645126477824391281e-02
4.645126477824391281e-02
4.645126477824391281e-02
4.645126477824391281e-02
4.645126477824391281e-02
4.645126477824391281e-02
4.645126477824391281e-02
4.588278633640167220e-02
4.588278633640167220e-02
4.588278633640167220e-02
4.461517492500519794e-02
4.461445209904703335e-02
4.461445209904703335e-02
4.460829507791873316e-02
4.460818014798738351e-02
4.460818014798738351e-02
