1.224135474500814169e+01
1.224135474500814169e+01
1.149816557986366483e+01
8.840006128500467852e+00
7.170579970785508017e+00
7.170579970785508017e+00
7.170579970785508017e+00
7.170579970785508017e+00
5.632349710756825445e+00
4.201519711674768232e+00
4.201519711674768232e+00
3.834771620624943811e+00
3.264994944396223620e+00
2.145196410704373946e+00
1.002265456432111179e+00
1.002265456432111179e+00
1.002265456432111179e+00
1.002265456432111179e+00
1.002265456432111179e+00
7.215363386867035267e-01
6.470886961251963720e-01
5.257511806475739791e-01
5.257511806475739791e-01
5.257511806475739791e-01
5.257511806475739791e-01
5.257511806475739791e-01
5.251856297741437363e-01
5.047991163767525657e-01
3.201984547814801241e-01
3.088127786936115671e-01
3.088127786936115671e-01
3.087252435003379203e-01
2.712677815968477235e-01
2.626287284003506195e-01
2.626287284003506195e-01
2.301026069976047639e-01
2.257378768632345989e-01
2.165261554556024426e-01
2.064102572717626538e-01
1.908431921241574014e-01
1.838499249617018272e-01
1.828499747721413216e-01
1.828499747721413216e-01
1.828499747721413216e-01
1.783768039446143594e-01
1.747272047956732188e-01
1.747272047956732188e-01
1.675693710708272277e-01
1.675693710708272277e-01
1.597895310785942824e-01
1.597895310785942824e-01
1.511199916941921573e-01
1.511199916941921573e-01
1.337725227415866858e-01
1.337725227415866858e-01
1.337725227415866858e-01
1.337725227415866858e-01
1.308269124360709190e-01
1.264790920855614342e-01
1.244731634842523027e-01
1.107716854429641601e-01
1.107716854429641601e-01
1.020463506534924902e-01
9.209208822687424412e-02
9.209208822687424412e-02
9.209208822687424412e-02
9.016866032522223573e-02
9.016866032522223573e-02
9.016866032522223573e-02
8.373180468057690728e-02
8.373180468057690728e-02
8.373180468057690728e-02
8.373180468057690728e-02
8.373180468057690728e-02
8.373180468057690728e-02
8.373180468057690728e-02
8.373180468057690728e-02
8.149644426823998700e-02
8.149644426823998700e-02
8.149644426823998700e-02
8.149644426823998700e-02
8.149644426823998700e-02
8.149644426823998700e-02
8.149644426823998700e-02
8.149644426823998700e-02
8.149644426823998700e-02
7.879225442590270800e-02
7.879225442590270800e-02
7.879225442590270800e-02
7.879225442590270800e-02
7.879225442590270800e-02
7.879225442590270800e-02
7.871299263775796695e-02
7.742860450610125622e-02
7.428618187704455478e-02
7.428618187704455478e-02
7.371919654126390942e-02
7.371919654126390942e-02
7.367156677478269022e-02
7.099298903038116226e-02
7.099298903038116226e-02
7.099298903038116226e-02
7.099298903038116226e-02
7.099298903038116226e-02
7.099298903038116226e-02
7.099298903038116226e-02
7.099298903038116226e-02
7.099298903038116226e-02
6.883608305754025658e-02
6.883608305754025658e-02
6.858195216118213866e-02
6.858195216118213866e-02
6.820243327452127358e-02
6.820243327452127358e-02
6.820243327452127358e-02
6.820243327452127358e-02
6.820243327452127358e-02
6.820243327452127358e-02
6.730888167554334445e-02
6.730888167554334445e-02
6.730888167554334445e-02
6.730888167554334445e-02
6.730888167554334445e-02
6.662151381202896516e-02
6.662151381202896516e-02
6.662151381202896516e-02
6.652225181923149266e-02
6.652225181923149266e-02
6.532153203105790784e-02
6.532153203105790784e-02
6.531795061717710071e-02
6.507310749589546861e-02
6.507310749589546861e-02
6.488539616481235617e-02
6.488539616481235617e-02
6.488539616481235617e-02
6.476089435279849815e-02
6.449082312407310169e-02
6.363102627003147660e-02
6.363102627003147660e-02
6.363102627003147660e-02
6.363102627003147660e-02
6.363102627003147660e-02
6.363102627003147660e-02
6.363102627003147660e-02
6.363102627003147660e-02
6.363102627003147660e-02
6.363102627003147660e-02
6.359769540735321636e-02
6.359769540735321636e-02
6.359769540735321636e-02
6.343314007557630807e-02
6.343314007557630807e-02
6.327349486766700726e-02
6.320067196595137438e-02
6.257996688601763502e-02
6.257996688601763502e-02
6.257996688601763502e-02
6.257996688601763502e-02
6.257996688601763502e-02
6.232992988943365092e-02
6.232992988943365092e-02
6.183439575178634184e-02
6.164817761241437460e-02
6.125805394675624266e-02
6.125805394675624266e-02
6.123551233641427727e-02
6.114499153094173772e-02
6.114499153094173772e-02
6.105429846585878895e-02
6.090516456630382797e-02
6.090516456630382797e-02
6.090516456630382797e-02
6.085683397862007987e-02
6.055929821276709313e-02
6.037306772570247976e-02
6.035971341232503756e-02
6.035539035146264553e-02
6.035539035146264553e-02
6.028491921992767955e-02
6.001151177436675477e-02
6.000476968769065389e-02
6.000476968769065389e-02
5.984937819855430663e-02
5.984937819855430663e-02
5.981651317388776007e-02
5.974419467233813702e-02
5.974419467233813702e-02
5.974419467233813702e-02
5.957856927308750189e-02
5.957856927308750189e-02
5.957856927308750189e-02
5.957856927308750189e-02
5.957856927308750189e-02
5.936541961237536136e-02
5.934917503871128819e-02
5.934870566961839705e-02
5.934870566961839705e-02
5.934870566961839705e-02
5.934870566961839705e-02
