6.716601492703095033e+00
6.716601492703095033e+00
6.716601492703095033e+00
6.716601492703095033e+00
5.598791097325136690e+00
5.598791097325136690e+00
3.422884230353590240e+00
3.422884230353590240e+00
3.422884230353590240e+00
3.422884230353590240e+00
3.422884230353590240e+00
3.416873475592554499e+00
3.416873475592554499e+00
2.973865960185613222e+00
2.934346263855018844e+00
2.436295319772900925e+00
2.436295319772900925e+00
2.436295319772900925e+00
2.436295319772900925e+00
1.393589662890635683e+00
9.241342471417426374e-01
9.241342471417426374e-01
8.402038030125664747e-01
8.402038030125664747e-01
7.777342782233203078e-01
5.317936800317103474e-01
5.217715579313368934e-01
4.662442958547619032e-01
2.807575505380716652e-01
2.807575505380716652e-01
2.372891730500094609e-01
1.842998149095237403e-01
1.667129802924732784e-01
1.667129802924732784e-01
1.667129802924732784e-01
1.487045971166933989e-01
1.310467333640831233e-01
1.271272120201954736e-01
1.268067381245016334e-01
1.204398666598979206e-01
1.204398666598979206e-01
1.182885470267352468e-01
1.122305061519253133e-01
8.693935197856350605e-02
8.693935197856350605e-02
8.693935197856350605e-02
8.693935197856350605e-02
8.693935197856350605e-02
8.693935197856350605e-02
8.693935197856350605e-02
8.693935197856350605e-02
8.684259066618237044e-02
8.663126058966560961e-02
8.663126058966560961e-02
8.298681994325896039e-02
8.298681994325896039e-02
8.298681994325896039e-02
8.298681994325896039e-02
8.298681994325896039e-02
8.298681994325896039e-02
8.298681994325896039e-02
8.298681994325896039e-02
8.155963456798555333e-02
8.155963456798555333e-02
8.155963456798555333e-02
8.049364480936410660e-02
8.049364480936410660e-02
7.621998345603706038e-02
6.955175455079225244e-02
6.955175455079225244e-02
6.955175455079225244e-02
6.955175455079225244e-02
6.955175455079225244e-02
6.955175455079225244e-02
6.955175455079225244e-02
6.955175455079225244e-02
6.955175455079225244e-02
6.735005447379814603e-02
6.735005447379814603e-02
6.735005447379814603e-02
6.735005447379814603e-02
6.735005447379814603e-02
6.685724541214864425e-02
6.685724541214864425e-02
6.685724541214864425e-02
6.685724541214864425e-02
6.685724541214864425e-02
6.195602258457132833e-02
6.195602258457132833e-02
6.195602258457132833e-02
6.195602258457132833e-02
6.195602258457132833e-02
6.195602258457132833e-02
6.195602258457132833e-02
6.090533772326067741e-02
6.090533772326067741e-02
6.025475550345010811e-02
6.025475550345010811e-02
5.750719107919812639e-02
5.750719107919812639e-02
5.750719107919812639e-02
5.750719107919812639e-02
5.750719107919812639e-02
5.750719107919812639e-02
5.750719107919812639e-02
5.750719107919812639e-02
5.682723273266186009e-02
5.682723273266186009e-02
5.682723273266186009e-02
5.682723273266186009e-02
5.682723273266186009e-02
5.682723273266186009e-02
5.682723273266186009e-02
5.682723273266186009e-02
5.682723273266186009e-02
5.542571509103835087e-02
5.542571509103835087e-02
5.513447224644536793e-02
5.513447224644536793e-02
5.513447224644536793e-02
5.513447224644536793e-02
5.513447224644536793e-02
5.513447224644536793e-02
5.513447224644536793e-02
5.513447224644536793e-02
5.513447224644536793e-02
5.513447224644536793e-02
5.513447224644536793e-02
5.513447224644536793e-02
5.513447224644536793e-02
5.513447224644536793e-02
5.513447224644536793e-02
5.513447224644536793e-02
5.513447224644536793e-02
5.513447224644536793e-02
5.511394485692309997e-02
5.506850031605742268e-02
5.506850031605742268e-02
5.506850031605742268e-02
5.506850031605742268e-02
5.506850031605742268e-02
5.478753312924679320e-02
5.377176935262794472e-02
5.377176935262794472e-02
5.377176935262794472e-02
5.377176935262794472e-02
5.346013362677022596e-02
5.346013362677022596e-02
5.330268240812308100e-02
5.330268240812308100e-02
5.330268240812308100e-02
5.330268240812308100e-02
5.330268240812308100e-02
5.330268240812308100e-02
5.330268240812308100e-02
5.330268240812308100e-02
5.330268240812308100e-02
5.330268240812308100e-02
5.330268240812308100e-02
5.330268240812308100e-02
5.330268240812308100e-02
5.330268240812308100e-02
5.306460464742831368e-02
5.306460464742831368e-02
5.306460464742831368e-02
5.267525134824852656e-02
5.267525134824852656e-02
5.267525134824852656e-02
5.267525134824852656e-02
5.267525134824852656e-02
5.267525134824852656e-02
5.266970847741814926e-02
5.266970847741814926e-02
5.266970847741814926e-02
5.209381383857300540e-02
5.195520534599760293e-02
5.195520534599760293e-02
5.195520534599760293e-02
5.193084129037298102e-02
5.193084129037298102e-02
5.193084129037298102e-02
5.193084129037298102e-02
5.190483046506714354e-02
5.190294520747591039e-02
5.190272299220707874e-02
5.190269665685184886e-02
5.189891921367230376e-02
5.183659921615825505e-02
5.183348255856198156e-02
5.183348255856198156e-02
5.182361246575414165e-02
5.177066752113022169e-02
5.176887386722587442e-02
5.176887386722587442e-02
5.176887386722587442e-02
5.176860257581591962e-02
5.176853271361454151e-02
5.147670187602499531e-02
5.147670187602499531e-02
5.119862430736483311e-02
