1.280182059731059674e+01
1.280182059731059674e+01
9.153688187817397903e+00
3.933860372605147315e+00
3.933860372605147315e+00
3.933860372605147315e+00
3.933860372605147315e+00
3.933860372605147315e+00
3.629393946172945196e+00
3.629393946172945196e+00
3.629393946172945196e+00
3.629393946172945196e+00
3.204432502805267369e+00
2.953068608303304643e+00
2.953068608303304643e+00
2.298702817131223597e+00
1.748435537955584707e+00
1.614818424006355890e+00
1.614818424006355890e+00
1.614818424006355890e+00
1.415400450697088308e+00
1.400811633357009089e+00
1.297831688402643291e+00
1.297831688402643291e+00
1.085441374703449480e+00
8.854523294128049393e-01
7.406822518553166645e-01
5.784860278024666069e-01
3.759170717391298044e-01
3.283710676295563125e-01
3.283710676295563125e-01
2.880749224696841360e-01
2.880749224696841360e-01
2.740276671728570368e-01
2.324638064284376970e-01
2.324638064284376970e-01
1.724877239477363988e-01
1.724877239477363988e-01
1.724877239477363988e-01
1.655348657011057878e-01
1.599160370581276802e-01
1.520180088580226074e-01
1.259302377773821036e-01
1.259302377773821036e-01
1.212948314566207192e-01
1.212948314566207192e-01
1.195904145273110342e-01
1.195904145273110342e-01
1.195904145273110342e-01
1.134930188390678996e-01
1.117667620599202549e-01
1.117667620599202549e-01
1.089057854587112961e-01
1.089057854587112961e-01
1.071015968015927439e-01
1.046580632004106004e-01
1.030761838292265642e-01
1.030761838292265642e-01
1.012819804733523787e-01
1.012819804733523787e-01
1.012819804733523787e-01
1.012819804733523787e-01
9.656284108963275603e-02
9.656284108963275603e-02
9.656284108963275603e-02
9.656284108963275603e-02
9.656284108963275603e-02
9.656284108963275603e-02
9.505435956189833835e-02
9.505435956189833835e-02
9.505435956189833835e-02
9.505435956189833835e-02
9.491978922503661875e-02
9.092890955079890869e-02
9.092890955079890869e-02
9.069832354171425415e-02
8.955979174660583242e-02
8.850910184856608520e-02
8.850910184856608520e-02
8.850910184856608520e-02
8.590549414858396349e-02
8.590549414858396349e-02
8.590549414858396349e-02
8.431032214688494175e-02
8.431032214688494175e-02
8.312990663045609352e-02
8.013383124578858652e-02
8.013383124578858652e-02
8.013383124578858652e-02
8.013383124578858652e-02
8.013383124578858652e-02
7.931321441765476488e-02
7.931321441765476488e-02
7.931321441765476488e-02
7.931321441765476488e-02
7.895232854301488523e-02
7.895232854301488523e-02
7.768571793924493318e-02
7.719354911636523708e-02
7.719354911636523708e-02
7.645039766313742324e-02
7.634694738399794289e-02
7.634694738399794289e-02
7.634694738399794289e-02
7.634694738399794289e-02
7.634694738399794289e-02
7.634694738399794289e-02
7.634694738399794289e-02
7.634694738399794289e-02
7.634694738399794289e-02
7.625693535298087855e-02
7.542461483102731734e-02
7.542461483102731734e-02
7.374204108536033808e-02
7.257659487376340313e-02
7.216940261661239364e-02
7.201570516698845015e-02
7.116619674393151462e-02
7.104472688340005004e-02
7.104472688340005004e-02
7.104472688340005004e-02
7.104472688340005004e-02
7.104472688340005004e-02
7.104472688340005004e-02
7.104472688340005004e-02
7.104472688340005004e-02
7.104472688340005004e-02
7.104472688340005004e-02
7.104472688340005004e-02
7.104472688340005004e-02
7.104472688340005004e-02
7.104472688340005004e-02
7.101720174757650272e-02
7.101720174757650272e-02
7.101720174757650272e-02
7.011218571455041237e-02
6.885695268008701353e-02
6.885695268008701353e-02
6.885695268008701353e-02
6.857833954965635026e-02
6.857833954965635026e-02
6.857833954965635026e-02
6.857833954965635026e-02
6.857833954965635026e-02
6.857833954965635026e-02
6.857833954965635026e-02
6.857833954965635026e-02
6.857833954965635026e-02
6.857833954965635026e-02
6.857833954965635026e-02
6.857833954965635026e-02
6.829738013524686013e-02
6.829738013524686013e-02
6.829738013524686013e-02
6.828016965698251173e-02
6.828016965698251173e-02
6.823172093458870768e-02
6.822913704202299146e-02
6.822913704202299146e-02
6.815740215933871471e-02
6.748726011683062187e-02
6.748726011683062187e-02
6.748726011683062187e-02
6.748726011683062187e-02
6.748726011683062187e-02
6.748726011683062187e-02
6.748726011683062187e-02
6.748726011683062187e-02
6.748726011683062187e-02
6.748726011683062187e-02
6.748726011683062187e-02
6.741967824336610182e-02
6.682979081107433272e-02
6.671852657361110328e-02
6.670617784630575309e-02
6.670468858386217892e-02
6.670449244046008919e-02
6.670446967190706011e-02
6.670446897377127482e-02
6.670446217264855426e-02
6.670446217264855426e-02
6.670446217264855426e-02
6.642595625024312611e-02
6.641716778825372536e-02
6.641672490484444580e-02
6.641664602581053012e-02
6.624332499133565866e-02
6.598870529249104000e-02
6.579757226624695365e-02
6.562089346311208993e-02
6.561367308195753534e-02
6.529869509517596815e-02
6.529436082129527752e-02
6.529426527826120985e-02
6.506166836861924929e-02
6.479675185472788534e-02
6.479052961291235924e-02
6.479039685844885377e-02
6.465129938614726235e-02
6.465129938614726235e-02
