5.931234148530706740e+00
5.931234148530706740e+00
5.931234148530706740e+00
5.931234148530706740e+00
5.931234148530706740e+00
5.931234148530706740e+00
5.931234148530706740e+00
5.931234148530706740e+00
5.931234148530706740e+00
4.606708838454110833e+00
3.960105239324531290e+00
2.180970606600867168e+00
2.180970606600867168e+00
2.180970606600867168e+00
2.180970606600867168e+00
2.180970606600867168e+00
1.480422513665248463e+00
1.480422513665248463e+00
1.480422513665248463e+00
1.389787083270234147e+00
1.189012442672255254e+00
1.189012442672255254e+00
1.189012442672255254e+00
1.189012442672255254e+00
1.189012442672255254e+00
1.189012442672255254e+00
1.189012442672255254e+00
1.189012442672255254e+00
1.189012442672255254e+00
1.129624509390288356e+00
1.076056629570208312e+00
9.494768736078998961e-01
8.885769651883100861e-01
8.537342449382268050e-01
8.081541469485123974e-01
7.867494796632270582e-01
7.782774923355800789e-01
7.621600409943520837e-01
7.277586115926502064e-01
7.277586115926502064e-01
6.970523592965791604e-01
6.853121555885122174e-01
6.673591620583014805e-01
6.673591620583014805e-01
6.413560796722261870e-01
6.326486548976614221e-01
6.272410331313226228e-01
6.177037519070276428e-01
5.797952921259652559e-01
5.797952921259652559e-01
5.797952921259652559e-01
5.628126404688119644e-01
5.535225339839451308e-01
5.333171755190657670e-01
4.965029510203626262e-01
4.707543178801437689e-01
4.386429916918233585e-01
4.010339888048471413e-01
3.799493931633937671e-01
3.567748368567581485e-01
3.444703485329972392e-01
3.406764919286313642e-01
3.323932700192005485e-01
3.279612151883276039e-01
2.977198471621568254e-01
2.779248485024281012e-01
2.671586394281019738e-01
2.607599660755830495e-01
2.556159150965607862e-01
2.497006356208427702e-01
2.036679168419342767e-01
1.806477248903419208e-01
1.320051782000030982e-01
1.106199452403666406e-01
7.559123328610425907e-02
6.628357915355354013e-02
6.628357915355354013e-02
5.891995201372991764e-02
5.652186028783350719e-02
5.493067002420184280e-02
5.493067002420184280e-02
5.455930275683071318e-02
4.998131798593428987e-02
4.998131798593428987e-02
4.998131798593428987e-02
4.998131798593428987e-02
4.998131798593428987e-02
4.998131798593428987e-02
4.998131798593428987e-02
4.998131798593428987e-02
4.998131798593428987e-02
4.998131798593428987e-02
4.769885546440173762e-02
4.769885546440173762e-02
4.769885546440173762e-02
4.769885546440173762e-02
4.769885546440173762e-02
4.769885546440173762e-02
4.769885546440173762e-02
4.769885546440173762e-02
4.769885546440173762e-02
4.769885546440173762e-02
4.769885546440173762e-02
4.769885546440173762e-02
4.769885546440173762e-02
4.769885546440173762e-02
4.754270686929453621e-02
4.723188312114451337e-02
4.718855032930365651e-02
4.714890701867857636e-02
4.714890701867857636e-02
4.714890701867857636e-02
4.714890701867857636e-02
4.714890701867857636e-02
4.714890701867857636e-02
4.700664559680680504e-02
4.700664559680680504e-02
4.651007511379252890e-02
4.651007511379252890e-02
4.651007511379252890e-02
4.651007511379252890e-02
4.651007511379252890e-02
4.651007511379252890e-02
4.651007511379252890e-02
4.650038015742802289e-02
4.644031740205645936e-02
4.644031740205645936e-02
4.644031740205645936e-02
4.644031740205645936e-02
4.619567426933869625e-02
4.619567426933869625e-02
4.618705115867720312e-02
4.594745401092167891e-02
4.594745401092167891e-02
4.594745401092167891e-02
4.594745401092167891e-02
4.594745401092167891e-02
4.594745401092167891e-02
4.594745401092167891e-02
4.594745401092167891e-02
4.594745401092167891e-02
4.594745401092167891e-02
4.594745401092167891e-02
4.594745401092167891e-02
4.594745401092167891e-02
4.584269738727939081e-02
4.584269738727939081e-02
4.584269738727939081e-02
4.584269738727939081e-02
4.584269738727939081e-02
4.584269738727939081e-02
4.580041640141974818e-02
4.579034438081561881e-02
4.577006173507315590e-02
4.544212339337953127e-02
4.524187590512676604e-02
4.524187590512676604e-02
4.524187590512676604e-02
4.524187590512676604e-02
4.524187590512676604e-02
4.504360092112173058e-02
4.497515140536781364e-02
4.496449702889124961e-02
4.496258749421703366e-02
4.496225453446514586e-02
4.496217911364032427e-02
4.496217911364032427e-02
4.496217911364032427e-02
4.496217911364032427e-02
4.496217911364032427e-02
4.496217175924919346e-02
4.480419295056522339e-02
4.479682722498245367e-02
4.479682722498245367e-02
4.479682722498245367e-02
4.468721856720217489e-02
4.458901764471472073e-02
4.454182369228190663e-02
4.453758943503949991e-02
4.453712107048898167e-02
4.453712107048898167e-02
4.453704648927180043e-02
4.453697166677920982e-02
4.451545707538942520e-02
4.451190445154512565e-02
4.451163007809252892e-02
4.451158090026692549e-02
4.451153136425739509e-02
4.451153136425739509e-02
4.451153136425739509e-02
4.450545291181713659e-02
4.450206987079970838e-02
4.450099478306172168e-02
4.450062513176062523e-02
4.450031896646557128e-02
4.450025562717433575e-02
4.450024295863420909e-02
4.449999020522844850e-02
4.449993230229035840e-02
4.449989766584500767e-02
