2.727464422698777824e+01
2.530146062224931214e+01
2.487572738379879311e+01
2.487572738379879311e+01
2.486455881566356041e+01
2.121268875957122901e+01
1.565930882883853315e+01
1.172064817465529174e+01
8.613067339529344224e+00
6.415186902492935772e+00
6.415186902492935772e+00
5.195365027195151697e+00
4.475855674012866103e+00
4.475855674012866103e+00
4.475855674012866103e+00
4.475855674012866103e+00
2.534849138053545392e+00
1.591228627730142620e+00
1.538917678008886458e+00
1.251749875157652792e+00
1.251749875157652792e+00
1.251749875157652792e+00
1.035032193273346168e+00
8.493230384138459321e-01
8.493230384138459321e-01
7.665098329505389829e-01
7.502653148515237014e-01
7.404368827888685445e-01
6.725812080493267509e-01
6.725812080493267509e-01
6.410870603596591222e-01
5.668580967070537824e-01
5.668580967070537824e-01
5.374636096834836119e-01
5.374636096834836119e-01
4.731197971872894148e-01
4.446452055324133790e-01
4.340287221089755287e-01
3.932003066214847520e-01
3.932003066214847520e-01
3.932003066214847520e-01
3.702323296585450785e-01
3.641025638112729834e-01
3.590128848670190442e-01
3.579695081299518189e-01
3.243875376748731054e-01
3.243875376748731054e-01
2.975280566336995780e-01
2.796633179932371815e-01
2.363141904091548562e-01
2.260487385541246341e-01
2.260487385541246341e-01
2.061159530857694933e-01
1.943003744656693899e-01
1.939645801439368877e-01
1.749457354443122448e-01
1.749457354443122448e-01
1.749457354443122448e-01
1.583062110279494783e-01
1.519891324935052912e-01
1.349142217759689011e-01
1.349142217759689011e-01
1.349142217759689011e-01
1.348930290300086043e-01
1.348930290300086043e-01
1.319259374413900843e-01
1.319259374413900843e-01
1.311000030408470685e-01
1.311000030408470685e-01
1.282652420007091565e-01
1.282652420007091565e-01
1.282652420007091565e-01
1.282652420007091565e-01
1.282652420007091565e-01
1.230302062008079567e-01
1.230302062008079567e-01
1.230302062008079567e-01
1.230302062008079567e-01
1.230302062008079567e-01
1.203508032739990241e-01
1.131419868498175080e-01
1.131419868498175080e-01
1.131419868498175080e-01
1.088986891693130704e-01
1.088986891693130704e-01
1.088986891693130704e-01
1.075008976356637974e-01
1.075008976356637974e-01
1.030159479295069819e-01
1.021431379179269794e-01
1.021431379179269794e-01
9.958585131186302453e-02
9.958585131186302453e-02
9.891329255218339611e-02
9.891329255218339611e-02
9.891329255218339611e-02
9.515774911535850034e-02
9.515774911535850034e-02
9.515774911535850034e-02
9.515774911535850034e-02
9.515774911535850034e-02
9.469196400726846707e-02
9.469196400726846707e-02
9.469196400726846707e-02
9.469196400726846707e-02
9.469196400726846707e-02
9.436707343497416356e-02
9.436707343497416356e-02
9.436707343497416356e-02
9.436707343497416356e-02
9.436707343497416356e-02
9.343564784915123211e-02
9.343564784915123211e-02
9.343564784915123211e-02
9.343564784915123211e-02
9.209293310201156768e-02
9.209293310201156768e-02
9.209293310201156768e-02
9.209293310201156768e-02
9.209293310201156768e-02
9.209293310201156768e-02
9.209293310201156768e-02
9.161164446515879245e-02
9.161164446515879245e-02
8.956872968236927190e-02
8.927971874410051134e-02
8.885467467629590277e-02
8.885467467629590277e-02
8.747507048052212408e-02
8.747507048052212408e-02
8.747507048052212408e-02
8.747507048052212408e-02
8.734434890139940177e-02
8.734434890139940177e-02
8.734434890139940177e-02
8.656564428468184469e-02
8.656564428468184469e-02
8.656564428468184469e-02
8.601161430442945399e-02
8.560961511776454813e-02
8.543783186667069929e-02
8.543783186667069929e-02
8.501792546584108212e-02
8.456389099689934352e-02
8.456389099689934352e-02
8.300206360930509342e-02
8.290201290072102269e-02
8.290201290072102269e-02
8.290201290072102269e-02
8.290201290072102269e-02
8.290201290072102269e-02
8.290201290072102269e-02
8.290201290072102269e-02
8.285155285929873825e-02
8.283779282077798067e-02
8.258705022568614551e-02
8.160141669954930344e-02
8.154196902021836058e-02
8.033680482110071297e-02
8.033680482110071297e-02
8.033680482110071297e-02
7.937579659455287762e-02
7.910500610492905704e-02
7.905574269586106151e-02
7.904656435308163309e-02
7.904496033821856171e-02
7.849685503025274902e-02
7.776216675211930496e-02
7.743557556994998259e-02
7.738685104614359545e-02
7.737903138378937618e-02
7.733664064921737247e-02
7.697295557471590943e-02
7.697295557471590943e-02
7.697295557471590943e-02
7.697295557471590943e-02
7.697295557471590943e-02
7.661742107976139693e-02
7.589935670856615135e-02
7.587123261476527714e-02
7.586887167197071957e-02
7.586887167197071957e-02
7.586887167197071957e-02
7.586881052966866490e-02
7.576758019988061310e-02
7.574737184059676665e-02
7.570317899199208167e-02
7.551404955606080827e-02
7.512939743598878728e-02
7.512939743598878728e-02
7.512939743598878728e-02
7.440820303644007927e-02
7.440820303644007927e-02
7.440820303644007927e-02
7.440820303644007927e-02
7.440820303644007927e-02
7.440820303644007927e-02
7.440820303644007927e-02
7.440820303644007927e-02
7.440820303644007927e-02
