1.795672938026496723e+01
1.420540544089881152e+01
8.886156106789222520e+00
8.886156106789222520e+00
7.966226057226830193e+00
7.966226057226830193e+00
7.868542101679906864e+00
7.868542101679906864e+00
7.868542101679906864e+00
7.868542101679906864e+00
4.451385538861504010e+00
1.456962055144209289e+00
1.113528960958990899e+00
1.113528960958990899e+00
1.113528960958990899e+00
1.055044588767750202e+00
1.055044588767750202e+00
5.982235801251356566e-01
5.982235801251356566e-01
4.192077036165179349e-01
4.192077036165179349e-01
4.192077036165179349e-01
4.047304831057266794e-01
3.261481291195376664e-01
3.261481291195376664e-01
2.949075493971712314e-01
2.949075493971712314e-01
2.291457292119158384e-01
2.291457292119158384e-01
2.074855639363043236e-01
1.896103705982254140e-01
1.879157000436774416e-01
1.596653957226581988e-01
1.596653957226581988e-01
1.412780753309098858e-01
1.412780753309098858e-01
1.412780753309098858e-01
1.412780753309098858e-01
1.412780753309098858e-01
1.412780753309098858e-01
1.400135496674015101e-01
1.400135496674015101e-01
1.343716792578411867e-01
1.343716792578411867e-01
1.343716792578411867e-01
1.343716792578411867e-01
1.343716792578411867e-01
1.343716792578411867e-01
1.300498885079667266e-01
1.300498885079667266e-01
1.300498885079667266e-01
1.300498885079667266e-01
1.300498885079667266e-01
1.300498885079667266e-01
1.287398878832187732e-01
1.287398878832187732e-01
1.245279595769715475e-01
1.245279595769715475e-01
1.245279595769715475e-01
1.226756988434035550e-01
1.168557861741079257e-01
1.168557861741079257e-01
1.168557861741079257e-01
1.145342811786205922e-01
1.145342811786205922e-01
1.145342811786205922e-01
1.107950286079197738e-01
1.050291645758893722e-01
1.050291645758893722e-01
1.047587621199372598e-01
1.047587621199372598e-01
1.047587621199372598e-01
1.004074759643783649e-01
1.004074759643783649e-01
1.004074759643783649e-01
1.004074759643783649e-01
1.004074759643783649e-01
1.004074759643783649e-01
1.004074759643783649e-01
1.004074759643783649e-01
1.004074759643783649e-01
1.004074759643783649e-01
1.004074759643783649e-01
1.004074759643783649e-01
1.004074759643783649e-01
1.004074759643783649e-01
1.004074759643783649e-01
1.004074759643783649e-01
1.004074759643783649e-01
1.004074759643783649e-01
9.980598122920329718e-02
9.980598122920329718e-02
9.980598122920329718e-02
9.980598122920329718e-02
9.980598122920329718e-02
9.980598122920329718e-02
9.980598122920329718e-02
9.980598122920329718e-02
9.770441546462331484e-02
9.487357378054603330e-02
9.224485437723650705e-02
8.920121723824635251e-02
8.920121723824635251e-02
8.920121723824635251e-02
8.540167782507844529e-02
8.419616831973725235e-02
8.375799667505498536e-02
8.375799667505498536e-02
8.375799667505498536e-02
8.375799667505498536e-02
8.375799667505498536e-02
8.359765391152237934e-02
8.359765391152237934e-02
8.103885216006126435e-02
8.103885216006126435e-02
8.103885216006126435e-02
7.963013529963708370e-02
7.730469309818922830e-02
7.637082003643717865e-02
7.598371945252897774e-02
7.584733040481354827e-02
7.579904793379110828e-02
7.578147761127614068e-02
7.411707636347103501e-02
7.411707636347103501e-02
7.411707636347103501e-02
7.407148594518207785e-02
7.407148594518207785e-02
7.407148594518207785e-02
7.393739122682786713e-02
7.259202265776920626e-02
7.210887002661775513e-02
7.191757467624293465e-02
7.191757467624293465e-02
7.191757467624293465e-02
7.125016548642019998e-02
7.125016548642019998e-02
7.125016548642019998e-02
7.033970250362205079e-02
6.994070069201184514e-02
6.994070069201184514e-02
6.994070069201184514e-02
6.994070069201184514e-02
6.994070069201184514e-02
6.994070069201184514e-02
6.812921663033895403e-02
6.746681103763470244e-02
6.735315846764863834e-02
6.732644732113382546e-02
6.731973047024385204e-02
6.731803847996724322e-02
6.731761697426541513e-02
6.731749751137229565e-02
6.731749751137229565e-02
6.731749751137229565e-02
6.731749134223691255e-02
6.714758258841341254e-02
6.671814823591047661e-02
6.671814823591047661e-02
6.670169550940192871e-02
6.670169550940192871e-02
6.670169550940192871e-02
6.655336233658296075e-02
6.651752372649084866e-02
6.643609895283339450e-02
6.643609895283339450e-02
6.643609895283339450e-02
6.643609895283339450e-02
6.643609895283339450e-02
6.643093122580465137e-02
6.643093122580465137e-02
6.643093122580465137e-02
6.643093122580465137e-02
6.643093122580465137e-02
6.630404079898713499e-02
6.630404079898713499e-02
6.630404079898713499e-02
6.630404079898713499e-02
6.630404079898713499e-02
6.630404079898713499e-02
6.630404079898713499e-02
6.512317864248318156e-02
6.495509043080105460e-02
6.495509043080105460e-02
6.495105112039027684e-02
6.495064787326183808e-02
6.495047760186128949e-02
6.495047760186128949e-02
6.495047760186128949e-02
6.477604082745049008e-02
6.477604082745049008e-02
6.477604082745049008e-02
6.444682187517504490e-02
6.434809212404317413e-02
6.434809212404317413e-02
6.434809212404317413e-02
6.434809212404317413e-02
6.434724746687021935e-02
6.434724746687021935e-02
6.433371005154779609e-02
