1.771786755487881493e+01
1.771786755487881493e+01
1.353953140594716942e+01
1.122365012496880610e+01
1.122365012496880610e+01
9.067664022359812392e+00
3.608048100302074790e+00
1.522755558233020556e+00
1.444058226182751037e+00
1.444058226182751037e+00
1.444058226182751037e+00
1.444058226182751037e+00
1.028774957917667043e+00
7.767828503110107974e-01
6.452259662276368379e-01
5.871545872523485921e-01
5.871545872523485921e-01
5.871545872523485921e-01
5.871545872523485921e-01
5.341836371390878968e-01
5.341836371390878968e-01
4.655523909518856085e-01
4.655523909518856085e-01
4.344510097521942504e-01
4.344510097521942504e-01
3.066846197992701972e-01
3.066846197992701972e-01
3.066846197992701972e-01
3.066846197992701972e-01
2.590641006362992549e-01
2.590641006362992549e-01
2.296430252665891680e-01
2.064221951928593146e-01
2.064221951928593146e-01
1.794779118060695899e-01
1.794779118060695899e-01
1.263492908858624975e-01
1.263492908858624975e-01
1.263492908858624975e-01
1.028725490329791686e-01
7.348474431872251134e-02
7.348474431872251134e-02
7.348474431872251134e-02
7.348474431872251134e-02
7.321728022192575125e-02
7.321728022192575125e-02
6.889221885888101304e-02
6.559287625187788795e-02
6.559287625187788795e-02
6.559287625187788795e-02
6.559287625187788795e-02
6.559287625187788795e-02
6.559287625187788795e-02
6.387689585246653090e-02
6.387689585246653090e-02
6.214654172571965063e-02
5.886195244684502836e-02
5.886195244684502836e-02
5.886195244684502836e-02
5.886195244684502836e-02
5.886195244684502836e-02
5.638037034201030112e-02
5.638037034201030112e-02
5.638037034201030112e-02
5.503026344682866722e-02
5.503026344682866722e-02
5.503026344682866722e-02
5.503026344682866722e-02
5.503026344682866722e-02
5.503026344682866722e-02
5.503026344682866722e-02
5.503026344682866722e-02
5.503026344682866722e-02
5.410154502489554484e-02
5.410154502489554484e-02
5.279014248676615340e-02
5.279014248676615340e-02
5.279014248676615340e-02
5.279014248676615340e-02
5.279014248676615340e-02
5.279014248676615340e-02
5.279014248676615340e-02
5.279014248676615340e-02
5.279014248676615340e-02
5.279014248676615340e-02
5.199318328727287747e-02
4.994783439171393558e-02
4.994783439171393558e-02
4.994783439171393558e-02
4.994783439171393558e-02
4.994783439171393558e-02
4.994783439171393558e-02
4.994783439171393558e-02
4.915757038086272096e-02
4.860610561197090812e-02
4.860610561197090812e-02
4.860610561197090812e-02
4.860610561197090812e-02
4.669032478013080550e-02
4.596970514805310409e-02
4.596970514805310409e-02
4.596970514805310409e-02
4.596970514805310409e-02
4.596970514805310409e-02
4.596970514805310409e-02
4.596970514805310409e-02
4.596970514805310409e-02
4.596446789230225483e-02
4.596446789230225483e-02
4.596446789230225483e-02
4.596446789230225483e-02
4.596446789230225483e-02
4.452835575757119191e-02
4.452835575757119191e-02
4.452835575757119191e-02
4.424785943275882233e-02
4.424785943275882233e-02
4.424785943275882233e-02
4.424785943275882233e-02
4.424785943275882233e-02
4.424785943275882233e-02
4.374568224375013220e-02
4.374568224375013220e-02
4.374568224375013220e-02
4.374568224375013220e-02
4.327009800248483862e-02
4.327009800248483862e-02
4.327009800248483862e-02
4.327009800248483862e-02
4.327009800248483862e-02
4.327009800248483862e-02
4.321988850716065172e-02
4.321988850716065172e-02
4.321988850716065172e-02
4.317044364680510532e-02
4.284187360056195687e-02
4.282406797057802805e-02
4.282406797057802805e-02
4.282406797057802805e-02
4.282406797057802805e-02
4.282406797057802805e-02
4.282406797057802805e-02
4.282406797057802805e-02
4.282005978276594294e-02
4.281757333977095903e-02
4.281690696429350101e-02
4.281671247977556632e-02
4.281670610065715227e-02
4.281666768642714699e-02
4.281666287939614457e-02
4.281664541988409317e-02
4.281664541988409317e-02
4.281664541988409317e-02
4.266136074843847326e-02
4.266136074843847326e-02
4.266136074843847326e-02
4.266136074843847326e-02
4.266136074843847326e-02
4.266136074843847326e-02
4.266136074843847326e-02
4.266136074843847326e-02
4.266136074843847326e-02
4.266136074843847326e-02
4.262280669882828610e-02
4.261627730689641902e-02
4.261589522635724631e-02
4.261587804603661489e-02
4.253261571428437748e-02
4.203800341098255094e-02
4.203800341098255094e-02
4.203800341098255094e-02
4.199962105909557653e-02
4.199962105909557653e-02
4.199962105909557653e-02
4.199962105909557653e-02
4.199962105909557653e-02
4.199962105909557653e-02
4.199962105909557653e-02
4.199962105909557653e-02
4.199962105909557653e-02
4.199962105909557653e-02
4.199962105909557653e-02
4.199962105909557653e-02
4.199962105909557653e-02
4.199962105909557653e-02
4.199770701940622880e-02
4.199770701940622880e-02
4.199103842544518739e-02
4.199036933525004262e-02
4.199033540992101743e-02
4.199032000592779756e-02
4.199032000592779756e-02
4.199032000592779756e-02
4.199032000592779756e-02
4.199032000592779756e-02
4.199030315350528453e-02
4.149304031191757003e-02
4.149304031191757003e-02
4.149304031191757003e-02
4.143156477361258777e-02
