2.789186838973418148e+01
2.789186838973418148e+01
2.609754151008614897e+01
2.266219780935339045e+01
2.057418784873329187e+01
1.936986694405511855e+01
1.803290460525021643e+01
1.460490377671751006e+01
1.283269023431858180e+01
1.283269023431858180e+01
1.283269023431858180e+01
1.283269023431858180e+01
1.283269023431858180e+01
1.283269023431858180e+01
1.283269023431858180e+01
1.275002787575337848e+01
1.110271373715023024e+01
9.311317465380568592e+00
8.955953143687143125e+00
7.797183623732717450e+00
6.992606050096616954e+00
6.529088874021383049e+00
6.526848107153504941e+00
5.517519138607908324e+00
4.876293546437178605e+00
4.428703727949605096e+00
3.840590370748553362e+00
3.070596865702603484e+00
2.345661855833093057e+00
1.841887031122049878e+00
1.664043659533052111e+00
1.590456607847402282e+00
1.505264214772551234e+00
1.505264214772551234e+00
1.505264214772551234e+00
1.441571193315385857e+00
1.432242875979979235e+00
1.368083060684607499e+00
1.295236918223457767e+00
1.251125594959068721e+00
1.251125594959068721e+00
1.245634602858706419e+00
1.171542342922775592e+00
1.171542342922775592e+00
1.158713172972313465e+00
1.145375572944385745e+00
1.118363550340394363e+00
1.118363550340394363e+00
1.117517473920522697e+00
1.092045949009556649e+00
1.092045949009556649e+00
1.076116254472607947e+00
1.076116254472607947e+00
1.063284519291360253e+00
1.062177675473681138e+00
1.052470505316704941e+00
1.046047523768117937e+00
1.034552332675337638e+00
1.029074068169339773e+00
1.022945897186979813e+00
1.014398729273636723e+00
1.014398729273636723e+00
1.014398729273636723e+00
1.014398729273636723e+00
1.013686497896290728e+00
1.006202385572703140e+00
1.000732769079182516e+00
1.000732769079182516e+00
9.970939314105717877e-01
9.930826445109048883e-01
9.930826445109048883e-01
9.903441095541045680e-01
9.820717087717585336e-01
9.789266409104564470e-01
9.724633388463566064e-01
9.688664269330846679e-01
9.688664269330846679e-01
9.688664269330846679e-01
9.688664269330846679e-01
9.688664269330846679e-01
9.632408189403276477e-01
9.514556038590221698e-01
9.514556038590221698e-01
9.356324679960472679e-01
9.356324679960472679e-01
9.331204433887017036e-01
9.331204433887017036e-01
9.324613931886704954e-01
9.324613931886704954e-01
9.324613931886704954e-01
9.262296351353473955e-01
9.257018028260086684e-01
9.203948057724575804e-01
9.129774930387597465e-01
9.094033563238681506e-01
9.089822854046090139e-01
9.089822854046090139e-01
9.042667882743617991e-01
9.025502740128312773e-01
9.025502740128312773e-01
8.970539221612037206e-01
8.896001805905350279e-01
8.870330618436756964e-01
8.803860878072828910e-01
8.803860878072828910e-01
8.763364469694663317e-01
8.752349193675309502e-01
8.740198875412368285e-01
8.732880470736046341e-01
8.720789388972962630e-01
8.714719827081583992e-01
8.677600894773763729e-01
8.677600894773763729e-01
8.651092024489368537e-01
8.582216623431482283e-01
8.582216623431482283e-01
8.560666919839590161e-01
8.559019786561026244e-01
8.559019786561026244e-01
8.559019786561026244e-01
8.527445922003189516e-01
8.519008940580994338e-01
8.519008940580994338e-01
8.519008940580994338e-01
8.483791409722155619e-01
8.483791409722155619e-01
8.483791409722155619e-01
8.483791409722155619e-01
8.461510186870848660e-01
8.454482877225523163e-01
8.427341293138336242e-01
8.393366666982184920e-01
8.393366666982184920e-01
8.391037143767369200e-01
8.351251338960014037e-01
8.338894709107884662e-01
8.336647606494900220e-01
8.310751357077805768e-01
8.285996531676550481e-01
8.277175736762563130e-01
8.273137165455620723e-01
8.271956777655878890e-01
8.246238728242247795e-01
8.232934522810861910e-01
8.232934522810861910e-01
8.232934522810861910e-01
8.232934522810861910e-01
8.211510980402338955e-01
8.211510980402338955e-01
8.211510980402338955e-01
8.209765623022690084e-01
8.205609651043793695e-01
8.200659075113693186e-01
8.170998065241963371e-01
8.159232945645297219e-01
8.148949607167811360e-01
8.136089931771207651e-01
8.130484451078126007e-01
8.115712374643992977e-01
8.086201491724711587e-01
8.075503670560202352e-01
8.044417188758955506e-01
8.036262856260775189e-01
8.002259465352883350e-01
7.993321056846138806e-01
7.976551101139721656e-01
7.962810087656803093e-01
7.962332503814534279e-01
7.959830589212201213e-01
7.959830589212201213e-01
7.959830589212201213e-01
7.958497100146458836e-01
7.954115199781210954e-01
7.944666990699726927e-01
7.939388649728494896e-01
7.918544258523280144e-01
7.906477623237803121e-01
7.895530157792423065e-01
7.888481122285458946e-01
7.866755771755705728e-01
7.856212465684432322e-01
7.842249704138145594e-01
7.832796135984877450e-01
7.819902095675020925e-01
7.815030161351891325e-01
7.791869739061428879e-01
7.781941489520419752e-01
7.770701319250695738e-01
7.751003551233569544e-01
7.748023886719025421e-01
7.738602778391828751e-01
7.727984761980318806e-01
7.714713687014721488e-01
7.702927303699427242e-01
7.695992976517256334e-01
7.685367848085398190e-01
7.685299543658538068e-01
7.683755094362918481e-01
7.682052688285277986e-01
7.679941012003664857e-01
