1.393661974816578031e+01
1.393661974816578031e+01
1.393661974816578031e+01
1.048637248732156202e+01
8.886503581303690780e+00
8.886503581303690780e+00
8.306869736398416748e+00
8.306869736398416748e+00
7.749090168230932996e+00
7.445830341618038695e+00
7.445830341618038695e+00
5.523091444763695179e+00
4.957518078891436808e+00
1.733552236690179660e+00
1.733552236690179660e+00
1.733552236690179660e+00
1.376216790377698729e+00
1.376216790377698729e+00
1.376216790377698729e+00
1.376216790377698729e+00
1.363756201913316701e+00
1.363756201913316701e+00
1.363756201913316701e+00
1.363756201913316701e+00
1.247846124480949559e+00
1.048484614953998806e+00
9.960403302194059671e-01
9.960403302194059671e-01
9.547063788158239861e-01
9.547063788158239861e-01
9.171970012011605444e-01
7.618722177658581174e-01
7.291699066043476618e-01
6.528878250056614485e-01
6.167684111872018260e-01
5.770297077465316171e-01
4.441575145274523906e-01
4.021377066507910714e-01
3.362526327547256666e-01
2.742875129510624066e-01
2.102980221450577170e-01
2.080933034967001050e-01
1.829528293030947550e-01
1.674932040509507503e-01
1.429752975334004916e-01
1.252086828587514189e-01
1.219864818212370305e-01
1.219864818212370305e-01
1.219864818212370305e-01
1.219864818212370305e-01
1.219864818212370305e-01
1.219864818212370305e-01
1.188309189792297604e-01
1.188309189792297604e-01
1.078832934301924146e-01
1.078832934301924146e-01
1.078832934301924146e-01
1.037542789707663338e-01
9.938845533927258280e-02
9.938845533927258280e-02
9.277664537873717143e-02
8.726929458219287450e-02
8.128169945757132697e-02
8.015136336722175625e-02
8.015136336722175625e-02
8.015136336722175625e-02
6.461518615978367741e-02
6.461518615978367741e-02
6.461518615978367741e-02
6.461518615978367741e-02
6.461518615978367741e-02
6.461518615978367741e-02
6.461518615978367741e-02
6.461518615978367741e-02
6.461518615978367741e-02
6.461518615978367741e-02
6.398942828364254098e-02
6.055661504080959295e-02
6.055661504080959295e-02
6.055661504080959295e-02
6.055661504080959295e-02
6.055661504080959295e-02
6.055661504080959295e-02
5.883086564795932810e-02
5.799275347302042943e-02
5.799275347302042943e-02
5.615884116643307666e-02
5.615884116643307666e-02
5.615884116643307666e-02
5.615884116643307666e-02
5.615884116643307666e-02
5.615884116643307666e-02
5.615884116643307666e-02
5.615884116643307666e-02
5.615884116643307666e-02
5.615884116643307666e-02
5.615884116643307666e-02
5.615884116643307666e-02
5.615884116643307666e-02
5.615884116643307666e-02
5.615884116643307666e-02
5.597602397521996703e-02
5.597602397521996703e-02
5.597602397521996703e-02
5.597602397521996703e-02
5.594595426490039936e-02
5.589217203409149737e-02
5.589217203409149737e-02
5.500414288195695778e-02
5.500414288195695778e-02
5.383416184498888979e-02
5.383416184498888979e-02
5.383416184498888979e-02
5.383416184498888979e-02
5.327905194872568223e-02
5.327905194872568223e-02
5.327905194872568223e-02
5.327905194872568223e-02
5.327905194872568223e-02
5.327905194872568223e-02
5.327905194872568223e-02
5.327905194872568223e-02
5.327905194872568223e-02
5.327905194872568223e-02
5.327905194872568223e-02
5.327905194872568223e-02
5.327905194872568223e-02
5.327905194872568223e-02
5.327905194872568223e-02
5.327905194872568223e-02
5.287243716443720820e-02
5.287243716443720820e-02
5.287243716443720820e-02
5.106267251987643002e-02
5.106267251987643002e-02
5.106267251987643002e-02
5.106267251987643002e-02
5.106267251987643002e-02
5.106267251987643002e-02
5.106267251987643002e-02
5.106267251987643002e-02
5.106267251987643002e-02
5.106267251987643002e-02
5.106267251987643002e-02
5.106267251987643002e-02
5.106267251987643002e-02
5.106267251987643002e-02
5.106267251987643002e-02
5.106267251987643002e-02
5.106267251987643002e-02
5.106267251987643002e-02
5.106267251987643002e-02
5.106267251987643002e-02
5.099122915750305823e-02
5.090224691065767249e-02
5.088882737311718057e-02
5.088603925028756247e-02
5.088559147796209436e-02
5.088545756316249780e-02
5.088545382263798267e-02
5.088542791533487430e-02
5.088537473448725978e-02
5.068446223690310781e-02
5.068446223690310781e-02
5.035199773937043544e-02
5.032867455516956690e-02
5.032699261859659157e-02
5.032684917053067974e-02
5.032669259463829620e-02
5.026422277294630148e-02
5.026422277294630148e-02
5.026422277294630148e-02
5.021705538140903285e-02
5.021550437906305286e-02
5.021550437906305286e-02
5.021107694469971461e-02
5.021057220683674410e-02
5.021049577641450989e-02
5.021047405814763748e-02
5.021047405814763748e-02
5.021047405814763748e-02
5.003907770081689188e-02
5.003907770081689188e-02
5.003907770081689188e-02
5.003907770081689188e-02
5.003907770081689188e-02
5.003907770081689188e-02
5.003907770081689188e-02
5.003907770081689188e-02
5.003907770081689188e-02
4.994368379411621289e-02
4.981700938923033783e-02
4.981300755489484478e-02
4.981294715832557812e-02
4.981285792425087233e-02
4.981283887203752370e-02
4.981283887203752370e-02
4.981283887203752370e-02
4.981283887203752370e-02
4.981283887203752370e-02
