8.905526056631874354e+00
8.905526056631874354e+00
8.589552250934643141e+00
7.665302887520303088e+00
7.102918169637559842e+00
7.014060066509097524e+00
7.014060066509097524e+00
6.612693148807990973e+00
6.576422532834783397e+00
6.576422532834783397e+00
6.576422532834783397e+00
5.604469447632502543e+00
5.495742083090195074e+00
5.495742083090195074e+00
5.495742083090195074e+00
4.875500533240282763e+00
4.875500533240282763e+00
2.986063692076219134e+00
1.423549772275720660e+00
7.024076118890212328e-01
7.024076118890212328e-01
4.212647922743097961e-01
3.870892726083470237e-01
3.694180434406090230e-01
2.220029447037518699e-01
2.137366152606849645e-01
2.137366152606849645e-01
2.137366152606849645e-01
2.137366152606849645e-01
1.898298094583215079e-01
1.775486943810394291e-01
1.413963059271669820e-01
1.413963059271669820e-01
1.277064501358411430e-01
1.277064501358411430e-01
1.277064501358411430e-01
1.125536375818459167e-01
1.107231276897651939e-01
1.076387388503253634e-01
9.681293410721508730e-02
8.320566192453973664e-02
8.320566192453973664e-02
8.320566192453973664e-02
8.320566192453973664e-02
8.320566192453973664e-02
8.320566192453973664e-02
8.320566192453973664e-02
8.320566192453973664e-02
8.320566192453973664e-02
8.320566192453973664e-02
8.027322366133028686e-02
8.027322366133028686e-02
7.522439781679313153e-02
7.522439781679313153e-02
7.522439781679313153e-02
7.408734645996413459e-02
7.408734645996413459e-02
7.408734645996413459e-02
7.008676883383087308e-02
6.825853570135206883e-02
6.825853570135206883e-02
6.825853570135206883e-02
6.825853570135206883e-02
6.825853570135206883e-02
6.825853570135206883e-02
6.825853570135206883e-02
6.770870369796640198e-02
6.770870369796640198e-02
6.770870369796640198e-02
6.767634084774958037e-02
6.767634084774958037e-02
6.767634084774958037e-02
6.767634084774958037e-02
6.767634084774958037e-02
6.767634084774958037e-02
6.767634084774958037e-02
6.680760507368301016e-02
6.435492682543565712e-02
6.435492682543565712e-02
6.435492682543565712e-02
6.435492682543565712e-02
6.435492682543565712e-02
6.435492682543565712e-02
6.435492682543565712e-02
6.435492682543565712e-02
6.435492682543565712e-02
6.351811176349315968e-02
6.290187718931632144e-02
6.290187718931632144e-02
6.282132683613825264e-02
6.282132683613825264e-02
6.282132683613825264e-02
6.282132683613825264e-02
6.282132683613825264e-02
6.061004413415597980e-02
6.061004413415597980e-02
6.047515693719050789e-02
6.047515693719050789e-02
5.953543208450458313e-02
5.953543208450458313e-02
5.953543208450458313e-02
5.919989416946848382e-02
5.919989416946848382e-02
5.919989416946848382e-02
5.919989416946848382e-02
5.919989416946848382e-02
5.919989416946848382e-02
5.919989416946848382e-02
5.919989416946848382e-02
5.919989416946848382e-02
5.919989416946848382e-02
5.919989416946848382e-02
5.919989416946848382e-02
5.919989416946848382e-02
5.919989416946848382e-02
5.872739966586439098e-02
5.872739966586439098e-02
5.867044169486295563e-02
5.864539174807059663e-02
5.845361239475158760e-02
5.845361239475158760e-02
5.845361239475158760e-02
5.845361239475158760e-02
5.843252963244397608e-02
5.843252963244397608e-02
5.817706156454478111e-02
5.761404537501462614e-02
5.731249710878004444e-02
5.698894205532555740e-02
5.651484142767741053e-02
5.651484142767741053e-02
5.651484142767741053e-02
5.651484142767741053e-02
5.651484142767741053e-02
5.651484142767741053e-02
5.651484142767741053e-02
5.651484142767741053e-02
5.651484142767741053e-02
5.651484142767741053e-02
5.651484142767741053e-02
5.651484142767741053e-02
5.643894813859903076e-02
5.643894813859903076e-02
5.643894813859903076e-02
5.643894813859903076e-02
5.643894813859903076e-02
5.643894813859903076e-02
5.642914562557350966e-02
5.641989900202772079e-02
5.641989900202772079e-02
5.626175071870771760e-02
5.619047520649521343e-02
5.617531513119451703e-02
5.597231908100830378e-02
5.543466962288216143e-02
5.536945247968114853e-02
5.535766941284897547e-02
5.535521229998956183e-02
5.535462377487808394e-02
5.535462377487808394e-02
5.535462377487808394e-02
5.535387428961811851e-02
5.535356538285399197e-02
5.535355410279432092e-02
5.532708643838054469e-02
5.532708643838054469e-02
5.531746862561359723e-02
5.531746862561359723e-02
5.531746862561359723e-02
5.531746862561359723e-02
5.531746862561359723e-02
5.531746862561359723e-02
5.531746862561359723e-02
5.531746862561359723e-02
5.531746862561359723e-02
5.531746862561359723e-02
5.531746862561359723e-02
5.530205121958428616e-02
5.530205121958428616e-02
5.530205121958428616e-02
5.530205121958428616e-02
5.526925935279851376e-02
5.458643418927992819e-02
5.446411310919048454e-02
5.445024868802003648e-02
5.445024868802003648e-02
5.445024868802003648e-02
5.439481468142562393e-02
5.439481468142562393e-02
5.436220499222289143e-02
5.436220499222289143e-02
5.436220499222289143e-02
5.436220499222289143e-02
5.436220499222289143e-02
5.436220499222289143e-02
5.436220499222289143e-02
5.436220499222289143e-02
5.436220499222289143e-02
5.435539137347602384e-02
5.435533792791615026e-02
