9.334116200548796982e+00
9.334116200548796982e+00
8.909607538122720882e+00
8.574926622372062823e+00
8.574926622372062823e+00
8.574926622372062823e+00
7.338086846146891773e+00
5.711308864792600914e+00
4.746369965280456960e+00
4.202023531077939467e+00
2.898454075292977716e+00
2.073610185855396359e+00
1.593167431816852719e+00
1.393516603158727385e+00
1.393516603158727385e+00
1.338291810846052865e+00
1.338291810846052865e+00
1.320199598856045764e+00
1.320199598856045764e+00
1.320199598856045764e+00
1.320199598856045764e+00
1.320199598856045764e+00
1.320199598856045764e+00
1.310605376237531150e+00
1.310605376237531150e+00
1.310605376237531150e+00
1.310605376237531150e+00
1.256252594822271806e+00
1.122265202688581764e+00
1.122265202688581764e+00
1.058303839283972092e+00
9.968328913074800957e-01
8.632042332274838525e-01
7.540913149150992867e-01
6.928897185483015031e-01
6.458478078906848552e-01
6.315821495010593978e-01
5.510664791668276052e-01
4.797448232590115769e-01
4.473624670099572986e-01
3.905195303492322578e-01
3.503885960394440002e-01
3.363850544012767507e-01
2.992135096942876160e-01
2.909869471127431440e-01
2.705340328506801173e-01
2.480362870221799187e-01
2.480362870221799187e-01
2.039481269185089984e-01
1.940780461709683546e-01
1.852134778030006257e-01
1.622799766358314910e-01
1.554336476405293044e-01
1.554336476405293044e-01
1.495196955934024741e-01
1.451303511895865039e-01
1.451303511895865039e-01
1.451303511895865039e-01
1.451303511895865039e-01
1.451303511895865039e-01
1.451303511895865039e-01
1.343161416707747968e-01
1.261157174442015805e-01
1.152907170050445768e-01
1.152907170050445768e-01
1.152907170050445768e-01
1.152907170050445768e-01
1.152907170050445768e-01
1.088842048287084474e-01
1.088842048287084474e-01
1.088842048287084474e-01
1.088842048287084474e-01
1.088842048287084474e-01
1.070471288722939229e-01
1.016258622076359475e-01
1.005014162159567348e-01
1.005014162159567348e-01
9.875149554191625656e-02
9.875149554191625656e-02
9.875149554191625656e-02
9.875149554191625656e-02
9.875149554191625656e-02
9.875149554191625656e-02
9.875149554191625656e-02
9.875149554191625656e-02
9.875149554191625656e-02
9.875149554191625656e-02
9.812307763854778708e-02
9.812307763854778708e-02
9.812307763854778708e-02
9.812307763854778708e-02
9.812307763854778708e-02
9.812307763854778708e-02
9.812307763854778708e-02
9.812307763854778708e-02
9.812307763854778708e-02
9.774285847877128841e-02
9.735833078654956840e-02
9.735833078654956840e-02
9.512243821058517790e-02
9.259275140025927109e-02
9.219869570139736792e-02
9.219869570139736792e-02
9.194399741760414524e-02
9.036600334699096404e-02
9.036600334699096404e-02
9.036600334699096404e-02
9.036600334699096404e-02
9.036600334699096404e-02
9.036600334699096404e-02
9.036600334699096404e-02
9.036600334699096404e-02
9.019539100976738111e-02
9.019539100976738111e-02
9.011550922016385579e-02
9.011550922016385579e-02
8.696973944083850883e-02
8.648696507866399097e-02
8.648696507866399097e-02
8.648696507866399097e-02
8.648696507866399097e-02
8.648696507866399097e-02
8.648696507866399097e-02
8.648696507866399097e-02
8.648696507866399097e-02
8.648696507866399097e-02
8.648696507866399097e-02
8.648696507866399097e-02
8.628958800411160035e-02
8.609055961250214328e-02
8.396201997694614783e-02
8.396201997694614783e-02
8.396201997694614783e-02
8.396201997694614783e-02
8.396201997694614783e-02
8.396201997694614783e-02
8.396201997694614783e-02
8.396201997694614783e-02
8.326809308423302469e-02
8.326809308423302469e-02
8.326809308423302469e-02
8.326809308423302469e-02
8.326809308423302469e-02
8.307497353746115532e-02
8.301977298400024796e-02
8.300652877393634166e-02
8.201073166647321333e-02
8.201073166647321333e-02
8.201073166647321333e-02
8.201073166647321333e-02
8.201073166647321333e-02
8.139774676567487766e-02
8.038275853001020099e-02
7.989056313275343102e-02
7.981153957367939644e-02
7.979689188629632279e-02
7.979368239444016575e-02
7.979267820385407828e-02
7.979251902477851877e-02
7.979248473054520452e-02
7.979248473054520452e-02
7.979248473054520452e-02
7.967091153120871294e-02
7.941168220788526189e-02
7.941168220788526189e-02
7.935356157568061730e-02
7.879320343268375604e-02
7.841013145955573471e-02
7.836338952151587767e-02
7.827169546616509488e-02
7.827169546616509488e-02
7.794047194613655527e-02
7.776610866034605607e-02
7.771493357805017710e-02
7.771493357805017710e-02
7.762082446047406659e-02
7.754700831642927228e-02
7.754161687375302203e-02
7.620238928104461351e-02
7.609986754432795930e-02
7.609350821791961705e-02
7.520961957758208472e-02
7.492358818274399979e-02
7.490117640730117876e-02
7.489953348610427220e-02
7.489929742421580494e-02
7.489260290252110208e-02
7.341355613018436810e-02
7.341355613018436810e-02
7.341355613018436810e-02
7.341355613018436810e-02
7.341355613018436810e-02
7.341355613018436810e-02
7.341355613018436810e-02
7.341355613018436810e-02
7.341355613018436810e-02
7.327409457589868780e-02
7.237317644940284567e-02
7.235819711254973252e-02
7.217214975429392387e-02
