1.327356382411898572e+01
1.184920213074892636e+01
1.167834953319704638e+01
1.167834953319704638e+01
1.167834953319704638e+01
1.167834953319704638e+01
1.167834953319704638e+01
1.167834953319704638e+01
9.257690637350485474e+00
6.745600860387090947e+00
4.803957571836541263e+00
3.617281243753073028e+00
2.306514455444317768e+00
2.306514455444317768e+00
2.306514455444317768e+00
2.306514455444317768e+00
1.976722552465581817e+00
1.634255450946771049e+00
1.606936733957332386e+00
1.606936733957332386e+00
1.379107258663950342e+00
1.217938494634514868e+00
1.217938494634514868e+00
1.170462865264388697e+00
1.141067090681367580e+00
1.141067090681367580e+00
1.141067090681367580e+00
1.141067090681367580e+00
1.084000820888856076e+00
1.084000820888856076e+00
1.039653623343320676e+00
9.559276338781388382e-01
8.145830384571637328e-01
7.644528318729921779e-01
7.130456235495525874e-01
6.460246493207694174e-01
6.199348376771922631e-01
5.981373444137586537e-01
5.350753321972452348e-01
4.566691550122379262e-01
3.965850452636895396e-01
3.274861904528303391e-01
2.390362572813207742e-01
1.768286329612395735e-01
1.768286329612395735e-01
1.746874650974768184e-01
1.584204791192733441e-01
1.512998276179119139e-01
1.358746854863343012e-01
1.358746854863343012e-01
1.297089494630524475e-01
1.297089494630524475e-01
1.194541341376029742e-01
1.169420086370139972e-01
1.122369286476032346e-01
1.122369286476032346e-01
1.022380077213215499e-01
1.000081505946195243e-01
9.866923954483809711e-02
9.685176109808657507e-02
9.321401930418707349e-02
9.321401930418707349e-02
8.615298352439970664e-02
8.612093772734992492e-02
7.956587880073180685e-02
7.956587880073180685e-02
7.956587880073180685e-02
7.956587880073180685e-02
7.956587880073180685e-02
7.799632544848598970e-02
7.696267163599362915e-02
7.508350970837923688e-02
7.508350970837923688e-02
6.927282393656379600e-02
6.498841988354062127e-02
6.498841988354062127e-02
6.498841988354062127e-02
6.498841988354062127e-02
6.358323274584527784e-02
6.358323274584527784e-02
6.105654524999386268e-02
6.105654524999386268e-02
5.714877984177680476e-02
5.714877984177680476e-02
5.603584449540394835e-02
5.603584449540394835e-02
5.515548650726461583e-02
5.515548650726461583e-02
5.175429243473354812e-02
5.175429243473354812e-02
5.175429243473354812e-02
5.175429243473354812e-02
5.175429243473354812e-02
5.175429243473354812e-02
5.017891871034672879e-02
5.017891871034672879e-02
5.017891871034672879e-02
5.017891871034672879e-02
4.751772659380475855e-02
4.751772659380475855e-02
4.751772659380475855e-02
4.751772659380475855e-02
4.751772659380475855e-02
4.751772659380475855e-02
4.751772659380475855e-02
4.669513815913624299e-02
4.669513815913624299e-02
4.669513815913624299e-02
4.669513815913624299e-02
4.669513815913624299e-02
4.658942159102349989e-02
4.658942159102349989e-02
4.482156042302894855e-02
4.482156042302894855e-02
4.482156042302894855e-02
4.482156042302894855e-02
4.482156042302894855e-02
4.482156042302894855e-02
4.482156042302894855e-02
4.460438818012933682e-02
4.460438818012933682e-02
4.460438818012933682e-02
4.460438818012933682e-02
4.460438818012933682e-02
4.460438818012933682e-02
4.326815858099671702e-02
4.326815858099671702e-02
4.326815858099671702e-02
4.326815858099671702e-02
4.326815858099671702e-02
4.326815858099671702e-02
4.326815858099671702e-02
4.326815858099671702e-02
4.326815858099671702e-02
4.326815858099671702e-02
4.315599959373926653e-02
4.315599959373926653e-02
4.315599959373926653e-02
4.315599959373926653e-02
4.315599959373926653e-02
4.315599959373926653e-02
4.315599959373926653e-02
4.315599959373926653e-02
4.315599959373926653e-02
4.315599959373926653e-02
4.315599959373926653e-02
4.315599959373926653e-02
4.315599959373926653e-02
4.315599959373926653e-02
4.315599959373926653e-02
4.315599959373926653e-02
4.315599959373926653e-02
4.312192251002200383e-02
4.311616627727352796e-02
4.311513660889448180e-02
4.311500293881436602e-02
4.311494785964764542e-02
4.278534018718833931e-02
4.278534018718833931e-02
4.278534018718833931e-02
4.278534018718833931e-02
4.269113344129975285e-02
4.269113344129975285e-02
4.269113344129975285e-02
4.269113344129975285e-02
4.269113344129975285e-02
4.269113344129975285e-02
4.269113344129975285e-02
4.269113344129975285e-02
4.269113344129975285e-02
4.269113344129975285e-02
4.269113344129975285e-02
4.269113344129975285e-02
4.269113344129975285e-02
4.269113344129975285e-02
4.204170619441087442e-02
4.204170619441087442e-02
4.204170619441087442e-02
4.204170619441087442e-02
4.204170619441087442e-02
4.204170619441087442e-02
4.104335245810028510e-02
4.104077480532340033e-02
4.104077480532340033e-02
4.104077480532340033e-02
4.104077480532340033e-02
4.104077480532340033e-02
4.104077480532340033e-02
4.101735585825859454e-02
4.101651201835170013e-02
4.101651201835170013e-02
4.101651201835170013e-02
4.101651201835170013e-02
4.101651201835170013e-02
4.101623778600324566e-02
4.101623778600324566e-02
4.101623778600324566e-02
4.101623778600324566e-02
4.101617000570756399e-02
4.101617000570756399e-02
