2.571586834370126695e+01
2.571586834370126695e+01
2.571586834370126695e+01
2.555866484417599338e+01
2.555866484417599338e+01
2.555866484417599338e+01
2.555866484417599338e+01
2.555866484417599338e+01
2.273778221820627721e+01
1.994622322029267991e+01
1.823030729404871764e+01
1.601658443639534468e+01
1.245839971073739072e+01
1.059818405632772453e+01
9.748738533386340777e+00
8.914534757626116246e+00
6.693226797556799390e+00
6.425710076262459047e+00
6.107615626461944558e+00
5.051428101575384133e+00
4.495821829980470419e+00
4.495821829980470419e+00
4.204782863631844947e+00
3.733323224278107588e+00
3.516668381432934254e+00
3.516668381432934254e+00
3.355679549078663726e+00
3.286117681252492595e+00
3.183654486740770118e+00
2.869033243790646281e+00
2.611609204426899034e+00
2.436787435646456501e+00
2.221896051744229439e+00
2.163566233386679638e+00
1.944764566284592711e+00
1.794861058122888764e+00
1.700655162119516506e+00
1.615175045611960680e+00
1.543178551791156927e+00
1.495708314187051968e+00
1.483111085829720732e+00
1.453349635370594584e+00
1.425591331130643402e+00
1.396258691273140728e+00
1.379085214235260537e+00
1.345612457890783986e+00
1.327316564566009882e+00
1.303290005138328489e+00
1.294812120588526794e+00
1.288363314840745177e+00
1.261793695903474788e+00
1.243994057102109529e+00
1.232205669009072135e+00
1.222510923741636280e+00
1.210541163825521238e+00
1.203265248841227653e+00
1.193403111044836651e+00
1.174488637764683929e+00
1.160913993277184808e+00
1.151950579042144707e+00
1.151308525753258039e+00
1.148472764117957512e+00
1.129101565144958741e+00
1.116614099779918767e+00
1.105383425340977777e+00
1.100517918800668182e+00
1.095957584593335365e+00
1.095957584593335365e+00
1.095957584593335365e+00
1.086786972158294118e+00
1.086786972158294118e+00
1.077860586445118285e+00
1.076785475357608712e+00
1.076785475357608712e+00
1.065393963335468763e+00
1.059491276085931410e+00
1.059491276085931410e+00
1.059057194756259035e+00
1.059057194756259035e+00
1.058193878588897796e+00
1.038196577987069658e+00
1.038196577987069658e+00
1.028953860919559649e+00
1.026211289902545731e+00
1.024562491433271161e+00
1.023546899618011263e+00
1.014027546861586693e+00
1.003016351545744644e+00
1.000363850125115306e+00
9.953545270363051145e-01
9.939973930181076334e-01
9.934064501526036484e-01
9.931449790462394400e-01
9.930401064111181730e-01
9.905510163955573155e-01
9.855315474122574582e-01
9.854520828270221244e-01
9.835353515583338257e-01
9.822204324241832207e-01
9.813778290948362848e-01
9.756361897272687322e-01
9.756361897272687322e-01
9.734115034735295602e-01
9.734115034735295602e-01
9.700412696958583547e-01
9.629270459701564366e-01
9.557575212813554932e-01
9.513136890406086454e-01
9.456907865916022171e-01
9.411870762820042646e-01
9.385995757450568133e-01
9.307022426866526921e-01
9.276473937534348568e-01
9.271416916254684448e-01
9.256633075278875022e-01
9.249929375121721531e-01
9.240868567889295448e-01
9.240868567889295448e-01
9.237098584519245481e-01
9.203772609966343055e-01
9.203772609966343055e-01
9.203772609966343055e-01
9.203772609966343055e-01
9.169773802684938468e-01
9.169618185793271259e-01
9.145373191485426378e-01
9.110102062443423687e-01
9.087920921241667838e-01
9.075011959491139368e-01
9.031733775920633978e-01
8.968099949243912850e-01
8.968099949243912850e-01
8.929282128301569976e-01
8.915845266988744466e-01
8.904684026655369511e-01
8.893508192116246214e-01
8.873144163523134509e-01
8.833919894395175776e-01
8.807116796144025539e-01
8.773316552560250781e-01
8.762016399765711894e-01
8.758913490729678397e-01
8.750872387338746172e-01
8.736272443887762584e-01
8.725757151274899925e-01
8.702593914814665821e-01
8.642879157180402006e-01
8.613243349524435377e-01
8.613243349524435377e-01
8.585958702618419203e-01
8.572393299564621261e-01
8.568091439639877738e-01
8.548931181857082340e-01
8.531065779898955315e-01
8.521239048623796553e-01
8.503085549034820056e-01
8.497721697666489327e-01
8.490898391199496187e-01
8.477866695236078165e-01
8.456636313414143125e-01
8.449269583349113821e-01
8.441785902053573487e-01
8.435264867908829345e-01
8.430036153501720975e-01
8.424071666298668104e-01
8.410131556780401363e-01
8.406823666369993564e-01
8.399851476164456043e-01
8.394826716763171826e-01
8.388224490964544255e-01
8.384173589740566701e-01
8.375272699902412965e-01
8.368763108673152873e-01
8.365798146566106874e-01
8.361687299256446160e-01
8.354202460970840960e-01
8.349535918642267962e-01
8.346870617903218159e-01
8.343373628486515647e-01
8.337777152971275196e-01
8.334672485831230437e-01
8.330541871653460717e-01
8.325982220597125671e-01
8.323502352816688488e-01
8.316241655878946482e-01
8.312339269329687141e-01
8.308086386880776386e-01
8.301954098371755464e-01
8.299595296877930739e-01
8.295820469812228426e-01
8.291164352814576199e-01
8.288819409855704423e-01
8.283970619249946266e-01
8.279738785866359585e-01
8.277492534227491872e-01
8.275822041147121721e-01
8.274482353524332812e-01
8.270747183097825195e-01
8.263703296844148172e-01
8.256993967976803406e-01
