1.497798149760412700e+00
1.425255019514759525e+00
1.425255019514759525e+00
1.425255019514759525e+00
1.425255019514759525e+00
1.279720161014341606e+00
1.102964474792941241e+00
1.102964474792941241e+00
1.039424773402421565e+00
8.073130535924204487e-01
8.073130535924204487e-01
7.561363409467224406e-01
4.594373246451265436e-01
3.539294511770509910e-01
3.539294511770509910e-01
3.539294511770509910e-01
2.016157565142076558e-01
2.016157565142076558e-01
1.355384700849248669e-01
1.355384700849248669e-01
1.345596509427836873e-01
1.345596509427836873e-01
1.345596509427836873e-01
1.216361537217208050e-01
1.216361537217208050e-01
1.216361537217208050e-01
1.084483353329813576e-01
9.856707579603504743e-02
9.294292425938935343e-02
9.029152120970652950e-02
9.029152120970652950e-02
9.029152120970652950e-02
9.029152120970652950e-02
7.902010722034456813e-02
7.902010722034456813e-02
7.710823124219648439e-02
7.710823124219648439e-02
7.710823124219648439e-02
7.710823124219648439e-02
7.710823124219648439e-02
7.710823124219648439e-02
7.710823124219648439e-02
7.710823124219648439e-02
7.476203622032866203e-02
7.476203622032866203e-02
7.476203622032866203e-02
7.288639684765216287e-02
7.288639684765216287e-02
7.288639684765216287e-02
7.100599485320074900e-02
7.100599485320074900e-02
7.100599485320074900e-02
7.100599485320074900e-02
7.100599485320074900e-02
6.921331803438297847e-02
6.921331803438297847e-02
6.921331803438297847e-02
6.921331803438297847e-02
6.921331803438297847e-02
6.921331803438297847e-02
6.921331803438297847e-02
6.921331803438297847e-02
6.921331803438297847e-02
6.921331803438297847e-02
6.921331803438297847e-02
6.921331803438297847e-02
6.921331803438297847e-02
6.921331803438297847e-02
6.921331803438297847e-02
6.921331803438297847e-02
6.921331803438297847e-02
6.921331803438297847e-02
6.921331803438297847e-02
6.921331803438297847e-02
6.921331803438297847e-02
6.921331803438297847e-02
6.921331803438297847e-02
6.921331803438297847e-02
6.921331803438297847e-02
6.921331803438297847e-02
6.921331803438297847e-02
6.903626406954234407e-02
6.903626406954234407e-02
6.903626406954234407e-02
6.903626406954234407e-02
6.903626406954234407e-02
6.783468111900445296e-02
6.741141852891560649e-02
6.741141852891560649e-02
6.741141852891560649e-02
6.741141852891560649e-02
6.689340417018189988e-02
6.689340417018189988e-02
6.689340417018189988e-02
6.689340417018189988e-02
6.689340417018189988e-02
6.689340417018189988e-02
6.632745795505963493e-02
6.632745795505963493e-02
6.632745795505963493e-02
6.632745795505963493e-02
6.632745795505963493e-02
6.632745795505963493e-02
6.632745795505963493e-02
6.632745795505963493e-02
6.632745795505963493e-02
6.632745795505963493e-02
6.632745795505963493e-02
6.632745795505963493e-02
6.632745795505963493e-02
6.632745795505963493e-02
6.632745795505963493e-02
6.632745795505963493e-02
6.632745795505963493e-02
6.619652903611544792e-02
6.619652903611544792e-02
6.619652903611544792e-02
6.594590901646223136e-02
6.594590901646223136e-02
6.594590901646223136e-02
6.539197810397133492e-02
6.539197810397133492e-02
6.539197810397133492e-02
6.538946954874316764e-02
6.538946954874316764e-02
6.538946954874316764e-02
6.538946954874316764e-02
6.517574431241221489e-02
6.517574431241221489e-02
6.465458368090078178e-02
6.465458368090078178e-02
6.465458368090078178e-02
6.465458368090078178e-02
6.391302484982377963e-02
6.391302484982377963e-02
6.391302484982377963e-02
6.309601801142429578e-02
6.206524545742125865e-02
6.206524545742125865e-02
6.206524545742125865e-02
6.206524545742125865e-02
6.206524545742125865e-02
6.133245701708497227e-02
6.133245701708497227e-02
6.133245701708497227e-02
6.133245701708497227e-02
6.133245701708497227e-02
6.133245701708497227e-02
6.133245701708497227e-02
6.133245701708497227e-02
6.130106542202904546e-02
6.098683485753897404e-02
6.071014029362217096e-02
6.065570453029939940e-02
6.065570453029939940e-02
6.065553878104756880e-02
6.065553878104756880e-02
6.064704226987222696e-02
6.064537247593215080e-02
6.064522367375315554e-02
6.064522367375315554e-02
6.064522367375315554e-02
6.064518055831179949e-02
6.064518055831179949e-02
6.064518055831179949e-02
6.064396873030591939e-02
6.064356963758500696e-02
6.064356963758500696e-02
6.064356963758500696e-02
6.064356963758500696e-02
6.064351025503535164e-02
6.064350716432434507e-02
6.062517384902459117e-02
6.060428420947106681e-02
6.060428420947106681e-02
6.060428420947106681e-02
6.060428420947106681e-02
6.060428420947106681e-02
6.060428420947106681e-02
6.060428420947106681e-02
6.060428420947106681e-02
6.060428420947106681e-02
6.060276265993990580e-02
6.060276265993990580e-02
6.028375487820287343e-02
6.019749970849729015e-02
6.019653773637381050e-02
6.019641368706762224e-02
6.019641368706762224e-02
6.019641368706762224e-02
6.015860338452491685e-02
6.014777171879583106e-02
6.014732713487250249e-02
6.014732713487250249e-02
6.014732713487250249e-02
6.014732713487250249e-02
6.014732713487250249e-02
6.014726427353232763e-02
6.014700589878844289e-02
6.014700589878844289e-02
