1.359413195796256524e+01
1.359413195796256524e+01
1.336611166434208542e+01
7.668109953432894699e+00
5.547510911804600653e+00
5.547510911804600653e+00
5.298691866206499235e+00
4.139766490337009053e+00
4.139766490337009053e+00
4.139766490337009053e+00
4.030174150139684386e+00
4.030174150139684386e+00
4.030174150139684386e+00
4.030174150139684386e+00
4.030174150139684386e+00
4.030174150139684386e+00
3.099264123505035329e+00
1.754711382170019540e+00
1.754711382170019540e+00
1.754711382170019540e+00
1.754711382170019540e+00
1.754711382170019540e+00
1.685343312736939270e+00
1.230710686596738990e+00
1.215451231241540864e+00
1.215451231241540864e+00
1.153981015968482460e+00
8.927087077296513851e-01
6.677998475805928535e-01
6.677998475805928535e-01
5.902967399775618240e-01
5.761343253138491161e-01
5.350937542555052051e-01
5.350937542555052051e-01
5.000830613828761706e-01
4.713502773806956814e-01
4.304075582416083123e-01
3.613667951978499771e-01
3.388261671492697746e-01
3.019999567292981357e-01
3.019999567292981357e-01
2.931489741207541910e-01
2.931489741207541910e-01
2.802466329759836783e-01
1.925732162112314405e-01
1.925732162112314405e-01
1.925732162112314405e-01
1.901045762706321252e-01
1.600164266369359101e-01
1.438557614715167965e-01
1.222991851885982251e-01
1.116843341907609172e-01
9.587615445107749990e-02
7.854911861304775256e-02
7.854911861304775256e-02
7.854911861304775256e-02
7.854911861304775256e-02
7.854911861304775256e-02
7.827143182347615080e-02
7.827143182347615080e-02
7.827143182347615080e-02
7.789462170328119439e-02
7.789462170328119439e-02
7.789462170328119439e-02
7.630169131637047630e-02
7.630169131637047630e-02
7.300178331773335416e-02
7.300178331773335416e-02
7.300178331773335416e-02
7.300178331773335416e-02
7.300178331773335416e-02
7.300178331773335416e-02
7.300178331773335416e-02
7.265923765668678980e-02
7.265923765668678980e-02
7.265923765668678980e-02
7.265923765668678980e-02
7.265923765668678980e-02
7.265923765668678980e-02
7.265923765668678980e-02
7.265923765668678980e-02
7.265923765668678980e-02
7.265923765668678980e-02
7.265923765668678980e-02
7.265923765668678980e-02
7.265923765668678980e-02
7.262589308462105708e-02
7.262589308462105708e-02
7.262589308462105708e-02
7.226788431514508115e-02
7.226788431514508115e-02
7.226788431514508115e-02
7.161347891831792989e-02
7.036171812855426810e-02
7.036171812855426810e-02
7.036171812855426810e-02
7.021237214912300073e-02
6.863251080917337488e-02
6.863251080917337488e-02
6.863251080917337488e-02
6.863251080917337488e-02
6.863251080917337488e-02
6.863251080917337488e-02
6.863251080917337488e-02
6.863251080917337488e-02
6.863251080917337488e-02
6.863251080917337488e-02
6.863251080917337488e-02
6.863251080917337488e-02
6.863251080917337488e-02
6.863251080917337488e-02
6.863251080917337488e-02
6.863251080917337488e-02
6.751877047116584818e-02
6.751877047116584818e-02
6.751877047116584818e-02
6.751877047116584818e-02
6.747572207217555906e-02
6.745840201433975225e-02
6.745840201433975225e-02
6.719886076918700490e-02
6.717919129369101516e-02
6.717919129369101516e-02
6.717919129369101516e-02
6.717919129369101516e-02
6.716690324223507924e-02
6.716090697882724780e-02
6.715990087788867302e-02
6.715988199371970835e-02
6.715967511985891647e-02
6.715967511985891647e-02
6.715967511985891647e-02
6.715967511985891647e-02
6.715967511985891647e-02
6.715967511985891647e-02
6.703379284114620307e-02
6.703379284114620307e-02
6.703379284114620307e-02
6.703379284114620307e-02
6.703379284114620307e-02
6.703379284114620307e-02
6.703379284114620307e-02
6.703379284114620307e-02
6.703379284114620307e-02
6.612117406215969884e-02
6.612117406215969884e-02
6.612117406215969884e-02
6.612117406215969884e-02
6.612117406215969884e-02
6.612117406215969884e-02
6.612117406215969884e-02
6.612117406215969884e-02
6.612117406215969884e-02
6.612117406215969884e-02
6.612117406215969884e-02
6.612117406215969884e-02
6.612117406215969884e-02
6.612117406215969884e-02
6.612117406215969884e-02
6.612117406215969884e-02
6.612117406215969884e-02
6.612117406215969884e-02
6.612117406215969884e-02
6.612117406215969884e-02
6.612117406215969884e-02
6.612117406215969884e-02
6.612117406215969884e-02
6.586729820912345934e-02
6.586729820912345934e-02
6.561707374032546558e-02
6.518452410262828844e-02
6.507972357182598144e-02
6.503574718358158535e-02
6.503574718358158535e-02
6.503574718358158535e-02
6.503574718358158535e-02
6.503574718358158535e-02
6.503574718358158535e-02
6.503574718358158535e-02
6.500818768906710399e-02
6.482874790972550927e-02
6.481321283670261890e-02
6.481141500662217225e-02
6.481123700251401054e-02
6.481123700251401054e-02
6.456241846557177200e-02
6.456241846557177200e-02
6.456241846557177200e-02
6.443919224318327144e-02
6.442516159222223815e-02
6.442448219341508076e-02
6.442442608441206753e-02
6.442440098971648210e-02
6.442440098971648210e-02
6.442440098971648210e-02
6.413575236193887197e-02
6.175499825951014793e-02
6.170221403147140016e-02
6.170205122979181139e-02
6.170139475209924368e-02
